-1.248894977569580078e+01 -8.050587654113769531e+00 0.000000000000000000e+00
1.298665332794189453e+01 -5.488777160644531250e-01 0.000000000000000000e+00
3.510013580322265625e+00 -1.250872993469238281e+01 0.000000000000000000e+00
-6.301766633987426758e-02 1.186138057708740234e+01 0.000000000000000000e+00
2.006176471710205078e+00 -1.120355892181396484e+01 0.000000000000000000e+00
1.618010520935058594e+01 3.083143234252929688e+00 0.000000000000000000e+00
4.451630592346191406e+00 -1.372148990631103516e+01 0.000000000000000000e+00
1.325195431709289551e-01 -1.931230664253234863e+00 0.000000000000000000e+00
5.717615604400634766e+00 -1.108307361602783203e+01 0.000000000000000000e+00
7.551935195922851562e+00 -1.273737049102783203e+01 0.000000000000000000e+00
7.552832603454589844e+00 -7.370858192443847656e+00 0.000000000000000000e+00
1.167343044281005859e+01 -5.306922435760498047e+00 0.000000000000000000e+00
-1.501189136505126953e+01 -3.114030361175537109e+00 0.000000000000000000e+00
1.437240481376647949e+00 -1.466420745849609375e+01 0.000000000000000000e+00
-1.209943294525146484e+01 -1.499759554862976074e+00 0.000000000000000000e+00
2.691064596176147461e+00 7.569540500640869141e+00 0.000000000000000000e+00
8.182070851325988770e-01 -1.275721645355224609e+01 0.000000000000000000e+00
5.140901565551757812e+00 5.412260293960571289e-01 0.000000000000000000e+00
-9.725431442260742188e+00 -5.239140987396240234e-01 0.000000000000000000e+00
-1.732152557373046875e+01 -2.176199674606323242e+00 0.000000000000000000e+00
-8.023447990417480469e+00 -1.538879776000976562e+01 0.000000000000000000e+00
6.935880184173583984e-01 -8.256551742553710938e+00 0.000000000000000000e+00
-1.371387958526611328e+01 1.803094744682312012e+00 0.000000000000000000e+00
-3.312368869781494141e+00 3.595534801483154297e+00 0.000000000000000000e+00
1.892678141593933105e+00 1.315335273742675781e+01 0.000000000000000000e+00
-3.376730680465698242e-01 -5.096091747283935547e+00 0.000000000000000000e+00
3.890684127807617188e+00 9.858572959899902344e+00 0.000000000000000000e+00
8.545244336128234863e-01 1.376819610595703125e+00 0.000000000000000000e+00
1.220643043518066406e+01 8.829352378845214844e+00 0.000000000000000000e+00
1.216931533813476562e+01 -2.349966526031494141e+00 0.000000000000000000e+00
1.427551269531250000e+01 2.624255180358886719e+00 0.000000000000000000e+00
3.214817523956298828e+00 1.416055297851562500e+01 0.000000000000000000e+00
1.355104827880859375e+01 -1.034307575225830078e+01 0.000000000000000000e+00
1.263192462921142578e+01 3.745745897293090820e+00 0.000000000000000000e+00
-1.232461261749267578e+01 8.386288285255432129e-01 0.000000000000000000e+00
8.288789749145507812e+00 7.023244380950927734e+00 0.000000000000000000e+00
1.311738014221191406e+01 -7.922774314880371094e+00 0.000000000000000000e+00
-8.081190109252929688e+00 -2.037911891937255859e+00 0.000000000000000000e+00
-1.366441154479980469e+01 9.724026679992675781e+00 0.000000000000000000e+00
5.941825866699218750e+00 1.078571701049804688e+01 0.000000000000000000e+00
5.034735202789306641e+00 -4.366470336914062500e+00 0.000000000000000000e+00
1.506487655639648438e+01 4.512093663215637207e-01 0.000000000000000000e+00
6.003974437713623047e+00 -1.675851583480834961e+00 0.000000000000000000e+00
-1.172033214569091797e+01 1.037697887420654297e+01 0.000000000000000000e+00
-6.317037105560302734e+00 -1.958872079849243164e+00 0.000000000000000000e+00
5.747948646545410156e+00 -6.181535720825195312e+00 0.000000000000000000e+00
4.265067577362060547e+00 -8.014183044433593750e-01 0.000000000000000000e+00
3.393661737442016602e+00 -5.417171478271484375e+00 0.000000000000000000e+00
-7.173029899597167969e+00 1.212449073791503906e+01 0.000000000000000000e+00
-1.534362316131591797e+01 -1.579265475273132324e+00 0.000000000000000000e+00
-1.110381889343261719e+01 8.100632667541503906e+00 0.000000000000000000e+00
-7.841189384460449219e+00 1.473233318328857422e+01 0.000000000000000000e+00
-1.188302636146545410e+00 -2.851538658142089844e+00 0.000000000000000000e+00
-8.338722229003906250e+00 5.217699050903320312e+00 0.000000000000000000e+00
1.423056316375732422e+01 6.171346664428710938e+00 0.000000000000000000e+00
5.949124693870544434e-01 1.004758262634277344e+01 0.000000000000000000e+00
8.984540939331054688e+00 -5.726332664489746094e+00 0.000000000000000000e+00
-1.463146209716796875e+01 -6.963052272796630859e+00 0.000000000000000000e+00
-5.588566303253173828e+00 -7.123260021209716797e+00 0.000000000000000000e+00
3.600377798080444336e+00 5.511645317077636719e+00 0.000000000000000000e+00
9.907528877258300781e+00 1.018479728698730469e+01 0.000000000000000000e+00
7.241021156311035156e+00 1.281585502624511719e+01 0.000000000000000000e+00
-3.734256267547607422e+00 -1.204382514953613281e+01 0.000000000000000000e+00
1.248574542999267578e+01 5.247251510620117188e+00 0.000000000000000000e+00
-1.193418693542480469e+01 -6.117416858673095703e+00 0.000000000000000000e+00
-2.235244959592819214e-01 1.726225614547729492e-01 0.000000000000000000e+00
-1.965293288230895996e+00 5.648339271545410156e+00 0.000000000000000000e+00
-1.052733516693115234e+01 -6.670780658721923828e+00 0.000000000000000000e+00
-2.936508178710937500e+00 -9.771361351013183594e+00 0.000000000000000000e+00
1.498404026031494141e+01 -5.899221897125244141e+00 0.000000000000000000e+00
2.299138903617858887e-01 1.451693820953369141e+01 0.000000000000000000e+00
-1.221859812736511230e+00 -1.237922286987304688e+01 0.000000000000000000e+00
6.817376613616943359e+00 8.542191505432128906e+00 0.000000000000000000e+00
1.098200988769531250e+01 4.705447673797607422e+00 0.000000000000000000e+00
1.358852863311767578e+01 1.071009516716003418e+00 0.000000000000000000e+00
-2.669517993927001953e+00 1.683843994140625000e+01 0.000000000000000000e+00
-1.416860938072204590e+00 1.147191166877746582e+00 0.000000000000000000e+00
1.104875278472900391e+01 -8.719533920288085938e+00 0.000000000000000000e+00
-5.762778759002685547e+00 -9.484961509704589844e+00 0.000000000000000000e+00
1.195445728302001953e+01 -1.077916049957275391e+01 0.000000000000000000e+00
-1.755914926528930664e+00 8.655258178710937500e+00 0.000000000000000000e+00
-9.658327102661132812e+00 -1.191811370849609375e+01 0.000000000000000000e+00
-2.839578151702880859e+00 -6.110390186309814453e+00 0.000000000000000000e+00
9.298214912414550781e+00 -8.604203462600708008e-01 0.000000000000000000e+00
-1.177116489410400391e+01 1.188163661956787109e+01 0.000000000000000000e+00
3.842842340469360352e+00 -7.117792606353759766e+00 0.000000000000000000e+00
5.374484539031982422e+00 8.001536369323730469e+00 0.000000000000000000e+00
8.352373123168945312e+00 1.045576572418212891e+01 0.000000000000000000e+00
-9.224068641662597656e+00 1.365285110473632812e+01 0.000000000000000000e+00
-9.180747985839843750e+00 -5.600384235382080078e+00 0.000000000000000000e+00
8.516823768615722656e+00 -2.403550863265991211e+00 0.000000000000000000e+00
-7.167516708374023438e+00 -7.856843948364257812e+00 0.000000000000000000e+00
2.314234733581542969e+00 -4.263290390372276306e-02 0.000000000000000000e+00
5.551666736602783203e+00 3.228070259094238281e+00 0.000000000000000000e+00
6.782811641693115234e+00 -1.612996673583984375e+01 0.000000000000000000e+00
-4.673099517822265625e-01 5.363147258758544922e+00 0.000000000000000000e+00
1.567890739440917969e+01 4.717097282409667969e+00 0.000000000000000000e+00
-1.140127420425415039e+00 -1.029160118103027344e+01 0.000000000000000000e+00
-1.320098876953125000e+01 -4.927560806274414062e+00 0.000000000000000000e+00
-9.780597090721130371e-01 -1.516541767120361328e+01 0.000000000000000000e+00
-1.415407943725585938e+01 -9.515063285827636719e+00 0.000000000000000000e+00
-2.869680166244506836e+00 -1.359470272064208984e+01 0.000000000000000000e+00
1.086847019195556641e+01 1.233183479309082031e+01 0.000000000000000000e+00
-1.267387104034423828e+01 5.340407371520996094e+00 0.000000000000000000e+00
-9.611433982849121094e+00 2.014823436737060547e+00 0.000000000000000000e+00
9.687613248825073242e-01 -4.121804237365722656e+00 0.000000000000000000e+00
-5.559192180633544922e+00 4.213318824768066406e+00 0.000000000000000000e+00
4.548052787780761719e+00 1.593469905853271484e+01 0.000000000000000000e+00
-1.817916512489318848e+00 1.488501071929931641e+01 0.000000000000000000e+00
-5.829074382781982422e+00 7.138902187347412109e+00 0.000000000000000000e+00
5.926731586456298828e+00 -1.482454013824462891e+01 0.000000000000000000e+00
1.616284179687500000e+01 -3.798145055770874023e+00 0.000000000000000000e+00
-9.970647811889648438e+00 3.659092664718627930e+00 0.000000000000000000e+00
-6.320989131927490234e+00 1.528675651550292969e+01 0.000000000000000000e+00
1.451939868927001953e+01 -3.566556453704833984e+00 0.000000000000000000e+00
1.725783157348632812e+01 1.632597804069519043e+00 0.000000000000000000e+00
-6.921692371368408203e+00 2.490800142288208008e+00 0.000000000000000000e+00
9.864002227783203125e+00 6.944694519042968750e+00 0.000000000000000000e+00
-1.691763305664062500e+01 3.646148204803466797e+00 0.000000000000000000e+00
-3.379231393337249756e-01 1.658835029602050781e+01 0.000000000000000000e+00
9.184337615966796875e+00 1.358592748641967773e+00 0.000000000000000000e+00
1.125070285797119141e+01 2.462662905454635620e-01 0.000000000000000000e+00
-1.133157253265380859e+01 -1.170110988616943359e+01 0.000000000000000000e+00
2.666251063346862793e-01 -1.745267677307128906e+01 0.000000000000000000e+00
-8.058001518249511719e+00 -1.062878417968750000e+01 0.000000000000000000e+00
1.426616001129150391e+01 8.855316162109375000e+00 0.000000000000000000e+00
1.036502933502197266e+01 -1.387874984741210938e+01 0.000000000000000000e+00
5.798422813415527344e+00 1.362309360504150391e+01 0.000000000000000000e+00
-7.960426807403564453e+00 6.889819145202636719e+00 0.000000000000000000e+00
8.521939277648925781e+00 1.470331668853759766e+01 0.000000000000000000e+00
-7.639842987060546875e+00 -3.768253803253173828e+00 0.000000000000000000e+00
7.933458328247070312e+00 -1.792760342359542847e-01 0.000000000000000000e+00
9.905864715576171875e+00 8.528323173522949219e+00 0.000000000000000000e+00
-9.729069471359252930e-02 3.009138584136962891e+00 0.000000000000000000e+00
-2.510067939758300781e+00 1.233488750457763672e+01 0.000000000000000000e+00
-1.509621715545654297e+01 1.055392384529113770e+00 0.000000000000000000e+00
-4.957591533660888672e+00 -4.796386241912841797e+00 0.000000000000000000e+00
-3.679804563522338867e+00 1.412546157836914062e+01 0.000000000000000000e+00
1.898352265357971191e+00 -2.487787246704101562e+00 0.000000000000000000e+00
3.096824884414672852e+00 -9.751788139343261719e+00 0.000000000000000000e+00
-6.577062129974365234e+00 5.551192283630371094e+00 0.000000000000000000e+00
1.706512808799743652e+00 3.451163768768310547e+00 0.000000000000000000e+00
-4.025386810302734375e+00 -2.771528482437133789e+00 0.000000000000000000e+00
3.486418008804321289e+00 2.207062005996704102e+00 0.000000000000000000e+00
6.628930091857910156e+00 6.915877819061279297e+00 0.000000000000000000e+00
1.424127101898193359e+01 -2.074584960937500000e+00 0.000000000000000000e+00
1.060881996154785156e+01 -4.105742454528808594e+00 0.000000000000000000e+00
-8.636344909667968750e+00 9.521126747131347656e+00 0.000000000000000000e+00
1.212840843200683594e+01 -1.249950790405273438e+01 0.000000000000000000e+00
1.041543865203857422e+01 -6.300912380218505859e+00 0.000000000000000000e+00
-1.094091415405273438e+01 -3.982113599777221680e+00 0.000000000000000000e+00
-4.907494187355041504e-01 7.515603542327880859e+00 0.000000000000000000e+00
2.052182674407958984e+00 -1.659607696533203125e+01 0.000000000000000000e+00
-3.387751579284667969e+00 -1.258999943733215332e+00 0.000000000000000000e+00
1.253885841369628906e+01 6.890123844146728516e+00 0.000000000000000000e+00
4.630925178527832031e+00 -2.591727733612060547e+00 0.000000000000000000e+00
-1.274996280670166016e+01 7.328320980072021484e+00 0.000000000000000000e+00
6.580228805541992188e+00 1.112217068672180176e+00 0.000000000000000000e+00
8.653828620910644531e+00 4.859527587890625000e+00 0.000000000000000000e+00
-1.686655521392822266e+00 -7.242260932922363281e+00 0.000000000000000000e+00
1.418658542633056641e+01 4.216091632843017578e+00 0.000000000000000000e+00
-1.483780002593994141e+01 5.996095180511474609e+00 0.000000000000000000e+00
-5.615101814270019531e+00 -1.526462078094482422e+01 0.000000000000000000e+00
6.741884231567382812e+00 5.100226879119873047e+00 0.000000000000000000e+00
-1.568419361114501953e+01 -5.143353939056396484e+00 0.000000000000000000e+00
8.940818786621093750e+00 -8.800694465637207031e+00 0.000000000000000000e+00
7.509362697601318359e+00 -3.800927162170410156e+00 0.000000000000000000e+00
4.269670009613037109e+00 -1.542168617248535156e+01 0.000000000000000000e+00
2.987607479095458984e+00 1.666151237487792969e+01 0.000000000000000000e+00
8.676586151123046875e+00 -1.037939262390136719e+01 0.000000000000000000e+00
2.588948726654052734e+00 -8.181586265563964844e+00 0.000000000000000000e+00
-1.045550060272216797e+01 9.547079086303710938e+00 0.000000000000000000e+00
-7.126447677612304688e+00 9.336253166198730469e+00 0.000000000000000000e+00
4.195673465728759766e+00 -8.583448410034179688e+00 0.000000000000000000e+00
8.989996910095214844e+00 -1.448291683197021484e+01 0.000000000000000000e+00
-5.788792610168457031e+00 -1.604077406227588654e-02 0.000000000000000000e+00
-1.656045341491699219e+01 -3.621536493301391602e+00 0.000000000000000000e+00
-6.421510219573974609e+00 -1.248330307006835938e+01 0.000000000000000000e+00
6.071040630340576172e+00 -8.633544921875000000e+00 0.000000000000000000e+00
-4.150492668151855469e+00 1.177054595947265625e+01 0.000000000000000000e+00
-3.459985017776489258e+00 -1.664421653747558594e+01 0.000000000000000000e+00
1.003593635559082031e+01 2.608146667480468750e+00 0.000000000000000000e+00
-1.354173564910888672e+01 -2.565955400466918945e+00 0.000000000000000000e+00
-5.817521095275878906e+00 1.019314861297607422e+01 0.000000000000000000e+00
1.621093368530273438e+01 -5.254269838333129883e-01 0.000000000000000000e+00
-1.245146083831787109e+01 -1.063010883331298828e+01 0.000000000000000000e+00
1.593196678161621094e+01 6.895298480987548828e+00 0.000000000000000000e+00
-1.022998332977294922e+01 -2.604712724685668945e+00 0.000000000000000000e+00
1.263696575164794922e+01 1.111597633361816406e+01 0.000000000000000000e+00
-3.301014661788940430e+00 6.521980166435241699e-01 0.000000000000000000e+00
-9.286689758300781250e+00 -1.396914958953857422e+01 0.000000000000000000e+00
-1.380486679077148438e+01 3.608884096145629883e+00 0.000000000000000000e+00
1.527883338928222656e+01 -7.801103115081787109e+00 0.000000000000000000e+00
-9.539810180664062500e+00 -8.554395675659179688e+00 0.000000000000000000e+00
-4.194611549377441406e+00 8.849685668945312500e+00 0.000000000000000000e+00
-1.790591478347778320e+00 -1.287326931953430176e+00 0.000000000000000000e+00
-3.642632246017456055e+00 -1.493717288970947266e+01 0.000000000000000000e+00
6.393277168273925781e+00 1.544505310058593750e+01 0.000000000000000000e+00
-3.085134506225585938e+00 9.956599235534667969e+00 0.000000000000000000e+00
-8.167482376098632812e+00 1.230203628540039062e+00 0.000000000000000000e+00
2.097028732299804688e+00 1.079000568389892578e+01 0.000000000000000000e+00
-4.109754562377929688e+00 5.497253417968750000e+00 0.000000000000000000e+00
-9.398068428039550781e+00 1.101597213745117188e+01 0.000000000000000000e+00
-1.654651451110839844e+01 -9.865532070398330688e-02 0.000000000000000000e+00
9.193488121032714844e+00 1.333332920074462891e+01 0.000000000000000000e+00
1.674889373779296875e+01 -2.218481540679931641e+00 0.000000000000000000e+00
-1.947910308837890625e+00 2.879011392593383789e+00 0.000000000000000000e+00
-8.162069916725158691e-01 -8.514590263366699219e+00 0.000000000000000000e+00
-5.166547298431396484e+00 1.786279797554016113e+00 0.000000000000000000e+00
-3.409647703170776367e+00 -7.671030044555664062e+00 0.000000000000000000e+00
-1.041492366790771484e+01 6.482622146606445312e+00 0.000000000000000000e+00
8.680267930030822754e-01 -6.371332645416259766e+00 0.000000000000000000e+00
7.717243671417236328e+00 2.352549552917480469e+00 0.000000000000000000e+00
5.900151252746582031e+00 -1.302882862091064453e+01 0.000000000000000000e+00
-1.148157119750976562e+01 -9.433890342712402344e+00 0.000000000000000000e+00
3.694939374923706055e+00 1.234420013427734375e+01 0.000000000000000000e+00
1.139827013015747070e+00 5.925024986267089844e+00 0.000000000000000000e+00
-1.151192474365234375e+01 2.613779783248901367e+00 0.000000000000000000e+00
1.021528720855712891e+01 -2.406362533569335938e+00 0.000000000000000000e+00
-7.923258304595947266e+00 -1.316490459442138672e+01 0.000000000000000000e+00
1.184643745422363281e+01 1.723272323608398438e+00 0.000000000000000000e+00
-8.008357048034667969e+00 -4.924094676971435547e-01 0.000000000000000000e+00
-1.163043308258056641e+01 4.200377941131591797e+00 0.000000000000000000e+00
-5.399464607238769531e+00 1.274947738647460938e+01 0.000000000000000000e+00
1.350982379913330078e+01 -5.339919090270996094e+00 0.000000000000000000e+00
6.854205608367919922e+00 -5.161984920501708984e+00 0.000000000000000000e+00
1.734468579292297363e+00 1.528583049774169922e+01 0.000000000000000000e+00
-3.331777572631835938e+00 -4.486218452453613281e+00 0.000000000000000000e+00
-1.503429508209228516e+01 8.572189331054687500e+00 0.000000000000000000e+00
-1.633027076721191406e+01 5.640998840332031250e+00 0.000000000000000000e+00
7.027621269226074219e+00 -1.017120552062988281e+01 0.000000000000000000e+00
9.517019271850585938e+00 -1.228346920013427734e+01 0.000000000000000000e+00
-4.648456573486328125e+00 -1.379823589324951172e+01 0.000000000000000000e+00
-1.384192562103271484e+01 -4.174593463540077209e-02 0.000000000000000000e+00
2.804277241230010986e-01 -1.102783298492431641e+01 0.000000000000000000e+00
-1.525317573547363281e+01 2.833360671997070312e+00 0.000000000000000000e+00
-4.164101123809814453e+00 1.626307106018066406e+01 0.000000000000000000e+00
3.840647935867309570e+00 3.906247854232788086e+00 0.000000000000000000e+00
-1.677688026428222656e+01 1.544818520545959473e+00 0.000000000000000000e+00
-1.632158160209655762e+00 1.047476291656494141e+01 0.000000000000000000e+00
6.625817418098449707e-01 8.481223106384277344e+00 0.000000000000000000e+00
3.617614984512329102e+00 -1.691436576843261719e+01 0.000000000000000000e+00
-6.991805553436279297e+00 -5.951818943023681641e+00 0.000000000000000000e+00
5.338291645050048828e+00 -1.664227867126464844e+01 0.000000000000000000e+00
-1.322627449035644531e+01 1.145374298095703125e+01 0.000000000000000000e+00
1.176014542579650879e+00 1.677893829345703125e+01 0.000000000000000000e+00
4.070479393005371094e+00 -1.106330680847167969e+01 0.000000000000000000e+00
-1.938605189323425293e+00 -1.739200592041015625e+01 0.000000000000000000e+00
2.947483539581298828e+00 -1.446992492675781250e+01 0.000000000000000000e+00
1.284806156158447266e+01 -3.932435274124145508e+00 0.000000000000000000e+00
2.537191629409790039e+00 -4.059882164001464844e+00 0.000000000000000000e+00
1.577980995178222656e+00 -9.531280517578125000e+00 0.000000000000000000e+00
-1.776009082794189453e+00 -4.233598232269287109e+00 0.000000000000000000e+00
2.426684617996215820e+00 9.049962997436523438e+00 0.000000000000000000e+00
-8.353308677673339844e+00 3.492329597473144531e+00 0.000000000000000000e+00
-9.922834396362304688e+00 -1.020522499084472656e+01 0.000000000000000000e+00
