-1.029870319366455078e+01 -7.013023853302001953e+00 0.000000000000000000e+00
2.480957508087158203e-01 -1.456461238861083984e+01 0.000000000000000000e+00
-5.485327243804931641e+00 3.810964345932006836e+00 0.000000000000000000e+00
1.586966705322265625e+01 4.846349239349365234e+00 0.000000000000000000e+00
1.203970050811767578e+01 1.509736061096191406e+00 0.000000000000000000e+00
1.949933320283889771e-01 -9.773823022842407227e-01 0.000000000000000000e+00
-1.308891296386718750e+01 1.047444438934326172e+01 0.000000000000000000e+00
1.780884265899658203e+00 -1.460720252990722656e+01 0.000000000000000000e+00
-1.104736137390136719e+01 -1.292607879638671875e+01 0.000000000000000000e+00
-3.733630657196044922e+00 -7.280068397521972656e+00 0.000000000000000000e+00
-5.315903663635253906e+00 -8.514001369476318359e-01 0.000000000000000000e+00
-6.076898097991943359e+00 1.018240356445312500e+01 0.000000000000000000e+00
-6.708078384399414062e+00 -7.750895023345947266e+00 0.000000000000000000e+00
-1.079186725616455078e+01 -1.012805747985839844e+01 0.000000000000000000e+00
-3.068335294723510742e+00 2.817651510238647461e+00 0.000000000000000000e+00
1.116236400604248047e+01 -5.202413558959960938e+00 0.000000000000000000e+00
2.713685274124145508e+00 1.145655441284179688e+01 0.000000000000000000e+00
-1.596043777465820312e+01 4.956700325012207031e+00 0.000000000000000000e+00
9.472441673278808594e+00 1.040402030944824219e+01 0.000000000000000000e+00
7.867772102355957031e+00 1.386961364746093750e+01 0.000000000000000000e+00
4.774289131164550781e+00 2.745848655700683594e+00 0.000000000000000000e+00
-2.767202854156494141e+00 -2.496658079326152802e-02 0.000000000000000000e+00
9.943093061447143555e-01 1.252562618255615234e+01 0.000000000000000000e+00
1.437905788421630859e+01 -1.699485659599304199e+00 0.000000000000000000e+00
8.761950492858886719e+00 2.106872558593750000e+00 0.000000000000000000e+00
-6.533240318298339844e+00 -1.104945755004882812e+01 0.000000000000000000e+00
4.969112873077392578e+00 -1.288916110992431641e+01 0.000000000000000000e+00
-6.022406101226806641e+00 1.570040225982666016e+01 0.000000000000000000e+00
-1.141741943359375000e+01 -1.777791380882263184e+00 0.000000000000000000e+00
-1.234544181823730469e+01 -9.093200683593750000e+00 0.000000000000000000e+00
2.755861997604370117e+00 -4.683959484100341797e+00 0.000000000000000000e+00
1.157763004302978516e+01 3.284821510314941406e+00 0.000000000000000000e+00
1.037304401397705078e+01 -7.014660358428955078e+00 0.000000000000000000e+00
8.284396171569824219e+00 -1.424364471435546875e+01 0.000000000000000000e+00
6.033909320831298828e-01 4.941490173339843750e+00 0.000000000000000000e+00
-2.078518152236938477e+00 -8.274351119995117188e+00 0.000000000000000000e+00
-5.668598175048828125e+00 -1.316399860382080078e+01 0.000000000000000000e+00
1.189428520202636719e+01 1.121979522705078125e+01 0.000000000000000000e+00
-1.226036167144775391e+01 -5.511415958404541016e+00 0.000000000000000000e+00
-6.702990531921386719e+00 5.014239788055419922e+00 0.000000000000000000e+00
-1.599874854087829590e+00 -1.529419803619384766e+01 0.000000000000000000e+00
1.586927700042724609e+01 3.856804966926574707e-01 0.000000000000000000e+00
6.324132442474365234e+00 -7.675067424774169922e+00 0.000000000000000000e+00
4.351655960083007812e+00 -2.286244869232177734e+00 0.000000000000000000e+00
1.280025672912597656e+01 -2.524100065231323242e+00 0.000000000000000000e+00
-7.877117156982421875e+00 1.429237723350524902e+00 0.000000000000000000e+00
1.955454945564270020e+00 1.489512920379638672e+01 0.000000000000000000e+00
9.301536560058593750e+00 -2.244357347488403320e+00 0.000000000000000000e+00
-8.797926902770996094e+00 -1.176333999633789062e+01 0.000000000000000000e+00
9.796589851379394531e+00 7.142015546560287476e-02 0.000000000000000000e+00
7.982845783233642578e+00 9.769104003906250000e+00 0.000000000000000000e+00
-8.367117881774902344e+00 -6.111584186553955078e+00 0.000000000000000000e+00
2.394660949707031250e+00 -9.936914443969726562e+00 0.000000000000000000e+00
4.523936510086059570e-01 1.423085880279541016e+01 0.000000000000000000e+00
7.119858741760253906e+00 5.685876369476318359e+00 0.000000000000000000e+00
-1.545570659637451172e+01 -3.776794195175170898e+00 0.000000000000000000e+00
-1.031117534637451172e+01 -3.353076696395874023e+00 0.000000000000000000e+00
5.753694534301757812e+00 -1.601668119430541992e+00 0.000000000000000000e+00
1.175379395484924316e+00 -1.631819534301757812e+01 0.000000000000000000e+00
1.025011157989501953e+01 1.609782814979553223e+00 0.000000000000000000e+00
-1.028145885467529297e+01 9.307219505310058594e+00 0.000000000000000000e+00
1.500750541687011719e+01 -8.992493629455566406e+00 0.000000000000000000e+00
-3.568484067916870117e+00 1.185953807830810547e+01 0.000000000000000000e+00
3.953212022781372070e+00 7.271428108215332031e+00 0.000000000000000000e+00
-8.415336608886718750e+00 -3.053730487823486328e+00 0.000000000000000000e+00
-1.473399639129638672e+01 2.094487667083740234e+00 0.000000000000000000e+00
5.565185070037841797e+00 -4.947800636291503906e+00 0.000000000000000000e+00
-1.498007392883300781e+01 -8.588498115539550781e+00 0.000000000000000000e+00
-2.251003265380859375e+00 8.863252639770507812e+00 0.000000000000000000e+00
5.184717178344726562e+00 -9.201709747314453125e+00 0.000000000000000000e+00
-2.938707590103149414e+00 -1.668643379211425781e+01 0.000000000000000000e+00
3.449572801589965820e+00 -1.360142040252685547e+01 0.000000000000000000e+00
-5.815578460693359375e+00 6.469326496124267578e+00 0.000000000000000000e+00
-1.449652099609375000e+01 2.139057070016860962e-01 0.000000000000000000e+00
4.709673300385475159e-02 -8.779822349548339844e+00 0.000000000000000000e+00
-3.518555402755737305e+00 7.101526260375976562e+00 0.000000000000000000e+00
-1.021254253387451172e+01 6.998260498046875000e+00 0.000000000000000000e+00
-1.209907627105712891e+01 1.551555693149566650e-01 0.000000000000000000e+00
7.972430706024169922e+00 -1.050420665740966797e+01 0.000000000000000000e+00
-1.632568168640136719e+01 3.246255874633789062e+00 0.000000000000000000e+00
-3.721659779548645020e-01 2.430992126464843750e+00 0.000000000000000000e+00
-9.769620895385742188e+00 -8.569576263427734375e+00 0.000000000000000000e+00
2.539317846298217773e+00 6.455235958099365234e+00 0.000000000000000000e+00
5.501595020294189453e+00 -1.561395359039306641e+01 0.000000000000000000e+00
6.740128040313720703e+00 1.494654655456542969e+00 0.000000000000000000e+00
1.237535327672958374e-01 1.107124519348144531e+01 0.000000000000000000e+00
-1.628809928894042969e+01 3.279505297541618347e-02 0.000000000000000000e+00
-1.183671951293945312e+01 -7.610978126525878906e+00 0.000000000000000000e+00
-5.755662918090820312e-01 -1.685442352294921875e+01 0.000000000000000000e+00
1.653359293937683105e+00 8.588271141052246094e+00 0.000000000000000000e+00
-7.340693473815917969e+00 -1.466689467430114746e+00 0.000000000000000000e+00
9.423648834228515625e+00 5.656738281250000000e+00 0.000000000000000000e+00
7.247153759002685547e+00 -1.299246788024902344e+01 0.000000000000000000e+00
7.401051998138427734e+00 -1.549081039428710938e+01 0.000000000000000000e+00
-1.326757335662841797e+01 -1.072976684570312500e+01 0.000000000000000000e+00
-1.125188589096069336e+00 5.253704071044921875e+00 0.000000000000000000e+00
9.312230110168457031e+00 1.228578090667724609e+01 0.000000000000000000e+00
3.516273498535156250e+00 3.566066265106201172e+00 0.000000000000000000e+00
-3.455806970596313477e+00 -1.781306385993957520e+00 0.000000000000000000e+00
1.620308518409729004e+00 1.926354765892028809e-01 0.000000000000000000e+00
-3.549045026302337646e-01 -2.949882507324218750e+00 0.000000000000000000e+00
6.707183837890625000e+00 1.252312564849853516e+01 0.000000000000000000e+00
-7.298242092132568359e+00 8.665225982666015625e+00 0.000000000000000000e+00
-7.521620392799377441e-01 7.131595134735107422e+00 0.000000000000000000e+00
-5.162890911102294922e+00 1.356431198120117188e+01 0.000000000000000000e+00
1.147871398925781250e+01 -9.542541503906250000e+00 0.000000000000000000e+00
1.169128799438476562e+01 5.430361270904541016e+00 0.000000000000000000e+00
-7.884077548980712891e+00 1.334272193908691406e+01 0.000000000000000000e+00
1.898569226264953613e+00 -1.293121576309204102e+00 0.000000000000000000e+00
4.269373893737792969e+00 -6.351361274719238281e+00 0.000000000000000000e+00
9.874663352966308594e+00 -9.526865959167480469e+00 0.000000000000000000e+00
-6.555420875549316406e+00 1.163954353332519531e+01 0.000000000000000000e+00
3.334299802780151367e+00 1.810122370719909668e+00 0.000000000000000000e+00
1.473860144615173340e+00 3.508406639099121094e+00 0.000000000000000000e+00
1.109593677520751953e+01 1.307449340820312500e+01 0.000000000000000000e+00
-5.038448810577392578e+00 -5.307944774627685547e+00 0.000000000000000000e+00
1.402763080596923828e+01 1.032837486267089844e+01 0.000000000000000000e+00
1.099998664855957031e+01 7.952152729034423828e+00 0.000000000000000000e+00
-1.719540476799011230e+00 -1.041465282440185547e+01 0.000000000000000000e+00
-3.344206094741821289e+00 1.411915016174316406e+01 0.000000000000000000e+00
-2.216315031051635742e+00 -5.213526725769042969e+00 0.000000000000000000e+00
6.588889956474304199e-01 -1.090908527374267578e+01 0.000000000000000000e+00
-3.577609539031982422e+00 -9.038993835449218750e+00 0.000000000000000000e+00
-4.404881000518798828e+00 9.943076968193054199e-01 0.000000000000000000e+00
-1.155672454833984375e+01 5.042827129364013672e+00 0.000000000000000000e+00
3.527384757995605469e+00 1.413903141021728516e+01 0.000000000000000000e+00
-1.015670967102050781e+01 2.339902162551879883e+00 0.000000000000000000e+00
-1.590559959411621094e+01 -6.054162025451660156e+00 0.000000000000000000e+00
1.503857326507568359e+01 -3.968695878982543945e+00 0.000000000000000000e+00
7.797467231750488281e+00 7.841444492340087891e+00 0.000000000000000000e+00
1.676002883911132812e+01 -3.933066129684448242e+00 0.000000000000000000e+00
-8.254103660583496094e+00 7.227095603942871094e+00 0.000000000000000000e+00
-1.971484899520874023e+00 1.133621978759765625e+01 0.000000000000000000e+00
1.460395908355712891e+01 -6.667222976684570312e+00 0.000000000000000000e+00
5.359531402587890625e+00 1.613525009155273438e+01 0.000000000000000000e+00
-3.292453765869140625e+00 -1.158052921295166016e+01 0.000000000000000000e+00
1.725228309631347656e+01 1.301049828529357910e+00 0.000000000000000000e+00
-4.021841049194335938e+00 4.478838443756103516e+00 0.000000000000000000e+00
-5.862475395202636719e+00 -3.884711027145385742e+00 0.000000000000000000e+00
1.502169847488403320e+00 1.945896387100219727e+00 0.000000000000000000e+00
5.511277198791503906e+00 -1.130723476409912109e+01 0.000000000000000000e+00
-9.703603744506835938e+00 4.204908847808837891e+00 0.000000000000000000e+00
1.608775520324707031e+01 -1.142799377441406250e+00 0.000000000000000000e+00
-7.491968154907226562e+00 -4.845455169677734375e+00 0.000000000000000000e+00
7.067257881164550781e+00 -4.969426631927490234e+00 0.000000000000000000e+00
-1.113157868385314941e+00 1.496351432800292969e+01 0.000000000000000000e+00
-1.977018713951110840e+00 1.319382858276367188e+01 0.000000000000000000e+00
-1.454019927978515625e+01 3.962903738021850586e+00 0.000000000000000000e+00
2.258381843566894531e+00 -7.431030273437500000e+00 0.000000000000000000e+00
-1.880950331687927246e+00 -2.104259252548217773e+00 0.000000000000000000e+00
6.403836727142333984e+00 9.821207046508789062e+00 0.000000000000000000e+00
3.352259397506713867e+00 -1.197725963592529297e+01 0.000000000000000000e+00
-4.481683731079101562e+00 1.566846752166748047e+01 0.000000000000000000e+00
6.890929222106933594e+00 1.598756790161132812e+01 0.000000000000000000e+00
-8.611236572265625000e+00 1.109482765197753906e+01 0.000000000000000000e+00
1.364789485931396484e+01 5.138997554779052734e+00 0.000000000000000000e+00
-1.538018131256103516e+01 -1.248448610305786133e+00 0.000000000000000000e+00
1.255455255508422852e+00 -4.322539806365966797e+00 0.000000000000000000e+00
-6.158413290977478027e-01 9.122300148010253906e+00 0.000000000000000000e+00
-1.319774436950683594e+01 8.193732261657714844e+00 0.000000000000000000e+00
9.778515815734863281e+00 -1.203449153900146484e+01 0.000000000000000000e+00
9.834874153137207031e+00 3.254482746124267578e+00 0.000000000000000000e+00
-4.772634029388427734e+00 9.061689376831054688e+00 0.000000000000000000e+00
-8.654625892639160156e+00 -1.518940067291259766e+01 0.000000000000000000e+00
-1.169640254974365234e+01 2.300850868225097656e+00 0.000000000000000000e+00
4.385164678096771240e-01 -7.268937587738037109e+00 0.000000000000000000e+00
-5.990432500839233398e-01 -5.177892684936523438e+00 0.000000000000000000e+00
1.628084373474121094e+01 3.197364807128906250e+00 0.000000000000000000e+00
6.285061359405517578e+00 7.945682525634765625e+00 0.000000000000000000e+00
-3.277299165725708008e+00 -3.379045963287353516e+00 0.000000000000000000e+00
1.120939922332763672e+01 -1.117571735382080078e+01 0.000000000000000000e+00
-1.912940144538879395e+00 -1.314885425567626953e+01 0.000000000000000000e+00
1.089048957824707031e+01 -3.639234542846679688e+00 0.000000000000000000e+00
-1.024174404144287109e+01 1.338460731506347656e+01 0.000000000000000000e+00
-1.313971042633056641e+01 -2.799417734146118164e+00 0.000000000000000000e+00
-6.168295383453369141e+00 -9.323321342468261719e+00 0.000000000000000000e+00
7.570087432861328125e+00 -6.396347045898437500e+00 0.000000000000000000e+00
1.278392791748046875e+01 7.678052902221679688e+00 0.000000000000000000e+00
-8.421513557434082031e+00 5.666524410247802734e+00 0.000000000000000000e+00
-1.369203472137451172e+01 -7.013166427612304688e+00 0.000000000000000000e+00
-9.985377311706542969e+00 7.782308459281921387e-01 0.000000000000000000e+00
-1.108964061737060547e+01 1.158164691925048828e+01 0.000000000000000000e+00
2.069734632968902588e-01 -1.281080341339111328e+01 0.000000000000000000e+00
1.858339548110961914e+00 -1.306398391723632812e+01 0.000000000000000000e+00
-4.421003162860870361e-01 1.669988632202148438e+01 0.000000000000000000e+00
-1.737750244140625000e+01 2.062335491180419922e+00 0.000000000000000000e+00
1.532338523864746094e+01 7.614969730377197266e+00 0.000000000000000000e+00
-6.130530357360839844e+00 1.370072126388549805e+00 0.000000000000000000e+00
3.923320531845092773e+00 3.641568422317504883e-01 0.000000000000000000e+00
2.625680923461914062e+00 1.673854637145996094e+01 0.000000000000000000e+00
-8.740381240844726562e+00 -1.341669464111328125e+01 0.000000000000000000e+00
1.481482315063476562e+01 3.578139305114746094e+00 0.000000000000000000e+00
7.566541671752929688e+00 -5.547723770141601562e-01 0.000000000000000000e+00
-4.895853042602539062e+00 -1.178772830963134766e+01 0.000000000000000000e+00
1.297153568267822266e+01 -5.888978958129882812e+00 0.000000000000000000e+00
4.500375270843505859e+00 1.211491584777832031e+01 0.000000000000000000e+00
-1.237582206726074219e+00 9.260363578796386719e-01 0.000000000000000000e+00
-1.491061210632324219e+01 6.500706195831298828e+00 0.000000000000000000e+00
-5.396201133728027344e+00 -1.578328514099121094e+01 0.000000000000000000e+00
7.576061248779296875e+00 -2.960770130157470703e+00 0.000000000000000000e+00
4.363843441009521484e+00 9.070363998413085938e+00 0.000000000000000000e+00
1.069858837127685547e+01 -1.364129066467285156e+01 0.000000000000000000e+00
6.698326587677001953e+00 -9.646519660949707031e+00 0.000000000000000000e+00
-1.385235881805419922e+01 -4.511580944061279297e+00 0.000000000000000000e+00
1.128585815429687500e+01 -7.784352898597717285e-01 0.000000000000000000e+00
5.623975753784179688e+00 1.396094417572021484e+01 0.000000000000000000e+00
1.490921878814697266e+01 1.744780182838439941e+00 0.000000000000000000e+00
-9.417101860046386719e+00 -7.402915358543395996e-01 0.000000000000000000e+00
-1.001383209228515625e+01 -4.853333473205566406e+00 0.000000000000000000e+00
6.775060176849365234e+00 3.088154792785644531e+00 0.000000000000000000e+00
-7.971599578857421875e+00 -8.612259864807128906e+00 0.000000000000000000e+00
-1.193012332916259766e+01 7.262483596801757812e+00 0.000000000000000000e+00
5.623876571655273438e+00 1.623684167861938477e-01 0.000000000000000000e+00
7.925650596618652344e+00 1.141676139831542969e+01 0.000000000000000000e+00
1.405602455139160156e+01 4.882752597332000732e-01 0.000000000000000000e+00
1.243420791625976562e+01 -4.218748569488525391e+00 0.000000000000000000e+00
-1.187742519378662109e+01 9.297613143920898438e+00 0.000000000000000000e+00
5.046763420104980469e+00 5.100549697875976562e+00 0.000000000000000000e+00
-7.724239349365234375e+00 1.564500141143798828e+01 0.000000000000000000e+00
-3.770359039306640625e+00 -1.314860534667968750e+01 0.000000000000000000e+00
1.337631702423095703e+01 -9.460452079772949219e+00 0.000000000000000000e+00
-1.482391834259033203e+01 8.566786766052246094e+00 0.000000000000000000e+00
3.530637741088867188e+00 -1.668443870544433594e+01 0.000000000000000000e+00
-1.707246780395507812e+01 -3.657386064529418945e+00 0.000000000000000000e+00
-5.879367351531982422e+00 7.972939491271972656e+00 0.000000000000000000e+00
9.326269149780273438e+00 1.461740779876708984e+01 0.000000000000000000e+00
1.135956001281738281e+01 9.595849037170410156e+00 0.000000000000000000e+00
-8.186702728271484375e+00 4.154128074645996094e+00 0.000000000000000000e+00
1.164221763610839844e+01 -8.015516281127929688e+00 0.000000000000000000e+00
8.889218330383300781e+00 -4.884133815765380859e+00 0.000000000000000000e+00
-1.699785995483398438e+01 -1.456032514572143555e+00 0.000000000000000000e+00
-7.128715515136718750e+00 -1.434541606903076172e+01 0.000000000000000000e+00
-1.320895481109619141e+01 2.023088216781616211e+00 0.000000000000000000e+00
-6.996533870697021484e+00 -1.595473194122314453e+01 0.000000000000000000e+00
-7.404301643371582031e+00 -1.237118434906005859e+01 0.000000000000000000e+00
-4.574226379394531250e+00 1.072947597503662109e+01 0.000000000000000000e+00
2.785919427871704102e+00 -2.544016838073730469e+00 0.000000000000000000e+00
1.698992133140563965e+00 -5.805199146270751953e+00 0.000000000000000000e+00
-1.628280758857727051e+00 3.821020364761352539e+00 0.000000000000000000e+00
-2.696003913879394531e+00 1.638510322570800781e+01 0.000000000000000000e+00
-1.183630084991455078e+01 -4.060443401336669922e+00 0.000000000000000000e+00
-1.341033649444580078e+01 -9.246479272842407227e-01 0.000000000000000000e+00
-5.036552906036376953e+00 -8.078929901123046875e+00 0.000000000000000000e+00
-2.747918128967285156e+00 5.392155647277832031e+00 0.000000000000000000e+00
1.836064696311950684e+00 1.022784805297851562e+01 0.000000000000000000e+00
3.295237541198730469e+00 -1.516616153717041016e+01 0.000000000000000000e+00
3.705989122390747070e+00 1.563971519470214844e+01 0.000000000000000000e+00
8.959985733032226562e+00 -7.889168739318847656e+00 0.000000000000000000e+00
1.395614719390869141e+01 8.653818130493164062e+00 0.000000000000000000e+00
3.447118520736694336e+00 -8.484508514404296875e+00 0.000000000000000000e+00
1.225955963134765625e+01 -1.235290908813476562e+01 0.000000000000000000e+00
5.825217723846435547e+00 -3.238692998886108398e+00 0.000000000000000000e+00
-6.798331737518310547e+00 2.928354024887084961e+00 0.000000000000000000e+00
-3.543171644210815430e+00 -1.478784465789794922e+01 0.000000000000000000e+00
8.077922821044921875e+00 4.038231849670410156e+00 0.000000000000000000e+00
1.320333766937255859e+01 3.124589443206787109e+00 0.000000000000000000e+00
