1.452206993103027344e+01 -3.141787290573120117e+00 0.000000000000000000e+00
-5.149240016937255859e+00 4.015835225582122803e-01 0.000000000000000000e+00
4.086872100830078125e+00 1.636338424682617188e+01 0.000000000000000000e+00
5.481677055358886719e-01 1.540286636352539062e+01 0.000000000000000000e+00
1.601454162597656250e+01 8.448829054832458496e-01 0.000000000000000000e+00
-7.015063762664794922e+00 6.308893561363220215e-01 0.000000000000000000e+00
-5.248941421508789062e+00 -9.169371604919433594e+00 0.000000000000000000e+00
-6.572434902191162109e+00 -1.107914352416992188e+01 0.000000000000000000e+00
-2.571383476257324219e+00 -1.278679656982421875e+01 0.000000000000000000e+00
-1.568253040313720703e+01 -9.317697882652282715e-01 0.000000000000000000e+00
4.775418758392333984e+00 -9.223914146423339844e+00 0.000000000000000000e+00
1.128485965728759766e+01 1.202591657638549805e+00 0.000000000000000000e+00
-1.283099746704101562e+01 -5.980966091156005859e+00 0.000000000000000000e+00
-8.815097808837890625e+00 2.654073953628540039e+00 0.000000000000000000e+00
1.412479400634765625e+00 5.852089405059814453e+00 0.000000000000000000e+00
-1.362109565734863281e+01 -8.462231636047363281e+00 0.000000000000000000e+00
1.597471117973327637e+00 8.201213836669921875e+00 0.000000000000000000e+00
8.891028404235839844e+00 6.212690830230712891e+00 0.000000000000000000e+00
-5.670998990535736084e-02 -5.912382125854492188e+00 0.000000000000000000e+00
-1.557229709625244141e+01 -5.699406623840332031e+00 0.000000000000000000e+00
1.283451938629150391e+01 1.153876018524169922e+01 0.000000000000000000e+00
-1.046591377258300781e+01 -1.072791194915771484e+01 0.000000000000000000e+00
-1.920402288436889648e+00 -1.529261779785156250e+01 0.000000000000000000e+00
1.275852394104003906e+01 8.718083381652832031e+00 0.000000000000000000e+00
-7.459362983703613281e+00 1.410622119903564453e+01 0.000000000000000000e+00
7.947288036346435547e+00 -1.395579528808593750e+01 0.000000000000000000e+00
5.338169097900390625e+00 -1.412955284118652344e+01 0.000000000000000000e+00
9.065552711486816406e+00 1.145719432830810547e+01 0.000000000000000000e+00
-1.040359687805175781e+01 1.870321296155452728e-02 0.000000000000000000e+00
5.530310630798339844e+00 -4.424983024597167969e+00 0.000000000000000000e+00
-1.323598766326904297e+01 -1.997084975242614746e+00 0.000000000000000000e+00
8.426671981811523438e+00 -1.241810989379882812e+01 0.000000000000000000e+00
-1.712849044799804688e+01 -2.972103118896484375e+00 0.000000000000000000e+00
1.098137092590332031e+01 -1.559781551361083984e+00 0.000000000000000000e+00
-1.038295078277587891e+01 -1.373961257934570312e+01 0.000000000000000000e+00
-9.967067718505859375e+00 -1.522218942642211914e+00 0.000000000000000000e+00
-1.206590557098388672e+01 1.175846195220947266e+01 0.000000000000000000e+00
3.527161478996276855e-01 -1.182934474945068359e+01 0.000000000000000000e+00
7.982376575469970703e+00 2.557937860488891602e+00 0.000000000000000000e+00
-7.583664894104003906e+00 -1.246311664581298828e+01 0.000000000000000000e+00
-1.283785438537597656e+01 6.289583683013916016e+00 0.000000000000000000e+00
-1.098192977905273438e+01 1.006965637207031250e+01 0.000000000000000000e+00
1.548539519309997559e+00 -3.905806541442871094e+00 0.000000000000000000e+00
-1.517690563201904297e+01 -8.299770355224609375e+00 0.000000000000000000e+00
6.461178779602050781e+00 -1.073320960998535156e+01 0.000000000000000000e+00
8.474548339843750000e+00 -1.016136741638183594e+01 0.000000000000000000e+00
-8.112031936645507812e+00 9.989765167236328125e+00 0.000000000000000000e+00
1.663732910156250000e+01 2.418573856353759766e+00 0.000000000000000000e+00
1.084129047393798828e+01 -5.027684688568115234e+00 0.000000000000000000e+00
6.232203006744384766e+00 8.666705131530761719e+00 0.000000000000000000e+00
-1.292144298553466797e+01 3.155752420425415039e-01 0.000000000000000000e+00
-4.851656436920166016e+00 -3.114228963851928711e+00 0.000000000000000000e+00
-3.465965747833251953e+00 1.096967887878417969e+01 0.000000000000000000e+00
1.289442062377929688e+01 6.817925930023193359e+00 0.000000000000000000e+00
5.661683559417724609e+00 -1.615042495727539062e+01 0.000000000000000000e+00
1.243308734893798828e+01 -8.568861961364746094e+00 0.000000000000000000e+00
7.878562927246093750e+00 -4.876345157623291016e+00 0.000000000000000000e+00
-1.196272754669189453e+01 -1.001972866058349609e+01 0.000000000000000000e+00
1.300237560272216797e+01 -2.292899340391159058e-01 0.000000000000000000e+00
1.413179016113281250e+01 9.601383209228515625e-01 0.000000000000000000e+00
1.163182926177978516e+01 5.067286491394042969e+00 0.000000000000000000e+00
-7.219387054443359375e+00 -1.501244068145751953e+01 0.000000000000000000e+00
4.133571624755859375e+00 -1.602521514892578125e+01 0.000000000000000000e+00
-1.501649761199951172e+01 7.430397033691406250e+00 0.000000000000000000e+00
-3.317439794540405273e+00 -3.793053865432739258e+00 0.000000000000000000e+00
-2.492280483245849609e+00 9.266340255737304688e+00 0.000000000000000000e+00
4.116034030914306641e+00 -7.643186092376708984e+00 0.000000000000000000e+00
1.248941230773925781e+01 -5.407427310943603516e+00 0.000000000000000000e+00
-1.162051486968994141e+01 3.983580827713012695e+00 0.000000000000000000e+00
-6.138017177581787109e+00 1.133858489990234375e+01 0.000000000000000000e+00
1.394848728179931641e+01 -1.015474224090576172e+01 0.000000000000000000e+00
-1.102676963806152344e+01 8.384699821472167969e+00 0.000000000000000000e+00
-5.795248031616210938e+00 -6.162919044494628906e+00 0.000000000000000000e+00
-1.065710663795471191e+00 1.183075046539306641e+01 0.000000000000000000e+00
-1.012839984893798828e+01 4.764226436614990234e+00 0.000000000000000000e+00
-6.330518245697021484e+00 -1.339802932739257812e+01 0.000000000000000000e+00
5.892549514770507812e+00 1.502439785003662109e+01 0.000000000000000000e+00
-8.346249580383300781e+00 -6.442821025848388672e+00 0.000000000000000000e+00
2.374839544296264648e+00 -1.365593910217285156e+01 0.000000000000000000e+00
2.214580297470092773e+00 1.133318543434143066e+00 0.000000000000000000e+00
1.935047805309295654e-01 1.543339371681213379e+00 0.000000000000000000e+00
-3.546493291854858398e+00 1.779346585273742676e+00 0.000000000000000000e+00
2.015310764312744141e+00 1.454017257690429688e+01 0.000000000000000000e+00
1.483761405944824219e+01 -1.194613575935363770e+00 0.000000000000000000e+00
-1.671123147010803223e+00 1.569892978668212891e+01 0.000000000000000000e+00
-4.406964778900146484e+00 1.291411399841308594e+01 0.000000000000000000e+00
8.784479141235351562e+00 -2.052565097808837891e+00 0.000000000000000000e+00
-3.810532808303833008e+00 5.409554004669189453e+00 0.000000000000000000e+00
-4.210502624511718750e+00 -1.644560813903808594e+01 0.000000000000000000e+00
-8.438982367515563965e-01 5.411425590515136719e+00 0.000000000000000000e+00
5.721407413482666016e+00 -8.630139827728271484e-01 0.000000000000000000e+00
1.051940250396728516e+01 2.629474401473999023e+00 0.000000000000000000e+00
7.352527141571044922e+00 9.808891296386718750e+00 0.000000000000000000e+00
1.545252895355224609e+01 -6.287413120269775391e+00 0.000000000000000000e+00
-3.408529520034790039e+00 -2.271664857864379883e+00 0.000000000000000000e+00
2.276439189910888672e+00 9.886172294616699219e+00 0.000000000000000000e+00
1.143073654174804688e+01 -1.132933616638183594e+01 0.000000000000000000e+00
-2.005248546600341797e+00 -1.685602545738220215e+00 0.000000000000000000e+00
8.196990013122558594e+00 1.545002174377441406e+01 0.000000000000000000e+00
1.056272220611572266e+01 6.417011260986328125e+00 0.000000000000000000e+00
-2.392922878265380859e+00 -5.539524555206298828e+00 0.000000000000000000e+00
-5.174484252929687500e+00 4.208290100097656250e+00 0.000000000000000000e+00
7.673395633697509766e+00 1.075413703918457031e+00 0.000000000000000000e+00
5.816476821899414062e+00 1.674041271209716797e+00 0.000000000000000000e+00
3.988606691360473633e+00 4.876668930053710938e+00 0.000000000000000000e+00
-8.311034202575683594e+00 -8.260972023010253906e+00 0.000000000000000000e+00
1.445887756347656250e+01 7.757737636566162109e+00 0.000000000000000000e+00
-8.162586212158203125e+00 -9.779248833656311035e-01 0.000000000000000000e+00
3.964813709259033203e+00 7.880677700042724609e+00 0.000000000000000000e+00
4.088980197906494141e+00 1.471174335479736328e+01 0.000000000000000000e+00
1.231196641921997070e+00 -1.679028701782226562e+01 0.000000000000000000e+00
-3.121397018432617188e+00 1.654765319824218750e+01 0.000000000000000000e+00
4.532785415649414062e+00 1.249163055419921875e+01 0.000000000000000000e+00
-7.610846996307373047e+00 -4.478758335113525391e+00 0.000000000000000000e+00
7.533755779266357422e+00 -8.219553947448730469e+00 0.000000000000000000e+00
1.027606582641601562e+01 -1.402105426788330078e+01 0.000000000000000000e+00
-1.269295454025268555e+00 1.396802234649658203e+01 0.000000000000000000e+00
-9.987792968750000000e-01 -4.575796604156494141e+00 0.000000000000000000e+00
-1.434335231781005859e+01 2.506392240524291992e+00 0.000000000000000000e+00
-1.186642050743103027e+00 -8.625403404235839844e+00 0.000000000000000000e+00
1.596383666992187500e+01 6.188817501068115234e+00 0.000000000000000000e+00
1.710287332534790039e+00 -2.063911437988281250e+00 0.000000000000000000e+00
5.542759418487548828e+00 1.026668930053710938e+01 0.000000000000000000e+00
6.992342472076416016e+00 -1.867954015731811523e+00 0.000000000000000000e+00
2.958615303039550781e+00 6.742418289184570312e+00 0.000000000000000000e+00
1.392067909240722656e+01 4.230974197387695312e+00 0.000000000000000000e+00
-9.686209678649902344e+00 1.328745269775390625e+01 0.000000000000000000e+00
-3.226716756820678711e+00 7.484764099121093750e+00 0.000000000000000000e+00
-9.028923988342285156e+00 8.774209022521972656e+00 0.000000000000000000e+00
-1.301098728179931641e+01 -1.146308231353759766e+01 0.000000000000000000e+00
-1.924706816673278809e+00 -9.094164520502090454e-02 0.000000000000000000e+00
5.411508083343505859e+00 -2.588657379150390625e+00 0.000000000000000000e+00
1.023662471771240234e+01 1.033381462097167969e+01 0.000000000000000000e+00
-8.614818572998046875e+00 4.891262531280517578e+00 0.000000000000000000e+00
1.001402854919433594e+01 -3.688437461853027344e+00 0.000000000000000000e+00
-4.913421154022216797e+00 1.006019306182861328e+01 0.000000000000000000e+00
-1.050970077514648438e+01 1.166636753082275391e+01 0.000000000000000000e+00
-1.733458900451660156e+01 -1.954356580972671509e-01 0.000000000000000000e+00
-8.483892440795898438e+00 -1.415615463256835938e+01 0.000000000000000000e+00
-5.296983718872070312e+00 1.493255138397216797e+01 0.000000000000000000e+00
5.755985260009765625e+00 -7.270563602447509766e+00 0.000000000000000000e+00
5.630985498428344727e-01 3.966564655303955078e+00 0.000000000000000000e+00
1.738876533508300781e+01 -1.592439055442810059e+00 0.000000000000000000e+00
1.384083747863769531e+01 -4.565541267395019531e+00 0.000000000000000000e+00
-6.547334671020507812e+00 5.336815357208251953e+00 0.000000000000000000e+00
1.646303749084472656e+01 -5.132130622863769531e+00 0.000000000000000000e+00
4.743958950042724609e+00 -1.262635898590087891e+01 0.000000000000000000e+00
-8.245792388916015625e+00 6.569863319396972656e+00 0.000000000000000000e+00
-1.322336769104003906e+01 4.429563045501708984e+00 0.000000000000000000e+00
-2.776155233383178711e+00 -8.597218513488769531e+00 0.000000000000000000e+00
8.646606445312500000e+00 1.318908596038818359e+01 0.000000000000000000e+00
8.657391548156738281e+00 -7.005749702453613281e+00 0.000000000000000000e+00
1.737184524536132812e+00 -8.941508293151855469e+00 0.000000000000000000e+00
-4.442605376243591309e-01 1.690569496154785156e+01 0.000000000000000000e+00
4.091587543487548828e+00 -5.865235328674316406e+00 0.000000000000000000e+00
-7.080842971801757812e+00 -9.342387199401855469e+00 0.000000000000000000e+00
4.122931480407714844e+00 3.331747949123382568e-01 0.000000000000000000e+00
-7.231069087982177734e+00 2.521951198577880859e+00 0.000000000000000000e+00
1.393188381195068359e+01 -7.118897438049316406e+00 0.000000000000000000e+00
3.470106363296508789e+00 -1.091350650787353516e+01 0.000000000000000000e+00
-3.089094460010528564e-01 -1.459520339965820312e+01 0.000000000000000000e+00
-8.769675254821777344e+00 -9.825015068054199219e+00 0.000000000000000000e+00
-2.165495902299880981e-01 9.767857551574707031e+00 0.000000000000000000e+00
8.925620079040527344e+00 9.216519355773925781e+00 0.000000000000000000e+00
-1.689346504211425781e+01 1.618716478347778320e+00 0.000000000000000000e+00
1.435085105895996094e+01 9.760857582092285156e+00 0.000000000000000000e+00
-1.589946651458740234e+01 3.447341442108154297e+00 0.000000000000000000e+00
-3.952262163162231445e+00 -7.585931777954101562e+00 0.000000000000000000e+00
-4.826474666595458984e+00 -1.157972693443298340e+00 0.000000000000000000e+00
-1.098074054718017578e+01 -3.760241508483886719e+00 0.000000000000000000e+00
-1.534592914581298828e+01 5.545164585113525391e+00 0.000000000000000000e+00
7.695419311523437500e+00 8.274256706237792969e+00 0.000000000000000000e+00
9.925615310668945312e+00 4.314743518829345703e+00 0.000000000000000000e+00
1.069986057281494141e+01 1.223751544952392578e+01 0.000000000000000000e+00
9.848399162292480469e+00 -1.155863285064697266e+01 0.000000000000000000e+00
-3.414345085620880127e-01 -1.431697607040405273e+00 0.000000000000000000e+00
6.424115657806396484e+00 6.376062393188476562e+00 0.000000000000000000e+00
1.489006710052490234e+01 -8.503275871276855469e+00 0.000000000000000000e+00
-2.280696868896484375e+00 3.314393281936645508e+00 0.000000000000000000e+00
-1.250736522674560547e+01 -4.191816329956054688e+00 0.000000000000000000e+00
1.313346099853515625e+01 -2.253973960876464844e+00 0.000000000000000000e+00
7.990643978118896484e+00 -1.551624011993408203e+01 0.000000000000000000e+00
-1.099102783203125000e+01 -6.197047710418701172e+00 0.000000000000000000e+00
2.195267200469970703e+00 4.010079383850097656e+00 0.000000000000000000e+00
1.025125598907470703e+01 1.388665580749511719e+01 0.000000000000000000e+00
9.791736602783203125e+00 -8.355265617370605469e+00 0.000000000000000000e+00
6.327451705932617188e+00 1.217523002624511719e+01 0.000000000000000000e+00
-1.283278179168701172e+01 8.889275550842285156e+00 0.000000000000000000e+00
1.486688518524169922e+01 2.959510803222656250e+00 0.000000000000000000e+00
-1.497690391540527344e+01 1.092190146446228027e+00 0.000000000000000000e+00
2.120328396558761597e-01 -9.475848197937011719e+00 0.000000000000000000e+00
-6.596716403961181641e+00 1.580863761901855469e+01 0.000000000000000000e+00
-9.589738845825195312e+00 -4.830043315887451172e+00 0.000000000000000000e+00
3.729528903961181641e+00 -1.892568707466125488e+00 0.000000000000000000e+00
-6.540237903594970703e+00 8.690338134765625000e+00 0.000000000000000000e+00
-9.074861526489257812e+00 -3.118512392044067383e+00 0.000000000000000000e+00
-5.611635208129882812e+00 2.751635551452636719e+00 0.000000000000000000e+00
1.088402175903320312e+01 -9.918270111083984375e+00 0.000000000000000000e+00
-6.231057167053222656e+00 -3.748758077621459961e+00 0.000000000000000000e+00
-6.363743305206298828e+00 -7.672570705413818359e+00 0.000000000000000000e+00
-4.898069858551025391e+00 1.661515808105468750e+01 0.000000000000000000e+00
1.163847351074218750e+01 -3.565487384796142578e+00 0.000000000000000000e+00
-2.646534204483032227e+00 1.300188446044921875e+01 0.000000000000000000e+00
-7.999796390533447266e+00 1.153808498382568359e+01 0.000000000000000000e+00
2.223653316497802734e+00 1.256150436401367188e+01 0.000000000000000000e+00
-9.511845707893371582e-01 -1.316260528564453125e+01 0.000000000000000000e+00
-1.138730525970458984e+01 -8.099257469177246094e+00 0.000000000000000000e+00
3.480640649795532227e+00 1.131216335296630859e+01 0.000000000000000000e+00
9.384951591491699219e+00 -5.611867427825927734e+00 0.000000000000000000e+00
-4.882069110870361328e+00 -1.458996582031250000e+01 0.000000000000000000e+00
6.583306789398193359e+00 4.082644462585449219e+00 0.000000000000000000e+00
3.479744672775268555e+00 -4.076763629913330078e+00 0.000000000000000000e+00
2.605349302291870117e+00 -6.960623860359191895e-01 0.000000000000000000e+00
-2.672647237777709961e+00 -1.120561218261718750e+01 0.000000000000000000e+00
4.304464340209960938e+00 2.918056249618530273e+00 0.000000000000000000e+00
1.088646793365478516e+01 8.066077232360839844e+00 0.000000000000000000e+00
3.938963413238525391e-01 -7.468454837799072266e+00 0.000000000000000000e+00
-8.906512260437011719e+00 1.474936294555664062e+01 0.000000000000000000e+00
1.135364437103271484e+01 -6.855334758758544922e+00 0.000000000000000000e+00
-1.099990749359130859e+01 1.775576114654541016e+00 0.000000000000000000e+00
-9.809679031372070312e+00 -8.415526390075683594e+00 0.000000000000000000e+00
-4.703921973705291748e-01 -1.610101318359375000e+01 0.000000000000000000e+00
-1.445115852355957031e+01 -2.937728881835937500e+00 0.000000000000000000e+00
-1.423897981643676758e+00 2.045944690704345703e+00 0.000000000000000000e+00
-8.940716743469238281e+00 7.629438638687133789e-01 0.000000000000000000e+00
2.032651185989379883e+00 -5.421502113342285156e+00 0.000000000000000000e+00
9.483584403991699219e+00 1.522505402565002441e+00 0.000000000000000000e+00
-1.076735210418701172e+01 6.586856365203857422e+00 0.000000000000000000e+00
-1.654975652694702148e+00 7.641754150390625000e+00 0.000000000000000000e+00
-1.063273549079895020e+00 -1.034652233123779297e+01 0.000000000000000000e+00
-5.138185501098632812e+00 7.902872562408447266e+00 0.000000000000000000e+00
-1.264210224151611328e+01 2.448508024215698242e+00 0.000000000000000000e+00
2.439211368560791016e+00 -7.090975761413574219e+00 0.000000000000000000e+00
-4.096559524536132812e+00 -1.044520664215087891e+01 0.000000000000000000e+00
-2.839478254318237305e-01 7.024259090423583984e+00 0.000000000000000000e+00
-6.608310699462890625e+00 -1.949178338050842285e+00 0.000000000000000000e+00
4.307787120342254639e-01 1.380575561523437500e+01 0.000000000000000000e+00
4.381925463676452637e-01 1.147799301147460938e+01 0.000000000000000000e+00
1.931746482849121094e+00 -1.055779457092285156e+01 0.000000000000000000e+00
-2.176746129989624023e+00 -1.734067535400390625e+01 0.000000000000000000e+00
8.340934753417968750e+00 4.087755680084228516e+00 0.000000000000000000e+00
-3.808526396751403809e-01 1.133401170372962952e-01 0.000000000000000000e+00
7.283159255981445312e+00 1.420460224151611328e+01 0.000000000000000000e+00
6.644829273223876953e+00 -1.300290012359619141e+01 0.000000000000000000e+00
-1.413383865356445312e+01 9.766023635864257812e+00 0.000000000000000000e+00
2.618802309036254883e+00 1.700549125671386719e+01 0.000000000000000000e+00
7.627111077308654785e-01 -1.352994441986083984e+01 0.000000000000000000e+00
1.450452613830566406e+01 5.692998409271240234e+00 0.000000000000000000e+00
-4.937486648559570312e+00 6.414626598358154297e+00 0.000000000000000000e+00
-1.440350151062011719e+01 -4.690439224243164062e+00 0.000000000000000000e+00
-1.176980304718017578e+01 -1.232581496238708496e+00 0.000000000000000000e+00
1.607894706726074219e+01 4.405272006988525391e+00 0.000000000000000000e+00
6.819377422332763672e+00 -3.476477146148681641e+00 0.000000000000000000e+00
-4.666210651397705078e+00 -1.301284122467041016e+01 0.000000000000000000e+00
-1.422133827209472656e+01 -1.017452526092529297e+01 0.000000000000000000e+00
1.703433799743652344e+01 -3.308363914489746094e+00 0.000000000000000000e+00
