5.065192988863388202e+00 1.211366299180941475e+01 4.142232723447492049e-04
9.334062716838515072e+00 9.233731978958598319e+00 1.618649580681363886e-05
-2.084647908160300656e+00 1.072470231203940116e+01 2.771886962458225412e-04
2.185095047842349647e+00 7.843883925492582065e+00 5.500032783767316857e-04
6.454958591637402598e+00 4.963857398223060713e+00 2.241376006160145096e-04
1.072394794763213888e+01 2.085321417600908056e+00 2.502985668551005460e-05
-9.233615610158572906e+00 9.334251180848868401e+00 1.332306505119618123e-05
-4.963752033305723010e+00 6.454827731672645896e+00 4.851395222380538996e-04
-6.948823050006072144e-01 3.574902749366920762e+00 9.507925499030456251e-05
3.574980279021651608e+00 6.954793950487645482e-01 5.668228697283117512e-04
7.843850006996779811e+00 -2.184451617802051437e+00 1.687860931909312967e-04
1.211371255801906344e+01 -5.064478049657399339e+00 -1.571516799221406302e-04
-1.211371375397813921e+01 5.064470130618756727e+00 1.631399984134418446e-04
-7.843849973996774416e+00 2.185054695900903621e+00 6.288960375593344310e-04
-3.574980246021646213e+00 -6.948763169499123649e-01 2.308592610219539765e-04
6.948823050006379676e-01 -3.574902748805260710e+00 -9.507851209122897274e-05
4.963752065975740813e+00 -6.454230684118885009e+00 3.045660992224696884e-04
9.233615609828584425e+00 -9.334257211393959253e+00 -2.129957434160445473e-05
-1.072394911092119685e+01 -2.084732289085790224e+00 7.706640832665367924e-04
-6.454958592023081643e+00 -4.963863429136933902e+00 -2.321138310894532708e-04
-2.185095015228022408e+00 -7.843286878307603516e+00 2.397026218998732361e-04
2.084647940830349988e+00 -1.072410526392397934e+01 5.125176681142207258e-04
-9.334063913127609524e+00 -9.233745929103992722e+00 -1.817542950544037694e-05
-5.065312584212978919e+00 -1.211446097648431675e+01 1.765533165078991829e-04
