6.913683414459228516e+00 -3.777956247329711914e+00 0.000000000000000000e+00
-3.605233430862426758e+00 1.259401702880859375e+01 0.000000000000000000e+00
-5.325739383697509766e+00 -8.131070137023925781e+00 0.000000000000000000e+00
3.349649608135223389e-01 -1.626477241516113281e+01 0.000000000000000000e+00
1.176643180847167969e+01 6.836086273193359375e+00 0.000000000000000000e+00
5.960235118865966797e+00 -1.351993751525878906e+01 0.000000000000000000e+00
-1.440669822692871094e+01 -9.601737976074218750e+00 0.000000000000000000e+00
-1.522466754913330078e+01 7.691006660461425781e+00 0.000000000000000000e+00
-7.942561626434326172e+00 -1.285536289215087891e+01 0.000000000000000000e+00
6.877686023712158203e+00 1.553317928314208984e+01 0.000000000000000000e+00
-3.371885776519775391e+00 -1.565434265136718750e+01 0.000000000000000000e+00
1.295831680297851562e+01 5.731362819671630859e+00 0.000000000000000000e+00
2.189949274063110352e+00 -1.400275897979736328e+01 0.000000000000000000e+00
-5.460902690887451172e+00 5.680576324462890625e+00 0.000000000000000000e+00
-6.995768547058105469e+00 7.144418716430664062e+00 0.000000000000000000e+00
-3.358148336410522461e+00 5.242525577545166016e+00 0.000000000000000000e+00
-1.248092365264892578e+01 8.413249015808105469e+00 0.000000000000000000e+00
-3.504858493804931641e+00 -2.344712257385253906e+00 0.000000000000000000e+00
1.246427059173583984e+01 -1.115727519989013672e+01 0.000000000000000000e+00
-1.459880447387695312e+01 -5.165784835815429688e+00 0.000000000000000000e+00
-1.016454982757568359e+01 -1.233305358886718750e+01 0.000000000000000000e+00
-6.044961929321289062e+00 2.842334270477294922e+00 0.000000000000000000e+00
1.324633359909057617e+00 -8.423969268798828125e+00 0.000000000000000000e+00
4.498406887054443359e+00 -7.762401103973388672e+00 0.000000000000000000e+00
1.845057159662246704e-01 -4.343663156032562256e-01 0.000000000000000000e+00
-8.911275863647460938e+00 1.058427429199218750e+01 0.000000000000000000e+00
-1.557386279106140137e+00 -1.398073673248291016e+01 0.000000000000000000e+00
-5.340550899505615234e+00 -1.461413383483886719e+01 0.000000000000000000e+00
9.712277412414550781e+00 5.285151958465576172e+00 0.000000000000000000e+00
-1.688143372535705566e+00 -8.392400741577148438e+00 0.000000000000000000e+00
-1.116615962982177734e+01 -2.591082572937011719e+00 0.000000000000000000e+00
-1.485761833190917969e+01 4.611450195312500000e+00 0.000000000000000000e+00
1.216421413421630859e+01 1.128270721435546875e+01 0.000000000000000000e+00
9.505514144897460938e+00 1.275953531265258789e+00 0.000000000000000000e+00
-1.421921443939208984e+01 1.543707489967346191e+00 0.000000000000000000e+00
4.568822383880615234e+00 -5.202450275421142578e+00 0.000000000000000000e+00
7.740132808685302734e+00 -1.382040786743164062e+01 0.000000000000000000e+00
3.176527738571166992e+00 -1.707119941711425781e+01 0.000000000000000000e+00
3.821105480194091797e+00 -1.388304615020751953e+01 0.000000000000000000e+00
1.179283142089843750e+01 -9.200241088867187500e+00 0.000000000000000000e+00
7.997874736785888672e+00 -2.286118268966674805e+00 0.000000000000000000e+00
9.079074859619140625e+00 1.016789913177490234e+01 0.000000000000000000e+00
-6.620857715606689453e+00 -1.008282852172851562e+01 0.000000000000000000e+00
8.210160255432128906e+00 6.275002479553222656e+00 0.000000000000000000e+00
5.404602527618408203e+00 7.831579208374023438e+00 0.000000000000000000e+00
-8.245421409606933594e+00 8.673609733581542969e+00 0.000000000000000000e+00
9.342957496643066406e+00 -7.548270702362060547e+00 0.000000000000000000e+00
-1.553529071807861328e+01 -1.233436614274978638e-01 0.000000000000000000e+00
1.401624965667724609e+01 4.210007667541503906e+00 0.000000000000000000e+00
5.606889724731445312e+00 -1.194927406311035156e+01 0.000000000000000000e+00
-6.218759059906005859e+00 -1.546800136566162109e+00 0.000000000000000000e+00
-8.737117767333984375e+00 -9.852004051208496094e+00 0.000000000000000000e+00
8.739474296569824219e+00 3.042375802993774414e+00 0.000000000000000000e+00
1.311006546020507812e+01 8.304532051086425781e+00 0.000000000000000000e+00
-3.975419998168945312e+00 -1.178732776641845703e+01 0.000000000000000000e+00
-1.081352996826171875e+01 9.580761909484863281e+00 0.000000000000000000e+00
2.936514616012573242e+00 6.506161212921142578e+00 0.000000000000000000e+00
-4.601674556732177734e+00 7.078580856323242188e+00 0.000000000000000000e+00
4.362492084503173828e+00 1.624947547912597656e+01 0.000000000000000000e+00
-1.510187911987304688e+01 3.117579698562622070e+00 0.000000000000000000e+00
1.226130867004394531e+01 -5.243330478668212891e+00 0.000000000000000000e+00
3.000757932662963867e+00 -8.955882072448730469e+00 0.000000000000000000e+00
7.825794696807861328e+00 -7.084537506103515625e+00 0.000000000000000000e+00
-1.244073486328125000e+01 -1.047612094879150391e+01 0.000000000000000000e+00
8.593583106994628906e+00 1.293133735656738281e+01 0.000000000000000000e+00
3.061700820922851562e+00 -1.231289386749267578e+01 0.000000000000000000e+00
8.034031867980957031e+00 4.396789550781250000e+00 0.000000000000000000e+00
-1.368522882461547852e+00 6.748012304306030273e-01 0.000000000000000000e+00
9.408565521240234375e+00 -1.181477260589599609e+01 0.000000000000000000e+00
4.012363910675048828e+00 1.138334655761718750e+01 0.000000000000000000e+00
1.644362258911132812e+01 4.165812492370605469e+00 0.000000000000000000e+00
1.169576072692871094e+01 -1.886331319808959961e+00 0.000000000000000000e+00
6.479477405548095703e+00 -1.063861751556396484e+01 0.000000000000000000e+00
1.204431533813476562e+01 -3.440134286880493164e+00 0.000000000000000000e+00
8.065524697303771973e-01 -3.890284776687622070e+00 0.000000000000000000e+00
-9.394198417663574219e+00 -5.514141559600830078e+00 0.000000000000000000e+00
-9.733901977539062500e+00 -1.413648509979248047e+01 0.000000000000000000e+00
3.091208219528198242e+00 2.491930246353149414e+00 0.000000000000000000e+00
4.430563926696777344e+00 5.312788009643554688e+00 0.000000000000000000e+00
9.058693885803222656e+00 1.468649291992187500e+01 0.000000000000000000e+00
-8.043217658996582031e+00 2.354944944381713867e+00 0.000000000000000000e+00
3.520014047622680664e+00 9.114447593688964844e+00 0.000000000000000000e+00
-1.250723361968994141e+01 1.053631877899169922e+01 0.000000000000000000e+00
1.217249679565429688e+01 -7.547704696655273438e+00 0.000000000000000000e+00
6.188736438751220703e+00 -8.512432098388671875e+00 0.000000000000000000e+00
-6.914982795715332031e+00 -6.855781555175781250e+00 0.000000000000000000e+00
5.657057762145996094e+00 9.547707557678222656e+00 0.000000000000000000e+00
6.022043228149414062e+00 1.353227710723876953e+01 0.000000000000000000e+00
-3.828358888626098633e+00 -8.280185699462890625e+00 0.000000000000000000e+00
-1.661696434020996094e+01 4.336407184600830078e+00 0.000000000000000000e+00
2.277828454971313477e+00 -4.807250022888183594e+00 0.000000000000000000e+00
8.361854553222656250e+00 -1.053853893280029297e+01 0.000000000000000000e+00
-2.064861536026000977e+00 -1.095067214965820312e+01 0.000000000000000000e+00
6.047486305236816406e+00 1.143774604797363281e+01 0.000000000000000000e+00
1.676256942749023438e+01 2.287159681320190430e+00 0.000000000000000000e+00
-2.945745229721069336e+00 -3.241315782070159912e-01 0.000000000000000000e+00
2.188621282577514648e+00 -2.350793123245239258e+00 0.000000000000000000e+00
-2.343458652496337891e+00 1.662293815612792969e+01 0.000000000000000000e+00
-9.317414283752441406e+00 -9.801539182662963867e-01 0.000000000000000000e+00
-1.481075167655944824e+00 9.580657005310058594e+00 0.000000000000000000e+00
-1.333549213409423828e+01 -6.944612503051757812e+00 0.000000000000000000e+00
-1.294162988662719727e+00 4.274889469146728516e+00 0.000000000000000000e+00
-9.789266586303710938e+00 4.310197830200195312e+00 0.000000000000000000e+00
-6.211747169494628906e+00 7.783377170562744141e-01 0.000000000000000000e+00
-1.324810886383056641e+01 2.799469947814941406e+00 0.000000000000000000e+00
-1.153401660919189453e+01 -8.009114265441894531e+00 0.000000000000000000e+00
-1.504975438117980957e+00 -1.587399196624755859e+01 0.000000000000000000e+00
-1.116331863403320312e+01 2.106994628906250000e+00 0.000000000000000000e+00
9.237581491470336914e-01 -1.015257167816162109e+01 0.000000000000000000e+00
-1.303943538665771484e+01 -4.205781519412994385e-01 0.000000000000000000e+00
-8.095311164855957031e+00 6.797315478324890137e-01 0.000000000000000000e+00
7.702057838439941406e+00 4.488824903964996338e-01 0.000000000000000000e+00
7.689327001571655273e-02 -6.367657661437988281e+00 0.000000000000000000e+00
8.864219784736633301e-01 1.232739543914794922e+01 0.000000000000000000e+00
1.249360203742980957e+00 9.841133117675781250e+00 0.000000000000000000e+00
-7.203685283660888672e+00 -1.475519180297851562e+01 0.000000000000000000e+00
-6.480154037475585938e+00 -3.198212146759033203e+00 0.000000000000000000e+00
-5.387499332427978516e+00 8.617598533630371094e+00 0.000000000000000000e+00
1.376784592866897583e-01 1.489795017242431641e+01 0.000000000000000000e+00
1.508321380615234375e+01 -8.942707777023315430e-01 0.000000000000000000e+00
1.430498600006103516e+01 -8.374845504760742188e+00 0.000000000000000000e+00
4.399072647094726562e+00 -3.510363101959228516e+00 0.000000000000000000e+00
-1.302117443084716797e+01 -8.803209304809570312e+00 0.000000000000000000e+00
-5.258794307708740234e+00 -4.608428478240966797e+00 0.000000000000000000e+00
-1.663601684570312500e+01 2.804820537567138672e+00 0.000000000000000000e+00
1.025912475585937500e+01 -9.433776855468750000e+00 0.000000000000000000e+00
-9.476957321166992188e+00 1.313526058197021484e+01 0.000000000000000000e+00
-6.795000553131103516e+00 9.487097740173339844e+00 0.000000000000000000e+00
-1.355885601043701172e+01 -3.046387672424316406e+00 0.000000000000000000e+00
-1.764110326766967773e+00 1.403470039367675781e+01 0.000000000000000000e+00
1.041400527954101562e+01 1.371922683715820312e+01 0.000000000000000000e+00
1.432225418090820312e+01 1.692950606346130371e+00 0.000000000000000000e+00
-8.957600593566894531e+00 6.177657604217529297e+00 0.000000000000000000e+00
9.490920305252075195e-01 2.051105499267578125e+00 0.000000000000000000e+00
-4.124843597412109375e+00 -1.349441051483154297e+01 0.000000000000000000e+00
-4.923159122467041016e+00 1.082355976104736328e+01 0.000000000000000000e+00
-4.576885223388671875e+00 1.403760528564453125e+01 0.000000000000000000e+00
-4.769147396087646484e+00 -1.674202919006347656e+01 0.000000000000000000e+00
6.788061857223510742e-01 -1.346756458282470703e+01 0.000000000000000000e+00
-1.067008972167968750e+01 -6.463406085968017578e+00 0.000000000000000000e+00
-7.374483108520507812e+00 1.194594001770019531e+01 0.000000000000000000e+00
2.614879131317138672e+00 4.822426319122314453e+00 0.000000000000000000e+00
-6.042561054229736328e+00 1.537383079528808594e+01 0.000000000000000000e+00
4.379430770874023438e+00 -1.593196296691894531e+01 0.000000000000000000e+00
-4.503489494323730469e+00 1.684710502624511719e+01 0.000000000000000000e+00
-1.165946197509765625e+01 4.201269149780273438e+00 0.000000000000000000e+00
1.126132249832153320e+00 1.742677307128906250e+01 0.000000000000000000e+00
-1.439558029174804688e+01 9.694241523742675781e+00 0.000000000000000000e+00
-1.114574193954467773e+00 2.507176399230957031e+00 0.000000000000000000e+00
-4.653741359710693359e+00 -3.076342642307281494e-01 0.000000000000000000e+00
3.083312988281250000e+00 -5.991659164428710938e-01 0.000000000000000000e+00
1.045144653320312500e+01 -3.579710960388183594e+00 0.000000000000000000e+00
1.140135955810546875e+01 5.275883674621582031e+00 0.000000000000000000e+00
-8.975909233093261719e+00 -8.166250228881835938e+00 0.000000000000000000e+00
8.486538887023925781e+00 -5.110003948211669922e+00 0.000000000000000000e+00
1.472181510925292969e+01 -6.292007446289062500e+00 0.000000000000000000e+00
1.184301948547363281e+01 8.586863279342651367e-01 0.000000000000000000e+00
1.623260116577148438e+01 -5.551218986511230469e+00 0.000000000000000000e+00
4.453372478485107422e+00 3.391678333282470703e+00 0.000000000000000000e+00
-1.711177253723144531e+01 -9.946205019950866699e-01 0.000000000000000000e+00
1.646398735046386719e+01 5.954015254974365234e-01 0.000000000000000000e+00
3.280492305755615234e+00 9.291542172431945801e-01 0.000000000000000000e+00
1.682683372497558594e+01 -4.064523220062255859e+00 0.000000000000000000e+00
-3.099406003952026367e+00 7.907265186309814453e+00 0.000000000000000000e+00
-1.002917575836181641e+01 7.926091670989990234e+00 0.000000000000000000e+00
-5.918197154998779297e+00 1.295869541168212891e+01 0.000000000000000000e+00
1.564177989959716797e+01 6.822970390319824219e+00 0.000000000000000000e+00
4.591316699981689453e+00 -1.029050540924072266e+01 0.000000000000000000e+00
1.052840709686279297e+01 -1.327870655059814453e+01 0.000000000000000000e+00
-8.574025034904479980e-01 1.247664833068847656e+01 0.000000000000000000e+00
-2.083652019500732422e+00 -4.008278846740722656e+00 0.000000000000000000e+00
-1.055094814300537109e+01 -9.248143196105957031e+00 0.000000000000000000e+00
1.145450782775878906e+01 9.277531623840332031e+00 0.000000000000000000e+00
2.860947847366333008e+00 1.489605998992919922e+01 0.000000000000000000e+00
1.707610321044921875e+01 -2.143855571746826172e+00 0.000000000000000000e+00
-6.083763122558593750e+00 -1.179770374298095703e+01 0.000000000000000000e+00
1.026509666442871094e+01 1.217183780670166016e+01 0.000000000000000000e+00
1.364962959289550781e+01 -9.935176849365234375e+00 0.000000000000000000e+00
-1.169191360473632812e+01 6.724061012268066406e+00 0.000000000000000000e+00
-1.549358749389648438e+01 -7.155302524566650391e+00 0.000000000000000000e+00
1.051900100708007812e+01 3.802682161331176758e+00 0.000000000000000000e+00
-1.223114585876464844e+01 -1.224815177917480469e+01 0.000000000000000000e+00
1.329599571228027344e+01 9.884727478027343750e+00 0.000000000000000000e+00
6.148316383361816406e+00 1.470314383506774902e+00 0.000000000000000000e+00
1.064337348937988281e+01 7.979890823364257812e+00 0.000000000000000000e+00
-1.723756408691406250e+01 5.399460196495056152e-01 0.000000000000000000e+00
6.677289485931396484e+00 5.702368736267089844e+00 0.000000000000000000e+00
-4.579679965972900391e+00 -1.002036666870117188e+01 0.000000000000000000e+00
-1.089955902099609375e+01 -1.269507259130477905e-01 0.000000000000000000e+00
-4.255771636962890625e+00 1.826850652694702148e+00 0.000000000000000000e+00
7.061287879943847656e+00 8.976576805114746094e+00 0.000000000000000000e+00
-1.119169139862060547e+01 1.324849987030029297e+01 0.000000000000000000e+00
-3.119801580905914307e-01 5.553098201751708984e+00 0.000000000000000000e+00
-1.610378456115722656e+01 -4.023245811462402344e+00 0.000000000000000000e+00
-1.407307624816894531e+01 6.296596050262451172e+00 0.000000000000000000e+00
1.389467906951904297e+01 -3.864291906356811523e+00 0.000000000000000000e+00
-3.127758264541625977e+00 -6.682997703552246094e+00 0.000000000000000000e+00
-7.865109443664550781e+00 -4.733042240142822266e+00 0.000000000000000000e+00
1.004291057586669922e+01 -1.735080361366271973e+00 0.000000000000000000e+00
1.454461455345153809e+00 6.925458908081054688e+00 0.000000000000000000e+00
5.976933479309082031e+00 -6.295667648315429688e+00 0.000000000000000000e+00
4.532784938812255859e+00 -7.150252908468246460e-02 0.000000000000000000e+00
9.189514160156250000e+00 -1.453898525238037109e+01 0.000000000000000000e+00
-8.011860847473144531e+00 4.510225296020507812e+00 0.000000000000000000e+00
5.921166896820068359e+00 -1.597191333770751953e+01 0.000000000000000000e+00
-3.266263246536254883e+00 1.481366348266601562e+01 0.000000000000000000e+00
-3.572273254394531250e+00 -4.740550518035888672e+00 0.000000000000000000e+00
3.480951547622680664e+00 1.290215778350830078e+01 0.000000000000000000e+00
-1.305380439758300781e+01 -4.474459171295166016e+00 0.000000000000000000e+00
-7.901740550994873047e+00 1.556025314331054688e+01 0.000000000000000000e+00
-1.558500862121582031e+01 6.126977920532226562e+00 0.000000000000000000e+00
2.907809972763061523e+00 1.677978706359863281e+01 0.000000000000000000e+00
-9.936108589172363281e+00 -3.451576948165893555e+00 0.000000000000000000e+00
1.481668186187744141e+01 -2.525717258453369141e+00 0.000000000000000000e+00
6.286321640014648438e+00 -1.306367516517639160e+00 0.000000000000000000e+00
1.490034961700439453e+01 8.564906120300292969e+00 0.000000000000000000e+00
6.050739765167236328e+00 3.344239711761474609e+00 0.000000000000000000e+00
-1.182997822761535645e+00 -5.419075965881347656e+00 0.000000000000000000e+00
7.720878124237060547e+00 -1.562131881713867188e+01 0.000000000000000000e+00
-8.188717812299728394e-02 -2.589661121368408203e+00 0.000000000000000000e+00
-7.088294625282287598e-01 -1.268250083923339844e+01 0.000000000000000000e+00
4.925083637237548828e+00 1.480461025238037109e+01 0.000000000000000000e+00
1.408970451354980469e+01 6.841835975646972656e+00 0.000000000000000000e+00
-2.667300999164581299e-01 1.685109519958496094e+01 0.000000000000000000e+00
2.999824762344360352e+00 -6.261628150939941406e+00 0.000000000000000000e+00
-1.899415731430053711e+00 5.971127986907958984e+00 0.000000000000000000e+00
-5.015869140625000000e+00 -6.399243831634521484e+00 0.000000000000000000e+00
8.903945922851562500e+00 7.770562648773193359e+00 0.000000000000000000e+00
4.323421001434326172e+00 -1.580216526985168457e+00 0.000000000000000000e+00
1.380115318298339844e+01 1.318824738264083862e-01 0.000000000000000000e+00
1.067478942871093750e+01 -6.214146137237548828e+00 0.000000000000000000e+00
-1.624953079223632812e+01 -2.318995475769042969e+00 0.000000000000000000e+00
-1.421521472930908203e+01 -1.374217033386230469e+00 0.000000000000000000e+00
-3.477782249450683594e+00 1.021451854705810547e+01 0.000000000000000000e+00
-1.501029878854751587e-01 -8.945400238037109375e+00 0.000000000000000000e+00
-9.361628532409667969e+00 1.467197895050048828e+01 0.000000000000000000e+00
-1.033674716949462891e+01 1.135166072845458984e+01 0.000000000000000000e+00
-4.838671207427978516e+00 4.064064502716064453e+00 0.000000000000000000e+00
-9.557699203491210938e+00 2.564627647399902344e+00 0.000000000000000000e+00
-1.240014743804931641e+01 1.156829237937927246e+00 0.000000000000000000e+00
-8.329707145690917969e+00 -2.837096452713012695e+00 0.000000000000000000e+00
1.675223112106323242e+00 2.921575307846069336e-02 0.000000000000000000e+00
-1.660054397583007812e+01 -5.477930068969726562e+00 0.000000000000000000e+00
1.531026077270507812e+01 5.233795166015625000e+00 0.000000000000000000e+00
-7.284848690032958984e-01 7.710161685943603516e+00 0.000000000000000000e+00
1.274504947662353516e+01 2.648185729980468750e+00 0.000000000000000000e+00
-7.159006118774414062e+00 1.384779644012451172e+01 0.000000000000000000e+00
-3.154362916946411133e+00 2.926473855972290039e+00 0.000000000000000000e+00
-1.290778636932373047e+01 5.237440586090087891e+00 0.000000000000000000e+00
-8.879077911376953125e+00 -1.134807777404785156e+01 0.000000000000000000e+00
-1.985595703125000000e+00 -1.756410837173461914e+00 0.000000000000000000e+00
-1.229156970977783203e+01 -5.767846107482910156e+00 0.000000000000000000e+00
1.330886554718017578e+01 -2.322558403015136719e+00 0.000000000000000000e+00
1.268055200576782227e+00 4.109437942504882812e+00 0.000000000000000000e+00
1.154461145401000977e+00 -1.168806648254394531e+01 0.000000000000000000e+00
1.029510593414306641e+01 -1.521074771881103516e-01 0.000000000000000000e+00
