-5.695797443389892578e+00 -6.049013137817382812e+00 0.000000000000000000e+00
8.838973999023437500e+00 -4.974383831024169922e+00 0.000000000000000000e+00
5.577801227569580078e+00 1.137933540344238281e+01 0.000000000000000000e+00
1.559192752838134766e+01 -3.987132549285888672e+00 0.000000000000000000e+00
-1.083002471923828125e+01 -1.364504146575927734e+01 0.000000000000000000e+00
-1.682397270202636719e+01 -3.979956865310668945e+00 0.000000000000000000e+00
-1.326912212371826172e+01 -2.523516654968261719e+00 0.000000000000000000e+00
-1.778111934661865234e+00 -3.670315027236938477e+00 0.000000000000000000e+00
-4.630741119384765625e+00 -2.487625122070312500e+00 0.000000000000000000e+00
-1.408296203613281250e+01 4.862003326416015625e+00 0.000000000000000000e+00
1.275251579284667969e+01 4.903848648071289062e+00 0.000000000000000000e+00
-3.968470692634582520e-01 7.956695079803466797e+00 0.000000000000000000e+00
-6.277311325073242188e+00 -1.002484607696533203e+01 0.000000000000000000e+00
4.439711093902587891e+00 -1.198616981506347656e+01 0.000000000000000000e+00
-5.375476360321044922e+00 -1.547225475311279297e+01 0.000000000000000000e+00
-2.335598766803741455e-01 -1.218049621582031250e+01 0.000000000000000000e+00
-9.058533668518066406e+00 5.075037479400634766e+00 0.000000000000000000e+00
-2.855412483215332031e+00 -9.641034126281738281e+00 0.000000000000000000e+00
7.503579139709472656e+00 -1.221130371093750000e+01 0.000000000000000000e+00
9.934023857116699219e+00 -8.603804111480712891e-01 0.000000000000000000e+00
5.103194713592529297e+00 -8.620114326477050781e+00 0.000000000000000000e+00
-7.647510051727294922e+00 4.403166294097900391e+00 0.000000000000000000e+00
1.162896251678466797e+01 7.480970382690429688e+00 0.000000000000000000e+00
-2.433129549026489258e+00 9.011742472648620605e-01 0.000000000000000000e+00
-1.566949653625488281e+01 -2.728143453598022461e+00 0.000000000000000000e+00
2.118309974670410156e+00 -1.441856098175048828e+01 0.000000000000000000e+00
9.532553672790527344e+00 3.664893388748168945e+00 0.000000000000000000e+00
5.607723236083984375e+00 -5.520466327667236328e+00 0.000000000000000000e+00
1.112337875366210938e+01 -4.065884113311767578e+00 0.000000000000000000e+00
2.507200002670288086e+00 1.264265537261962891e+01 0.000000000000000000e+00
-7.478294372558593750e-01 -1.589236164093017578e+01 0.000000000000000000e+00
-8.180411338806152344e+00 -4.253295361995697021e-01 0.000000000000000000e+00
6.144003391265869141e+00 1.428568840026855469e+01 0.000000000000000000e+00
7.737760066986083984e+00 -1.939598441123962402e+00 0.000000000000000000e+00
-1.054267787933349609e+01 -6.485581874847412109e+00 0.000000000000000000e+00
1.188875961303710938e+01 1.032738494873046875e+01 0.000000000000000000e+00
7.420352935791015625e+00 1.214813041687011719e+01 0.000000000000000000e+00
-8.744235992431640625e+00 -1.041848754882812500e+01 0.000000000000000000e+00
-1.064573955535888672e+01 1.258226966857910156e+01 0.000000000000000000e+00
1.376017475128173828e+01 3.750701427459716797e+00 0.000000000000000000e+00
3.177035808563232422e+00 -2.095155239105224609e+00 0.000000000000000000e+00
3.900826930999755859e+00 1.157200813293457031e+00 0.000000000000000000e+00
-5.244751572608947754e-01 -1.379592037200927734e+01 0.000000000000000000e+00
2.112486362457275391e+00 -5.469457149505615234e+00 0.000000000000000000e+00
-5.258064746856689453e+00 1.371711826324462891e+01 0.000000000000000000e+00
1.688220405578613281e+01 1.366675019264221191e+00 0.000000000000000000e+00
-1.183799648284912109e+01 5.608502626419067383e-01 0.000000000000000000e+00
1.541165351867675781e+01 -8.083836555480957031e+00 0.000000000000000000e+00
7.321444511413574219e+00 1.562125492095947266e+01 0.000000000000000000e+00
-1.210810089111328125e+01 5.680880069732666016e+00 0.000000000000000000e+00
-9.321025848388671875e+00 2.387109756469726562e+00 0.000000000000000000e+00
3.995023012161254883e+00 2.667988538742065430e+00 0.000000000000000000e+00
4.320635318756103516e+00 1.351301479339599609e+01 0.000000000000000000e+00
6.979529857635498047e+00 5.250141620635986328e+00 0.000000000000000000e+00
-5.963529109954833984e+00 1.044731044769287109e+01 0.000000000000000000e+00
-2.922474145889282227e+00 -1.687846183776855469e+01 0.000000000000000000e+00
-1.046116733551025391e+01 -2.260195255279541016e+00 0.000000000000000000e+00
1.441675949096679688e+01 -5.773613929748535156e+00 0.000000000000000000e+00
3.217884063720703125e+00 5.483588695526123047e+00 0.000000000000000000e+00
-4.301737308502197266e+00 1.587393569946289062e+01 0.000000000000000000e+00
-3.499523639678955078e+00 1.419342327117919922e+01 0.000000000000000000e+00
-3.195337772369384766e+00 -1.405783748626708984e+01 0.000000000000000000e+00
8.856497764587402344e+00 8.155773282051086426e-01 0.000000000000000000e+00
1.006531143188476562e+01 5.626769542694091797e+00 0.000000000000000000e+00
-7.396641731262207031e+00 -1.335342693328857422e+01 0.000000000000000000e+00
-4.540421485900878906e+00 7.798426628112792969e+00 0.000000000000000000e+00
1.022911787033081055e+00 -1.867651343345642090e+00 0.000000000000000000e+00
-1.655651926994323730e+00 1.726925849914550781e+01 0.000000000000000000e+00
-1.026386928558349609e+01 6.796495437622070312e+00 0.000000000000000000e+00
-1.435455703735351562e+01 6.913376808166503906e+00 0.000000000000000000e+00
1.708760261535644531e+01 3.533903360366821289e+00 0.000000000000000000e+00
6.623592853546142578e+00 -3.401248693466186523e+00 0.000000000000000000e+00
2.498240232467651367e+00 9.804926872253417969e+00 0.000000000000000000e+00
-1.248595833778381348e+00 6.498542308807373047e+00 0.000000000000000000e+00
-9.663785934448242188e+00 -8.590775489807128906e+00 0.000000000000000000e+00
-1.418332004547119141e+01 1.623899459838867188e+00 0.000000000000000000e+00
-1.245544052124023438e+01 -1.071655845642089844e+01 0.000000000000000000e+00
3.729176998138427734e+00 1.645697402954101562e+01 0.000000000000000000e+00
1.344298839569091797e+00 -1.226276206970214844e+01 0.000000000000000000e+00
8.092455267906188965e-01 -1.527853775024414062e+01 0.000000000000000000e+00
-8.042700767517089844e+00 9.078272819519042969e+00 0.000000000000000000e+00
3.933439254760742188e+00 9.032682418823242188e+00 0.000000000000000000e+00
-1.799707412719726562e-01 1.098043918609619141e+01 0.000000000000000000e+00
-6.551811218261718750e+00 -4.622966766357421875e+00 0.000000000000000000e+00
6.332181930541992188e+00 -7.505578994750976562e+00 0.000000000000000000e+00
6.040700912475585938e+00 -1.400950527191162109e+01 0.000000000000000000e+00
8.938839912414550781e+00 1.210303974151611328e+01 0.000000000000000000e+00
1.165368556976318359e+01 4.083306789398193359e-01 0.000000000000000000e+00
1.514918804168701172e+00 8.176391601562500000e+00 0.000000000000000000e+00
-1.282352674752473831e-02 5.638763904571533203e+00 0.000000000000000000e+00
-4.977992534637451172e+00 3.020840644836425781e+00 0.000000000000000000e+00
1.620283484458923340e+00 1.652544784545898438e+01 0.000000000000000000e+00
-1.156618595123291016e+01 -1.223572015762329102e+00 0.000000000000000000e+00
5.936254024505615234e+00 -1.223592853546142578e+01 0.000000000000000000e+00
-1.260986232757568359e+01 -5.074205875396728516e+00 0.000000000000000000e+00
-1.313513088226318359e+01 2.948284149169921875e+00 0.000000000000000000e+00
1.065143394470214844e+01 -8.773342132568359375e+00 0.000000000000000000e+00
8.647413253784179688e+00 1.436493968963623047e+01 0.000000000000000000e+00
-8.966542243957519531e+00 -6.221444606781005859e+00 0.000000000000000000e+00
1.706655919551849365e-01 -7.744466781616210938e+00 0.000000000000000000e+00
-1.141829395294189453e+01 -3.588946342468261719e+00 0.000000000000000000e+00
7.995067596435546875e+00 7.065715312957763672e+00 0.000000000000000000e+00
-2.731023550033569336e+00 -1.397985458374023438e+00 0.000000000000000000e+00
4.031180858612060547e+00 -1.653322219848632812e+01 0.000000000000000000e+00
-9.548612594604492188e+00 9.832582473754882812e+00 0.000000000000000000e+00
-2.180932760238647461e+00 1.547917175292968750e+01 0.000000000000000000e+00
7.639657974243164062e+00 1.896734118461608887e+00 0.000000000000000000e+00
5.228962421417236328e+00 -1.031422853469848633e+00 0.000000000000000000e+00
-3.496498584747314453e+00 5.195750713348388672e+00 0.000000000000000000e+00
1.330071163177490234e+01 -7.903876900672912598e-01 0.000000000000000000e+00
1.440077304840087891e+01 5.551566123962402344e+00 0.000000000000000000e+00
4.055111885070800781e+00 -5.031854629516601562e+00 0.000000000000000000e+00
1.042206382751464844e+01 -1.330941486358642578e+01 0.000000000000000000e+00
1.004362487792968750e+01 -1.095334339141845703e+01 0.000000000000000000e+00
1.698639631271362305e+00 1.133536434173583984e+01 0.000000000000000000e+00
-7.359434604644775391e+00 -6.425204753875732422e+00 0.000000000000000000e+00
1.487966823577880859e+01 -1.039927363395690918e+00 0.000000000000000000e+00
-1.513577938079833984e+01 -5.724716186523437500e+00 0.000000000000000000e+00
-9.155457496643066406e+00 -4.612580776214599609e+00 0.000000000000000000e+00
9.741095304489135742e-01 4.505799770355224609e+00 0.000000000000000000e+00
9.368473052978515625e+00 -2.459153652191162109e+00 0.000000000000000000e+00
-7.315249741077423096e-02 1.462087726593017578e+01 0.000000000000000000e+00
-2.581006765365600586e+00 7.750227928161621094e+00 0.000000000000000000e+00
1.307715606689453125e+01 9.237424850463867188e+00 0.000000000000000000e+00
5.615805149078369141e+00 1.683229088783264160e+00 0.000000000000000000e+00
-1.250699329376220703e+01 1.095172309875488281e+01 0.000000000000000000e+00
-1.361467170715332031e+01 -9.331556558609008789e-01 0.000000000000000000e+00
-4.163321495056152344e+00 1.875942200422286987e-01 0.000000000000000000e+00
-1.303715419769287109e+01 -8.675919532775878906e+00 0.000000000000000000e+00
1.629411697387695312e+00 1.429849910736083984e+01 0.000000000000000000e+00
-7.293232440948486328e+00 2.727074384689331055e+00 0.000000000000000000e+00
-1.530323123931884766e+01 -7.370265960693359375e+00 0.000000000000000000e+00
-3.383831381797790527e-01 1.853521823883056641e+00 0.000000000000000000e+00
-4.585765838623046875e+00 -1.163339424133300781e+01 0.000000000000000000e+00
-1.416628551483154297e+01 -4.511273860931396484e+00 0.000000000000000000e+00
1.329106616973876953e+01 -8.104548454284667969e+00 0.000000000000000000e+00
1.063219642639160156e+01 2.281224727630615234e+00 0.000000000000000000e+00
-5.490840911865234375e+00 -7.736505985260009766e+00 0.000000000000000000e+00
8.561389923095703125e+00 1.017534351348876953e+01 0.000000000000000000e+00
2.396070957183837891e+00 2.045591592788696289e+00 0.000000000000000000e+00
-1.833226680755615234e+00 -1.078532791137695312e+01 0.000000000000000000e+00
-6.278644561767578125e+00 -1.842050790786743164e+00 0.000000000000000000e+00
-7.605919837951660156e-01 -5.725705623626708984e+00 0.000000000000000000e+00
7.133096694946289062e+00 8.316280364990234375e+00 0.000000000000000000e+00
-3.269560098648071289e+00 1.226634502410888672e+01 0.000000000000000000e+00
1.541855144500732422e+01 8.206038475036621094e+00 0.000000000000000000e+00
2.050638914108276367e+00 -3.188117265701293945e+00 0.000000000000000000e+00
-1.572392940521240234e+01 -1.112056493759155273e+00 0.000000000000000000e+00
-8.764128684997558594e+00 1.326728153228759766e+01 0.000000000000000000e+00
-1.508216285705566406e+01 2.960011720657348633e+00 0.000000000000000000e+00
1.305962753295898438e+01 -4.455762386322021484e+00 0.000000000000000000e+00
3.130450248718261719e+00 -1.291507244110107422e+01 0.000000000000000000e+00
1.184563922882080078e+01 -2.672258377075195312e+00 0.000000000000000000e+00
-1.076218509674072266e+01 4.310675621032714844e+00 0.000000000000000000e+00
9.036170959472656250e+00 -7.189149379730224609e+00 0.000000000000000000e+00
-1.149519062042236328e+01 8.606224060058593750e+00 0.000000000000000000e+00
-9.621071815490722656e+00 -1.243998813629150391e+01 0.000000000000000000e+00
-8.263339996337890625e+00 1.173388481140136719e+01 0.000000000000000000e+00
1.486194610595703125e+01 -2.629357099533081055e+00 0.000000000000000000e+00
1.119535446166992188e+00 -9.044687271118164062e+00 0.000000000000000000e+00
6.759202480316162109e+00 -7.758176326751708984e-01 0.000000000000000000e+00
-6.497265338897705078e+00 1.597154045104980469e+01 0.000000000000000000e+00
5.263750553131103516e+00 -1.041568756103515625e+01 0.000000000000000000e+00
-1.394163513183593750e+01 8.483478546142578125e+00 0.000000000000000000e+00
-7.248755931854248047e+00 1.365737438201904297e+01 0.000000000000000000e+00
-2.757040500640869141e+00 -7.405398845672607422e+00 0.000000000000000000e+00
-1.163110351562500000e+01 -7.752506256103515625e+00 0.000000000000000000e+00
5.712779998779296875e+00 9.291374206542968750e+00 0.000000000000000000e+00
-1.587395191192626953e+01 6.197072029113769531e+00 0.000000000000000000e+00
-7.556282043457031250e+00 -8.523591995239257812e+00 0.000000000000000000e+00
1.261885070800781250e+01 -1.099163341522216797e+01 0.000000000000000000e+00
1.463733482360839844e+01 7.534622550010681152e-01 0.000000000000000000e+00
-1.174932241439819336e+00 -8.653924942016601562e+00 0.000000000000000000e+00
-2.830041885375976562e+00 9.822138786315917969e+00 0.000000000000000000e+00
6.431947231292724609e+00 6.794357299804687500e+00 0.000000000000000000e+00
1.125835061073303223e+00 -1.730238342285156250e+01 0.000000000000000000e+00
2.878712415695190430e+00 -7.859683990478515625e+00 0.000000000000000000e+00
1.721250343322753906e+01 -7.760998606681823730e-01 0.000000000000000000e+00
8.456600189208984375e+00 -1.467870044708251953e+01 0.000000000000000000e+00
-2.927233219146728516e+00 -5.646666049957275391e+00 0.000000000000000000e+00
4.512207508087158203e+00 -3.193882226943969727e+00 0.000000000000000000e+00
-8.947864532470703125e+00 -2.260447025299072266e+00 0.000000000000000000e+00
-1.498508834838867188e+01 -9.015857696533203125e+00 0.000000000000000000e+00
3.724884033203125000e+00 7.177193164825439453e+00 0.000000000000000000e+00
1.036404037475585938e+01 1.320348358154296875e+01 0.000000000000000000e+00
2.194179058074951172e+00 5.369929969310760498e-02 0.000000000000000000e+00
-7.100970745086669922e+00 -1.569989490509033203e+01 0.000000000000000000e+00
-1.392935633659362793e+00 3.704001188278198242e+00 0.000000000000000000e+00
-7.811919212341308594e+00 -3.557267427444458008e+00 0.000000000000000000e+00
8.543083190917968750e+00 -8.692035675048828125e+00 0.000000000000000000e+00
-1.254030466079711914e+00 -2.047915697097778320e+00 0.000000000000000000e+00
-3.715802907943725586e+00 1.701777219772338867e+00 0.000000000000000000e+00
-1.905962705612182617e+00 1.121359348297119141e+01 0.000000000000000000e+00
1.017191600799560547e+01 -5.760726451873779297e+00 0.000000000000000000e+00
-1.132244586944580078e+01 -9.249360084533691406e+00 0.000000000000000000e+00
-5.822710037231445312e+00 -1.330589199066162109e+01 0.000000000000000000e+00
-6.148570537567138672e+00 4.925211429595947266e+00 0.000000000000000000e+00
-2.061038494110107422e+00 -1.514680957794189453e+01 0.000000000000000000e+00
5.534355163574218750e+00 4.315583705902099609e+00 0.000000000000000000e+00
3.620523691177368164e+00 -5.618755221366882324e-01 0.000000000000000000e+00
-4.388316154479980469e+00 -9.501397132873535156e+00 0.000000000000000000e+00
1.617977523803710938e+01 5.522907257080078125e+00 0.000000000000000000e+00
-6.340157032012939453e+00 1.215985107421875000e+01 0.000000000000000000e+00
-1.108234786987304688e+01 -1.175145149230957031e+01 0.000000000000000000e+00
1.335170650482177734e+01 6.773632526397705078e+00 0.000000000000000000e+00
1.128051376342773438e+01 3.961705923080444336e+00 0.000000000000000000e+00
8.375164270401000977e-01 1.302332782745361328e+01 0.000000000000000000e+00
-7.479162693023681641e+00 -1.132593345642089844e+01 0.000000000000000000e+00
-2.141285985708236694e-01 1.761154681444168091e-01 0.000000000000000000e+00
-1.383873367309570312e+01 -6.565405368804931641e+00 0.000000000000000000e+00
-8.724197387695312500e+00 6.927772521972656250e+00 0.000000000000000000e+00
-3.440941572189331055e+00 3.586230516433715820e+00 0.000000000000000000e+00
-1.929443120956420898e+00 1.331049537658691406e+01 0.000000000000000000e+00
-9.886352539062500000e+00 -8.233273625373840332e-01 0.000000000000000000e+00
2.583783149719238281e+00 -1.099425983428955078e+01 0.000000000000000000e+00
6.434584856033325195e-01 -4.133935451507568359e+00 0.000000000000000000e+00
1.435116195678710938e+01 -9.869335174560546875e+00 0.000000000000000000e+00
8.186519622802734375e+00 -1.051241779327392578e+01 0.000000000000000000e+00
9.460478782653808594e+00 8.109274864196777344e+00 0.000000000000000000e+00
4.219863191246986389e-02 1.624333572387695312e+01 0.000000000000000000e+00
5.020428180694580078e+00 -1.539451789855957031e+01 0.000000000000000000e+00
1.557284164428710938e+01 3.442053794860839844e+00 0.000000000000000000e+00
1.008935451507568359e+01 9.928530693054199219e+00 0.000000000000000000e+00
2.452448129653930664e+00 -1.634941101074218750e+01 0.000000000000000000e+00
5.373648166656494141e+00 1.613083076477050781e+01 0.000000000000000000e+00
1.240612220764160156e+01 -6.867394924163818359e+00 0.000000000000000000e+00
-6.158744335174560547e+00 6.820565462112426758e-01 0.000000000000000000e+00
1.168495273590087891e+01 1.209450817108154297e+01 0.000000000000000000e+00
7.300431251525878906e+00 3.761597394943237305e+00 0.000000000000000000e+00
1.323911571502685547e+01 2.128010272979736328e+00 0.000000000000000000e+00
-7.883934020996093750e+00 1.240823984146118164e+00 0.000000000000000000e+00
-1.084974670410156250e+01 -4.984415531158447266e+00 0.000000000000000000e+00
3.782083034515380859e+00 1.100349140167236328e+01 0.000000000000000000e+00
-8.522944450378417969e+00 -1.507752513885498047e+01 0.000000000000000000e+00
-1.163991689682006836e-01 -9.915273666381835938e+00 0.000000000000000000e+00
-8.173506855964660645e-01 9.468846321105957031e+00 0.000000000000000000e+00
1.678867912292480469e+01 -2.674926519393920898e+00 0.000000000000000000e+00
-6.014823436737060547e+00 8.396571159362792969e+00 0.000000000000000000e+00
4.139987945556640625e+00 -7.040939331054687500e+00 0.000000000000000000e+00
-1.717333602905273438e+01 -2.508521318435668945e+00 0.000000000000000000e+00
-1.261317348480224609e+01 7.347009181976318359e+00 0.000000000000000000e+00
-6.466057300567626953e+00 6.519685268402099609e+00 0.000000000000000000e+00
-4.839547634124755859e+00 6.254153728485107422e+00 0.000000000000000000e+00
-3.250372409820556641e+00 1.700222206115722656e+01 0.000000000000000000e+00
-2.715081691741943359e+00 -1.200916862487792969e+01 0.000000000000000000e+00
-4.609765052795410156e+00 9.727014541625976562e+00 0.000000000000000000e+00
-1.439714717864990234e+01 9.933379173278808594e+00 0.000000000000000000e+00
1.219171237945556641e+01 -9.390315055847167969e+00 0.000000000000000000e+00
-1.652205467224121094e+01 3.790450334548950195e+00 0.000000000000000000e+00
7.255814075469970703e+00 -5.495417594909667969e+00 0.000000000000000000e+00
-9.583805084228515625e+00 8.287649154663085938e+00 0.000000000000000000e+00
1.164077854156494141e+01 -1.216884136199951172e+01 0.000000000000000000e+00
7.143167972564697266e+00 -1.586735820770263672e+01 0.000000000000000000e+00
2.258943080902099609e+00 3.550027608871459961e+00 0.000000000000000000e+00
-1.682846450805664062e+01 8.868637084960937500e-01 0.000000000000000000e+00
-9.847925186157226562e+00 1.434298610687255859e+01 0.000000000000000000e+00
