4.895019531250000000e+00 1.615033340454101562e+01 0.000000000000000000e+00
8.982595443725585938e+00 7.890413403511047363e-01 0.000000000000000000e+00
-4.834534645080566406e+00 1.230987071990966797e+01 0.000000000000000000e+00
2.391157150268554688e+00 1.469193935394287109e+01 0.000000000000000000e+00
-5.316554069519042969e+00 1.537484264373779297e+01 0.000000000000000000e+00
-1.092878150939941406e+01 3.113719463348388672e+00 0.000000000000000000e+00
-7.875192642211914062e+00 -1.536153888702392578e+01 0.000000000000000000e+00
-6.919344902038574219e+00 5.749899387359619141e+00 0.000000000000000000e+00
4.088047027587890625e+00 -1.339601802825927734e+01 0.000000000000000000e+00
-4.282552003860473633e-02 -5.935682296752929688e+00 0.000000000000000000e+00
1.394119358062744141e+01 7.520300388336181641e+00 0.000000000000000000e+00
5.237484455108642578e+00 1.668442487716674805e+00 0.000000000000000000e+00
-1.323560810089111328e+01 1.044720530509948730e+00 0.000000000000000000e+00
2.439896345138549805e+00 5.975563526153564453e+00 0.000000000000000000e+00
5.774394869804382324e-01 -6.920441389083862305e-01 0.000000000000000000e+00
-1.221613287925720215e+00 -1.412984943389892578e+01 0.000000000000000000e+00
-1.015259265899658203e+01 -3.598471403121948242e+00 0.000000000000000000e+00
-1.194268989562988281e+01 -1.243096888065338135e-01 0.000000000000000000e+00
-9.942887306213378906e+00 -1.248048019409179688e+01 0.000000000000000000e+00
-3.385250568389892578e+00 1.647674369812011719e+01 0.000000000000000000e+00
6.982889771461486816e-01 -8.618789672851562500e+00 0.000000000000000000e+00
-5.050639152526855469e+00 -1.133899974822998047e+01 0.000000000000000000e+00
-1.943420767784118652e+00 -1.213192749023437500e+01 0.000000000000000000e+00
1.089997482299804688e+01 1.188713645935058594e+01 0.000000000000000000e+00
-5.410577774047851562e+00 -1.662401390075683594e+01 0.000000000000000000e+00
-1.310965657234191895e+00 -1.729523277282714844e+01 0.000000000000000000e+00
-1.853019952774047852e+00 -9.781989097595214844e+00 0.000000000000000000e+00
1.067462635040283203e+01 -1.192690372467041016e+01 0.000000000000000000e+00
-5.403490066528320312e+00 1.063844776153564453e+01 0.000000000000000000e+00
-7.158680438995361328e+00 -6.789808273315429688e+00 0.000000000000000000e+00
1.056625556945800781e+01 1.015590381622314453e+01 0.000000000000000000e+00
6.958065986633300781e+00 1.222900676727294922e+01 0.000000000000000000e+00
-2.180576324462890625e-01 6.657109260559082031e+00 0.000000000000000000e+00
8.912591934204101562e+00 -1.073938941955566406e+01 0.000000000000000000e+00
3.033447504043579102e+00 4.485768795013427734e+00 0.000000000000000000e+00
7.769018173217773438e+00 -1.315764331817626953e+01 0.000000000000000000e+00
1.702895164489746094e+01 2.704791724681854248e-01 0.000000000000000000e+00
1.060215473175048828e+01 -7.256672859191894531e+00 0.000000000000000000e+00
-2.217554807662963867e+00 -5.206011772155761719e+00 0.000000000000000000e+00
-1.183502006530761719e+01 -7.897458076477050781e+00 0.000000000000000000e+00
5.855636119842529297e+00 -1.572389364242553711e+00 0.000000000000000000e+00
1.055802631378173828e+01 2.329272508621215820e+00 0.000000000000000000e+00
7.546074390411376953e+00 1.519646835327148438e+01 0.000000000000000000e+00
1.267360806465148926e+00 1.606717109680175781e+01 0.000000000000000000e+00
-2.170394182205200195e+00 2.601728439331054688e+00 0.000000000000000000e+00
7.679753303527832031e-01 1.952373147010803223e+00 0.000000000000000000e+00
-8.370518684387207031e+00 -1.128954887390136719e+01 0.000000000000000000e+00
1.093301010131835938e+01 -3.811483681201934814e-01 0.000000000000000000e+00
5.473801136016845703e+00 1.352160835266113281e+01 0.000000000000000000e+00
-4.733469009399414062e+00 1.476510882377624512e+00 0.000000000000000000e+00
9.662389755249023438e+00 4.904332637786865234e+00 0.000000000000000000e+00
1.404473114013671875e+01 2.633799612522125244e-01 0.000000000000000000e+00
-5.356707572937011719e+00 8.123541831970214844e+00 0.000000000000000000e+00
-1.768077492713928223e+00 -1.800133228302001953e+00 0.000000000000000000e+00
-3.556247949600219727e-01 4.761796951293945312e+00 0.000000000000000000e+00
-1.051222324371337891e+01 1.052362155914306641e+01 0.000000000000000000e+00
1.325130462646484375e+01 -9.417284965515136719e+00 0.000000000000000000e+00
-4.710632801055908203e+00 -1.973924636840820312e+00 0.000000000000000000e+00
-2.156900405883789062e+00 9.821703910827636719e+00 0.000000000000000000e+00
2.417496442794799805e-01 -1.657559585571289062e+01 0.000000000000000000e+00
1.184168243408203125e+01 7.901308059692382812e+00 0.000000000000000000e+00
-8.894437789916992188e+00 1.139871025085449219e+01 0.000000000000000000e+00
-1.108501243591308594e+01 1.268394470214843750e+01 0.000000000000000000e+00
-1.748799681663513184e+00 -7.524815559387207031e+00 0.000000000000000000e+00
-1.548365974426269531e+01 3.688568353652954102e+00 0.000000000000000000e+00
1.192319774627685547e+01 5.730883598327636719e+00 0.000000000000000000e+00
-4.147203445434570312e+00 -7.676819324493408203e+00 0.000000000000000000e+00
4.797423362731933594e+00 -6.496244907379150391e+00 0.000000000000000000e+00
-1.065906047821044922e+00 1.448428726196289062e+01 0.000000000000000000e+00
5.128910064697265625e+00 9.025427818298339844e+00 0.000000000000000000e+00
2.399535179138183594e+00 -1.401716709136962891e+01 0.000000000000000000e+00
1.386488056182861328e+01 -4.047578334808349609e+00 0.000000000000000000e+00
4.465618133544921875e+00 -9.606191635131835938e+00 0.000000000000000000e+00
-3.449829518795013428e-01 1.076780319213867188e+01 0.000000000000000000e+00
-3.618967294692993164e+00 1.370775985717773438e+01 0.000000000000000000e+00
-1.178764533996582031e+01 -1.060433292388916016e+01 0.000000000000000000e+00
-8.502715110778808594e+00 -1.182682394981384277e+00 0.000000000000000000e+00
8.769354820251464844e+00 -6.612049102783203125e+00 0.000000000000000000e+00
8.081701278686523438e+00 -1.069360136985778809e+00 0.000000000000000000e+00
1.588152885437011719e+01 4.342471599578857422e+00 0.000000000000000000e+00
2.401483058929443359e+00 -1.164234066009521484e+01 0.000000000000000000e+00
2.567306995391845703e+00 1.013263034820556641e+01 0.000000000000000000e+00
-1.936052083969116211e+00 4.877718925476074219e+00 0.000000000000000000e+00
5.802482128143310547e+00 -1.065095043182373047e+01 0.000000000000000000e+00
4.001315116882324219e+00 7.608373165130615234e+00 0.000000000000000000e+00
-5.416401386260986328e+00 3.592573165893554688e+00 0.000000000000000000e+00
-1.600550460815429688e+01 -2.188044548034667969e+00 0.000000000000000000e+00
4.833778858184814453e+00 4.612300872802734375e+00 0.000000000000000000e+00
1.386968612670898438e+01 4.132090091705322266e+00 0.000000000000000000e+00
1.202717304229736328e+01 3.289770841598510742e+00 0.000000000000000000e+00
5.441955089569091797e+00 -3.445553302764892578e+00 0.000000000000000000e+00
2.788611173629760742e+00 1.636724853515625000e+01 0.000000000000000000e+00
1.274652290344238281e+01 -2.517625808715820312e+00 0.000000000000000000e+00
1.562312698364257812e+01 -6.107983112335205078e+00 0.000000000000000000e+00
2.679302453994750977e+00 2.841575145721435547e+00 0.000000000000000000e+00
-3.429504156112670898e+00 -2.855739355087280273e+00 0.000000000000000000e+00
-8.865882873535156250e+00 -5.318383216857910156e+00 0.000000000000000000e+00
1.357969760894775391e+01 2.569538831710815430e+00 0.000000000000000000e+00
2.760393857955932617e+00 5.076676607131958008e-01 0.000000000000000000e+00
3.154451847076416016e+00 1.316748046875000000e+01 0.000000000000000000e+00
2.436927795410156250e+00 -1.697581100463867188e+01 0.000000000000000000e+00
-1.157483577728271484e+01 -1.222613716125488281e+01 0.000000000000000000e+00
-9.141815185546875000e+00 8.164689064025878906e+00 0.000000000000000000e+00
-3.883679389953613281e+00 6.556053161621093750e+00 0.000000000000000000e+00
-1.489393234252929688e+01 7.765155434608459473e-01 0.000000000000000000e+00
-1.169995021820068359e+01 8.019134521484375000e+00 0.000000000000000000e+00
-1.068287730216979980e+00 8.488537788391113281e+00 0.000000000000000000e+00
9.941141128540039062e+00 6.964250564575195312e+00 0.000000000000000000e+00
-1.410833168029785156e+01 -3.560607671737670898e+00 0.000000000000000000e+00
-1.275132656097412109e+01 4.332453250885009766e+00 0.000000000000000000e+00
1.706647491455078125e+01 1.971912503242492676e+00 0.000000000000000000e+00
7.955740451812744141e+00 9.379927635192871094e+00 0.000000000000000000e+00
-1.371540355682373047e+01 2.794521093368530273e+00 0.000000000000000000e+00
-3.667427301406860352e+00 -7.938176989555358887e-01 0.000000000000000000e+00
-1.446196269989013672e+01 7.851988792419433594e+00 0.000000000000000000e+00
1.376948833465576172e+01 5.865810394287109375e+00 0.000000000000000000e+00
3.749807834625244141e+00 -1.835337400436401367e+00 0.000000000000000000e+00
7.248276233673095703e+00 2.064840555191040039e+00 0.000000000000000000e+00
1.679033851623535156e+01 -4.469013690948486328e+00 0.000000000000000000e+00
-1.038916683197021484e+01 -3.391204178333282471e-01 0.000000000000000000e+00
1.063566303253173828e+01 -3.270647525787353516e+00 0.000000000000000000e+00
1.015711021423339844e+01 -9.797337532043457031e+00 0.000000000000000000e+00
-8.562738418579101562e+00 1.459081363677978516e+01 0.000000000000000000e+00
-1.600354003906250000e+01 6.515034198760986328e+00 0.000000000000000000e+00
7.597239017486572266e+00 -9.059174537658691406e+00 0.000000000000000000e+00
-5.574954986572265625e+00 6.619997978210449219e+00 0.000000000000000000e+00
-3.712601661682128906e+00 -5.537559509277343750e+00 0.000000000000000000e+00
1.438635945320129395e+00 -6.403476715087890625e+00 0.000000000000000000e+00
9.831466674804687500e+00 -5.460112094879150391e+00 0.000000000000000000e+00
-6.560845851898193359e+00 -9.721361160278320312e+00 0.000000000000000000e+00
-1.866285443305969238e+00 -1.557404708862304688e+01 0.000000000000000000e+00
-3.149750232696533203e+00 3.865722894668579102e+00 0.000000000000000000e+00
-5.405619144439697266e+00 -6.448158740997314453e+00 0.000000000000000000e+00
-5.033802986145019531e-01 -1.161016464233398438e+01 0.000000000000000000e+00
-1.459461975097656250e+01 -8.716861009597778320e-01 0.000000000000000000e+00
7.671230316162109375e+00 -1.539451217651367188e+01 0.000000000000000000e+00
-8.397141456604003906e+00 -9.035034179687500000e+00 0.000000000000000000e+00
-3.222934007644653320e+00 -1.713967514038085938e+01 0.000000000000000000e+00
1.296905899047851562e+01 -5.676619052886962891e+00 0.000000000000000000e+00
-3.685589075088500977e+00 -1.275471878051757812e+01 0.000000000000000000e+00
-1.036002254486083984e+01 6.274908542633056641e+00 0.000000000000000000e+00
1.697480678558349609e+00 -3.430459260940551758e+00 0.000000000000000000e+00
9.474468231201171875e+00 -1.352156448364257812e+01 0.000000000000000000e+00
6.286166667938232422e+00 5.434689521789550781e+00 0.000000000000000000e+00
6.523950576782226562e+00 1.064997577667236328e+01 0.000000000000000000e+00
-8.194718360900878906e+00 4.344789505004882812e+00 0.000000000000000000e+00
-1.402229118347167969e+01 -7.546320438385009766e+00 0.000000000000000000e+00
5.000064373016357422e-01 1.247426223754882812e+01 0.000000000000000000e+00
-2.156003713607788086e+00 1.273328018188476562e+01 0.000000000000000000e+00
1.236903858184814453e+01 1.028035736083984375e+01 0.000000000000000000e+00
-8.929370880126953125e+00 -1.383886909484863281e+01 0.000000000000000000e+00
-6.691975593566894531e+00 -4.731105804443359375e+00 0.000000000000000000e+00
-2.582885026931762695e+00 8.124416351318359375e+00 0.000000000000000000e+00
-1.268659400939941406e+01 -9.168302536010742188e+00 0.000000000000000000e+00
-5.817680835723876953e+00 -1.349074745178222656e+01 0.000000000000000000e+00
-1.277272224426269531e+01 1.188574981689453125e+01 0.000000000000000000e+00
-1.207273769378662109e+01 -3.957804441452026367e+00 0.000000000000000000e+00
4.890227317810058594e+00 1.101516532897949219e+01 0.000000000000000000e+00
-4.326137542724609375e+00 -1.499265670776367188e+01 0.000000000000000000e+00
8.628053665161132812e+00 3.647359848022460938e+00 0.000000000000000000e+00
-7.014412879943847656e+00 1.467621994018554688e+01 0.000000000000000000e+00
-1.502388668060302734e+01 -5.605178833007812500e+00 0.000000000000000000e+00
3.096517324447631836e+00 -8.610502243041992188e+00 0.000000000000000000e+00
-8.035625457763671875e+00 -2.745205402374267578e+00 0.000000000000000000e+00
9.801860809326171875e+00 1.413597488403320312e+01 0.000000000000000000e+00
-1.426244926452636719e+01 -9.778389930725097656e+00 0.000000000000000000e+00
-2.082083463668823242e+00 3.707286417484283447e-01 0.000000000000000000e+00
8.371061086654663086e-01 -1.255051040649414062e+01 0.000000000000000000e+00
-6.240465164184570312e+00 1.382587194442749023e+00 0.000000000000000000e+00
-1.006717011332511902e-01 1.699937438964843750e+01 0.000000000000000000e+00
7.217832565307617188e+00 -4.991777896881103516e+00 0.000000000000000000e+00
-5.051577568054199219e+00 -1.639595031738281250e-01 0.000000000000000000e+00
-8.104760169982910156e+00 1.256032824516296387e+00 0.000000000000000000e+00
-1.234904479980468750e+01 1.030107212066650391e+01 0.000000000000000000e+00
1.445248603820800781e+01 9.070751190185546875e+00 0.000000000000000000e+00
1.636718958616256714e-01 -1.479242610931396484e+01 0.000000000000000000e+00
-1.690480995178222656e+01 -4.286954879760742188e+00 0.000000000000000000e+00
-6.907181262969970703e+00 8.991370201110839844e+00 0.000000000000000000e+00
-1.123828887939453125e+00 -4.105718612670898438e+00 0.000000000000000000e+00
-6.586276531219482422e+00 -1.196203517913818359e+01 0.000000000000000000e+00
5.332777023315429688e+00 -1.424368762969970703e+01 0.000000000000000000e+00
-1.432950401306152344e+01 5.778296470642089844e+00 0.000000000000000000e+00
-1.323680686950683594e+01 -5.734169006347656250e+00 0.000000000000000000e+00
-9.618861198425292969e+00 -6.778068065643310547e+00 0.000000000000000000e+00
7.281847476959228516e+00 6.899894237518310547e+00 0.000000000000000000e+00
7.908966064453125000e+00 -2.566658496856689453e+00 0.000000000000000000e+00
1.512007045745849609e+01 -8.279484748840332031e+00 0.000000000000000000e+00
-1.346639823913574219e+01 9.170238494873046875e+00 0.000000000000000000e+00
-4.036812782287597656e+00 -9.902662277221679688e+00 0.000000000000000000e+00
4.802428722381591797e+00 -4.801386296749114990e-01 0.000000000000000000e+00
1.538143062591552734e+01 9.862882494926452637e-01 0.000000000000000000e+00
6.431947231292724609e+00 3.858580827713012695e+00 0.000000000000000000e+00
1.276712512969970703e+01 -7.699005603790283203e+00 0.000000000000000000e+00
-1.637592124938964844e+01 2.441719293594360352e+00 0.000000000000000000e+00
1.182824230194091797e+01 -8.926975250244140625e+00 0.000000000000000000e+00
1.430342292785644531e+01 -1.432188391685485840e+00 0.000000000000000000e+00
-1.205945682525634766e+01 6.379793643951416016e+00 0.000000000000000000e+00
7.869249343872070312e+00 1.369897556304931641e+01 0.000000000000000000e+00
-6.246926307678222656e+00 -2.210375785827636719e+00 0.000000000000000000e+00
-1.128856182098388672e+01 -1.967071652412414551e+00 0.000000000000000000e+00
1.549577808380126953e+01 -3.562084674835205078e+00 0.000000000000000000e+00
-3.773483633995056152e-01 -2.755260944366455078e+00 0.000000000000000000e+00
-4.812497138977050781e+00 -4.076740741729736328e+00 0.000000000000000000e+00
-7.387439727783203125e+00 7.228130817413330078e+00 0.000000000000000000e+00
4.504968166351318359e+00 -1.184070968627929688e+01 0.000000000000000000e+00
1.147303581237792969e+01 -5.073807716369628906e+00 0.000000000000000000e+00
5.764600753784179688e+00 -1.612339210510253906e+01 0.000000000000000000e+00
2.830070018768310547e+00 -1.548216247558593750e+01 0.000000000000000000e+00
6.421595573425292969e+00 -1.244920158386230469e+01 0.000000000000000000e+00
8.688866615295410156e+00 -3.866446256637573242e+00 0.000000000000000000e+00
3.373227119445800781e+00 -5.552229881286621094e+00 0.000000000000000000e+00
-4.107357501983642578e+00 9.283640861511230469e+00 0.000000000000000000e+00
-1.280446243286132812e+01 -1.924736261367797852e+00 0.000000000000000000e+00
1.807310461997985840e+00 -9.640943527221679688e+00 0.000000000000000000e+00
1.385252594947814941e+00 8.274916648864746094e+00 0.000000000000000000e+00
1.600317382812500000e+01 5.999450206756591797e+00 0.000000000000000000e+00
-6.893809795379638672e+00 -4.356278479099273682e-01 0.000000000000000000e+00
-1.015794086456298828e+01 1.548957943916320801e+00 0.000000000000000000e+00
-4.386829376220703125e+00 5.116364955902099609e+00 0.000000000000000000e+00
-5.250238180160522461e-01 9.999031424522399902e-01 0.000000000000000000e+00
-1.718329238891601562e+01 -5.747799277305603027e-01 0.000000000000000000e+00
1.616191291809082031e+01 -1.410752773284912109e+00 0.000000000000000000e+00
-6.354695320129394531e+00 -1.541895675659179688e+01 0.000000000000000000e+00
-2.525840103626251221e-01 3.214775562286376953e+00 0.000000000000000000e+00
-1.086408805847167969e+01 -5.076616764068603516e+00 0.000000000000000000e+00
-1.338040924072265625e+01 -1.127608966827392578e+01 0.000000000000000000e+00
-1.478892564773559570e+00 1.592988777160644531e+01 0.000000000000000000e+00
5.319684982299804688e+00 -8.364428520202636719e+00 0.000000000000000000e+00
3.730424642562866211e+00 -3.500350952148437500e+00 0.000000000000000000e+00
-9.938873291015625000e+00 -9.803406715393066406e+00 0.000000000000000000e+00
1.286133480072021484e+01 -1.185967826843261719e+01 0.000000000000000000e+00
-8.138519287109375000e+00 1.280062007904052734e+01 0.000000000000000000e+00
2.132774114608764648e+00 -1.329197406768798828e+00 0.000000000000000000e+00
-1.601667404174804688e+01 -6.974123954772949219e+00 0.000000000000000000e+00
-9.725601196289062500e+00 4.395667552947998047e+00 0.000000000000000000e+00
-2.742394685745239258e+00 1.494791984558105469e+01 0.000000000000000000e+00
-8.704206466674804688e+00 6.080134391784667969e+00 0.000000000000000000e+00
-6.996537208557128906e+00 2.961796760559082031e+00 0.000000000000000000e+00
1.163080453872680664e+00 4.548895835876464844e+00 0.000000000000000000e+00
7.133330821990966797e+00 -7.206479072570800781e+00 0.000000000000000000e+00
3.422544240951538086e+00 1.161599063873291016e+01 0.000000000000000000e+00
3.916298627853393555e+00 1.455098819732666016e+01 0.000000000000000000e+00
-1.208159446716308594e+01 2.055616855621337891e+00 0.000000000000000000e+00
7.106588363647460938e+00 3.141153454780578613e-01 0.000000000000000000e+00
-9.587570190429687500e+00 1.347016525268554688e+01 0.000000000000000000e+00
-1.838673353195190430e+00 6.538741111755371094e+00 0.000000000000000000e+00
9.337760925292968750e+00 1.190068244934082031e+01 0.000000000000000000e+00
5.379565238952636719e+00 6.897150516510009766e+00 0.000000000000000000e+00
-2.948515653610229492e+00 -8.711585044860839844e+00 0.000000000000000000e+00
-6.615242004394531250e+00 1.256421566009521484e+01 0.000000000000000000e+00
8.026086807250976562e+00 5.414281845092773438e+00 0.000000000000000000e+00
1.230537605285644531e+01 1.489760279655456543e+00 0.000000000000000000e+00
9.242179989814758301e-01 1.436239719390869141e+01 0.000000000000000000e+00
-1.715973663330078125e+01 1.147634506225585938e+00 0.000000000000000000e+00
9.395423889160156250e+00 8.928445816040039062e+00 0.000000000000000000e+00
-3.361840724945068359e+00 1.138895034790039062e+01 0.000000000000000000e+00
