-3.178269147872924805e+00 1.353919124603271484e+01 0.000000000000000000e+00
-1.249112224578857422e+01 3.329607486724853516e+00 0.000000000000000000e+00
4.312421798706054688e+00 1.182770371437072754e+00 0.000000000000000000e+00
-1.486501842737197876e-01 -2.793727159500122070e+00 0.000000000000000000e+00
1.018742942810058594e+01 3.588454484939575195e+00 0.000000000000000000e+00
-4.805755615234375000e+00 -6.218102931976318359e+00 0.000000000000000000e+00
-6.963035106658935547e+00 1.547016334533691406e+01 0.000000000000000000e+00
-1.481656312942504883e+00 -1.549366569519042969e+01 0.000000000000000000e+00
-2.847785472869873047e+00 -2.412587404251098633e+00 0.000000000000000000e+00
-1.315022563934326172e+01 -6.571264266967773438e+00 0.000000000000000000e+00
-1.213243770599365234e+01 -2.952612161636352539e+00 0.000000000000000000e+00
4.512168407440185547e+00 8.023426055908203125e+00 0.000000000000000000e+00
1.652775526046752930e+00 4.744134902954101562e+00 0.000000000000000000e+00
1.124233752489089966e-01 -5.815675258636474609e+00 0.000000000000000000e+00
1.171275901794433594e+01 -1.230979347229003906e+01 0.000000000000000000e+00
1.459394836425781250e+01 1.319438964128494263e-01 0.000000000000000000e+00
-8.013026237487792969e+00 7.015315532684326172e+00 0.000000000000000000e+00
-6.055030345916748047e+00 3.352762758731842041e-01 0.000000000000000000e+00
-9.003103256225585938e+00 -1.302502822875976562e+01 0.000000000000000000e+00
-1.446722316741943359e+01 2.092224121093750000e+00 0.000000000000000000e+00
-1.150888252258300781e+01 2.043399572372436523e+00 0.000000000000000000e+00
-4.171954154968261719e+00 8.600852012634277344e+00 0.000000000000000000e+00
7.558543205261230469e+00 1.215520000457763672e+01 0.000000000000000000e+00
-9.287288665771484375e+00 1.368009924888610840e+00 0.000000000000000000e+00
1.972882270812988281e+00 -8.874902725219726562e+00 0.000000000000000000e+00
-1.641341924667358398e+00 -3.921237468719482422e+00 0.000000000000000000e+00
1.162243080139160156e+01 -5.914681434631347656e+00 0.000000000000000000e+00
5.643812656402587891e+00 1.061408138275146484e+01 0.000000000000000000e+00
1.357786846160888672e+01 -1.270360231399536133e+00 0.000000000000000000e+00
-1.424058246612548828e+01 9.010933876037597656e+00 0.000000000000000000e+00
1.369146347045898438e+01 2.484157562255859375e+00 0.000000000000000000e+00
-2.454429149627685547e+00 4.219698429107666016e+00 0.000000000000000000e+00
1.553182005882263184e+00 1.267069053649902344e+01 0.000000000000000000e+00
2.841761112213134766e+00 1.062841892242431641e+01 0.000000000000000000e+00
-7.432641029357910156e+00 1.160091781616210938e+01 0.000000000000000000e+00
9.066707611083984375e+00 -1.184773445129394531e+01 0.000000000000000000e+00
-5.689705848693847656e+00 -8.232001304626464844e+00 0.000000000000000000e+00
5.101148128509521484e+00 -2.307134866714477539e-01 0.000000000000000000e+00
7.561529159545898438e+00 6.167710781097412109e+00 0.000000000000000000e+00
4.542863368988037109e+00 -2.889750003814697266e+00 0.000000000000000000e+00
-3.047988891601562500e+00 1.269697904586791992e+00 0.000000000000000000e+00
-8.039503097534179688e+00 2.596075057983398438e+00 0.000000000000000000e+00
-1.325458908081054688e+01 7.315857887268066406e+00 0.000000000000000000e+00
-7.078671455383300781e+00 -4.016468048095703125e+00 0.000000000000000000e+00
5.820357799530029297e+00 -7.344096660614013672e+00 0.000000000000000000e+00
3.223050534725189209e-01 1.427865409851074219e+01 0.000000000000000000e+00
-4.298085212707519531e+00 3.526176691055297852e+00 0.000000000000000000e+00
7.730166435241699219e+00 1.456757640838623047e+01 0.000000000000000000e+00
-9.662903785705566406e+00 -1.063827419281005859e+01 0.000000000000000000e+00
-9.873106956481933594e+00 -2.157974243164062500e+00 0.000000000000000000e+00
7.075940132141113281e+00 -8.135899901390075684e-01 0.000000000000000000e+00
5.147613525390625000e+00 4.975450992584228516e+00 0.000000000000000000e+00
1.139281368255615234e+01 1.340027928352355957e+00 0.000000000000000000e+00
-1.642126846313476562e+01 -3.525809288024902344e+00 0.000000000000000000e+00
-1.576381492614746094e+01 -5.373804569244384766e+00 0.000000000000000000e+00
1.730969786643981934e+00 -1.134962177276611328e+01 0.000000000000000000e+00
-2.019758671522140503e-01 1.259803771972656250e+01 0.000000000000000000e+00
2.459709405899047852e+00 2.846763610839843750e+00 0.000000000000000000e+00
1.371514797210693359e+01 7.595079421997070312e+00 0.000000000000000000e+00
-3.326834917068481445e+00 -5.961450576782226562e+00 0.000000000000000000e+00
-3.724077463150024414e+00 5.829490184783935547e+00 0.000000000000000000e+00
1.590416145324707031e+01 2.811776876449584961e+00 0.000000000000000000e+00
-5.470812320709228516e+00 4.722378730773925781e+00 0.000000000000000000e+00
-1.203800773620605469e+01 -5.539617061614990234e+00 0.000000000000000000e+00
1.567911338806152344e+01 7.202235698699951172e+00 0.000000000000000000e+00
1.403834438323974609e+01 4.909820556640625000e+00 0.000000000000000000e+00
-8.975626945495605469e+00 1.154263210296630859e+01 0.000000000000000000e+00
6.125944614410400391e+00 1.549827194213867188e+01 0.000000000000000000e+00
8.602524757385253906e+00 7.589904785156250000e+00 0.000000000000000000e+00
-1.318817901611328125e+01 -1.070983982086181641e+01 0.000000000000000000e+00
7.230591773986816406e+00 -1.329722309112548828e+01 0.000000000000000000e+00
-1.017320346832275391e+01 -7.052107334136962891e+00 0.000000000000000000e+00
-1.501610851287841797e+01 6.041133880615234375e+00 0.000000000000000000e+00
7.162595272064208984e+00 8.472648620605468750e+00 0.000000000000000000e+00
1.277339363098144531e+01 -8.885317802429199219e+00 0.000000000000000000e+00
-1.858249306678771973e+00 -1.209490656852722168e+00 0.000000000000000000e+00
-8.105799674987792969e+00 -1.078081250190734863e+00 0.000000000000000000e+00
-5.176277160644531250e+00 -2.369958162307739258e+00 0.000000000000000000e+00
-8.370933532714843750e+00 -7.026713848114013672e+00 0.000000000000000000e+00
-7.430733680725097656e+00 -1.548067283630371094e+01 0.000000000000000000e+00
6.034407615661621094e+00 -1.205429363250732422e+01 0.000000000000000000e+00
-4.769146442413330078e+00 1.528479194641113281e+01 0.000000000000000000e+00
1.479509735107421875e+01 -3.996817350387573242e+00 0.000000000000000000e+00
2.976487636566162109e+00 -1.575300693511962891e+01 0.000000000000000000e+00
-1.183148479461669922e+01 5.983691215515136719e+00 0.000000000000000000e+00
1.227678680419921875e+01 -2.915583610534667969e+00 0.000000000000000000e+00
-1.578726291656494141e+01 8.016606569290161133e-01 0.000000000000000000e+00
-4.890869617462158203e+00 -1.545277786254882812e+01 0.000000000000000000e+00
-1.176352977752685547e+00 7.011382102966308594e+00 0.000000000000000000e+00
1.915306806564331055e+00 -2.606587409973144531e-01 0.000000000000000000e+00
1.214649772644042969e+01 -3.788691461086273193e-01 0.000000000000000000e+00
4.156058788299560547e+00 1.322335243225097656e+01 0.000000000000000000e+00
-1.072891521453857422e+01 4.322263598442077637e-01 0.000000000000000000e+00
1.900485038757324219e+00 6.403083801269531250e+00 0.000000000000000000e+00
7.481609344482421875e+00 -7.365779876708984375e+00 0.000000000000000000e+00
8.388918876647949219e+00 9.685008049011230469e+00 0.000000000000000000e+00
9.097407341003417969e+00 -1.429183483123779297e+00 0.000000000000000000e+00
4.487789794802665710e-02 -1.109838390350341797e+01 0.000000000000000000e+00
-5.314170360565185547e+00 -1.001138973236083984e+01 0.000000000000000000e+00
1.910308599472045898e+00 -4.544127464294433594e+00 0.000000000000000000e+00
3.708468437194824219e+00 -1.505826234817504883e+00 0.000000000000000000e+00
-2.565256118774414062e+00 -1.246414661407470703e+01 0.000000000000000000e+00
1.123302650451660156e+01 6.138866901397705078e+00 0.000000000000000000e+00
2.994191169738769531e+00 8.581914901733398438e+00 0.000000000000000000e+00
1.322202301025390625e+01 8.880586028099060059e-01 0.000000000000000000e+00
-1.677587032318115234e-01 5.656656026840209961e-01 0.000000000000000000e+00
-9.468888282775878906e+00 9.485483169555664062e+00 0.000000000000000000e+00
-6.236500263214111328e+00 -1.270453166961669922e+01 0.000000000000000000e+00
1.067759704589843750e+01 -1.015684223175048828e+01 0.000000000000000000e+00
7.125051498413085938e+00 1.402708649635314941e+00 0.000000000000000000e+00
1.204394626617431641e+01 3.308789730072021484e+00 0.000000000000000000e+00
5.865302085876464844e+00 -4.327210903167724609e+00 0.000000000000000000e+00
1.651354026794433594e+01 5.263510227203369141e+00 0.000000000000000000e+00
1.603099441528320312e+01 -5.341024398803710938e+00 0.000000000000000000e+00
2.319061517715454102e+00 1.493719577789306641e+01 0.000000000000000000e+00
-1.278076553344726562e+01 -1.105443835258483887e+00 0.000000000000000000e+00
-1.056321907043457031e+01 4.786767482757568359e+00 0.000000000000000000e+00
4.641662120819091797e+00 -1.663479804992675781e+01 0.000000000000000000e+00
-4.232500553131103516e+00 -1.378979587554931641e+01 0.000000000000000000e+00
-8.480379104614257812e+00 1.436159896850585938e+01 0.000000000000000000e+00
1.983639955520629883e+00 -1.396822929382324219e+01 0.000000000000000000e+00
1.705179405212402344e+01 -2.202675104141235352e+00 0.000000000000000000e+00
1.039384746551513672e+01 -7.665958881378173828e+00 0.000000000000000000e+00
1.207571506500244141e+01 -7.419452190399169922e+00 0.000000000000000000e+00
-5.516567230224609375e+00 1.328356742858886719e+01 0.000000000000000000e+00
-1.539846324920654297e+01 -2.036434888839721680e+00 0.000000000000000000e+00
7.598600387573242188e+00 -2.421387434005737305e+00 0.000000000000000000e+00
9.707328796386718750e+00 1.187466144561767578e+01 0.000000000000000000e+00
9.759598731994628906e+00 -5.615993499755859375e+00 0.000000000000000000e+00
-7.797286987304687500e+00 -1.396081829071044922e+01 0.000000000000000000e+00
-1.366284847259521484e+01 -8.049564361572265625e+00 0.000000000000000000e+00
-3.694582223892211914e+00 -1.000084972381591797e+01 0.000000000000000000e+00
-8.730672836303710938e+00 -5.535550594329833984e+00 0.000000000000000000e+00
1.480475425720214844e+01 8.780903816223144531e+00 0.000000000000000000e+00
-1.034148406982421875e+01 -1.204043102264404297e+01 0.000000000000000000e+00
6.140970230102539062e+00 -9.878616333007812500e+00 0.000000000000000000e+00
4.690304398536682129e-01 -1.676257896423339844e+01 0.000000000000000000e+00
-1.347237300872802734e+01 -3.707889080047607422e+00 0.000000000000000000e+00
-4.954100608825683594e+00 -1.159590816497802734e+01 0.000000000000000000e+00
-3.644162416458129883e+00 1.644878196716308594e+01 0.000000000000000000e+00
5.474319934844970703e+00 3.064467668533325195e+00 0.000000000000000000e+00
-1.126892089843750000e+01 -1.038967323303222656e+01 0.000000000000000000e+00
-1.321133804321289062e+01 4.747327327728271484e+00 0.000000000000000000e+00
4.375283241271972656e+00 -8.318048477172851562e+00 0.000000000000000000e+00
7.360877037048339844e+00 -1.569577693939208984e+01 0.000000000000000000e+00
5.669238567352294922e+00 -1.504137897491455078e+01 0.000000000000000000e+00
-1.705926895141601562e+01 1.698500275611877441e+00 0.000000000000000000e+00
1.390926933288574219e+01 -6.826271533966064453e+00 0.000000000000000000e+00
-2.023307979106903076e-01 1.046166419982910156e+01 0.000000000000000000e+00
6.409580230712890625e+00 1.354799175262451172e+01 0.000000000000000000e+00
3.374007225036621094e+00 -1.271421241760253906e+01 0.000000000000000000e+00
1.080265903472900391e+01 -1.812855601310729980e+00 0.000000000000000000e+00
-1.658300399780273438e+00 1.579058265686035156e+01 0.000000000000000000e+00
-6.872070312500000000e+00 -1.094933128356933594e+01 0.000000000000000000e+00
-1.496307969093322754e+00 -1.041201877593994141e+01 0.000000000000000000e+00
5.948412418365478516e-01 -1.497156143188476562e+01 0.000000000000000000e+00
8.493076324462890625e+00 3.846780776977539062e+00 0.000000000000000000e+00
-6.248919963836669922e-01 -8.438872337341308594e+00 0.000000000000000000e+00
-4.525290489196777344e+00 -5.778088569641113281e-01 0.000000000000000000e+00
-6.036883831024169922e+00 8.821543693542480469e+00 0.000000000000000000e+00
-7.088421344757080078e+00 -2.244243144989013672e+00 0.000000000000000000e+00
-8.119774818420410156e+00 4.475382328033447266e+00 0.000000000000000000e+00
-1.008628654479980469e+01 3.261046886444091797e+00 0.000000000000000000e+00
-7.444162845611572266e+00 9.674460411071777344e+00 0.000000000000000000e+00
-5.097249746322631836e-01 2.801360607147216797e+00 0.000000000000000000e+00
-8.070013999938964844e+00 -9.179037094116210938e+00 0.000000000000000000e+00
8.677380561828613281e+00 2.279875278472900391e+00 0.000000000000000000e+00
-1.078510379791259766e+01 1.224577236175537109e+01 0.000000000000000000e+00
4.782916069030761719e+00 -5.805897235870361328e+00 0.000000000000000000e+00
1.553837108612060547e+01 -2.405121564865112305e+00 0.000000000000000000e+00
7.258657217025756836e-01 7.428761005401611328e+00 0.000000000000000000e+00
3.441572189331054688e+00 5.904757022857666016e+00 0.000000000000000000e+00
-9.754027366638183594e+00 6.921596050262451172e+00 0.000000000000000000e+00
1.838470339775085449e+00 -1.943198323249816895e+00 0.000000000000000000e+00
4.149011611938476562e+00 1.142614078521728516e+01 0.000000000000000000e+00
8.588894844055175781e+00 -4.613036632537841797e+00 0.000000000000000000e+00
-1.618799972534179688e+01 4.000842094421386719e+00 0.000000000000000000e+00
9.640844345092773438e+00 -1.418148612976074219e+01 0.000000000000000000e+00
7.060561180114746094e-01 1.585237503051757812e+01 0.000000000000000000e+00
3.966392576694488525e-01 5.627049446105957031e+00 0.000000000000000000e+00
-1.258466053009033203e+01 8.993014335632324219e+00 0.000000000000000000e+00
1.292048740386962891e+01 5.943385124206542969e+00 0.000000000000000000e+00
4.651982307434082031e+00 -1.375802993774414062e+01 0.000000000000000000e+00
-1.180786132812500000e+01 -8.701551437377929688e+00 0.000000000000000000e+00
-4.437514305114746094e+00 1.182064151763916016e+01 0.000000000000000000e+00
1.150857543945312500e+01 1.211340999603271484e+01 0.000000000000000000e+00
9.468886375427246094e+00 1.392135429382324219e+01 0.000000000000000000e+00
-1.103401279449462891e+01 9.635085105895996094e+00 0.000000000000000000e+00
1.256502151489257812e+01 9.372013092041015625e+00 0.000000000000000000e+00
1.063749694824218750e+01 9.944370269775390625e+00 0.000000000000000000e+00
-2.069397687911987305e+00 -7.420345783233642578e+00 0.000000000000000000e+00
-6.015337467193603516e+00 7.199568748474121094e+00 0.000000000000000000e+00
-2.548596382141113281e+00 8.154962539672851562e+00 0.000000000000000000e+00
-2.624443292617797852e+00 -1.434303379058837891e+01 0.000000000000000000e+00
6.078598022460937500e+00 -2.638162612915039062e+00 0.000000000000000000e+00
1.648830223083496094e+01 4.464335441589355469e-01 0.000000000000000000e+00
-2.422962427139282227e+00 -1.708038902282714844e+01 0.000000000000000000e+00
8.859185218811035156e+00 -8.940784454345703125e+00 0.000000000000000000e+00
-2.299855470657348633e+00 1.179231071472167969e+01 0.000000000000000000e+00
-1.713062286376953125e+01 -1.498188257217407227e+00 0.000000000000000000e+00
-8.247285485267639160e-01 8.864014625549316406e+00 0.000000000000000000e+00
9.713644981384277344e+00 6.262410163879394531e+00 0.000000000000000000e+00
3.412081718444824219e+00 -4.069554328918457031e+00 0.000000000000000000e+00
4.364258766174316406e+00 -1.015212821960449219e+01 0.000000000000000000e+00
1.384596443176269531e+01 -1.006057071685791016e+01 0.000000000000000000e+00
-3.827882528305053711e+00 -7.543636798858642578e+00 0.000000000000000000e+00
1.433391094207763672e+00 -7.028430461883544922e+00 0.000000000000000000e+00
-1.011964607238769531e+01 -4.746376037597656250e+00 0.000000000000000000e+00
3.890050411224365234e+00 3.818196058273315430e+00 0.000000000000000000e+00
8.784977912902832031e+00 3.756583034992218018e-01 0.000000000000000000e+00
5.755569338798522949e-01 -1.283549118041992188e+01 0.000000000000000000e+00
-1.308631229400634766e+01 1.079589366912841797e+01 0.000000000000000000e+00
-6.790952205657958984e+00 -6.178009986877441406e+00 0.000000000000000000e+00
1.687410354614257812e+01 -4.045427322387695312e+00 0.000000000000000000e+00
-6.398194789886474609e+00 2.506711483001708984e+00 0.000000000000000000e+00
-4.116096019744873047e+00 -3.707965373992919922e+00 0.000000000000000000e+00
1.045355224609375000e+01 8.354217529296875000e+00 0.000000000000000000e+00
-1.745164155960083008e+00 1.012591361999511719e+01 0.000000000000000000e+00
-1.551144313812255859e+01 7.562540054321289062e+00 0.000000000000000000e+00
-1.469935512542724609e+01 4.388604640960693359e+00 0.000000000000000000e+00
9.875611305236816406e+00 -3.221497774124145508e+00 0.000000000000000000e+00
-4.303369998931884766e+00 -1.695263099670410156e+01 0.000000000000000000e+00
3.123476266860961914e+00 -6.073945999145507812e+00 0.000000000000000000e+00
-1.116835403442382812e+01 8.124717712402343750e+00 0.000000000000000000e+00
-1.339365577697753906e+01 7.350148558616638184e-01 0.000000000000000000e+00
1.214874649047851562e+01 7.396403789520263672e+00 0.000000000000000000e+00
-8.057128906250000000e+00 4.830185174942016602e-01 0.000000000000000000e+00
4.246071815490722656e+00 1.646236228942871094e+01 0.000000000000000000e+00
7.059846401214599609e+00 3.382690429687500000e+00 0.000000000000000000e+00
-2.595029175281524658e-01 1.725993919372558594e+01 0.000000000000000000e+00
2.193022251129150391e+00 1.728890228271484375e+01 0.000000000000000000e+00
-1.520143508911132812e+01 -6.882368087768554688e+00 0.000000000000000000e+00
-1.653995323181152344e+01 5.595245361328125000e+00 0.000000000000000000e+00
1.328844833374023438e+01 1.131545162200927734e+01 0.000000000000000000e+00
4.151777744293212891e+00 9.617482185363769531e+00 0.000000000000000000e+00
5.447159767150878906e+00 6.555227279663085938e+00 0.000000000000000000e+00
-1.220519542694091797e+01 -1.247128486633300781e+01 0.000000000000000000e+00
-4.593522548675537109e+00 1.971104502677917480e+00 0.000000000000000000e+00
1.339346504211425781e+01 -4.868475914001464844e+00 0.000000000000000000e+00
-1.445839595794677734e+01 -6.070185303688049316e-01 0.000000000000000000e+00
2.967378854751586914e+00 -7.740716457366943359e+00 0.000000000000000000e+00
-4.884937763214111328e+00 1.009728908538818359e+01 0.000000000000000000e+00
7.160394668579101562e+00 -5.164757251739501953e+00 0.000000000000000000e+00
-1.742129325866699219e+01 1.288952678442001343e-01 0.000000000000000000e+00
-9.200426936149597168e-01 4.271363258361816406e+00 0.000000000000000000e+00
-1.193933367729187012e+00 1.404364204406738281e+01 0.000000000000000000e+00
1.483089733123779297e+01 -8.865733146667480469e+00 0.000000000000000000e+00
1.547510910034179688e+01 -6.981566905975341797e+00 0.000000000000000000e+00
5.805303096771240234e+00 1.212075042724609375e+01 0.000000000000000000e+00
2.164427518844604492e+00 -1.712171363830566406e+01 0.000000000000000000e+00
-1.665782332420349121e+00 -5.535017013549804688e+00 0.000000000000000000e+00
-9.744897842407226562e+00 -9.010385513305664062e+00 0.000000000000000000e+00
-1.007672405242919922e+01 1.376897525787353516e+01 0.000000000000000000e+00
-7.422068715095520020e-01 -1.379497718811035156e+01 0.000000000000000000e+00
-1.067027473449707031e+01 -1.374607658386230469e+01 0.000000000000000000e+00
1.024060821533203125e+01 -3.339758515357971191e-01 0.000000000000000000e+00
