1.268087196350097656e+01 1.152989959716796875e+01 0.000000000000000000e+00
4.761963844299316406e+00 -3.231899023056030273e+00 0.000000000000000000e+00
-4.623437404632568359e+00 -3.562364578247070312e-01 0.000000000000000000e+00
-4.412194728851318359e+00 -1.024824237823486328e+01 0.000000000000000000e+00
1.377173900604248047e+01 -3.315793991088867188e+00 0.000000000000000000e+00
5.808634757995605469e+00 -1.145510196685791016e+01 0.000000000000000000e+00
1.049382591247558594e+01 1.150045108795166016e+01 0.000000000000000000e+00
1.201724052429199219e+01 -6.943640232086181641e+00 0.000000000000000000e+00
-7.241846561431884766e+00 -1.682872414588928223e+00 0.000000000000000000e+00
-1.445305061340332031e+01 -9.811166763305664062e+00 0.000000000000000000e+00
-1.280560493469238281e+01 -1.164128875732421875e+01 0.000000000000000000e+00
-1.627735328674316406e+01 -6.253544330596923828e+00 0.000000000000000000e+00
1.326637458801269531e+01 -9.024384431540966034e-03 0.000000000000000000e+00
-4.988306522369384766e+00 -4.954825878143310547e+00 0.000000000000000000e+00
-5.893556594848632812e+00 -7.567924022674560547e+00 0.000000000000000000e+00
9.332696914672851562e+00 -7.998438835144042969e+00 0.000000000000000000e+00
1.298776817321777344e+01 5.395031452178955078e+00 0.000000000000000000e+00
3.142112970352172852e+00 6.402524709701538086e-01 0.000000000000000000e+00
-8.649710655212402344e+00 1.540924191474914551e+00 0.000000000000000000e+00
-1.069928169250488281e+01 -8.756157875061035156e+00 0.000000000000000000e+00
8.581974983215332031e+00 1.003655815124511719e+01 0.000000000000000000e+00
-1.184692859649658203e+00 -1.381178283691406250e+01 0.000000000000000000e+00
-6.617848396301269531e+00 1.235241127014160156e+01 0.000000000000000000e+00
-1.264887428283691406e+01 -3.904535770416259766e+00 0.000000000000000000e+00
5.713872432708740234e+00 -1.631100845336914062e+01 0.000000000000000000e+00
-1.086804103851318359e+01 5.627926826477050781e+00 0.000000000000000000e+00
-9.414232373237609863e-01 1.299580383300781250e+01 0.000000000000000000e+00
-4.293207645416259766e+00 -2.134899139404296875e+00 0.000000000000000000e+00
9.881400108337402344e+00 1.123602747917175293e+00 0.000000000000000000e+00
7.630355834960937500e+00 2.278881788253784180e+00 0.000000000000000000e+00
1.005579471588134766e+01 9.054239273071289062e+00 0.000000000000000000e+00
8.624119758605957031e+00 -2.810544252395629883e+00 0.000000000000000000e+00
6.823796272277832031e+00 7.846045494079589844e+00 0.000000000000000000e+00
7.037312030792236328e+00 1.187055778503417969e+01 0.000000000000000000e+00
4.033160686492919922e+00 8.841408729553222656e+00 0.000000000000000000e+00
-4.567906379699707031e+00 1.351345539093017578e+01 0.000000000000000000e+00
-5.297700405120849609e+00 3.490545749664306641e+00 0.000000000000000000e+00
2.040707349777221680e+00 -1.731263160705566406e+01 0.000000000000000000e+00
-1.138938546180725098e+00 -3.741089344024658203e+00 0.000000000000000000e+00
6.293946743011474609e+00 6.356530666351318359e+00 0.000000000000000000e+00
-1.235051512718200684e+00 5.896676540374755859e+00 0.000000000000000000e+00
3.544255971908569336e+00 1.619581604003906250e+01 0.000000000000000000e+00
-6.655975341796875000e+00 9.620652198791503906e+00 0.000000000000000000e+00
-1.444070720672607422e+01 3.127841711044311523e+00 0.000000000000000000e+00
1.580699062347412109e+01 -4.104154109954833984e+00 0.000000000000000000e+00
-1.614565658569335938e+01 3.706429958343505859e+00 0.000000000000000000e+00
-4.514553546905517578e+00 -1.424874782562255859e+01 0.000000000000000000e+00
-6.607100486755371094e+00 -5.886337757110595703e+00 0.000000000000000000e+00
-1.530785083770751953e+01 -9.192500710487365723e-01 0.000000000000000000e+00
5.887228488922119141e+00 -5.319650650024414062e+00 0.000000000000000000e+00
-7.751474380493164062e+00 -1.141488647460937500e+01 0.000000000000000000e+00
1.536629319190979004e+00 1.690324020385742188e+01 0.000000000000000000e+00
-4.427716255187988281e+00 1.143593978881835938e+01 0.000000000000000000e+00
-1.411598801612854004e+00 9.685383796691894531e+00 0.000000000000000000e+00
-3.765029311180114746e-01 -9.528188705444335938e+00 0.000000000000000000e+00
9.995136260986328125e+00 1.401390457153320312e+01 0.000000000000000000e+00
-3.971542596817016602e+00 8.945043563842773438e+00 0.000000000000000000e+00
2.923615694046020508e+00 -9.284990310668945312e+00 0.000000000000000000e+00
1.300491714477539062e+01 -9.332130432128906250e+00 0.000000000000000000e+00
8.954659461975097656e+00 4.037527084350585938e+00 0.000000000000000000e+00
-6.821906566619873047e+00 1.421435642242431641e+01 0.000000000000000000e+00
9.033267974853515625e+00 -1.221973514556884766e+01 0.000000000000000000e+00
-5.320515632629394531e-01 8.209970474243164062e+00 0.000000000000000000e+00
8.025913238525390625e+00 -4.267260074615478516e+00 0.000000000000000000e+00
1.998620390892028809e+00 1.104182529449462891e+01 0.000000000000000000e+00
-9.041494369506835938e+00 -1.995881348848342896e-01 0.000000000000000000e+00
-1.297603511810302734e+01 1.035665416717529297e+01 0.000000000000000000e+00
3.287465333938598633e+00 1.208740615844726562e+01 0.000000000000000000e+00
-3.685442447662353516e+00 -6.240236282348632812e+00 0.000000000000000000e+00
-1.050935173034667969e+01 -1.207726001739501953e+01 0.000000000000000000e+00
-8.293776512145996094e+00 -8.648486137390136719e+00 0.000000000000000000e+00
-7.641523361206054688e+00 4.217888832092285156e+00 0.000000000000000000e+00
-8.324853897094726562e+00 -1.455814743041992188e+01 0.000000000000000000e+00
1.142718315124511719e+01 -8.635883331298828125e+00 0.000000000000000000e+00
6.635642528533935547e+00 -9.796668052673339844e+00 0.000000000000000000e+00
-2.794440746307373047e+00 -7.548629283905029297e+00 0.000000000000000000e+00
-4.384082555770874023e-01 1.340093851089477539e+00 0.000000000000000000e+00
-1.685823249816894531e+01 -4.096292018890380859e+00 0.000000000000000000e+00
-1.155759239196777344e+01 -6.325948238372802734e+00 0.000000000000000000e+00
7.824150562286376953e+00 -5.779199600219726562e+00 0.000000000000000000e+00
8.785432815551757812e+00 1.199420356750488281e+01 0.000000000000000000e+00
-8.263240814208984375e+00 -3.058764457702636719e+00 0.000000000000000000e+00
-1.236928939819335938e+01 -8.171013832092285156e+00 0.000000000000000000e+00
-8.176209926605224609e-01 -2.151366710662841797e+00 0.000000000000000000e+00
1.749528765678405762e+00 -3.513718843460083008e+00 0.000000000000000000e+00
-3.748590230941772461e+00 -1.660649299621582031e+01 0.000000000000000000e+00
1.491608238220214844e+01 -8.564733862876892090e-01 0.000000000000000000e+00
7.814553976058959961e-01 -1.504193592071533203e+01 0.000000000000000000e+00
-1.880432665348052979e-01 1.109747791290283203e+01 0.000000000000000000e+00
1.277651023864746094e+01 7.021497249603271484e+00 0.000000000000000000e+00
-8.896210670471191406e+00 7.334157466888427734e+00 0.000000000000000000e+00
-2.496146202087402344e+00 -1.192102813720703125e+01 0.000000000000000000e+00
-1.297692584991455078e+01 3.933088541030883789e+00 0.000000000000000000e+00
-2.634190082550048828e+00 -4.302732467651367188e+00 0.000000000000000000e+00
1.691348648071289062e+01 4.094795227050781250e+00 0.000000000000000000e+00
-6.860503196716308594e+00 -1.505083179473876953e+01 0.000000000000000000e+00
1.428370364010334015e-03 -1.176041412353515625e+01 0.000000000000000000e+00
-1.091909980773925781e+01 6.225789785385131836e-01 0.000000000000000000e+00
2.009448289871215820e+00 1.293694877624511719e+01 0.000000000000000000e+00
1.149983215332031250e+01 -4.141839027404785156e+00 0.000000000000000000e+00
-1.259745311737060547e+01 -5.645703077316284180e-01 0.000000000000000000e+00
-4.827999591827392578e+00 -1.178484535217285156e+01 0.000000000000000000e+00
-8.228815078735351562e+00 9.414929389953613281e+00 0.000000000000000000e+00
1.870236396789550781e+00 -7.086769580841064453e+00 0.000000000000000000e+00
1.027131438255310059e+00 8.798020362854003906e+00 0.000000000000000000e+00
-6.669098854064941406e+00 6.506683826446533203e+00 0.000000000000000000e+00
-1.032700419425964355e+00 1.613612365722656250e+01 0.000000000000000000e+00
-1.035136699676513672e+01 1.400835609436035156e+01 0.000000000000000000e+00
-8.083519935607910156e+00 1.110526275634765625e+01 0.000000000000000000e+00
-2.453494787216186523e+00 -9.384227752685546875e+00 0.000000000000000000e+00
-8.515833854675292969e+00 -6.253592491149902344e+00 0.000000000000000000e+00
-6.165801525115966797e+00 -9.697798728942871094e+00 0.000000000000000000e+00
1.317371082305908203e+01 -4.906673908233642578e+00 0.000000000000000000e+00
-1.144600391387939453e+01 7.982018470764160156e+00 0.000000000000000000e+00
6.125404357910156250e+00 -2.469489812850952148e+00 0.000000000000000000e+00
9.752668380737304688e+00 -1.045366287231445312e+01 0.000000000000000000e+00
2.863688707351684570e+00 3.777665376663208008e+00 0.000000000000000000e+00
-1.056609535217285156e+01 -2.349172115325927734e+00 0.000000000000000000e+00
1.245389270782470703e+01 -1.129233551025390625e+01 0.000000000000000000e+00
8.164482116699218750e+00 -1.473998832702636719e+01 0.000000000000000000e+00
-1.675606346130371094e+01 -1.463724255561828613e+00 0.000000000000000000e+00
-9.549903273582458496e-01 -1.647630691528320312e+01 0.000000000000000000e+00
3.493018627166748047e+00 6.162754535675048828e+00 0.000000000000000000e+00
-4.261680543422698975e-01 3.168174982070922852e+00 0.000000000000000000e+00
2.667356967926025391e+00 -1.312308502197265625e+01 0.000000000000000000e+00
9.472488403320312500e+00 -5.855234265327453613e-01 0.000000000000000000e+00
-5.239885330200195312e+00 1.343341469764709473e+00 0.000000000000000000e+00
-3.614372253417968750e+00 3.189903736114501953e+00 0.000000000000000000e+00
6.673948287963867188e+00 4.859352588653564453e+00 0.000000000000000000e+00
-1.411560058593750000e+01 -5.200341224670410156e+00 0.000000000000000000e+00
-1.143168449401855469e+01 1.098039722442626953e+01 0.000000000000000000e+00
-5.148137569427490234e+00 5.378902435302734375e+00 0.000000000000000000e+00
5.899184703826904297e+00 9.467964172363281250e+00 0.000000000000000000e+00
-4.346470832824707031e+00 1.670332717895507812e+01 0.000000000000000000e+00
1.397741889953613281e+01 2.672881841659545898e+00 0.000000000000000000e+00
1.526084518432617188e+01 -5.666321754455566406e+00 0.000000000000000000e+00
-3.452120542526245117e+00 5.969050407409667969e+00 0.000000000000000000e+00
8.115023612976074219e+00 5.659328937530517578e+00 0.000000000000000000e+00
-2.365060806274414062e+00 1.216776180267333984e+01 0.000000000000000000e+00
-1.552534580230712891e+01 6.346680521965026855e-01 0.000000000000000000e+00
1.373176765441894531e+01 -6.326521873474121094e+00 0.000000000000000000e+00
-9.393715858459472656e+00 -7.534856796264648438e+00 0.000000000000000000e+00
-1.371988487243652344e+01 8.566960334777832031e+00 0.000000000000000000e+00
1.690234756469726562e+01 -1.160051345825195312e+00 0.000000000000000000e+00
-1.408185291290283203e+01 -2.512772083282470703e+00 0.000000000000000000e+00
2.067432880401611328e+00 1.448387336730957031e+01 0.000000000000000000e+00
6.185571193695068359e+00 1.582180690765380859e+01 0.000000000000000000e+00
-6.943151473999023438e+00 5.468826889991760254e-01 0.000000000000000000e+00
1.607927680015563965e+00 -1.213852047920227051e+00 0.000000000000000000e+00
6.009726524353027344e+00 1.336800384521484375e+01 0.000000000000000000e+00
5.549908161163330078e+00 -7.612405776977539062e+00 0.000000000000000000e+00
2.897669076919555664e-01 1.393126487731933594e+01 0.000000000000000000e+00
1.170325183868408203e+01 -1.026618361473083496e+00 0.000000000000000000e+00
-1.761303305625915527e+00 4.357905387878417969e+00 0.000000000000000000e+00
1.012759399414062500e+01 -5.675839424133300781e+00 0.000000000000000000e+00
-9.234169960021972656e+00 4.232558727264404297e+00 0.000000000000000000e+00
-1.449054527282714844e+01 5.731013298034667969e+00 0.000000000000000000e+00
6.553194046020507812e+00 -8.898475766181945801e-01 0.000000000000000000e+00
1.461256504058837891e+01 1.280364155769348145e+00 0.000000000000000000e+00
5.653280258178710938e+00 3.330228328704833984e+00 0.000000000000000000e+00
9.662827491760253906e+00 -1.393767261505126953e+01 0.000000000000000000e+00
1.540567576885223389e-01 -7.701549530029296875e+00 0.000000000000000000e+00
1.188977432250976562e+01 1.125441193580627441e+00 0.000000000000000000e+00
-1.103802013397216797e+01 3.190204858779907227e+00 0.000000000000000000e+00
-1.239050579071044922e+01 1.578175187110900879e+00 0.000000000000000000e+00
1.507387447357177734e+01 -7.324503421783447266e+00 0.000000000000000000e+00
4.666724205017089844e+00 2.781971693038940430e-01 0.000000000000000000e+00
4.405131816864013672e+00 -1.288140964508056641e+01 0.000000000000000000e+00
-1.019324684143066406e+01 -1.364020252227783203e+01 0.000000000000000000e+00
1.022521853446960449e+00 2.531058788299560547e+00 0.000000000000000000e+00
4.638568401336669922e+00 4.513896465301513672e+00 0.000000000000000000e+00
3.783722877502441406e+00 -1.576954364776611328e+01 0.000000000000000000e+00
3.646713972091674805e+00 -7.815076351165771484e+00 0.000000000000000000e+00
-1.195114231109619141e+01 -1.035336971282958984e+01 0.000000000000000000e+00
-1.399042129516601562e+01 7.149242162704467773e-01 0.000000000000000000e+00
-2.480471134185791016e+00 1.427260494232177734e+01 0.000000000000000000e+00
-2.086817741394042969e+00 -1.540307140350341797e+01 0.000000000000000000e+00
4.197536468505859375e+00 -4.796263217926025391e+00 0.000000000000000000e+00
-1.669509315490722656e+01 5.243373394012451172e+00 0.000000000000000000e+00
6.071750164031982422e+00 1.201116800308227539e+00 0.000000000000000000e+00
1.382609081268310547e+01 9.535543441772460938e+00 0.000000000000000000e+00
1.175791263580322266e+01 4.359974384307861328e+00 0.000000000000000000e+00
-2.625366210937500000e+00 1.632812500000000000e+01 0.000000000000000000e+00
9.879698753356933594e+00 5.764060497283935547e+00 0.000000000000000000e+00
-1.310878086090087891e+01 6.798409461975097656e+00 0.000000000000000000e+00
-9.919260025024414062e+00 9.682906150817871094e+00 0.000000000000000000e+00
-9.208502769470214844e+00 1.211247158050537109e+01 0.000000000000000000e+00
-1.540338611602783203e+01 7.738160133361816406e+00 0.000000000000000000e+00
-7.183878421783447266e+00 2.572326183319091797e+00 0.000000000000000000e+00
3.564865291118621826e-01 5.895930767059326172e+00 0.000000000000000000e+00
1.545843601226806641e+01 4.646203041076660156e+00 0.000000000000000000e+00
-8.943238258361816406e+00 1.476100158691406250e+01 0.000000000000000000e+00
1.464598083496093750e+01 7.860995769500732422e+00 0.000000000000000000e+00
-1.020857048034667969e+01 -4.553632736206054688e+00 0.000000000000000000e+00
7.352022647857666016e+00 -1.276112174987792969e+01 0.000000000000000000e+00
-1.641267776489257812e+01 1.877280712127685547e+00 0.000000000000000000e+00
1.619679260253906250e+01 1.512348771095275879e+00 0.000000000000000000e+00
7.219653606414794922e+00 -8.406014442443847656e+00 0.000000000000000000e+00
1.118785190582275391e+01 -1.332139492034912109e+01 0.000000000000000000e+00
-8.013528823852539062e+00 1.329406929016113281e+01 0.000000000000000000e+00
1.834574103355407715e+00 7.458384990692138672e+00 0.000000000000000000e+00
5.929199695587158203e+00 -1.344940090179443359e+01 0.000000000000000000e+00
7.895188808441162109e+00 1.499989604949951172e+01 0.000000000000000000e+00
1.708816337585449219e+01 -3.278619050979614258e+00 0.000000000000000000e+00
-1.248211288452148438e+01 -2.190393209457397461e+00 0.000000000000000000e+00
-4.475624561309814453e+00 -8.616896629333496094e+00 0.000000000000000000e+00
8.740480422973632812e+00 7.556578636169433594e+00 0.000000000000000000e+00
7.999722957611083984e-01 1.556029129028320312e+01 0.000000000000000000e+00
-6.240732192993164062e+00 1.609585380554199219e+01 0.000000000000000000e+00
3.609292030334472656e+00 -6.179899692535400391e+00 0.000000000000000000e+00
8.055142402648925781e+00 5.241358280181884766e-02 0.000000000000000000e+00
1.055608153343200684e+00 -4.975903987884521484e+00 0.000000000000000000e+00
-1.816893517971038818e-01 -2.163382917642593384e-01 0.000000000000000000e+00
-9.267939567565917969e+00 -1.004775238037109375e+01 0.000000000000000000e+00
7.537890076637268066e-01 -1.347585201263427734e+01 0.000000000000000000e+00
-9.618983268737792969e-01 -5.679055213928222656e+00 0.000000000000000000e+00
-1.563553333282470703e+01 -7.677909851074218750e+00 0.000000000000000000e+00
-5.447404861450195312e+00 7.663409709930419922e+00 0.000000000000000000e+00
-4.541463851928710938e+00 1.502354907989501953e+01 0.000000000000000000e+00
-9.328421592712402344e+00 5.739667892456054688e+00 0.000000000000000000e+00
3.239157199859619141e+00 1.015099716186523438e+01 0.000000000000000000e+00
2.717278242111206055e+00 -1.099744224548339844e+01 0.000000000000000000e+00
4.092321395874023438e+00 -1.368835210800170898e+00 0.000000000000000000e+00
-2.184918403625488281e+00 5.257071852684020996e-01 0.000000000000000000e+00
-1.707323074340820312e+01 1.278969347476959229e-01 0.000000000000000000e+00
1.253089714050292969e+01 8.738576889038085938e+00 0.000000000000000000e+00
1.172608852386474609e+01 2.829628229141235352e+00 0.000000000000000000e+00
-2.689244985580444336e+00 -1.182904958724975586e+00 0.000000000000000000e+00
-6.801295280456542969e+00 -3.447293758392333984e+00 0.000000000000000000e+00
-3.631290912628173828e+00 1.172510981559753418e+00 0.000000000000000000e+00
4.829085350036621094e+00 6.895123481750488281e+00 0.000000000000000000e+00
1.114194488525390625e+01 7.270296573638916016e+00 0.000000000000000000e+00
-1.899106383323669434e+00 7.443150043487548828e+00 0.000000000000000000e+00
4.039138793945312500e+00 1.934473991394042969e+00 0.000000000000000000e+00
4.900134086608886719e+00 -9.042451858520507812e+00 0.000000000000000000e+00
1.296281695365905762e+00 -8.867297172546386719e+00 0.000000000000000000e+00
1.565619850158691406e+01 -2.490550518035888672e+00 0.000000000000000000e+00
-2.445042610168457031e+00 -2.785160064697265625e+00 0.000000000000000000e+00
4.997137546539306641e+00 1.151433563232421875e+01 0.000000000000000000e+00
3.903378963470458984e+00 1.370478153228759766e+01 0.000000000000000000e+00
1.044889831542968750e+01 -2.243376016616821289e+00 0.000000000000000000e+00
-1.568815517425537109e+01 -2.725342273712158203e+00 0.000000000000000000e+00
-7.426056385040283203e+00 -1.302201080322265625e+01 0.000000000000000000e+00
1.486277008056640625e+01 6.078035831451416016e+00 0.000000000000000000e+00
2.252791881561279297e+00 5.253722190856933594e+00 0.000000000000000000e+00
-1.092442893981933594e+01 1.253234767913818359e+01 0.000000000000000000e+00
3.251046180725097656e+00 -3.441165447235107422e+00 0.000000000000000000e+00
1.195734119415283203e+01 -2.552528381347656250e+00 0.000000000000000000e+00
1.551383304595947266e+01 3.021645307540893555e+00 0.000000000000000000e+00
9.851680755615234375e+00 -4.026985645294189453e+00 0.000000000000000000e+00
-1.434138655662536621e+00 -8.225401878356933594e+00 0.000000000000000000e+00
-1.317746067047119141e+01 -6.565379142761230469e+00 0.000000000000000000e+00
-5.670412540435791016e+00 -1.328034877777099609e+01 0.000000000000000000e+00
-1.396458148956298828e+01 -8.287846565246582031e+00 0.000000000000000000e+00
1.456786251068115234e+01 -9.215663909912109375e+00 0.000000000000000000e+00
4.323693275451660156e+00 -1.072093486785888672e+01 0.000000000000000000e+00
