-3.399282932281494141e+00 1.510323715209960938e+01 0.000000000000000000e+00
-7.231311798095703125e+00 1.418535518646240234e+01 0.000000000000000000e+00
-3.324064016342163086e+00 8.190207481384277344e+00 0.000000000000000000e+00
-1.167158889770507812e+01 2.519015789031982422e+00 0.000000000000000000e+00
-1.403111457824707031e+00 4.409879684448242188e+00 0.000000000000000000e+00
-1.267023563385009766e+01 1.137750530242919922e+01 0.000000000000000000e+00
-1.190736865997314453e+01 -2.428834289312362671e-01 0.000000000000000000e+00
-5.267178535461425781e+00 -1.233944606781005859e+01 0.000000000000000000e+00
-3.406698942184448242e+00 1.068688392639160156e+01 0.000000000000000000e+00
1.327849578857421875e+01 -3.586200952529907227e+00 0.000000000000000000e+00
7.130701065063476562e+00 -1.329364299774169922e+01 0.000000000000000000e+00
3.368091106414794922e+00 5.860049724578857422e+00 0.000000000000000000e+00
1.257470703125000000e+01 5.489418029785156250e+00 0.000000000000000000e+00
-5.452371597290039062e+00 2.941768169403076172e+00 0.000000000000000000e+00
-3.358150720596313477e+00 -1.014624500274658203e+01 0.000000000000000000e+00
9.587835311889648438e+00 3.909795761108398438e+00 0.000000000000000000e+00
-1.032135963439941406e+01 -1.184386444091796875e+01 0.000000000000000000e+00
5.868249535560607910e-01 -1.110028848052024841e-02 0.000000000000000000e+00
5.275121688842773438e+00 5.926784515380859375e+00 0.000000000000000000e+00
-3.792061805725097656e-01 -1.011247444152832031e+01 0.000000000000000000e+00
-1.691452598571777344e+01 -2.435574054718017578e+00 0.000000000000000000e+00
6.177954673767089844e+00 -4.417457580566406250e+00 0.000000000000000000e+00
-1.046688270568847656e+01 1.262902832031250000e+01 0.000000000000000000e+00
1.062112236022949219e+01 -7.561049461364746094e+00 0.000000000000000000e+00
1.065433883666992188e+01 8.630061149597167969e+00 0.000000000000000000e+00
-4.895891189575195312e+00 1.568355178833007812e+01 0.000000000000000000e+00
-1.869575023651123047e+00 -9.281365394592285156e+00 0.000000000000000000e+00
-9.101939201354980469e+00 1.065550327301025391e+01 0.000000000000000000e+00
2.541930437088012695e+00 4.753623157739639282e-02 0.000000000000000000e+00
3.188853740692138672e+00 3.607915401458740234e+00 0.000000000000000000e+00
4.000880241394042969e+00 -3.318110466003417969e+00 0.000000000000000000e+00
1.570563793182373047e+01 -4.887552738189697266e+00 0.000000000000000000e+00
7.072703361511230469e+00 1.562092304229736328e+01 0.000000000000000000e+00
-1.320498085021972656e+01 7.373669147491455078e+00 0.000000000000000000e+00
-6.052309989929199219e+00 -6.400310993194580078e+00 0.000000000000000000e+00
-1.075634956359863281e+01 6.373584747314453125e+00 0.000000000000000000e+00
9.476155281066894531e+00 -6.207561016082763672e+00 0.000000000000000000e+00
1.163959121704101562e+01 -3.629541635513305664e+00 0.000000000000000000e+00
-7.262471914291381836e-01 7.352546691894531250e+00 0.000000000000000000e+00
-1.596469688415527344e+01 -6.238054275512695312e+00 0.000000000000000000e+00
5.790334939956665039e-01 -3.867461681365966797e+00 0.000000000000000000e+00
2.341679811477661133e+00 -5.944690704345703125e+00 0.000000000000000000e+00
-5.220143795013427734e+00 -7.742440223693847656e+00 0.000000000000000000e+00
-8.165438652038574219e+00 1.754952073097229004e+00 0.000000000000000000e+00
-1.055362033843994141e+01 -1.427475333213806152e+00 0.000000000000000000e+00
1.048482990264892578e+01 1.269804763793945312e+01 0.000000000000000000e+00
6.439938068389892578e+00 -1.619462394714355469e+01 0.000000000000000000e+00
-6.136419773101806641e+00 -1.030419826507568359e+00 0.000000000000000000e+00
2.793119907379150391e+00 -1.770691752433776855e+00 0.000000000000000000e+00
-1.272093868255615234e+01 4.779495239257812500e+00 0.000000000000000000e+00
-1.567328166961669922e+01 4.424415588378906250e+00 0.000000000000000000e+00
-7.841309547424316406e+00 -2.679329872131347656e+00 0.000000000000000000e+00
-1.231181263923645020e+00 1.113644790649414062e+01 0.000000000000000000e+00
3.112245321273803711e+00 -9.061195373535156250e+00 0.000000000000000000e+00
-1.015799236297607422e+01 -5.274868488311767578e+00 0.000000000000000000e+00
7.220805644989013672e+00 -6.489217758178710938e+00 0.000000000000000000e+00
8.409719467163085938e+00 -8.972982406616210938e+00 0.000000000000000000e+00
-1.199338150024414062e+01 -1.005018329620361328e+01 0.000000000000000000e+00
-1.525465369224548340e+00 -4.054347515106201172e+00 0.000000000000000000e+00
2.647945642471313477e+00 -1.621247482299804688e+01 0.000000000000000000e+00
1.052994155883789062e+01 5.083277225494384766e+00 0.000000000000000000e+00
-5.197556495666503906e+00 -1.604710960388183594e+01 0.000000000000000000e+00
-1.331960678100585938e+01 -5.654802322387695312e+00 0.000000000000000000e+00
2.407579183578491211e+00 -1.143248081207275391e+01 0.000000000000000000e+00
5.251501560211181641e+00 1.564704513549804688e+01 0.000000000000000000e+00
9.730624198913574219e+00 -3.223484992980957031e+00 0.000000000000000000e+00
-2.241611242294311523e+00 6.221144676208496094e+00 0.000000000000000000e+00
-1.385871982574462891e+01 -7.668431758880615234e+00 0.000000000000000000e+00
6.620802402496337891e+00 -1.979590654373168945e+00 0.000000000000000000e+00
-5.821793079376220703e-01 -1.280808162689208984e+01 0.000000000000000000e+00
1.014260005950927734e+01 1.545173048973083496e+00 0.000000000000000000e+00
1.336488342285156250e+01 4.026334285736083984e+00 0.000000000000000000e+00
1.431075668334960938e+01 9.540985107421875000e+00 0.000000000000000000e+00
1.565329360961914062e+01 -2.565576553344726562e+00 0.000000000000000000e+00
-1.735852122306823730e+00 -1.100679039955139160e+00 0.000000000000000000e+00
-7.241176605224609375e+00 1.244824028015136719e+01 0.000000000000000000e+00
6.954052448272705078e-01 9.988488197326660156e+00 0.000000000000000000e+00
7.238178253173828125e+00 2.244529724121093750e+00 0.000000000000000000e+00
-1.459705233573913574e+00 -5.660212039947509766e+00 0.000000000000000000e+00
-1.637399291992187500e+01 1.606791377067565918e+00 0.000000000000000000e+00
3.190686702728271484e+00 1.272394561767578125e+01 0.000000000000000000e+00
-1.130650997161865234e+00 -2.584440708160400391e+00 0.000000000000000000e+00
-1.181286144256591797e+01 -7.830974102020263672e+00 0.000000000000000000e+00
-1.166186046600341797e+01 -6.246870040893554688e+00 0.000000000000000000e+00
-2.316507101058959961e+00 -1.170527648925781250e+01 0.000000000000000000e+00
-3.211111783981323242e+00 8.367508649826049805e-01 0.000000000000000000e+00
-3.093643665313720703e+00 3.190533876419067383e+00 0.000000000000000000e+00
-2.919816017150878906e+00 1.693062973022460938e+01 0.000000000000000000e+00
-1.414827823638916016e+01 -3.497209072113037109e+00 0.000000000000000000e+00
1.657860183715820312e+01 1.909541249275207520e+00 0.000000000000000000e+00
-1.094678115844726562e+01 4.794302463531494141e+00 0.000000000000000000e+00
6.652180194854736328e+00 9.733026504516601562e+00 0.000000000000000000e+00
2.454651832580566406e+00 1.418334484100341797e+01 0.000000000000000000e+00
1.630527877807617188e+01 5.998465538024902344e+00 0.000000000000000000e+00
4.231996059417724609e+00 8.477711677551269531e+00 0.000000000000000000e+00
5.519621372222900391e+00 -9.425847053527832031e+00 0.000000000000000000e+00
1.530079126358032227e+00 1.610436058044433594e+01 0.000000000000000000e+00
-7.482109546661376953e+00 -6.892459392547607422e+00 0.000000000000000000e+00
1.682280731201171875e+01 -2.124735414981842041e-01 0.000000000000000000e+00
4.143824100494384766e+00 -1.485021686553955078e+01 0.000000000000000000e+00
6.866262435913085938e+00 4.367013931274414062e+00 0.000000000000000000e+00
-5.810195207595825195e-02 2.455159664154052734e+00 0.000000000000000000e+00
1.530143070220947266e+01 4.111479759216308594e+00 0.000000000000000000e+00
8.507476806640625000e+00 7.868697643280029297e+00 0.000000000000000000e+00
-2.702818393707275391e+00 -1.480344676971435547e+01 0.000000000000000000e+00
-7.968750953674316406e+00 -4.174812793731689453e+00 0.000000000000000000e+00
1.551094532012939453e+00 8.501165390014648438e+00 0.000000000000000000e+00
-3.651496410369873047e+00 -1.381407260894775391e+00 0.000000000000000000e+00
-8.440258979797363281e+00 -1.391204452514648438e+01 0.000000000000000000e+00
1.288954353332519531e+01 7.778762340545654297e+00 0.000000000000000000e+00
-8.498142242431640625e+00 2.510828152298927307e-02 0.000000000000000000e+00
-1.810122251510620117e+00 1.393771457672119141e+01 0.000000000000000000e+00
-1.607002067565917969e+01 -1.074343085289001465e+00 0.000000000000000000e+00
-4.364876270294189453e+00 6.479381561279296875e+00 0.000000000000000000e+00
1.410088181495666504e+00 -1.298642253875732422e+01 0.000000000000000000e+00
1.290992259979248047e+01 -1.550919532775878906e+00 0.000000000000000000e+00
-3.373936176300048828e+00 -7.677578926086425781e+00 0.000000000000000000e+00
1.226169776916503906e+01 1.115904235839843750e+01 0.000000000000000000e+00
-4.516687870025634766e+00 -6.059296131134033203e+00 0.000000000000000000e+00
1.356657028198242188e+00 -1.453433799743652344e+01 0.000000000000000000e+00
4.815618991851806641e+00 1.318094921112060547e+01 0.000000000000000000e+00
9.691368103027343750e+00 -1.097060680389404297e+01 0.000000000000000000e+00
1.532898616790771484e+01 7.131190896034240723e-01 0.000000000000000000e+00
-1.929668486118316650e-01 5.528485774993896484e+00 0.000000000000000000e+00
1.226987648010253906e+01 -6.841015815734863281e+00 0.000000000000000000e+00
-6.119310855865478516e+00 4.893683433532714844e+00 0.000000000000000000e+00
-5.362944006919860840e-01 1.538281440734863281e+01 0.000000000000000000e+00
-8.524703025817871094e+00 5.867474555969238281e+00 0.000000000000000000e+00
1.157693958282470703e+01 -1.308694648742675781e+01 0.000000000000000000e+00
-2.766690254211425781e+00 1.242126941680908203e+01 0.000000000000000000e+00
-8.108868598937988281e+00 -1.113001155853271484e+01 0.000000000000000000e+00
6.678244113922119141e+00 7.685773849487304688e+00 0.000000000000000000e+00
5.587828159332275391e+00 3.380984783172607422e+00 0.000000000000000000e+00
1.342849349975585938e+01 8.672900199890136719e-01 0.000000000000000000e+00
-7.331966876983642578e+00 1.072650432586669922e+01 0.000000000000000000e+00
-4.800033092498779297e+00 1.238110923767089844e+01 0.000000000000000000e+00
-1.527040195465087891e+01 7.712614536285400391e+00 0.000000000000000000e+00
-6.493019580841064453e+00 -1.045493125915527344e+01 0.000000000000000000e+00
8.637581825256347656e+00 -1.224713802337646484e+01 0.000000000000000000e+00
1.533127880096435547e+01 -6.736368656158447266e+00 0.000000000000000000e+00
-1.442627525329589844e+01 -1.184133663773536682e-01 0.000000000000000000e+00
1.002349185943603516e+01 -1.423282527923583984e+01 0.000000000000000000e+00
-4.010346531867980957e-01 -1.610820198059082031e+01 0.000000000000000000e+00
5.015407085418701172e+00 -1.783598899841308594e+00 0.000000000000000000e+00
-1.514589691162109375e+01 6.121511459350585938e+00 0.000000000000000000e+00
2.759802341461181641e+00 1.026420783996582031e+01 0.000000000000000000e+00
1.493963909149169922e+01 -1.087652325630187988e+00 0.000000000000000000e+00
1.362356662750244141e+01 -5.850496768951416016e+00 0.000000000000000000e+00
-1.481562519073486328e+01 2.933816909790039062e+00 0.000000000000000000e+00
-8.937431335449218750e+00 8.730485916137695312e+00 0.000000000000000000e+00
1.183138465881347656e+01 -9.224474906921386719e+00 0.000000000000000000e+00
-1.297634220123291016e+01 1.004644274711608887e+00 0.000000000000000000e+00
4.116962432861328125e+00 -1.696501159667968750e+01 0.000000000000000000e+00
-5.799567222595214844e+00 1.255359649658203125e+00 0.000000000000000000e+00
-7.362517833709716797e+00 8.273401260375976562e+00 0.000000000000000000e+00
9.100865364074707031e+00 6.161573886871337891e+00 0.000000000000000000e+00
1.696062469482421875e+01 4.001877784729003906e+00 0.000000000000000000e+00
-8.900661468505859375e+00 1.264652442932128906e+01 0.000000000000000000e+00
5.806569576263427734e+00 5.479653477668762207e-01 0.000000000000000000e+00
-1.390728378295898438e+01 -9.739717483520507812e+00 0.000000000000000000e+00
-8.214047551155090332e-01 1.262629318237304688e+01 0.000000000000000000e+00
1.374533939361572266e+01 -8.649374008178710938e+00 0.000000000000000000e+00
-1.858748197555541992e+00 2.164840459823608398e+00 0.000000000000000000e+00
-8.671014785766601562e+00 -8.775390625000000000e+00 0.000000000000000000e+00
1.390481281280517578e+01 2.482739448547363281e+00 0.000000000000000000e+00
4.699912071228027344e+00 -1.319359111785888672e+01 0.000000000000000000e+00
1.025744247436523438e+01 1.087269020080566406e+01 0.000000000000000000e+00
-6.880420207977294922e+00 -1.442470836639404297e+01 0.000000000000000000e+00
8.540069580078125000e+00 1.527449417114257812e+01 0.000000000000000000e+00
-3.390461921691894531e+00 -4.265840053558349609e+00 0.000000000000000000e+00
6.945754051208496094e+00 1.317398548126220703e+01 0.000000000000000000e+00
-9.665033221244812012e-01 9.140195846557617188e+00 0.000000000000000000e+00
-5.460324764251708984e+00 -3.745513200759887695e+00 0.000000000000000000e+00
-5.734177589416503906e+00 1.040664863586425781e+01 0.000000000000000000e+00
1.485682010650634766e+01 8.068947792053222656e+00 0.000000000000000000e+00
-1.105790805816650391e+01 8.122517585754394531e+00 0.000000000000000000e+00
-1.216512203216552734e+01 -1.221913433074951172e+01 0.000000000000000000e+00
1.259877872467041016e+01 -1.159049892425537109e+01 0.000000000000000000e+00
1.567594408988952637e+00 1.144552898406982422e+01 0.000000000000000000e+00
1.649485230445861816e-01 -8.399224281311035156e+00 0.000000000000000000e+00
3.746252775192260742e+00 1.375146031379699707e+00 0.000000000000000000e+00
8.356867790222167969e+00 1.147196292877197266e+01 0.000000000000000000e+00
-1.402888393402099609e+01 9.209133148193359375e+00 0.000000000000000000e+00
3.743166446685791016e+00 1.653141212463378906e+01 0.000000000000000000e+00
5.399467945098876953e+00 -1.155251502990722656e+01 0.000000000000000000e+00
-1.037941169738769531e+01 -9.784679412841796875e+00 0.000000000000000000e+00
1.212448477745056152e+00 4.216478824615478516e+00 0.000000000000000000e+00
-1.002613735198974609e+01 2.477315187454223633e+00 0.000000000000000000e+00
-5.981299877166748047e+00 6.831041336059570312e+00 0.000000000000000000e+00
-7.680178165435791016e+00 4.337486743927001953e+00 0.000000000000000000e+00
-1.459404563903808594e+01 -1.890366792678833008e+00 0.000000000000000000e+00
-1.252276039123535156e+01 9.272585868835449219e+00 0.000000000000000000e+00
-2.333686113357543945e+00 -1.329056549072265625e+01 0.000000000000000000e+00
6.680879116058349609e+00 1.140102291107177734e+01 0.000000000000000000e+00
-3.920940399169921875e+00 -1.371357822418212891e+01 0.000000000000000000e+00
4.396515846252441406e+00 -6.035158157348632812e+00 0.000000000000000000e+00
1.141700935363769531e+01 3.870404958724975586e-01 0.000000000000000000e+00
-1.207959365844726562e+01 -4.619452953338623047e+00 0.000000000000000000e+00
-3.465538471937179565e-02 1.741099357604980469e+01 0.000000000000000000e+00
7.211096763610839844e+00 -3.146774172782897949e-01 0.000000000000000000e+00
1.130141544342041016e+01 -2.031417608261108398e+00 0.000000000000000000e+00
6.664404869079589844e+00 -8.395444869995117188e+00 0.000000000000000000e+00
-9.328682422637939453e-01 8.464971184730529785e-01 0.000000000000000000e+00
-3.722512006759643555e+00 -1.658109664916992188e+01 0.000000000000000000e+00
4.345331668853759766e+00 -3.434380590915679932e-01 0.000000000000000000e+00
1.151046943664550781e+01 3.187003374099731445e+00 0.000000000000000000e+00
-6.686397552490234375e+00 -8.763136863708496094e+00 0.000000000000000000e+00
1.399078559875488281e+01 -1.041653633117675781e+01 0.000000000000000000e+00
1.008477306365966797e+01 -1.070232510566711426e+00 0.000000000000000000e+00
7.488010525703430176e-01 -6.411715030670166016e+00 0.000000000000000000e+00
1.268238425254821777e+00 -9.580755233764648438e+00 0.000000000000000000e+00
8.399774551391601562e+00 -4.269188404083251953e+00 0.000000000000000000e+00
-1.740846633911132812e+01 2.798978984355926514e-01 0.000000000000000000e+00
1.502273559570312500e+00 1.407409191131591797e+00 0.000000000000000000e+00
7.163228034973144531e+00 -1.040085220336914062e+01 0.000000000000000000e+00
-1.046627998352050781e+01 -3.413896799087524414e+00 0.000000000000000000e+00
5.262309074401855469e+00 1.086262035369873047e+01 0.000000000000000000e+00
-1.658788108825683594e+01 -4.002523899078369141e+00 0.000000000000000000e+00
-9.947379112243652344e+00 -1.423870372772216797e+01 0.000000000000000000e+00
1.156881809234619141e+00 -1.413025021553039551e+00 0.000000000000000000e+00
-4.953745365142822266e+00 -9.733498573303222656e+00 0.000000000000000000e+00
8.666501045227050781e+00 3.475923538208007812e-01 0.000000000000000000e+00
7.285615444183349609e+00 6.280775070190429688e+00 0.000000000000000000e+00
5.773737430572509766e+00 -1.466272640228271484e+01 0.000000000000000000e+00
-2.210827171802520752e-01 -1.454275512695312500e+01 0.000000000000000000e+00
-2.864223480224609375e+00 -6.215605735778808594e+00 0.000000000000000000e+00
4.690466880798339844e+00 -7.559293270111083984e+00 0.000000000000000000e+00
2.076897859573364258e+00 6.632019042968750000e+00 0.000000000000000000e+00
-1.231935119628906250e+01 -2.900116920471191406e+00 0.000000000000000000e+00
2.447095870971679688e+00 -3.357859611511230469e+00 0.000000000000000000e+00
-2.132721662521362305e+00 -1.658116531372070312e+01 0.000000000000000000e+00
1.161241531372070312e+01 -5.470448493957519531e+00 0.000000000000000000e+00
1.036701393127441406e+01 7.004609584808349609e+00 0.000000000000000000e+00
-1.040271472930908203e+01 9.858981132507324219e+00 0.000000000000000000e+00
1.009909725189208984e+01 -9.339449882507324219e+00 0.000000000000000000e+00
9.132996559143066406e+00 1.335562229156494141e+01 0.000000000000000000e+00
-4.852962493896484375e+00 8.761395454406738281e+00 0.000000000000000000e+00
1.211687469482421875e+01 9.066224098205566406e+00 0.000000000000000000e+00
-9.982740402221679688e+00 4.722727835178375244e-01 0.000000000000000000e+00
-6.614222049713134766e+00 -4.990110397338867188e+00 0.000000000000000000e+00
1.697047996520996094e+01 -4.000601768493652344e+00 0.000000000000000000e+00
-9.183754920959472656e+00 -6.693955898284912109e+00 0.000000000000000000e+00
-5.408823490142822266e+00 -1.403887271881103516e+01 0.000000000000000000e+00
2.199761152267456055e+00 -7.447591304779052734e+00 0.000000000000000000e+00
-3.778014659881591797e+00 4.912111282348632812e+00 0.000000000000000000e+00
-7.508036613464355469e+00 1.579026222229003906e+01 0.000000000000000000e+00
-7.119556427001953125e+00 -1.227674674987792969e+01 0.000000000000000000e+00
-1.536185741424560547e+01 -7.656076908111572266e+00 0.000000000000000000e+00
1.029324245452880859e+01 -4.725768566131591797e+00 0.000000000000000000e+00
3.906099319458007812e+00 -1.067879295349121094e+01 0.000000000000000000e+00
-7.338036060333251953e+00 -1.588665008544921875e+01 0.000000000000000000e+00
-1.716630363464355469e+01 3.115841150283813477e+00 0.000000000000000000e+00
7.214903235435485840e-01 1.296267795562744141e+01 0.000000000000000000e+00
-9.123009681701660156e+00 1.414100170135498047e+01 0.000000000000000000e+00
-4.492864608764648438e+00 1.396815299987792969e+01 0.000000000000000000e+00
7.766849994659423828e+00 -1.500604534149169922e+01 0.000000000000000000e+00
