-1.996480822563171387e+00 -1.170862483978271484e+01 0.000000000000000000e+00
-7.528295040130615234e+00 8.755262374877929688e+00 0.000000000000000000e+00
-4.272470951080322266e+00 6.961567401885986328e+00 0.000000000000000000e+00
6.250031471252441406e+00 -1.424685192108154297e+01 0.000000000000000000e+00
1.022502899169921875e+01 -1.057618618011474609e+01 0.000000000000000000e+00
-2.037585258483886719e+00 -1.357154750823974609e+01 0.000000000000000000e+00
5.303637385368347168e-01 -5.235963344573974609e+00 0.000000000000000000e+00
6.798246383666992188e+00 4.616610050201416016e+00 0.000000000000000000e+00
9.406785964965820312e+00 -3.563275575637817383e+00 0.000000000000000000e+00
9.334749221801757812e+00 -8.191158294677734375e+00 0.000000000000000000e+00
1.700408554077148438e+01 5.807383656501770020e-01 0.000000000000000000e+00
1.497637271881103516e+00 5.405322074890136719e+00 0.000000000000000000e+00
-2.891546249389648438e+00 -6.892129421234130859e+00 0.000000000000000000e+00
-1.468145275115966797e+01 -6.171538352966308594e+00 0.000000000000000000e+00
-1.128484535217285156e+01 6.889112472534179688e+00 0.000000000000000000e+00
-1.215406608581542969e+01 -7.751913547515869141e+00 0.000000000000000000e+00
-9.490768432617187500e+00 1.730779886245727539e+00 0.000000000000000000e+00
-9.016530990600585938e+00 -8.373370766639709473e-01 0.000000000000000000e+00
-3.093304395675659180e+00 7.960070610046386719e+00 0.000000000000000000e+00
3.569033384323120117e+00 1.543215990066528320e+00 0.000000000000000000e+00
3.529594659805297852e+00 -1.636978530883789062e+01 0.000000000000000000e+00
1.140315532684326172e+01 -7.989043712615966797e+00 0.000000000000000000e+00
-8.252252578735351562e+00 -1.401555061340332031e+01 0.000000000000000000e+00
-1.910638332366943359e+00 -3.671132922172546387e-01 0.000000000000000000e+00
1.180695629119873047e+01 -1.544004917144775391e+00 0.000000000000000000e+00
-1.004878520965576172e+01 -3.806290149688720703e+00 0.000000000000000000e+00
1.605727005004882812e+01 2.161010026931762695e+00 0.000000000000000000e+00
1.097965478897094727e+00 2.086095571517944336e+00 0.000000000000000000e+00
1.374297332763671875e+01 -9.991897583007812500e+00 0.000000000000000000e+00
1.063817787170410156e+01 9.950672149658203125e+00 0.000000000000000000e+00
-6.878894805908203125e+00 2.369225263595581055e+00 0.000000000000000000e+00
-3.997059822082519531e+00 1.063181495666503906e+01 0.000000000000000000e+00
7.629181385040283203e+00 -9.417816162109375000e+00 0.000000000000000000e+00
-1.579158020019531250e+01 2.792308807373046875e+00 0.000000000000000000e+00
-7.702098846435546875e+00 -1.173426723480224609e+01 0.000000000000000000e+00
-6.936496734619140625e+00 -5.378708243370056152e-01 0.000000000000000000e+00
1.469514846801757812e+00 1.708499717712402344e+01 0.000000000000000000e+00
9.009216308593750000e+00 -5.719903111457824707e-01 0.000000000000000000e+00
1.156509780883789062e+01 -6.296649932861328125e+00 0.000000000000000000e+00
1.109571337699890137e+00 -1.037096881866455078e+01 0.000000000000000000e+00
-1.038097763061523438e+01 -1.223544311523437500e+01 0.000000000000000000e+00
-3.854716062545776367e+00 -1.171756744384765625e+01 0.000000000000000000e+00
-1.397320461273193359e+01 2.495222568511962891e+00 0.000000000000000000e+00
-7.449064254760742188e-01 3.008464574813842773e+00 0.000000000000000000e+00
3.803728818893432617e+00 -1.055713748931884766e+01 0.000000000000000000e+00
1.587984848022460938e+01 -4.456307888031005859e+00 0.000000000000000000e+00
-1.208013534545898438e+01 -1.349314570426940918e+00 0.000000000000000000e+00
4.545134544372558594e+00 -6.821612358093261719e+00 0.000000000000000000e+00
2.783762693405151367e+00 1.483369255065917969e+01 0.000000000000000000e+00
4.630830287933349609e+00 -4.764742851257324219e+00 0.000000000000000000e+00
4.719204425811767578e+00 1.662009048461914062e+01 0.000000000000000000e+00
1.408926486968994141e+01 -6.231889247894287109e+00 0.000000000000000000e+00
5.337897300720214844e+00 -3.008727788925170898e+00 0.000000000000000000e+00
1.425505352020263672e+01 -5.130056142807006836e-01 0.000000000000000000e+00
-6.390083789825439453e+00 7.504628181457519531e+00 0.000000000000000000e+00
1.928945899009704590e+00 3.475381135940551758e+00 0.000000000000000000e+00
-2.351491928100585938e+00 6.137346744537353516e+00 0.000000000000000000e+00
-9.565904617309570312e+00 -1.067027950286865234e+01 0.000000000000000000e+00
2.217067718505859375e+00 -1.159562206268310547e+01 0.000000000000000000e+00
-1.132695579528808594e+01 3.229227781295776367e+00 0.000000000000000000e+00
-1.454644680023193359e+00 1.155265522003173828e+01 0.000000000000000000e+00
-5.076880931854248047e+00 -1.044422817230224609e+01 0.000000000000000000e+00
3.239604234695434570e+00 1.697163391113281250e+01 0.000000000000000000e+00
-5.706220626831054688e+00 -7.256261825561523438e+00 0.000000000000000000e+00
-1.406072711944580078e+01 -9.024633407592773438e+00 0.000000000000000000e+00
4.919563770294189453e+00 -1.294007205963134766e+01 0.000000000000000000e+00
6.623188972473144531e+00 -8.029690742492675781e+00 0.000000000000000000e+00
6.615462303161621094e+00 1.376977252960205078e+01 0.000000000000000000e+00
7.875146389007568359e+00 -1.376822471618652344e+01 0.000000000000000000e+00
-4.789965629577636719e+00 -2.462279081344604492e+00 0.000000000000000000e+00
-2.593921422958374023e+00 1.833309292793273926e+00 0.000000000000000000e+00
1.186761379241943359e+01 -9.826310157775878906e+00 0.000000000000000000e+00
-6.101482510566711426e-01 -3.068644762039184570e+00 0.000000000000000000e+00
-1.491940498352050781e+01 -1.593165695667266846e-01 0.000000000000000000e+00
8.356524467468261719e+00 9.328930854797363281e+00 0.000000000000000000e+00
-3.947475194931030273e+00 -4.166330814361572266e+00 0.000000000000000000e+00
-3.657030582427978516e+00 3.123579502105712891e+00 0.000000000000000000e+00
5.830613613128662109e+00 1.549808120727539062e+01 0.000000000000000000e+00
1.121895408630371094e+01 1.265035438537597656e+01 0.000000000000000000e+00
8.781573176383972168e-01 -8.684149742126464844e+00 0.000000000000000000e+00
1.168481922149658203e+01 -3.101583003997802734e+00 0.000000000000000000e+00
-3.240887880325317383e+00 -9.663599014282226562e+00 0.000000000000000000e+00
7.361648559570312500e+00 1.189503479003906250e+01 0.000000000000000000e+00
3.546094417572021484e+00 1.163342475891113281e+01 0.000000000000000000e+00
1.061242485046386719e+01 7.636616230010986328e+00 0.000000000000000000e+00
-1.389153861999511719e+01 -7.458453655242919922e+00 0.000000000000000000e+00
-1.501432228088378906e+01 6.729919910430908203e+00 0.000000000000000000e+00
3.837792634963989258e+00 -2.846938371658325195e+00 0.000000000000000000e+00
-1.629855346679687500e+01 4.884402751922607422e+00 0.000000000000000000e+00
-3.863272190093994141e+00 1.482668018341064453e+01 0.000000000000000000e+00
3.115572452545166016e+00 1.016558265686035156e+01 0.000000000000000000e+00
5.588773488998413086e-01 -1.464428520202636719e+01 0.000000000000000000e+00
4.187551498413085938e+00 1.378571891784667969e+01 0.000000000000000000e+00
1.598729133605957031e+01 6.100910663604736328e+00 0.000000000000000000e+00
3.997238636016845703e+00 -8.686065673828125000e+00 0.000000000000000000e+00
8.434622764587402344e+00 3.285995244979858398e+00 0.000000000000000000e+00
-8.787213325500488281e+00 1.235747814178466797e+01 0.000000000000000000e+00
5.711214542388916016e+00 2.973495244979858398e+00 0.000000000000000000e+00
-6.571615934371948242e-01 -1.093050289154052734e+01 0.000000000000000000e+00
1.239939117431640625e+01 7.859500885009765625e+00 0.000000000000000000e+00
-5.223934650421142578e+00 -1.642430686950683594e+01 0.000000000000000000e+00
1.779896974563598633e+00 6.893678665161132812e+00 0.000000000000000000e+00
9.214748382568359375e+00 -5.285686969757080078e+00 0.000000000000000000e+00
7.746258258819580078e+00 1.505796146392822266e+01 0.000000000000000000e+00
5.388414382934570312e+00 -1.149791049957275391e+01 0.000000000000000000e+00
1.116845989227294922e+01 1.364525675773620605e+00 0.000000000000000000e+00
-1.151679515838623047e+01 -1.106035804748535156e+01 0.000000000000000000e+00
9.680796623229980469e+00 4.577200889587402344e+00 0.000000000000000000e+00
5.125229835510253906e+00 -1.642281341552734375e+01 0.000000000000000000e+00
-1.443532466888427734e+01 4.041866779327392578e+00 0.000000000000000000e+00
1.112453365325927734e+01 5.288152694702148438e+00 0.000000000000000000e+00
9.780476570129394531e+00 -6.714721202850341797e+00 0.000000000000000000e+00
-1.140180587768554688e+01 -6.104857444763183594e+00 0.000000000000000000e+00
-5.941287994384765625e+00 1.495503902435302734e+01 0.000000000000000000e+00
5.959627151489257812e+00 1.369311213493347168e-01 0.000000000000000000e+00
4.675472259521484375e+00 4.574831485748291016e+00 0.000000000000000000e+00
5.704339981079101562e+00 -1.375666737556457520e+00 0.000000000000000000e+00
-9.132638931274414062e+00 7.191587448120117188e+00 0.000000000000000000e+00
-5.706050872802734375e+00 9.237537384033203125e+00 0.000000000000000000e+00
9.950438499450683594e+00 2.433207273483276367e+00 0.000000000000000000e+00
-1.683006095886230469e+01 -3.257106781005859375e+00 0.000000000000000000e+00
-1.203408598899841309e+00 -1.488550090789794922e+01 0.000000000000000000e+00
-1.209023952484130859e+01 8.379919052124023438e+00 0.000000000000000000e+00
7.034356594085693359e+00 -5.020340919494628906e+00 0.000000000000000000e+00
1.354450416564941406e+01 -4.684020996093750000e+00 0.000000000000000000e+00
-6.903034687042236328e+00 -2.965476751327514648e+00 0.000000000000000000e+00
-1.435566806793212891e+01 9.080693244934082031e+00 0.000000000000000000e+00
1.390040779113769531e+01 8.328613281250000000e+00 0.000000000000000000e+00
-1.320367336273193359e+01 -1.122886371612548828e+01 0.000000000000000000e+00
2.943304777145385742e+00 7.856791496276855469e+00 0.000000000000000000e+00
5.871037006378173828e+00 6.742936134338378906e+00 0.000000000000000000e+00
6.971055984497070312e+00 7.990471363067626953e+00 0.000000000000000000e+00
-6.566762447357177734e+00 -5.789097309112548828e+00 0.000000000000000000e+00
-1.380871582031250000e+01 5.717390060424804688e+00 0.000000000000000000e+00
1.243953132629394531e+01 4.165030956268310547e+00 0.000000000000000000e+00
3.290683627128601074e-01 8.582283020019531250e+00 0.000000000000000000e+00
-1.258140659332275391e+01 1.113790702819824219e+01 0.000000000000000000e+00
-9.821600914001464844e+00 8.738036155700683594e+00 0.000000000000000000e+00
1.545518970489501953e+01 -7.423900127410888672e+00 0.000000000000000000e+00
-1.890376925468444824e+00 -4.679968357086181641e+00 0.000000000000000000e+00
1.072162151336669922e+01 -1.239051151275634766e+01 0.000000000000000000e+00
5.956729412078857422e+00 1.106850433349609375e+01 0.000000000000000000e+00
-1.005417108535766602e+00 -9.047968864440917969e+00 0.000000000000000000e+00
-5.070036888122558594e+00 1.241345882415771484e+01 0.000000000000000000e+00
2.263860464096069336e+00 3.296406939625740051e-02 0.000000000000000000e+00
1.550428986549377441e+00 -3.387310981750488281e+00 0.000000000000000000e+00
-5.170994758605957031e+00 -1.383880805969238281e+01 0.000000000000000000e+00
-9.546172142028808594e+00 5.670746803283691406e+00 0.000000000000000000e+00
-1.644429445266723633e+00 1.703033256530761719e+01 0.000000000000000000e+00
-4.757009506225585938e+00 5.095156192779541016e+00 0.000000000000000000e+00
-2.314651757478713989e-01 -1.299855899810791016e+01 0.000000000000000000e+00
-5.146181106567382812e+00 1.629710006713867188e+01 0.000000000000000000e+00
-1.319797229766845703e+01 -3.862594366073608398e+00 0.000000000000000000e+00
-9.537751197814941406e+00 3.887797832489013672e+00 0.000000000000000000e+00
1.507000827789306641e+01 4.158675670623779297e+00 0.000000000000000000e+00
-1.384552383422851562e+01 -2.158299446105957031e+00 0.000000000000000000e+00
8.106630325317382812e+00 -1.162807464599609375e+01 0.000000000000000000e+00
-7.021865844726562500e+00 1.251536941528320312e+01 0.000000000000000000e+00
5.510689616203308105e-01 1.274901181459426880e-01 0.000000000000000000e+00
2.730325758457183838e-01 1.020634460449218750e+01 0.000000000000000000e+00
6.215713500976562500e+00 9.504363059997558594e+00 0.000000000000000000e+00
2.716900110244750977e+00 -6.662068367004394531e+00 0.000000000000000000e+00
5.869960308074951172e+00 -9.929924964904785156e+00 0.000000000000000000e+00
-1.567909598350524902e+00 1.355038833618164062e+01 0.000000000000000000e+00
3.709038972854614258e+00 3.205558300018310547e+00 0.000000000000000000e+00
1.296333694458007812e+01 -1.161206340789794922e+01 0.000000000000000000e+00
3.439214468002319336e+00 -1.430766010284423828e+01 0.000000000000000000e+00
-6.672980785369873047e+00 4.645841598510742188e+00 0.000000000000000000e+00
-3.715672492980957031e+00 -1.659441375732421875e+01 0.000000000000000000e+00
-7.000685214996337891e+00 -1.524205398559570312e+01 0.000000000000000000e+00
3.053438365459442139e-01 -7.197955131530761719e+00 0.000000000000000000e+00
-1.143268966674804688e+01 1.306921672821044922e+01 0.000000000000000000e+00
1.543162345886230469e+01 7.950769901275634766e+00 0.000000000000000000e+00
1.468945503234863281e+01 1.133850336074829102e+00 0.000000000000000000e+00
1.329612350463867188e+01 -2.811810731887817383e+00 0.000000000000000000e+00
-3.716200828552246094e+00 1.703257560729980469e+01 0.000000000000000000e+00
-7.698766708374023438e+00 -7.871563911437988281e+00 0.000000000000000000e+00
-7.666657924652099609e+00 1.546724319458007812e+01 0.000000000000000000e+00
1.505019664764404297e+00 -1.673799514770507812e+01 0.000000000000000000e+00
-6.048399806022644043e-01 1.589095211029052734e+01 0.000000000000000000e+00
-1.514981031417846680e+00 4.734404087066650391e+00 0.000000000000000000e+00
1.290620994567871094e+01 1.157651996612548828e+01 0.000000000000000000e+00
-1.645663452148437500e+01 -4.832192420959472656e+00 0.000000000000000000e+00
-4.793029308319091797e+00 -2.339610271155834198e-02 0.000000000000000000e+00
1.289801025390625000e+01 -7.443277359008789062e+00 0.000000000000000000e+00
-5.729210853576660156e+00 -9.023043632507324219e+00 0.000000000000000000e+00
-9.197186470031738281e+00 -8.007638931274414062e+00 0.000000000000000000e+00
8.272198438644409180e-01 1.191698360443115234e+01 0.000000000000000000e+00
-3.196044206619262695e+00 -1.536111831665039062e+00 0.000000000000000000e+00
1.312473964691162109e+01 2.213364124298095703e+00 0.000000000000000000e+00
9.627543449401855469e+00 1.421638011932373047e+01 0.000000000000000000e+00
8.582932472229003906e+00 5.676617145538330078e+00 0.000000000000000000e+00
1.300373172760009766e+01 3.214073479175567627e-01 0.000000000000000000e+00
7.297408103942871094e+00 1.843189716339111328e+00 0.000000000000000000e+00
-8.935357093811035156e+00 1.420109558105468750e+01 0.000000000000000000e+00
9.508298039436340332e-01 -2.003332614898681641e+00 0.000000000000000000e+00
-8.508831977844238281e+00 -5.762907505035400391e+00 0.000000000000000000e+00
-1.033601093292236328e+01 1.173652076721191406e+01 0.000000000000000000e+00
2.149212598800659180e+00 1.288996124267578125e+01 0.000000000000000000e+00
-1.031863212585449219e+01 -2.900968864560127258e-02 0.000000000000000000e+00
-1.383843064308166504e+00 7.879035472869873047e+00 0.000000000000000000e+00
5.694216489791870117e-01 1.390765190124511719e+01 0.000000000000000000e+00
7.567289352416992188e+00 -2.863768100738525391e+00 0.000000000000000000e+00
1.504377841949462891e+01 -2.182490110397338867e+00 0.000000000000000000e+00
-1.728584671020507812e+01 -5.171008706092834473e-01 0.000000000000000000e+00
2.135198116302490234e+00 -5.002328872680664062e+00 0.000000000000000000e+00
3.997856616973876953e+00 6.468332767486572266e+00 0.000000000000000000e+00
2.025105714797973633e+00 -1.532256603240966797e+01 0.000000000000000000e+00
-3.659314870834350586e+00 1.300242137908935547e+01 0.000000000000000000e+00
-5.078135013580322266e+00 1.696063280105590820e+00 0.000000000000000000e+00
-9.282936096191406250e+00 -2.483483791351318359e+00 0.000000000000000000e+00
-5.981046676635742188e+00 1.080201625823974609e+01 0.000000000000000000e+00
1.366611576080322266e+01 9.854357719421386719e+00 0.000000000000000000e+00
9.076302528381347656e+00 1.087606525421142578e+01 0.000000000000000000e+00
1.168536567687988281e+01 -4.654774188995361328e+00 0.000000000000000000e+00
7.322503089904785156e+00 -1.538845825195312500e+01 0.000000000000000000e+00
8.965459823608398438e+00 1.254229068756103516e+01 0.000000000000000000e+00
-9.864681959152221680e-02 1.730700302124023438e+01 0.000000000000000000e+00
2.554916143417358398e+00 -9.534867286682128906e+00 0.000000000000000000e+00
-1.490822792053222656e+01 -3.909470319747924805e+00 0.000000000000000000e+00
-7.263476252555847168e-01 1.338952064514160156e+00 0.000000000000000000e+00
-1.196580982208251953e+01 9.776510000228881836e-01 0.000000000000000000e+00
-7.925551414489746094e+00 1.035972976684570312e+01 0.000000000000000000e+00
1.684468841552734375e+01 -1.001861095428466797e+00 0.000000000000000000e+00
-1.129958152770996094e+01 9.679243087768554688e+00 0.000000000000000000e+00
1.219685459136962891e+01 9.423053741455078125e+00 0.000000000000000000e+00
-1.144256973266601562e+01 -3.250124931335449219e+00 0.000000000000000000e+00
-7.925306320190429688e+00 9.131972789764404297e-01 0.000000000000000000e+00
-1.559761047363281250e+01 -2.063868045806884766e+00 0.000000000000000000e+00
-1.266826629638671875e+01 4.393532276153564453e+00 0.000000000000000000e+00
-1.364191293716430664e+00 9.820961952209472656e+00 0.000000000000000000e+00
-1.810755372047424316e+00 -1.710821151733398438e+01 0.000000000000000000e+00
3.212512284517288208e-02 5.061003684997558594e+00 0.000000000000000000e+00
1.715571784973144531e+01 -2.749730348587036133e+00 0.000000000000000000e+00
8.687520027160644531e+00 7.500836372375488281e+00 0.000000000000000000e+00
-1.689052009582519531e+01 1.738898634910583496e+00 0.000000000000000000e+00
-1.467788219451904297e+00 -6.333245277404785156e+00 0.000000000000000000e+00
-1.091576516628265381e-01 6.571166038513183594e+00 0.000000000000000000e+00
-4.213918447494506836e-01 -1.638542556762695312e+01 0.000000000000000000e+00
-1.258226490020751953e+01 -9.413990974426269531e+00 0.000000000000000000e+00
-4.118978023529052734e+00 -8.281189918518066406e+00 0.000000000000000000e+00
-1.342293643951416016e+01 7.364675998687744141e+00 0.000000000000000000e+00
9.288692474365234375e+00 -1.317785835266113281e+01 0.000000000000000000e+00
1.343023586273193359e+01 5.334764957427978516e+00 0.000000000000000000e+00
1.026042270660400391e+01 -1.935213804244995117e+00 0.000000000000000000e+00
4.709882259368896484e+00 8.278619766235351562e+00 0.000000000000000000e+00
-1.041621875762939453e+01 -1.393508434295654297e+01 0.000000000000000000e+00
-6.577963829040527344e+00 -1.027443408966064453e+01 0.000000000000000000e+00
-2.422620058059692383e+00 1.553070068359375000e+01 0.000000000000000000e+00
4.454634189605712891e+00 -3.633258640766143799e-01 0.000000000000000000e+00
-1.018089580535888672e+01 -9.151273727416992188e+00 0.000000000000000000e+00
8.960525512695312500e+00 1.065379381179809570e+00 0.000000000000000000e+00
-3.111922740936279297e+00 4.572220802307128906e+00 0.000000000000000000e+00
-6.606783866882324219e+00 -1.333949756622314453e+01 0.000000000000000000e+00
8.270698547363281250e+00 -6.482316017150878906e+00 0.000000000000000000e+00
-8.136503219604492188e+00 -9.749070167541503906e+00 0.000000000000000000e+00
