-2.648013182265802179e+00 -1.388387069463654644e-01
-1.811621690492656755e+00 7.901119227910238241e-01
-9.752301987195111099e-01 1.719062552528413113e+00
-1.388387069463654644e-01 2.648013182265802179e+00
-1.719062552528413113e+00 -9.752301987195111099e-01
-8.826710607552674670e-01 -4.627956898212182146e-02
-4.627956898212182146e-02 8.826710607552674670e-01
7.901119227910238241e-01 1.811621690492656755e+00
-7.901119227910238241e-01 -1.811621690492656755e+00
4.627956898212182146e-02 -8.826710607552674670e-01
8.826710607552674670e-01 4.627956898212182146e-02
1.719062552528413113e+00 9.752301987195111099e-01
1.388387069463654644e-01 -2.648013182265802179e+00
9.752301987195111099e-01 -1.719062552528413113e+00
1.811621690492656755e+00 -7.901119227910238241e-01
2.648013182265802179e+00 1.388387069463654644e-01
