3.299325466156005859e+00 -1.231959629058837891e+01 0.000000000000000000e+00
-9.370162010192871094e+00 -1.356267833709716797e+01 0.000000000000000000e+00
-8.704685211181640625e+00 -1.691919922828674316e+00 0.000000000000000000e+00
7.958823204040527344e+00 -1.623827934265136719e+00 0.000000000000000000e+00
-6.827858448028564453e+00 -2.976075410842895508e+00 0.000000000000000000e+00
2.626521587371826172e+00 -1.601540684700012207e+00 0.000000000000000000e+00
-6.321244239807128906e+00 -1.124009037017822266e+01 0.000000000000000000e+00
2.440987586975097656e+00 7.327222824096679688e+00 0.000000000000000000e+00
-1.189057064056396484e+01 1.268466472625732422e+01 0.000000000000000000e+00
-1.407182312011718750e+01 -3.751019001007080078e+00 0.000000000000000000e+00
1.603712272644042969e+01 -5.100478529930114746e-01 0.000000000000000000e+00
1.211528587341308594e+01 -9.884016036987304688e+00 0.000000000000000000e+00
1.376663017272949219e+01 4.718911170959472656e+00 0.000000000000000000e+00
9.661995887756347656e+00 1.230933284759521484e+01 0.000000000000000000e+00
-6.339423656463623047e+00 9.474114418029785156e+00 0.000000000000000000e+00
1.220832538604736328e+01 -1.648574709892272949e+00 0.000000000000000000e+00
-8.525225639343261719e+00 -6.391710758209228516e+00 0.000000000000000000e+00
1.147812366485595703e+01 7.023271083831787109e+00 0.000000000000000000e+00
-7.730758190155029297e-01 7.965321540832519531e+00 0.000000000000000000e+00
-3.156802892684936523e+00 -7.215722084045410156e+00 0.000000000000000000e+00
3.814169883728027344e+00 7.393600940704345703e-01 0.000000000000000000e+00
4.646400511264801025e-01 -1.126671123504638672e+01 0.000000000000000000e+00
-1.600732445716857910e+00 3.069952726364135742e+00 0.000000000000000000e+00
1.248262214660644531e+01 1.069741058349609375e+01 0.000000000000000000e+00
-1.187909221649169922e+01 -1.261564826965332031e+01 0.000000000000000000e+00
-2.125927209854125977e+00 -4.593650698661804199e-01 0.000000000000000000e+00
9.489017486572265625e+00 -3.569068908691406250e-01 0.000000000000000000e+00
6.472170352935791016e+00 1.152390241622924805e+00 0.000000000000000000e+00
8.013993263244628906e+00 2.520529031753540039e+00 0.000000000000000000e+00
-2.064256906509399414e+00 -1.070102405548095703e+01 0.000000000000000000e+00
-3.476874351501464844e+00 1.301645088195800781e+01 0.000000000000000000e+00
-8.813232421875000000e+00 7.000797748565673828e+00 0.000000000000000000e+00
-5.411339759826660156e+00 -4.861451625823974609e+00 0.000000000000000000e+00
1.063800907135009766e+01 -8.568537712097167969e+00 0.000000000000000000e+00
1.164742374420166016e+01 -5.098043441772460938e+00 0.000000000000000000e+00
-2.839841127395629883e+00 -2.939772605895996094e+00 0.000000000000000000e+00
1.265927672386169434e+00 -1.150239259004592896e-01 0.000000000000000000e+00
1.417625331878662109e+01 -1.497529596090316772e-01 0.000000000000000000e+00
-1.187245082855224609e+01 -1.758282780647277832e+00 0.000000000000000000e+00
-1.297053933143615723e+00 1.638539123535156250e+01 0.000000000000000000e+00
9.011554718017578125e+00 7.511341571807861328e+00 0.000000000000000000e+00
-4.331196308135986328e+00 -1.633987236022949219e+01 0.000000000000000000e+00
2.832637548446655273e+00 2.606986999511718750e+00 0.000000000000000000e+00
7.026127338409423828e+00 6.295659542083740234e+00 0.000000000000000000e+00
1.066433048248291016e+01 3.674283742904663086e+00 0.000000000000000000e+00
1.902497887611389160e+00 -9.894472122192382812e+00 0.000000000000000000e+00
5.828555583953857422e+00 -1.069235038757324219e+01 0.000000000000000000e+00
5.310039997100830078e+00 1.478575325012207031e+01 0.000000000000000000e+00
-7.335791110992431641e+00 5.972154617309570312e+00 0.000000000000000000e+00
7.897338390350341797e+00 4.099174976348876953e+00 0.000000000000000000e+00
4.482057094573974609e+00 -3.521102190017700195e+00 0.000000000000000000e+00
-3.138332605361938477e+00 6.689775586128234863e-01 0.000000000000000000e+00
8.273034095764160156e+00 -9.047728538513183594e+00 0.000000000000000000e+00
-6.495532393455505371e-01 1.096095657348632812e+01 0.000000000000000000e+00
7.499113082885742188e-01 1.690821266174316406e+01 0.000000000000000000e+00
-1.643482398986816406e+01 -4.898807525634765625e+00 0.000000000000000000e+00
-9.486575126647949219e+00 -9.652438163757324219e+00 0.000000000000000000e+00
-1.197955131530761719e+01 6.974228024482727051e-01 0.000000000000000000e+00
-8.559657096862792969e+00 -3.387127399444580078e+00 0.000000000000000000e+00
6.186643123626708984e+00 -1.496483230590820312e+01 0.000000000000000000e+00
-6.238599300384521484e+00 -7.351551532745361328e+00 0.000000000000000000e+00
-1.555955410003662109e+01 1.294423818588256836e+00 0.000000000000000000e+00
-9.687076568603515625e+00 1.580209136009216309e+00 0.000000000000000000e+00
-4.166844367980957031e+00 1.045235443115234375e+01 0.000000000000000000e+00
-1.107715034484863281e+01 -4.853049278259277344e+00 0.000000000000000000e+00
1.119335079193115234e+01 8.726251602172851562e+00 0.000000000000000000e+00
8.176241874694824219e+00 9.008391380310058594e+00 0.000000000000000000e+00
1.210519409179687500e+01 1.313383340835571289e+00 0.000000000000000000e+00
-8.469999313354492188e+00 -7.678228616714477539e-02 0.000000000000000000e+00
9.815001487731933594e+00 1.416365623474121094e+01 0.000000000000000000e+00
1.899940073490142822e-01 1.549280548095703125e+01 0.000000000000000000e+00
6.333675861358642578e+00 1.011033153533935547e+01 0.000000000000000000e+00
-7.255638837814331055e-01 -1.349749660491943359e+01 0.000000000000000000e+00
7.569030284881591797e+00 1.417769622802734375e+01 0.000000000000000000e+00
4.990662336349487305e-01 9.039444923400878906e+00 0.000000000000000000e+00
8.602672576904296875e+00 -6.817494392395019531e+00 0.000000000000000000e+00
-4.975344657897949219e+00 5.639738559722900391e+00 0.000000000000000000e+00
-1.053284645080566406e+00 7.583829760551452637e-01 0.000000000000000000e+00
3.414012908935546875e+00 -8.172828674316406250e+00 0.000000000000000000e+00
5.240911483764648438e+00 -8.577848434448242188e+00 0.000000000000000000e+00
5.133524894714355469e+00 1.326382064819335938e+01 0.000000000000000000e+00
-1.235328483581542969e+01 7.473878383636474609e+00 0.000000000000000000e+00
1.424492454528808594e+01 -5.988272666931152344e+00 0.000000000000000000e+00
-4.160107612609863281e+00 -1.432210063934326172e+01 0.000000000000000000e+00
-1.008936119079589844e+01 -7.684128761291503906e+00 0.000000000000000000e+00
1.489991855621337891e+01 -2.620886564254760742e+00 0.000000000000000000e+00
1.271155071258544922e+01 8.141405105590820312e+00 0.000000000000000000e+00
5.056941509246826172e+00 -1.530639886856079102e+00 0.000000000000000000e+00
-5.953332901000976562e+00 -9.329930305480957031e+00 0.000000000000000000e+00
-6.281001091003417969e+00 3.917415142059326172e+00 0.000000000000000000e+00
-1.502551460266113281e+01 8.063546180725097656e+00 0.000000000000000000e+00
1.645666122436523438e+01 1.239048957824707031e+00 0.000000000000000000e+00
5.617023944854736328e+00 -6.472448825836181641e+00 0.000000000000000000e+00
-2.141749113798141479e-01 1.320508575439453125e+01 0.000000000000000000e+00
-8.320989608764648438e+00 1.017610836029052734e+01 0.000000000000000000e+00
-1.078772735595703125e+01 -1.124203586578369141e+01 0.000000000000000000e+00
-1.472313976287841797e+01 -9.008241653442382812e+00 0.000000000000000000e+00
-5.307559490203857422e+00 5.152907371520996094e-01 0.000000000000000000e+00
-1.540560913085937500e+01 5.603347778320312500e+00 0.000000000000000000e+00
4.252140522003173828e+00 -1.113975048065185547e+01 0.000000000000000000e+00
4.607022285461425781e+00 1.010742950439453125e+01 0.000000000000000000e+00
-1.028763771057128906e+01 4.777500152587890625e+00 0.000000000000000000e+00
-7.168135166168212891e+00 1.210382843017578125e+01 0.000000000000000000e+00
-1.167534923553466797e+01 -9.524907112121582031e+00 0.000000000000000000e+00
1.038240242004394531e+01 -7.062332153320312500e+00 0.000000000000000000e+00
2.338346004486083984e+00 -1.658699226379394531e+01 0.000000000000000000e+00
-1.494375705718994141e+00 -7.956855773925781250e+00 0.000000000000000000e+00
-1.504892539978027344e+01 2.802467107772827148e+00 0.000000000000000000e+00
-1.321164608001708984e+01 -8.215050697326660156e+00 0.000000000000000000e+00
-1.181120395660400391e+01 5.149820327758789062e+00 0.000000000000000000e+00
-3.972134828567504883e+00 1.478200626373291016e+01 0.000000000000000000e+00
9.963540077209472656e+00 1.008660793304443359e+01 0.000000000000000000e+00
1.203154182434082031e+01 4.948438644409179688e+00 0.000000000000000000e+00
-4.265603542327880859e+00 2.690757751464843750e+00 0.000000000000000000e+00
5.836697578430175781e+00 7.909473419189453125e+00 0.000000000000000000e+00
-6.095325469970703125e+00 1.490204429626464844e+01 0.000000000000000000e+00
-1.687639999389648438e+01 -1.723912239074707031e+00 0.000000000000000000e+00
-9.729534149169921875e+00 1.239852237701416016e+01 0.000000000000000000e+00
1.356325149536132812e+01 -4.073554039001464844e+00 0.000000000000000000e+00
-1.348280239105224609e+01 -5.689231395721435547e+00 0.000000000000000000e+00
-1.479228615760803223e+00 -4.013348579406738281e+00 0.000000000000000000e+00
6.133093357086181641e+00 -3.917243003845214844e+00 0.000000000000000000e+00
-6.639499187469482422e+00 -1.302752590179443359e+01 0.000000000000000000e+00
3.655939817428588867e+00 1.440050125122070312e+01 0.000000000000000000e+00
1.330960750579833984e+01 -1.119986820220947266e+01 0.000000000000000000e+00
9.503500938415527344e+00 -4.657585620880126953e+00 0.000000000000000000e+00
-7.931453704833984375e+00 8.396613121032714844e+00 0.000000000000000000e+00
1.603264045715332031e+01 6.159977436065673828e+00 0.000000000000000000e+00
3.122935295104980469e+00 5.192286491394042969e+00 0.000000000000000000e+00
-4.011096477508544922e+00 -6.903966665267944336e-01 0.000000000000000000e+00
1.293013668060302734e+01 2.660104513168334961e+00 0.000000000000000000e+00
5.173328399658203125e+00 5.160325527191162109e+00 0.000000000000000000e+00
-8.757172584533691406e+00 3.764768123626708984e+00 0.000000000000000000e+00
-1.260093116760253906e+01 9.023314476013183594e+00 0.000000000000000000e+00
-9.110054016113281250e+00 -1.207864665985107422e+01 0.000000000000000000e+00
1.122600650787353516e+01 -1.145043468475341797e+01 0.000000000000000000e+00
4.581743240356445312e+00 -1.402357196807861328e+01 0.000000000000000000e+00
1.235567855834960938e+01 -6.943116664886474609e+00 0.000000000000000000e+00
-4.368749141693115234e+00 -2.691552639007568359e+00 0.000000000000000000e+00
-4.740672588348388672e+00 -1.207772064208984375e+01 0.000000000000000000e+00
6.408702373504638672e+00 -1.251900482177734375e+01 0.000000000000000000e+00
-6.717555522918701172e+00 -5.635684490203857422e+00 0.000000000000000000e+00
1.710002136230468750e+01 3.635637044906616211e+00 0.000000000000000000e+00
-1.528137588500976562e+01 -6.212121486663818359e+00 0.000000000000000000e+00
9.831403493881225586e-01 1.811990737915039062e+00 0.000000000000000000e+00
-5.067769527435302734e+00 1.204497623443603516e+01 0.000000000000000000e+00
9.819522857666015625e+00 -2.033214092254638672e+00 0.000000000000000000e+00
8.818236351013183594e+00 5.965270042419433594e+00 0.000000000000000000e+00
2.679942607879638672e+00 -6.377764225006103516e+00 0.000000000000000000e+00
1.383081912994384766e+01 9.623653411865234375e+00 0.000000000000000000e+00
4.891314506530761719e+00 1.626486396789550781e+01 0.000000000000000000e+00
-1.365926742553710938e+01 3.586265563964843750e+00 0.000000000000000000e+00
8.693174123764038086e-01 -1.357030868530273438e+01 0.000000000000000000e+00
1.487605571746826172e+01 3.482383012771606445e+00 0.000000000000000000e+00
1.665155291557312012e+00 1.202936840057373047e+01 0.000000000000000000e+00
1.416934251785278320e+00 -7.415892124176025391e+00 0.000000000000000000e+00
-7.830093383789062500e+00 1.507007122039794922e+01 0.000000000000000000e+00
6.692000389099121094e+00 1.557980155944824219e+01 0.000000000000000000e+00
-1.976414561271667480e+00 1.285662364959716797e+01 0.000000000000000000e+00
2.398877859115600586e+00 9.933245658874511719e+00 0.000000000000000000e+00
-1.002155494689941406e+01 9.999481201171875000e+00 0.000000000000000000e+00
1.036356449127197266e+01 5.520331859588623047e+00 0.000000000000000000e+00
-1.109230518341064453e+01 -6.445271015167236328e+00 0.000000000000000000e+00
-1.443160724639892578e+01 -2.083272218704223633e+00 0.000000000000000000e+00
-3.294317245483398438e+00 5.258635997772216797e+00 0.000000000000000000e+00
2.284049510955810547e+00 -4.599251270294189453e+00 0.000000000000000000e+00
9.492989540100097656e+00 -1.246875572204589844e+01 0.000000000000000000e+00
-6.883643627166748047e+00 -1.674072742462158203e-01 0.000000000000000000e+00
-1.698428726196289062e+01 1.941607236862182617e+00 0.000000000000000000e+00
-4.448635101318359375e+00 -9.103676795959472656e+00 0.000000000000000000e+00
1.925726890563964844e+00 1.517594909667968750e+01 0.000000000000000000e+00
7.573394775390625000e+00 -1.131426143646240234e+01 0.000000000000000000e+00
-3.884162425994873047e+00 -5.796470642089843750e+00 0.000000000000000000e+00
1.239058375358581543e+00 3.291640758514404297e+00 0.000000000000000000e+00
-1.082776641845703125e+01 7.406306743621826172e+00 0.000000000000000000e+00
6.723372459411621094e+00 -8.184909820556640625e+00 0.000000000000000000e+00
3.450118899345397949e-01 5.397859096527099609e+00 0.000000000000000000e+00
4.281770229339599609e+00 3.495824337005615234e+00 0.000000000000000000e+00
1.085719871520996094e+01 3.977184891700744629e-01 0.000000000000000000e+00
3.796700000762939453e+00 1.234853553771972656e+01 0.000000000000000000e+00
-1.389700603485107422e+01 8.243336081504821777e-01 0.000000000000000000e+00
-4.909952163696289062e+00 7.559300422668457031e+00 0.000000000000000000e+00
-1.244626998901367188e+01 -1.118117523193359375e+01 0.000000000000000000e+00
4.753280639648437500e+00 -1.639188385009765625e+01 0.000000000000000000e+00
2.397413969039916992e+00 -1.466428756713867188e+01 0.000000000000000000e+00
-1.698462867736816406e+01 3.282864391803741455e-01 0.000000000000000000e+00
7.607820034027099609e+00 1.132662105560302734e+01 0.000000000000000000e+00
-2.298122882843017578e+00 -1.545382785797119141e+01 0.000000000000000000e+00
-7.450060844421386719e+00 -1.432106781005859375e+01 0.000000000000000000e+00
1.665392112731933594e+01 -5.150488853454589844e+00 0.000000000000000000e+00
-2.777651786804199219e+00 -1.706672859191894531e+01 0.000000000000000000e+00
-3.669734716415405273e+00 8.418182373046875000e+00 0.000000000000000000e+00
-3.198218345642089844e+00 -1.289245986938476562e+01 0.000000000000000000e+00
1.347748160362243652e+00 -2.695271968841552734e+00 0.000000000000000000e+00
1.220508590340614319e-01 -4.896570682525634766e+00 0.000000000000000000e+00
1.114233684539794922e+01 -2.835915088653564453e+00 0.000000000000000000e+00
1.580685043334960938e+01 -7.400534629821777344e+00 0.000000000000000000e+00
1.396747207641601562e+01 -7.868269920349121094e+00 0.000000000000000000e+00
-1.025948405265808105e+00 -1.743349075317382812e+01 0.000000000000000000e+00
6.705363750457763672e+00 -2.462039947509765625e+00 0.000000000000000000e+00
8.972461700439453125e+00 -1.442216491699218750e+01 0.000000000000000000e+00
4.106224060058593750e+00 7.164172649383544922e+00 0.000000000000000000e+00
7.572394371032714844e+00 -1.363208389282226562e+01 0.000000000000000000e+00
-7.792076587677001953e+00 2.207044601440429688e+00 0.000000000000000000e+00
-4.605987071990966797e+00 1.633956336975097656e+01 0.000000000000000000e+00
-2.355449438095092773e+00 1.038722896575927734e+01 0.000000000000000000e+00
-2.996700704097747803e-01 -2.874901056289672852e+00 0.000000000000000000e+00
-1.529457867145538330e-01 -9.316340446472167969e+00 0.000000000000000000e+00
9.450894355773925781e+00 1.201390385627746582e+00 0.000000000000000000e+00
-7.747031688690185547e+00 -7.920204162597656250e+00 0.000000000000000000e+00
1.676567077636718750e+01 -3.481384515762329102e+00 0.000000000000000000e+00
-2.627162694931030273e+00 -9.086909294128417969e+00 0.000000000000000000e+00
-1.385830974578857422e+01 1.057208061218261719e+01 0.000000000000000000e+00
6.395606994628906250e+00 3.798494100570678711e+00 0.000000000000000000e+00
-1.684339523315429688e+01 -3.331167697906494141e+00 0.000000000000000000e+00
-5.729828834533691406e+00 1.343354892730712891e+01 0.000000000000000000e+00
-1.348329162597656250e+01 6.158435821533203125e+00 0.000000000000000000e+00
-1.166116428375244141e+01 3.281336784362792969e+00 0.000000000000000000e+00
4.283217787742614746e-01 -1.540651893615722656e+01 0.000000000000000000e+00
-1.201333522796630859e+01 -3.326146125793457031e+00 0.000000000000000000e+00
-1.443439960479736328e+00 4.965875148773193359e+00 0.000000000000000000e+00
1.455973434448242188e+01 7.413177967071533203e+00 0.000000000000000000e+00
-1.565642642974853516e+01 -7.797773361206054688e+00 0.000000000000000000e+00
7.675395965576171875e+00 -7.256917655467987061e-02 0.000000000000000000e+00
1.039026165008544922e+01 -1.379558944702148438e+01 0.000000000000000000e+00
-9.510644912719726562e+00 -4.931888103485107422e+00 0.000000000000000000e+00
2.253442764282226562e+00 1.732759475708007812e+01 0.000000000000000000e+00
1.200231742858886719e+01 1.258177471160888672e+01 0.000000000000000000e+00
-1.022961425781250000e+01 -1.296842813491821289e+00 0.000000000000000000e+00
-7.038566112518310547e+00 -1.589723587036132812e+01 0.000000000000000000e+00
-6.460408210754394531e+00 7.801287174224853516e+00 0.000000000000000000e+00
-1.052211761474609375e+00 6.423519611358642578e+00 0.000000000000000000e+00
7.684002876281738281e+00 -4.876668930053710938e+00 0.000000000000000000e+00
-1.688607025146484375e+01 4.433885097503662109e+00 0.000000000000000000e+00
9.364906311035156250e+00 -1.056019878387451172e+01 0.000000000000000000e+00
-8.460553169250488281e+00 1.327510356903076172e+01 0.000000000000000000e+00
-5.519516944885253906e+00 -1.518768501281738281e+01 0.000000000000000000e+00
4.453153133392333984e+00 -5.185857295989990234e+00 0.000000000000000000e+00
6.171416282653808594e+00 1.197938728332519531e+01 0.000000000000000000e+00
1.900118827819824219e+00 1.359702777862548828e+01 0.000000000000000000e+00
-1.245032548904418945e+00 -1.209019756317138672e+01 0.000000000000000000e+00
-2.846956729888916016e+00 -4.696665287017822266e+00 0.000000000000000000e+00
-2.290840864181518555e+00 1.516883087158203125e+01 0.000000000000000000e+00
1.303862094879150391e+01 6.344381332397460938e+00 0.000000000000000000e+00
-1.051152801513671875e+01 2.879157960414886475e-01 0.000000000000000000e+00
-7.904649734497070312e+00 -9.627530097961425781e+00 0.000000000000000000e+00
-1.556579589843750000e+01 -6.018855571746826172e-01 0.000000000000000000e+00
-3.637382507324218750e+00 -1.104436111450195312e+01 0.000000000000000000e+00
-2.727097511291503906e+00 7.207479953765869141e+00 0.000000000000000000e+00
1.708829498291015625e+01 -1.794533252716064453e+00 0.000000000000000000e+00
1.429442596435546875e+01 -9.351699829101562500e+00 0.000000000000000000e+00
-1.354002094268798828e+01 -6.935859322547912598e-01 0.000000000000000000e+00
-3.039281368255615234e+00 3.663917779922485352e+00 0.000000000000000000e+00
1.440989303588867188e+01 1.372806429862976074e+00 0.000000000000000000e+00
5.986618995666503906e-01 -1.731596183776855469e+01 0.000000000000000000e+00
-7.338256239891052246e-01 -6.263762950897216797e+00 0.000000000000000000e+00
