-1.516298294067382812e+01 4.660778045654296875e+00 0.000000000000000000e+00
-7.578378677368164062e+00 -1.111060142517089844e+01 0.000000000000000000e+00
1.442177104949951172e+01 -9.645432472229003906e+00 0.000000000000000000e+00
1.709539794921875000e+01 1.833204746246337891e+00 0.000000000000000000e+00
5.116729259490966797e+00 -4.291673183441162109e+00 0.000000000000000000e+00
-1.443278789520263672e+01 6.355367660522460938e+00 0.000000000000000000e+00
-5.719058036804199219e+00 2.641479112207889557e-02 0.000000000000000000e+00
3.101612925529479980e-01 -1.585127067565917969e+01 0.000000000000000000e+00
-1.338936042785644531e+01 3.620345592498779297e+00 0.000000000000000000e+00
3.743351936340332031e+00 5.408416271209716797e+00 0.000000000000000000e+00
-9.639909863471984863e-02 -4.204178810119628906e+00 0.000000000000000000e+00
-3.617575168609619141e+00 -9.840963363647460938e+00 0.000000000000000000e+00
-1.028462791442871094e+01 -5.544572353363037109e+00 0.000000000000000000e+00
-5.934317588806152344e+00 1.423743247985839844e+01 0.000000000000000000e+00
-5.213422775268554688e+00 -1.278644084930419922e+01 0.000000000000000000e+00
-4.792153835296630859e+00 8.509757041931152344e+00 0.000000000000000000e+00
6.480745792388916016e+00 1.344132232666015625e+01 0.000000000000000000e+00
1.278421020507812500e+01 -6.512460231781005859e+00 0.000000000000000000e+00
1.122176527976989746e+00 -1.177555656433105469e+01 0.000000000000000000e+00
1.584748387336730957e+00 -4.056722819805145264e-01 0.000000000000000000e+00
1.656798744201660156e+01 -1.468501240015029907e-01 0.000000000000000000e+00
-1.421780395507812500e+01 -1.005311584472656250e+01 0.000000000000000000e+00
-3.245983123779296875e+00 1.184995079040527344e+01 0.000000000000000000e+00
1.288245677947998047e+00 1.253825187683105469e+01 0.000000000000000000e+00
-3.480231761932373047e+00 -4.798738956451416016e+00 0.000000000000000000e+00
8.449043273925781250e+00 4.371347427368164062e+00 0.000000000000000000e+00
-9.538415908813476562e+00 1.363124370574951172e+00 0.000000000000000000e+00
3.588377952575683594e+00 7.905882000923156738e-01 0.000000000000000000e+00
2.126902818679809570e+00 -7.386264801025390625e+00 0.000000000000000000e+00
1.489932686090469360e-01 1.364593982696533203e+01 0.000000000000000000e+00
3.887475252151489258e+00 1.213984680175781250e+01 0.000000000000000000e+00
2.251507997512817383e+00 -3.453085184097290039e+00 0.000000000000000000e+00
-1.609134864807128906e+01 6.357491970062255859e+00 0.000000000000000000e+00
-1.214188385009765625e+01 -2.071088552474975586e+00 0.000000000000000000e+00
-8.519927024841308594e+00 -1.516101741790771484e+01 0.000000000000000000e+00
-8.373190879821777344e+00 5.042122364044189453e+00 0.000000000000000000e+00
-1.432141590118408203e+01 -1.483911037445068359e+00 0.000000000000000000e+00
9.502318382263183594e+00 -1.118101787567138672e+01 0.000000000000000000e+00
9.068943023681640625e+00 -1.494588947296142578e+01 0.000000000000000000e+00
1.108795928955078125e+01 -5.125534534454345703e+00 0.000000000000000000e+00
1.691839694976806641e+00 5.376070022583007812e+00 0.000000000000000000e+00
5.025298595428466797e+00 1.575330066680908203e+01 0.000000000000000000e+00
1.176949214935302734e+01 -8.676150321960449219e+00 0.000000000000000000e+00
1.498757743835449219e+01 2.193752527236938477e+00 0.000000000000000000e+00
-2.339460372924804688e+00 8.799267768859863281e+00 0.000000000000000000e+00
2.941230297088623047e+00 -1.705215692520141602e+00 0.000000000000000000e+00
-6.342949390411376953e+00 5.065704345703125000e+00 0.000000000000000000e+00
-1.062544059753417969e+01 -1.325483608245849609e+01 0.000000000000000000e+00
-8.205595970153808594e+00 3.223367929458618164e+00 0.000000000000000000e+00
4.668004512786865234e+00 9.071718215942382812e+00 0.000000000000000000e+00
6.992207527160644531e+00 -1.550962734222412109e+01 0.000000000000000000e+00
8.315169334411621094e+00 -1.565823078155517578e+00 0.000000000000000000e+00
1.343408679962158203e+01 1.047800445556640625e+01 0.000000000000000000e+00
-9.416692733764648438e+00 1.095990562438964844e+01 0.000000000000000000e+00
9.642440795898437500e+00 6.546000957489013672e+00 0.000000000000000000e+00
1.666520690917968750e+01 -3.323596954345703125e+00 0.000000000000000000e+00
1.240519523620605469e+01 -3.881936550140380859e+00 0.000000000000000000e+00
-3.626702547073364258e+00 -1.371251106262207031e+01 0.000000000000000000e+00
-1.260603427886962891e+01 -7.766716480255126953e+00 0.000000000000000000e+00
-4.034976482391357422e+00 1.377557754516601562e+01 0.000000000000000000e+00
-5.703622817993164062e+00 -2.622163534164428711e+00 0.000000000000000000e+00
-6.993786990642547607e-02 5.909065246582031250e+00 0.000000000000000000e+00
-8.141077041625976562e+00 7.204855918884277344e+00 0.000000000000000000e+00
-8.009925484657287598e-02 -1.021944236755371094e+01 0.000000000000000000e+00
6.859763145446777344e+00 3.928527832031250000e+00 0.000000000000000000e+00
6.178665637969970703e+00 8.914485931396484375e+00 0.000000000000000000e+00
-8.011437416076660156e+00 -5.204537868499755859e+00 0.000000000000000000e+00
2.378144502639770508e+00 -5.378691196441650391e+00 0.000000000000000000e+00
-6.279722452163696289e-01 -1.194650268554687500e+01 0.000000000000000000e+00
-1.205951118469238281e+01 9.674757957458496094e+00 0.000000000000000000e+00
-1.431150817871093750e+01 -3.997519969940185547e+00 0.000000000000000000e+00
4.875201702117919922e+00 6.534589290618896484e+00 0.000000000000000000e+00
-1.113407707214355469e+01 -7.342385292053222656e+00 0.000000000000000000e+00
3.718202114105224609e-01 -7.889544486999511719e+00 0.000000000000000000e+00
-4.784227848052978516e+00 -1.332414150238037109e+00 0.000000000000000000e+00
-9.063123703002929688e+00 1.412070083618164062e+01 0.000000000000000000e+00
1.138742542266845703e+01 1.018820190429687500e+01 0.000000000000000000e+00
6.514239311218261719e+00 -1.482953667640686035e+00 0.000000000000000000e+00
1.155275821685791016e+00 8.193324089050292969e+00 0.000000000000000000e+00
-4.920874595642089844e+00 4.419611930847167969e+00 0.000000000000000000e+00
5.722432613372802734e+00 5.435319542884826660e-01 0.000000000000000000e+00
-1.393748164176940918e+00 -1.395748615264892578e+01 0.000000000000000000e+00
-3.630224227905273438e+00 6.186329364776611328e+00 0.000000000000000000e+00
6.836010932922363281e+00 -3.652133226394653320e+00 0.000000000000000000e+00
2.691340446472167969e+00 9.477928161621093750e+00 0.000000000000000000e+00
1.244606781005859375e+01 1.227510929107666016e+01 0.000000000000000000e+00
-1.497219562530517578e+00 -3.380051374435424805e+00 0.000000000000000000e+00
4.771066188812255859e+00 -1.591669750213623047e+01 0.000000000000000000e+00
8.417129516601562500e+00 8.715325355529785156e+00 0.000000000000000000e+00
8.285186767578125000e+00 -5.853946685791015625e+00 0.000000000000000000e+00
-2.314262390136718750e+00 4.622013568878173828e+00 0.000000000000000000e+00
1.361831474304199219e+01 -1.649361491203308105e+00 0.000000000000000000e+00
-7.118636608123779297e+00 -8.789725303649902344e+00 0.000000000000000000e+00
3.402143001556396484e+00 -1.444345378875732422e+01 0.000000000000000000e+00
-1.142466354370117188e+01 1.209466552734375000e+01 0.000000000000000000e+00
1.315082263946533203e+01 -1.105462646484375000e+01 0.000000000000000000e+00
1.042676258087158203e+01 2.859422206878662109e+00 0.000000000000000000e+00
1.286831474304199219e+01 3.204118013381958008e+00 0.000000000000000000e+00
1.313908672332763672e+01 -7.992359161376953125e+00 0.000000000000000000e+00
1.286256313323974609e+00 -1.357796192169189453e+01 0.000000000000000000e+00
5.647178173065185547e+00 2.948181152343750000e+00 0.000000000000000000e+00
-1.229089140892028809e+00 1.228419780731201172e+01 0.000000000000000000e+00
-5.993252277374267578e+00 2.712725639343261719e+00 0.000000000000000000e+00
-1.657806992530822754e+00 1.678477287292480469e+01 0.000000000000000000e+00
-5.136525630950927734e+00 -9.490622520446777344e+00 0.000000000000000000e+00
2.592702150344848633e+00 1.530218410491943359e+01 0.000000000000000000e+00
-1.022569274902343750e+01 7.334245204925537109e+00 0.000000000000000000e+00
-2.144833326339721680e+00 -6.936582088470458984e+00 0.000000000000000000e+00
7.082559108734130859e+00 1.070580101013183594e+01 0.000000000000000000e+00
-2.461463451385498047e+00 -1.672331428527832031e+01 0.000000000000000000e+00
-1.429117202758789062e+01 1.475530266761779785e+00 0.000000000000000000e+00
1.473425006866455078e+01 -5.839427471160888672e+00 0.000000000000000000e+00
-6.869886398315429688e+00 -3.932020664215087891e+00 0.000000000000000000e+00
1.376252746582031250e+01 1.025464177131652832e+00 0.000000000000000000e+00
1.317551732063293457e+00 2.475981235504150391e+00 0.000000000000000000e+00
8.327244758605957031e+00 -7.981423377990722656e+00 0.000000000000000000e+00
-7.293008327484130859e+00 1.164623832702636719e+01 0.000000000000000000e+00
1.222492027282714844e+01 -6.310785412788391113e-01 0.000000000000000000e+00
1.612769317626953125e+01 -6.684206962585449219e+00 0.000000000000000000e+00
1.367853355407714844e+01 6.711295604705810547e+00 0.000000000000000000e+00
8.133426666259765625e+00 6.469529271125793457e-01 0.000000000000000000e+00
-1.195607483386993408e-01 1.658609008789062500e+01 0.000000000000000000e+00
-9.892275810241699219e+00 -1.009278202056884766e+01 0.000000000000000000e+00
-1.685881423950195312e+01 -4.122895717620849609e+00 0.000000000000000000e+00
1.142628192901611328e+01 -1.270956039428710938e+01 0.000000000000000000e+00
7.601611018180847168e-01 -2.801021814346313477e+00 0.000000000000000000e+00
9.640295028686523438e+00 9.728637695312500000e+00 0.000000000000000000e+00
5.198135852813720703e+00 -1.051868343353271484e+01 0.000000000000000000e+00
5.088926315307617188e+00 -6.601937770843505859e+00 0.000000000000000000e+00
1.042251491546630859e+01 -1.141165383160114288e-03 0.000000000000000000e+00
3.104174852371215820e+00 2.850832700729370117e+00 0.000000000000000000e+00
3.426277637481689453e+00 7.686065673828125000e+00 0.000000000000000000e+00
-1.132253074645996094e+01 2.310484051704406738e-01 0.000000000000000000e+00
-8.017536163330078125e+00 -1.329368877410888672e+01 0.000000000000000000e+00
-2.291604042053222656e+00 8.742117881774902344e-01 0.000000000000000000e+00
-1.679375076293945312e+01 1.159154295921325684e+00 0.000000000000000000e+00
1.039813709259033203e+01 4.456630706787109375e+00 0.000000000000000000e+00
1.503665542602539062e+01 3.969872474670410156e+00 0.000000000000000000e+00
1.126744842529296875e+01 7.965071678161621094e+00 0.000000000000000000e+00
8.374711990356445312e+00 1.320194053649902344e+01 0.000000000000000000e+00
-1.551554298400878906e+01 -6.891246795654296875e+00 0.000000000000000000e+00
1.819156050682067871e+00 -1.613163375854492188e+01 0.000000000000000000e+00
6.870579719543457031e+00 -9.039834022521972656e+00 0.000000000000000000e+00
3.746549129486083984e+00 1.662570762634277344e+01 0.000000000000000000e+00
-3.724503755569458008e+00 3.312316894531250000e+00 0.000000000000000000e+00
7.299966335296630859e+00 -1.368290901184082031e+01 0.000000000000000000e+00
5.037775516510009766e+00 -8.131175994873046875e+00 0.000000000000000000e+00
1.024354553222656250e+01 -9.103326797485351562e+00 0.000000000000000000e+00
-2.933912873268127441e-01 -7.088887691497802734e-01 0.000000000000000000e+00
-8.628150939941406250e+00 -7.682513713836669922e+00 0.000000000000000000e+00
-3.949549674987792969e+00 -7.198226451873779297e+00 0.000000000000000000e+00
-4.425383090972900391e+00 8.432772159576416016e-01 0.000000000000000000e+00
5.797635078430175781e+00 -1.240908336639404297e+01 0.000000000000000000e+00
-2.346200466156005859e+00 -1.194822692871093750e+01 0.000000000000000000e+00
-5.685988903045654297e+00 1.065081501007080078e+01 0.000000000000000000e+00
1.487317919731140137e+00 1.088868713378906250e+01 0.000000000000000000e+00
-7.860103607177734375e+00 9.364296913146972656e+00 0.000000000000000000e+00
-1.544535350799560547e+01 -5.176320075988769531e+00 0.000000000000000000e+00
8.514520645141601562e+00 -9.993561744689941406e+00 0.000000000000000000e+00
-1.764625787734985352e+00 -8.878317832946777344e+00 0.000000000000000000e+00
-1.258756446838378906e+01 -3.794803380966186523e+00 0.000000000000000000e+00
-5.055202484130859375e+00 -5.878946781158447266e+00 0.000000000000000000e+00
7.626184940338134766e+00 6.578018665313720703e+00 0.000000000000000000e+00
1.513487815856933594e+01 -3.600496530532836914e+00 0.000000000000000000e+00
-1.182801055908203125e+01 5.541242122650146484e+00 0.000000000000000000e+00
-1.459176731109619141e+01 9.314214706420898438e+00 0.000000000000000000e+00
4.434264183044433594e+00 -7.977545857429504395e-01 0.000000000000000000e+00
-3.965566396713256836e+00 -2.735112190246582031e+00 0.000000000000000000e+00
-6.958862304687500000e+00 1.551690483093261719e+01 0.000000000000000000e+00
-9.655731201171875000e+00 5.900784969329833984e+00 0.000000000000000000e+00
-6.136241436004638672e+00 -1.459458065032958984e+01 0.000000000000000000e+00
1.492515373229980469e+01 8.470756530761718750e+00 0.000000000000000000e+00
-7.596607208251953125e+00 7.168134301900863647e-02 0.000000000000000000e+00
9.565246582031250000e+00 -1.268436050415039062e+01 0.000000000000000000e+00
3.213613748550415039e+00 -1.211325931549072266e+01 0.000000000000000000e+00
2.088342905044555664e+00 -9.666837692260742188e+00 0.000000000000000000e+00
6.688733100891113281e+00 -1.102697563171386719e+01 0.000000000000000000e+00
-1.340671634674072266e+01 8.281191825866699219e+00 0.000000000000000000e+00
6.975014209747314453e+00 1.558918857574462891e+01 0.000000000000000000e+00
9.317025184631347656e+00 -3.267815589904785156e+00 0.000000000000000000e+00
2.080402076244354248e-01 -6.014088153839111328e+00 0.000000000000000000e+00
1.565152359008789062e+01 -1.870895147323608398e+00 0.000000000000000000e+00
-1.169125175476074219e+01 -1.107884120941162109e+01 0.000000000000000000e+00
-2.749730348587036133e+00 -1.258526206016540527e+00 0.000000000000000000e+00
1.083469772338867188e+01 -1.476131081581115723e+00 0.000000000000000000e+00
-2.525063753128051758e-01 -1.729822540283203125e+01 0.000000000000000000e+00
-1.239065885543823242e+00 -1.554806900024414062e+01 0.000000000000000000e+00
-2.631032228469848633e+00 1.561018085479736328e+01 0.000000000000000000e+00
1.077497768402099609e+01 1.165491580963134766e+01 0.000000000000000000e+00
5.209422111511230469e+00 1.128035449981689453e+01 0.000000000000000000e+00
-4.852759540081024170e-01 8.329371452331542969e+00 0.000000000000000000e+00
-6.599353313446044922e+00 8.427172660827636719e+00 0.000000000000000000e+00
-6.707418441772460938e+00 -1.308224678039550781e+00 0.000000000000000000e+00
-8.906231522560119629e-01 2.226207733154296875e+00 0.000000000000000000e+00
-1.327661228179931641e+01 -1.128307056427001953e+01 0.000000000000000000e+00
-2.357921898365020752e-01 1.077694892883300781e+01 0.000000000000000000e+00
1.754735231399536133e+00 1.726609420776367188e+01 0.000000000000000000e+00
-1.369353485107421875e+01 9.453928098082542419e-03 0.000000000000000000e+00
-4.272513866424560547e+00 -1.634840011596679688e+01 0.000000000000000000e+00
-1.320115661621093750e+01 -5.283644676208496094e+00 0.000000000000000000e+00
-9.853479385375976562e+00 3.702549219131469727e+00 0.000000000000000000e+00
4.103518962860107422e+00 1.448907279968261719e+01 0.000000000000000000e+00
8.212205886840820312e+00 -1.200505638122558594e+01 0.000000000000000000e+00
-1.288057804107666016e+01 1.154180145263671875e+01 0.000000000000000000e+00
-9.090689659118652344e+00 -1.164968204498291016e+01 0.000000000000000000e+00
-4.134489536285400391e+00 -1.164912319183349609e+01 0.000000000000000000e+00
-1.114286231994628906e+01 1.892787218093872070e+00 0.000000000000000000e+00
-5.640472888946533203e+00 7.186078548431396484e+00 0.000000000000000000e+00
-1.122011184692382812e+01 -9.387640953063964844e+00 0.000000000000000000e+00
1.104604911804199219e+01 -1.114329242706298828e+01 0.000000000000000000e+00
-9.833606481552124023e-01 1.471486186981201172e+01 0.000000000000000000e+00
-1.583088874816894531e+01 -1.203249931335449219e+00 0.000000000000000000e+00
4.556830406188964844e+00 -2.476838827133178711e+00 0.000000000000000000e+00
-1.380953884124755859e+01 -6.782486438751220703e+00 0.000000000000000000e+00
-4.239391803741455078e+00 1.568050575256347656e+01 0.000000000000000000e+00
-1.745725250244140625e+01 -9.700753688812255859e-01 0.000000000000000000e+00
1.354283809661865234e+01 4.604634284973144531e+00 0.000000000000000000e+00
-1.527687549591064453e+01 2.922960042953491211e+00 0.000000000000000000e+00
-1.055832195281982422e+01 -1.088399052619934082e+00 0.000000000000000000e+00
1.172056865692138672e+01 1.212939977645874023e+00 0.000000000000000000e+00
1.517206096649169922e+01 5.522198677062988281e+00 0.000000000000000000e+00
-8.425271034240722656e+00 -9.629131317138671875e+00 0.000000000000000000e+00
-5.813215732574462891e+00 1.261922550201416016e+01 0.000000000000000000e+00
-5.865553379058837891e+00 -7.677428245544433594e+00 0.000000000000000000e+00
7.572285175323486328e+00 2.355292558670043945e+00 0.000000000000000000e+00
-8.614850997924804688e+00 -3.392868757247924805e+00 0.000000000000000000e+00
-2.184244632720947266e+00 6.820997238159179688e+00 0.000000000000000000e+00
-5.732799053192138672e+00 -1.102281570434570312e+01 0.000000000000000000e+00
-8.817245483398437500e+00 -1.052737474441528320e+00 0.000000000000000000e+00
-1.038241004943847656e+01 -3.151739597320556641e+00 0.000000000000000000e+00
1.663154983520507812e+01 -5.013431549072265625e+00 0.000000000000000000e+00
1.723307228088378906e+01 -1.559988737106323242e+00 0.000000000000000000e+00
-6.346622943878173828e+00 -1.608143997192382812e+01 0.000000000000000000e+00
-7.554674625396728516e+00 1.388668346405029297e+01 0.000000000000000000e+00
1.074861907958984375e+01 -7.141807556152343750e+00 0.000000000000000000e+00
9.937808036804199219e+00 1.394682788848876953e+01 0.000000000000000000e+00
3.597885131835937500e+00 -8.751691818237304688e+00 0.000000000000000000e+00
-3.953366041183471680e+00 9.821971893310546875e+00 0.000000000000000000e+00
-1.672622489929199219e+01 4.038249492645263672e+00 0.000000000000000000e+00
3.528078317642211914e+00 -1.061662101745605469e+01 0.000000000000000000e+00
-1.225826263427734375e+00 -5.436445236206054688e+00 0.000000000000000000e+00
-1.141728019714355469e+01 3.506844520568847656e+00 0.000000000000000000e+00
1.134078311920166016e+01 6.231861591339111328e+00 0.000000000000000000e+00
-2.030212879180908203e+00 1.029194450378417969e+01 0.000000000000000000e+00
-1.798700809478759766e+00 -1.053053283691406250e+01 0.000000000000000000e+00
-2.403507828712463379e-01 4.400368690490722656e+00 0.000000000000000000e+00
-1.526221370697021484e+01 -8.392087936401367188e+00 0.000000000000000000e+00
1.300068759918212891e+01 8.630338668823242188e+00 0.000000000000000000e+00
-9.946063041687011719e+00 9.519626617431640625e+00 0.000000000000000000e+00
-7.510221004486083984e+00 1.711695790290832520e+00 0.000000000000000000e+00
3.605695366859436035e-01 6.413962841033935547e-01 0.000000000000000000e+00
-1.290196895599365234e+01 2.139442205429077148e+00 0.000000000000000000e+00
-8.648963928222656250e+00 1.261646366119384766e+01 0.000000000000000000e+00
8.467317581176757812e+00 1.518614578247070312e+01 0.000000000000000000e+00
1.470209884643554688e+01 -5.882053375244140625e-01 0.000000000000000000e+00
3.548920154571533203e+00 -6.628968238830566406e+00 0.000000000000000000e+00
