7.845003596957570657e+00 1.052918006159384312e+01 -2.312651599414294878e-04
1.129041641090817016e+01 6.701100223953634583e+00 4.183534927317822394e-04
5.711718599306313537e-01 1.091000615379112126e+01 -7.649249541596958579e-04
4.017697124947964049e+00 7.083225928813385863e+00 1.557209916458468513e-04
7.463229533975924035e+00 3.255938044735775083e+00 2.065858074731252714e-04
1.090975476593546034e+01 -5.714452583352589432e-01 3.295496183316481975e-04
-6.701547426029542898e+00 1.129213185921253171e+01 -1.027556712346999745e-03
-3.255022194012216374e+00 7.464748556135942792e+00 -9.045928972915007193e-04
1.905102479022683371e-01 3.638063749793957857e+00 -5.604567609474031542e-05
3.636915851955676793e+00 -1.907145851425116334e-01 -1.320111724625039340e-04
7.082449286814202161e+00 -4.017399486540996101e+00 7.166078736644543312e-04
1.052897451871804790e+01 -7.844782789980813575e+00 8.395719633389475689e-04
-1.052885393109487744e+01 7.845574647402781210e+00 -1.438253155593649524e-03
-7.083321489066912946e+00 4.018889841424023501e+00 -5.897062090161053760e-04
-3.637789080038921430e+00 1.916019579080728841e-01 -5.388406502891962546e-04
-1.913824502684279005e-01 -3.636573394712499407e+00 1.829483582616031612e-04
3.255142814748904101e+00 -7.463353619690234808e+00 1.103594304066923826e-03
6.700675223776864087e+00 -1.129064150376784426e+01 1.154459119894646335e-03
-1.091062700124596674e+01 5.723325351249872739e-01 -1.000330088630430048e-03
-7.464101736228632156e+00 -3.254447689852748127e+00 -7.968414282455427156e-05
-4.018688922220245985e+00 -7.082527527498509556e+00 5.699345140453004888e-04
-5.721636902607087904e-01 -1.090991083056954380e+01 6.928983249032683034e-04
-1.129140820823824143e+01 -6.700401822633205384e+00 3.073020087618338891e-04
-7.845002604240491451e+00 -1.052918015737679802e+01 2.313375341094214832e-04
