-2.648001089450038759e+00 -1.390691564345174491e-01
-1.811690445111531655e+00 7.899542588603346571e-01
-9.753798007730245523e-01 1.718977674155186541e+00
-1.390691564345174491e-01 2.648001089450038759e+00
-1.718977674155186541e+00 -9.753798007730245523e-01
-8.826670298166795492e-01 -4.635638547817244604e-02
-4.635638547817244604e-02 8.826670298166795492e-01
7.899542588603346571e-01 1.811690445111531655e+00
-7.899542588603346571e-01 -1.811690445111531655e+00
4.635638547817244604e-02 -8.826670298166795492e-01
8.826670298166795492e-01 4.635638547817244604e-02
1.718977674155186541e+00 9.753798007730245523e-01
1.390691564345174491e-01 -2.648001089450038759e+00
9.753798007730245523e-01 -1.718977674155186541e+00
1.811690445111531655e+00 -7.899542588603346571e-01
2.648001089450038759e+00 1.390691564345174491e-01
