9.374638557434082031e+00 -1.397609233856201172e+01 0.000000000000000000e+00
1.833053827285766602e-01 6.100647926330566406e+00 0.000000000000000000e+00
9.071952819824218750e+00 1.275865554809570312e+01 0.000000000000000000e+00
-7.340752601623535156e+00 -1.181810283660888672e+01 0.000000000000000000e+00
4.522402763366699219e+00 -1.386929416656494141e+01 0.000000000000000000e+00
1.553013443946838379e+00 1.319575905799865723e+00 0.000000000000000000e+00
1.577439022064208984e+01 3.919139623641967773e+00 0.000000000000000000e+00
7.221980094909667969e+00 -1.033586120605468750e+01 0.000000000000000000e+00
7.739225864410400391e+00 -3.228905916213989258e+00 0.000000000000000000e+00
-1.533422946929931641e+01 2.622208118438720703e+00 0.000000000000000000e+00
-6.073151230812072754e-01 -3.404264688491821289e+00 0.000000000000000000e+00
-7.245164871215820312e+00 1.419691562652587891e+01 0.000000000000000000e+00
-5.603423595428466797e+00 -6.713300347328186035e-01 0.000000000000000000e+00
-1.283175086975097656e+01 1.852844595909118652e+00 0.000000000000000000e+00
-1.392357468605041504e+00 -1.152906322479248047e+01 0.000000000000000000e+00
1.923792511224746704e-01 1.350994014739990234e+01 0.000000000000000000e+00
8.593750000000000000e+00 -6.262443065643310547e+00 0.000000000000000000e+00
-6.049177646636962891e+00 -1.577225303649902344e+01 0.000000000000000000e+00
-1.216749101877212524e-01 -1.844743490219116211e+00 0.000000000000000000e+00
7.271602153778076172e+00 -1.451740932464599609e+01 0.000000000000000000e+00
1.367975997924804688e+01 2.817342281341552734e+00 0.000000000000000000e+00
-2.141115188598632812e+00 -1.581482028961181641e+01 0.000000000000000000e+00
1.111139011383056641e+01 -1.821104168891906738e+00 0.000000000000000000e+00
4.947481632232666016e+00 1.987372040748596191e+00 0.000000000000000000e+00
-1.265303802490234375e+01 7.606004238128662109e+00 0.000000000000000000e+00
-1.489330482482910156e+01 1.081866502761840820e+00 0.000000000000000000e+00
-9.577193260192871094e+00 -2.103428363800048828e+00 0.000000000000000000e+00
-1.193289235234260559e-01 1.605003547668457031e+01 0.000000000000000000e+00
-1.210725593566894531e+01 -1.024282264709472656e+01 0.000000000000000000e+00
-7.044085025787353516e+00 -1.118875145912170410e+00 0.000000000000000000e+00
-1.173169994354248047e+01 -7.087922096252441406e+00 0.000000000000000000e+00
1.269404697418212891e+01 -6.669401645660400391e+00 0.000000000000000000e+00
2.268555164337158203e+00 -1.608760476112365723e+00 0.000000000000000000e+00
-5.063445568084716797e+00 4.251149177551269531e+00 0.000000000000000000e+00
1.092798233032226562e+01 1.086032152175903320e+00 0.000000000000000000e+00
-9.062086105346679688e+00 1.165639686584472656e+01 0.000000000000000000e+00
1.269344711303710938e+01 -4.180459499359130859e+00 0.000000000000000000e+00
3.402636289596557617e+00 -1.192720985412597656e+01 0.000000000000000000e+00
7.488155841827392578e+00 1.483178710937500000e+01 0.000000000000000000e+00
-4.032373726367950439e-01 7.820526957511901855e-01 0.000000000000000000e+00
-1.184030437469482422e+01 -4.991669178009033203e+00 0.000000000000000000e+00
7.974323749542236328e+00 1.035201740264892578e+01 0.000000000000000000e+00
1.319375705718994141e+01 7.625852108001708984e+00 0.000000000000000000e+00
-1.038526821136474609e+01 3.389680385589599609e-01 0.000000000000000000e+00
-1.495975971221923828e+01 7.771694660186767578e+00 0.000000000000000000e+00
-1.881328344345092773e+00 1.352251720428466797e+01 0.000000000000000000e+00
-1.296527862548828125e+01 1.058178520202636719e+01 0.000000000000000000e+00
9.862119674682617188e+00 -1.021804618835449219e+01 0.000000000000000000e+00
-5.191526889801025391e+00 -3.090553522109985352e+00 0.000000000000000000e+00
-2.864740610122680664e+00 -1.308390808105468750e+01 0.000000000000000000e+00
-7.172645092010498047e+00 -1.388575077056884766e+01 0.000000000000000000e+00
2.860735893249511719e+00 9.639086723327636719e+00 0.000000000000000000e+00
4.343622684478759766e+00 -1.033614158630371094e+01 0.000000000000000000e+00
-5.624536275863647461e-01 1.176699733734130859e+01 0.000000000000000000e+00
-9.703330993652343750e+00 -6.626193523406982422e+00 0.000000000000000000e+00
3.853217065334320068e-01 -1.461278915405273438e+01 0.000000000000000000e+00
-7.122958183288574219e+00 -4.495618343353271484e+00 0.000000000000000000e+00
-3.606625795364379883e+00 3.732047080993652344e+00 0.000000000000000000e+00
2.378062248229980469e+00 -1.472995853424072266e+01 0.000000000000000000e+00
-2.752594351768493652e-01 4.360768795013427734e+00 0.000000000000000000e+00
1.723996543884277344e+01 4.918309748172760010e-01 0.000000000000000000e+00
3.739649534225463867e+00 4.076013565063476562e+00 0.000000000000000000e+00
-7.235932826995849609e+00 1.237618350982666016e+01 0.000000000000000000e+00
-3.486524820327758789e+00 1.395127677917480469e+01 0.000000000000000000e+00
-5.867445468902587891e+00 -9.114578247070312500e+00 0.000000000000000000e+00
-1.375209331512451172e+00 1.697472381591796875e+01 0.000000000000000000e+00
1.343975543975830078e+01 5.855822563171386719e+00 0.000000000000000000e+00
4.993984222412109375e+00 -8.452930450439453125e+00 0.000000000000000000e+00
5.482899665832519531e+00 -7.871544361114501953e-01 0.000000000000000000e+00
-1.164261627197265625e+01 -1.209842872619628906e+01 0.000000000000000000e+00
-1.059070014953613281e+01 4.869032859802246094e+00 0.000000000000000000e+00
-3.284376859664916992e+00 5.380952835083007812e+00 0.000000000000000000e+00
-9.615371227264404297e-01 2.246393680572509766e+00 0.000000000000000000e+00
2.078302621841430664e+00 1.272960948944091797e+01 0.000000000000000000e+00
6.034136772155761719e+00 -1.576280784606933594e+01 0.000000000000000000e+00
5.410382747650146484e+00 4.667987823486328125e+00 0.000000000000000000e+00
-3.286413908004760742e+00 -5.249428272247314453e+00 0.000000000000000000e+00
1.637556791305541992e+00 -3.538208961486816406e+00 0.000000000000000000e+00
-5.451690196990966797e+00 1.614086341857910156e+01 0.000000000000000000e+00
5.878366947174072266e+00 -1.138837909698486328e+01 0.000000000000000000e+00
2.120848447084426880e-01 -1.027148246765136719e+01 0.000000000000000000e+00
-1.275250434875488281e+01 -3.108553409576416016e+00 0.000000000000000000e+00
-1.635110664367675781e+01 6.106588840484619141e+00 0.000000000000000000e+00
8.694097995758056641e-01 -7.195097923278808594e+00 0.000000000000000000e+00
-3.564172267913818359e+00 7.941530227661132812e+00 0.000000000000000000e+00
9.579993486404418945e-01 -7.188015431165695190e-02 0.000000000000000000e+00
-1.449559879302978516e+01 -6.258375167846679688e+00 0.000000000000000000e+00
-1.632747650146484375e+01 -2.270354509353637695e+00 0.000000000000000000e+00
1.502684783935546875e+01 1.928661614656448364e-01 0.000000000000000000e+00
1.620482635498046875e+01 5.409860134124755859e+00 0.000000000000000000e+00
-7.652321815490722656e+00 1.129980206489562988e+00 0.000000000000000000e+00
1.146504020690917969e+01 -5.807063579559326172e+00 0.000000000000000000e+00
-7.648268699645996094e+00 -2.687434911727905273e+00 0.000000000000000000e+00
-1.023378086090087891e+01 -1.295712757110595703e+01 0.000000000000000000e+00
9.257945418357849121e-02 9.370339393615722656e+00 0.000000000000000000e+00
-1.390811920166015625e+01 -8.509883880615234375e+00 0.000000000000000000e+00
-7.722804546356201172e+00 -8.788455963134765625e+00 0.000000000000000000e+00
3.337635517120361328e+00 1.452761268615722656e+01 0.000000000000000000e+00
-7.146479129791259766e+00 1.034147262573242188e+01 0.000000000000000000e+00
1.067404365539550781e+01 -7.299465656280517578e+00 0.000000000000000000e+00
8.943449020385742188e+00 -1.182309436798095703e+01 0.000000000000000000e+00
-1.121300697326660156e+01 7.079054355621337891e+00 0.000000000000000000e+00
-2.039426803588867188e+00 6.874101161956787109e+00 0.000000000000000000e+00
2.337094783782958984e+00 5.260176658630371094e+00 0.000000000000000000e+00
-8.783014297485351562e+00 7.321981906890869141e+00 0.000000000000000000e+00
2.262117147445678711e+00 2.818269252777099609e+00 0.000000000000000000e+00
-5.453551292419433594e+00 1.409403038024902344e+01 0.000000000000000000e+00
7.054185390472412109e+00 2.348357200622558594e+00 0.000000000000000000e+00
-4.155204296112060547e+00 9.787542343139648438e+00 0.000000000000000000e+00
3.546622753143310547e+00 -3.266091108322143555e+00 0.000000000000000000e+00
9.301103591918945312e+00 9.419685363769531250e+00 0.000000000000000000e+00
5.250434875488281250e+00 1.007360458374023438e+01 0.000000000000000000e+00
-1.151835823059082031e+01 -1.637293457984924316e+00 0.000000000000000000e+00
5.459842205047607422e+00 -5.176748275756835938e+00 0.000000000000000000e+00
1.112845325469970703e+01 -4.278692722320556641e+00 0.000000000000000000e+00
1.105251979827880859e+01 -1.283653736114501953e+01 0.000000000000000000e+00
-1.699202728271484375e+01 -5.522354245185852051e-01 0.000000000000000000e+00
-1.679332017898559570e+00 4.892663478851318359e+00 0.000000000000000000e+00
1.040736865997314453e+01 1.203784465789794922e+01 0.000000000000000000e+00
1.316578483581542969e+01 -8.318960189819335938e+00 0.000000000000000000e+00
-4.438582062721252441e-01 -1.306037902832031250e+01 0.000000000000000000e+00
1.489143848419189453e+01 -7.218920707702636719e+00 0.000000000000000000e+00
1.149739360809326172e+01 7.973668098449707031e+00 0.000000000000000000e+00
3.937743902206420898e+00 1.596100330352783203e+01 0.000000000000000000e+00
-8.910297393798828125e+00 -1.094770431518554688e+01 0.000000000000000000e+00
3.031123876571655273e+00 -1.513340026140213013e-01 0.000000000000000000e+00
-3.796456009149551392e-02 -5.691558837890625000e+00 0.000000000000000000e+00
5.446290016174316406e+00 1.414650535583496094e+01 0.000000000000000000e+00
-3.965080261230468750e+00 -7.679845690727233887e-01 0.000000000000000000e+00
-5.933111190795898438e+00 7.527542114257812500e+00 0.000000000000000000e+00
4.308082103729248047e+00 1.188078784942626953e+01 0.000000000000000000e+00
-1.024192619323730469e+01 -8.382420539855957031e+00 0.000000000000000000e+00
-1.213429927825927734e+01 1.185315799713134766e+01 0.000000000000000000e+00
1.546739578247070312e+01 -4.859976768493652344e+00 0.000000000000000000e+00
-3.687986373901367188e+00 -1.587601757049560547e+01 0.000000000000000000e+00
-1.325190258026123047e+01 -1.339095592498779297e+00 0.000000000000000000e+00
9.865497589111328125e+00 -2.874963581562042236e-01 0.000000000000000000e+00
-3.389517307281494141e+00 -3.362520933151245117e+00 0.000000000000000000e+00
-1.665136337280273438e+01 4.248342037200927734e+00 0.000000000000000000e+00
9.158210754394531250e+00 3.564393520355224609e+00 0.000000000000000000e+00
-1.040342044830322266e+01 1.002870368957519531e+01 0.000000000000000000e+00
-9.876203536987304688e+00 1.379437351226806641e+01 0.000000000000000000e+00
-1.645200920104980469e+01 -5.442246913909912109e+00 0.000000000000000000e+00
5.710649490356445312e+00 7.667233943939208984e+00 0.000000000000000000e+00
2.562442064285278320e+00 -5.945265769958496094e+00 0.000000000000000000e+00
-2.236648321151733398e+00 1.029478836059570312e+01 0.000000000000000000e+00
1.698169708251953125e+01 -3.215439796447753906e+00 0.000000000000000000e+00
-3.172324180603027344e+00 6.545839309692382812e-01 0.000000000000000000e+00
-7.086313247680664062e+00 -6.953594684600830078e+00 0.000000000000000000e+00
1.795005083084106445e+00 1.669406127929687500e+01 0.000000000000000000e+00
-5.121700763702392578e+00 -1.067933750152587891e+01 0.000000000000000000e+00
9.961553573608398438e+00 7.659148693084716797e+00 0.000000000000000000e+00
7.889919757843017578e+00 5.231449604034423828e+00 0.000000000000000000e+00
-4.724601268768310547e+00 -4.817493438720703125e+00 0.000000000000000000e+00
-9.487470626831054688e+00 2.663996696472167969e+00 0.000000000000000000e+00
1.539890384674072266e+01 -2.303936958312988281e+00 0.000000000000000000e+00
3.206072092056274414e+00 1.448226451873779297e+00 0.000000000000000000e+00
-1.384271430969238281e+01 -1.034456825256347656e+01 0.000000000000000000e+00
-4.728758811950683594e+00 -8.053836822509765625e+00 0.000000000000000000e+00
-1.091528606414794922e+01 -3.215861082077026367e+00 0.000000000000000000e+00
-1.435924243927001953e+01 5.772638320922851562e+00 0.000000000000000000e+00
-2.292256116867065430e+00 -6.222106814384460449e-01 0.000000000000000000e+00
5.074443340301513672e+00 -3.078057289123535156e+00 0.000000000000000000e+00
-1.938814401626586914e+00 8.376399993896484375e+00 0.000000000000000000e+00
1.432202625274658203e+01 -9.429134368896484375e+00 0.000000000000000000e+00
6.131095409393310547e+00 -6.615393638610839844e+00 0.000000000000000000e+00
-1.159987545013427734e+01 3.730640172958374023e+00 0.000000000000000000e+00
3.578648567199707031e+00 7.387348175048828125e+00 0.000000000000000000e+00
1.256396389007568359e+01 1.045661354064941406e+01 0.000000000000000000e+00
-1.735324025154113770e+00 -7.130189418792724609e+00 0.000000000000000000e+00
1.697793126106262207e+00 -1.101811981201171875e+01 0.000000000000000000e+00
3.751562356948852539e+00 -1.698588371276855469e+01 0.000000000000000000e+00
-3.360998630523681641e+00 1.698176383972167969e+01 0.000000000000000000e+00
1.095078372955322266e+01 4.265393257141113281e+00 0.000000000000000000e+00
1.920412421226501465e+00 -1.682187271118164062e+01 0.000000000000000000e+00
1.334391593933105469e+01 -2.102627992630004883e+00 0.000000000000000000e+00
-6.756563663482666016e+00 3.442124605178833008e+00 0.000000000000000000e+00
-1.216922855377197266e+01 -1.322260946035385132e-01 0.000000000000000000e+00
5.873578548431396484e+00 -1.289365577697753906e+01 0.000000000000000000e+00
6.680963039398193359e+00 1.287484169006347656e+01 0.000000000000000000e+00
8.407824516296386719e+00 7.672084331512451172e+00 0.000000000000000000e+00
1.516809368133544922e+01 7.099708080291748047e+00 0.000000000000000000e+00
5.627029895782470703e+00 1.587259006500244141e+01 0.000000000000000000e+00
-5.311010360717773438e+00 -1.343341350555419922e+01 0.000000000000000000e+00
-4.758794307708740234e+00 2.580808162689208984e+00 0.000000000000000000e+00
9.085846900939941406e+00 1.726896286010742188e+00 0.000000000000000000e+00
-1.040523052215576172e+00 -9.085761070251464844e+00 0.000000000000000000e+00
-1.285979366302490234e+01 4.632109642028808594e+00 0.000000000000000000e+00
9.239157676696777344e+00 -2.919260501861572266e+00 0.000000000000000000e+00
-9.732773780822753906e+00 -4.411137580871582031e+00 0.000000000000000000e+00
-1.583443069458007812e+01 -3.892488002777099609e+00 0.000000000000000000e+00
-5.027523994445800781e+00 1.168764877319335938e+01 0.000000000000000000e+00
1.263717842102050781e+01 -1.022162055969238281e+01 0.000000000000000000e+00
1.707950210571289062e+01 -1.488767504692077637e+00 0.000000000000000000e+00
9.680379867553710938e+00 -8.492856979370117188e+00 0.000000000000000000e+00
-4.591036736965179443e-01 7.781652927398681641e+00 0.000000000000000000e+00
1.623688125610351562e+01 1.629568338394165039e+00 0.000000000000000000e+00
-1.463087081909179688e+01 9.415067672729492188e+00 0.000000000000000000e+00
1.423137664794921875e+01 -3.872625350952148438e+00 0.000000000000000000e+00
-1.088508510589599609e+01 1.848328828811645508e+00 0.000000000000000000e+00
7.746985435485839844e+00 -1.329852461814880371e+00 0.000000000000000000e+00
-3.329485893249511719e+00 -1.113244056701660156e+01 0.000000000000000000e+00
-3.524855136871337891e+00 1.126726150512695312e+01 0.000000000000000000e+00
7.100513935089111328e+00 6.529204368591308594e+00 0.000000000000000000e+00
-8.881192207336425781e+00 2.244363129138946533e-01 0.000000000000000000e+00
1.288168525695800781e+01 7.657564878463745117e-01 0.000000000000000000e+00
1.157966995239257812e+01 5.717807292938232422e+00 0.000000000000000000e+00
4.020835399627685547e+00 -1.638546586036682129e+00 0.000000000000000000e+00
-2.922613859176635742e+00 1.538486003875732422e+01 0.000000000000000000e+00
-1.385532474517822266e+01 3.054583072662353516e+00 0.000000000000000000e+00
1.118327713012695312e+01 -8.743115425109863281e+00 0.000000000000000000e+00
-7.965715408325195312e+00 5.286805629730224609e+00 0.000000000000000000e+00
1.571460962295532227e+00 1.505311298370361328e+01 0.000000000000000000e+00
-3.212573766708374023e+00 -8.503788948059082031e+00 0.000000000000000000e+00
-5.655735015869140625e+00 -6.337436199188232422e+00 0.000000000000000000e+00
3.623432159423828125e+00 -7.544584751129150391e+00 0.000000000000000000e+00
1.401814079284667969e+01 4.332726001739501953e+00 0.000000000000000000e+00
7.452601432800292969e+00 -1.240475463867187500e+01 0.000000000000000000e+00
-8.717320442199707031e+00 -1.469468593597412109e+01 0.000000000000000000e+00
1.795528531074523926e+00 7.548468112945556641e+00 0.000000000000000000e+00
1.030084037780761719e+01 1.385832691192626953e+01 0.000000000000000000e+00
6.525367259979248047e+00 3.835650384426116943e-01 0.000000000000000000e+00
1.466063880920410156e+01 8.542426109313964844e+00 0.000000000000000000e+00
1.340218484401702881e-01 -1.615989303588867188e+01 0.000000000000000000e+00
-1.693216133117675781e+01 1.181586027145385742e+00 0.000000000000000000e+00
-1.016376686096191406e+01 -1.004747581481933594e+01 0.000000000000000000e+00
1.406412005424499512e+00 1.024835300445556641e+01 0.000000000000000000e+00
-1.538646697998046875e+01 -1.094039678573608398e+00 0.000000000000000000e+00
-1.059549522399902344e+01 1.231360530853271484e+01 0.000000000000000000e+00
7.237888813018798828e+00 -4.964509010314941406e+00 0.000000000000000000e+00
-1.353721332550048828e+01 -4.757715225219726562e+00 0.000000000000000000e+00
8.142832756042480469e+00 -8.476436614990234375e+00 0.000000000000000000e+00
-5.451500415802001953e+00 6.106491088867187500e+00 0.000000000000000000e+00
-2.118422746658325195e+00 -2.325864315032958984e+00 0.000000000000000000e+00
9.105350494384765625e+00 6.243492603302001953e+00 0.000000000000000000e+00
-8.599865913391113281e+00 9.774087905883789062e+00 0.000000000000000000e+00
8.145627975463867188e+00 4.330715537071228027e-01 0.000000000000000000e+00
1.323217391967773438e+00 -1.284476661682128906e+01 0.000000000000000000e+00
6.542966842651367188e+00 1.135822105407714844e+01 0.000000000000000000e+00
-1.730542778968811035e+00 -1.736259841918945312e+01 0.000000000000000000e+00
-1.441002082824707031e+01 -2.413372993469238281e+00 0.000000000000000000e+00
1.137061691284179688e+01 2.658640146255493164e+00 0.000000000000000000e+00
1.932156443595886230e+00 -8.828484535217285156e+00 0.000000000000000000e+00
1.095468425750732422e+01 1.005851936340332031e+01 0.000000000000000000e+00
-1.577082443237304688e+01 -7.547543525695800781e+00 0.000000000000000000e+00
-5.623377799987792969e+00 8.487917780876159668e-01 0.000000000000000000e+00
-3.257006406784057617e+00 -6.805654048919677734e+00 0.000000000000000000e+00
1.230363464355468750e+01 1.198985958099365234e+01 0.000000000000000000e+00
-6.770971775054931641e+00 -1.034091663360595703e+01 0.000000000000000000e+00
9.583853721618652344e+00 -4.776737213134765625e+00 0.000000000000000000e+00
4.356488227844238281e+00 5.984130859375000000e+00 0.000000000000000000e+00
-1.714489173889160156e+01 2.755587339401245117e+00 0.000000000000000000e+00
6.145569682121276855e-01 2.870383501052856445e+00 0.000000000000000000e+00
6.918726921081542969e+00 9.028998374938964844e+00 0.000000000000000000e+00
-2.773380517959594727e+00 2.192026853561401367e+00 0.000000000000000000e+00
1.286317253112792969e+01 -1.176091384887695312e+01 0.000000000000000000e+00
