-1.014193153381347656e+01 1.215333938598632812e+01 0.000000000000000000e+00
-1.587947273254394531e+01 -3.741182565689086914e+00 0.000000000000000000e+00
2.300687074661254883e+00 -2.300289630889892578e+00 0.000000000000000000e+00
-1.827085137367248535e+00 -1.097807693481445312e+01 0.000000000000000000e+00
-5.105507001280784607e-02 -3.389812946319580078e+00 0.000000000000000000e+00
-1.367235469818115234e+01 7.988657474517822266e+00 0.000000000000000000e+00
5.076266288757324219e+00 -1.585197448730468750e+01 0.000000000000000000e+00
6.962947368621826172e+00 -6.788739681243896484e+00 0.000000000000000000e+00
-5.829497814178466797e+00 8.930922508239746094e+00 0.000000000000000000e+00
8.136932849884033203e-01 -1.524413490295410156e+01 0.000000000000000000e+00
-8.517611503601074219e+00 1.239883613586425781e+01 0.000000000000000000e+00
3.097020626068115234e+00 -8.442559242248535156e+00 0.000000000000000000e+00
-2.743539810180664062e+00 -9.240827560424804688e+00 0.000000000000000000e+00
1.052810573577880859e+01 5.066563129425048828e+00 0.000000000000000000e+00
9.341018676757812500e+00 2.920062780380249023e+00 0.000000000000000000e+00
-1.460519790649414062e+00 1.045064258575439453e+01 0.000000000000000000e+00
1.442875099182128906e+01 1.925521731376647949e+00 0.000000000000000000e+00
-1.503000164031982422e+01 6.102339625358581543e-01 0.000000000000000000e+00
-8.599053382873535156e+00 -1.004077148437500000e+01 0.000000000000000000e+00
7.418215751647949219e+00 6.368984699249267578e+00 0.000000000000000000e+00
7.500438690185546875e+00 -2.688300132751464844e+00 0.000000000000000000e+00
-1.179247188568115234e+01 -1.199525356292724609e+01 0.000000000000000000e+00
1.189978122711181641e+01 -8.180597305297851562e+00 0.000000000000000000e+00
1.166090726852416992e+00 1.696296691894531250e+01 0.000000000000000000e+00
6.121386885643005371e-01 1.645139813423156738e+00 0.000000000000000000e+00
1.114126443862915039e+00 6.557242393493652344e+00 0.000000000000000000e+00
1.102114200592041016e+00 8.608295440673828125e+00 0.000000000000000000e+00
8.302640914916992188e+00 -9.440360069274902344e-01 0.000000000000000000e+00
5.665060043334960938e+00 6.189218044281005859e+00 0.000000000000000000e+00
-1.631343078613281250e+01 -5.924827098846435547e+00 0.000000000000000000e+00
1.530049133300781250e+01 -1.476758003234863281e+00 0.000000000000000000e+00
2.831464290618896484e+00 -5.055354595184326172e+00 0.000000000000000000e+00
-2.249217987060546875e+00 1.192670345306396484e+01 0.000000000000000000e+00
4.215476036071777344e+00 4.591723918914794922e+00 0.000000000000000000e+00
-9.915019989013671875e+00 -3.764328956604003906e+00 0.000000000000000000e+00
-8.922349929809570312e+00 1.006533622741699219e+00 0.000000000000000000e+00
-4.697870254516601562e+00 1.577402973175048828e+01 0.000000000000000000e+00
-1.457528305053710938e+01 -2.717704057693481445e+00 0.000000000000000000e+00
-1.255643939971923828e+01 6.448170661926269531e+00 0.000000000000000000e+00
7.979505658149719238e-01 -6.946415424346923828e+00 0.000000000000000000e+00
1.482443332672119141e+01 -4.416775226593017578e+00 0.000000000000000000e+00
-7.426782608032226562e+00 1.846379756927490234e+00 0.000000000000000000e+00
8.647175788879394531e+00 -9.538187026977539062e+00 0.000000000000000000e+00
-1.079279327392578125e+01 7.112520694732666016e+00 0.000000000000000000e+00
-5.278211593627929688e+00 -1.557827377319335938e+01 0.000000000000000000e+00
-2.500281095504760742e+00 1.575216197967529297e+01 0.000000000000000000e+00
-6.569861888885498047e+00 1.127406597137451172e+01 0.000000000000000000e+00
-5.321131706237792969e+00 -3.564129114151000977e+00 0.000000000000000000e+00
-3.982307314872741699e-01 -1.292630004882812500e+01 0.000000000000000000e+00
1.248957824707031250e+01 4.902682781219482422e+00 0.000000000000000000e+00
5.360928535461425781e+00 1.758579134941101074e+00 0.000000000000000000e+00
3.345714092254638672e+00 1.495850181579589844e+01 0.000000000000000000e+00
3.563662767410278320e+00 8.690605163574218750e+00 0.000000000000000000e+00
-1.062363243103027344e+01 -6.692847609519958496e-01 0.000000000000000000e+00
-3.263093948364257812e+00 -1.552764415740966797e+01 0.000000000000000000e+00
-9.415188789367675781e+00 -1.320105934143066406e+01 0.000000000000000000e+00
1.206156253814697266e+01 1.103684139251708984e+01 0.000000000000000000e+00
2.274079084396362305e+00 -1.661033058166503906e+01 0.000000000000000000e+00
1.348137474060058594e+01 -5.156606197357177734e+00 0.000000000000000000e+00
-3.376137256622314453e+00 1.034418487548828125e+01 0.000000000000000000e+00
1.160184025764465332e+00 -5.031693458557128906e+00 0.000000000000000000e+00
-3.696779966354370117e+00 -4.462200164794921875e+00 0.000000000000000000e+00
-1.015225315093994141e+01 -1.117805957794189453e+01 0.000000000000000000e+00
4.393572807312011719e+00 -2.742003917694091797e+00 0.000000000000000000e+00
2.898028373718261719e+00 6.510947227478027344e+00 0.000000000000000000e+00
-1.640025711059570312e+01 4.311194896697998047e+00 0.000000000000000000e+00
-4.104694843292236328e+00 2.214441537857055664e+00 0.000000000000000000e+00
1.487071037292480469e+01 6.699643135070800781e+00 0.000000000000000000e+00
-5.611092090606689453e+00 1.382677173614501953e+01 0.000000000000000000e+00
-3.175657749176025391e+00 -1.211052417755126953e+01 0.000000000000000000e+00
-1.555251407623291016e+01 7.663055419921875000e+00 0.000000000000000000e+00
6.359008789062500000e+00 1.052260017395019531e+01 0.000000000000000000e+00
-2.898056983947753906e+00 -1.351458668708801270e+00 0.000000000000000000e+00
1.169655895233154297e+01 -3.850166082382202148e+00 0.000000000000000000e+00
1.009193539619445801e+00 1.161128234863281250e+01 0.000000000000000000e+00
9.614140510559082031e+00 -4.568829536437988281e+00 0.000000000000000000e+00
-1.665792083740234375e+01 7.557030320167541504e-01 0.000000000000000000e+00
3.746402740478515625e+00 1.133592414855957031e+01 0.000000000000000000e+00
1.702367973327636719e+01 2.037208318710327148e+00 0.000000000000000000e+00
-1.308703613281250000e+01 4.002102851867675781e+00 0.000000000000000000e+00
1.632207870483398438e+01 4.948348999023437500e+00 0.000000000000000000e+00
1.364295101165771484e+01 3.419450044631958008e+00 0.000000000000000000e+00
-7.897739410400390625e+00 1.438809490203857422e+01 0.000000000000000000e+00
-1.290076828002929688e+01 -1.060821437835693359e+01 0.000000000000000000e+00
1.108408331871032715e+00 -1.080730533599853516e+01 0.000000000000000000e+00
5.210969448089599609e+00 1.535370826721191406e+01 0.000000000000000000e+00
1.769295215606689453e+00 -5.804007649421691895e-01 0.000000000000000000e+00
8.435784339904785156e+00 6.652555465698242188e-01 0.000000000000000000e+00
2.789945363998413086e+00 2.576736450195312500e+00 0.000000000000000000e+00
-5.639896392822265625e-01 3.472320318222045898e+00 0.000000000000000000e+00
-6.575645923614501953e+00 -7.414377927780151367e-01 0.000000000000000000e+00
1.229937076568603516e+01 9.282367706298828125e+00 0.000000000000000000e+00
-1.170740890502929688e+01 -6.018068313598632812e+00 0.000000000000000000e+00
-1.284170913696289062e+01 -1.098029136657714844e+00 0.000000000000000000e+00
-1.547612571716308594e+01 -1.360564827919006348e+00 0.000000000000000000e+00
-4.164046287536621094e+00 -7.219706058502197266e+00 0.000000000000000000e+00
-8.723588943481445312e+00 -4.777266502380371094e+00 0.000000000000000000e+00
-9.849041938781738281e+00 4.413152217864990234e+00 0.000000000000000000e+00
-1.353526210784912109e+01 -5.364334106445312500e+00 0.000000000000000000e+00
1.286458015441894531e+01 4.035542607307434082e-01 0.000000000000000000e+00
-2.095220804214477539e+00 7.375834941864013672e+00 0.000000000000000000e+00
1.061640167236328125e+01 -5.874618530273437500e+00 0.000000000000000000e+00
7.968897342681884766e+00 -4.305447101593017578e+00 0.000000000000000000e+00
8.337269783020019531e+00 -5.913785934448242188e+00 0.000000000000000000e+00
-1.208451175689697266e+01 1.628432393074035645e+00 0.000000000000000000e+00
6.539435386657714844e+00 -1.157087421417236328e+01 0.000000000000000000e+00
7.436323165893554688e+00 -8.397433280944824219e+00 0.000000000000000000e+00
3.671206474304199219e+00 -1.454444122314453125e+01 0.000000000000000000e+00
9.762144088745117188e+00 7.646163463592529297e+00 0.000000000000000000e+00
-3.919671535491943359e+00 -2.482727766036987305e+00 0.000000000000000000e+00
9.587434768676757812e+00 -1.269101905822753906e+01 0.000000000000000000e+00
4.482519149780273438e+00 1.331336498260498047e+01 0.000000000000000000e+00
-5.120317459106445312e+00 5.040669918060302734e+00 0.000000000000000000e+00
-6.138873577117919922e+00 -9.969172477722167969e+00 0.000000000000000000e+00
-1.216894817352294922e+01 8.467313766479492188e+00 0.000000000000000000e+00
-6.671801567077636719e+00 -6.206135749816894531e+00 0.000000000000000000e+00
1.632875204086303711e+00 -1.290208530426025391e+01 0.000000000000000000e+00
-1.293450164794921875e+01 9.866086959838867188e+00 0.000000000000000000e+00
5.370030403137207031e+00 -5.990756034851074219e+00 0.000000000000000000e+00
-9.658811092376708984e-01 -4.802299499511718750e+00 0.000000000000000000e+00
3.939869642257690430e+00 -1.034827828407287598e+00 0.000000000000000000e+00
-1.263484001159667969e+01 -7.853311538696289062e+00 0.000000000000000000e+00
-8.573175072669982910e-01 8.969363212585449219e+00 0.000000000000000000e+00
-4.254975318908691406e+00 -9.347397804260253906e+00 0.000000000000000000e+00
9.249444961547851562e+00 1.366883563995361328e+01 0.000000000000000000e+00
-8.150226593017578125e+00 8.900314331054687500e+00 0.000000000000000000e+00
6.728842258453369141e+00 4.077528953552246094e+00 0.000000000000000000e+00
-1.528536701202392578e+01 2.815714597702026367e+00 0.000000000000000000e+00
7.099966049194335938e+00 1.867073535919189453e+00 0.000000000000000000e+00
7.316473007202148438e+00 -1.539343929290771484e+01 0.000000000000000000e+00
7.211259365081787109e+00 8.388445854187011719e+00 0.000000000000000000e+00
-2.640949010848999023e+00 -6.447232246398925781e+00 0.000000000000000000e+00
1.997545838356018066e+00 3.925795793533325195e+00 0.000000000000000000e+00
2.441640377044677734e+00 1.244107627868652344e+01 0.000000000000000000e+00
1.160592174530029297e+01 1.884652137756347656e+00 0.000000000000000000e+00
3.442941904067993164e+00 -1.249379062652587891e+01 0.000000000000000000e+00
7.459609031677246094e+00 1.417435455322265625e+01 0.000000000000000000e+00
-1.471154975891113281e+01 -6.585678100585937500e+00 0.000000000000000000e+00
6.145264148712158203e+00 -1.585019826889038086e+00 0.000000000000000000e+00
-1.016707134246826172e+01 1.369347763061523438e+01 0.000000000000000000e+00
-3.026448965072631836e+00 3.277942895889282227e+00 0.000000000000000000e+00
-1.777104020118713379e+00 -1.383202171325683594e+01 0.000000000000000000e+00
1.622535896301269531e+01 -6.347361564636230469e+00 0.000000000000000000e+00
3.278533220291137695e+00 -1.043240833282470703e+01 0.000000000000000000e+00
-1.800411343574523926e+00 1.420833349227905273e+00 0.000000000000000000e+00
8.133023262023925781e+00 1.146497917175292969e+01 0.000000000000000000e+00
1.109805679321289062e+01 1.342961978912353516e+01 0.000000000000000000e+00
-5.602579593658447266e+00 -8.531394958496093750e+00 0.000000000000000000e+00
-5.011209964752197266e+00 1.061720561981201172e+01 0.000000000000000000e+00
5.105285644531250000e+00 -4.204725265502929688e+00 0.000000000000000000e+00
1.481154060363769531e+01 2.493207454681396484e-01 0.000000000000000000e+00
-1.456851291656494141e+01 5.900148391723632812e+00 0.000000000000000000e+00
-1.039364433288574219e+01 9.711750030517578125e+00 0.000000000000000000e+00
1.052540397644042969e+01 -1.077105808258056641e+01 0.000000000000000000e+00
1.057871055603027344e+01 -1.267972826957702637e+00 0.000000000000000000e+00
-8.038838386535644531e+00 6.432911396026611328e+00 0.000000000000000000e+00
-1.226775264739990234e+01 -2.694023370742797852e+00 0.000000000000000000e+00
6.791636943817138672e+00 1.059766113758087158e-02 0.000000000000000000e+00
1.328117132186889648e+00 1.519025516510009766e+01 0.000000000000000000e+00
-8.297830820083618164e-01 -9.812818527221679688e+00 0.000000000000000000e+00
8.729371070861816406e+00 -1.134597587585449219e+01 0.000000000000000000e+00
-1.922394871711730957e+00 -3.213823318481445312e+00 0.000000000000000000e+00
-7.460525512695312500e+00 -2.916637420654296875e+00 0.000000000000000000e+00
8.752201080322265625e+00 -1.473573303222656250e+01 0.000000000000000000e+00
4.647285938262939453e+00 9.930887222290039062e+00 0.000000000000000000e+00
4.639720320701599121e-01 -1.674246406555175781e+01 0.000000000000000000e+00
1.382525825500488281e+01 9.466924667358398438e+00 0.000000000000000000e+00
-5.765244483947753906e+00 7.371938228607177734e+00 0.000000000000000000e+00
-6.766248703002929688e+00 3.305747747421264648e+00 0.000000000000000000e+00
-9.184737205505371094e+00 7.731293201446533203e+00 0.000000000000000000e+00
-6.947878360748291016e+00 -1.432766437530517578e+01 0.000000000000000000e+00
1.193131685256958008e+00 1.350236892700195312e+01 0.000000000000000000e+00
-4.850132942199707031e+00 -1.081131076812744141e+01 0.000000000000000000e+00
8.978387832641601562e+00 4.380290031433105469e+00 0.000000000000000000e+00
-1.003034019470214844e+01 -8.391016960144042969e+00 0.000000000000000000e+00
5.942515373229980469e+00 -8.665611267089843750e+00 0.000000000000000000e+00
8.910729408264160156e+00 9.081905364990234375e+00 0.000000000000000000e+00
-7.572278976440429688e+00 -1.285090351104736328e+01 0.000000000000000000e+00
6.871335029602050781e+00 1.234880638122558594e+01 0.000000000000000000e+00
-2.864229440689086914e+00 1.348129177093505859e+01 0.000000000000000000e+00
4.908531665802001953e+00 -1.014824008941650391e+01 0.000000000000000000e+00
-1.701115226745605469e+01 -1.502882003784179688e+00 0.000000000000000000e+00
-8.473140716552734375e+00 -4.418188929557800293e-01 0.000000000000000000e+00
1.012191581726074219e+01 -8.210750579833984375e+00 0.000000000000000000e+00
-1.337440967559814453e+00 1.459864616394042969e+01 0.000000000000000000e+00
1.119602870941162109e+01 -1.272452449798583984e+01 0.000000000000000000e+00
-1.454072093963623047e+01 -9.340178489685058594e+00 0.000000000000000000e+00
4.018225193023681641e+00 -1.693944740295410156e+01 0.000000000000000000e+00
1.327606105804443359e+01 -1.120703887939453125e+01 0.000000000000000000e+00
-3.533023357391357422e+00 5.463459014892578125e+00 0.000000000000000000e+00
-1.209419131278991699e+00 -5.285514593124389648e-01 0.000000000000000000e+00
-6.202538967132568359e+00 1.578223228454589844e+01 0.000000000000000000e+00
4.641735076904296875e+00 -7.715314865112304688e+00 0.000000000000000000e+00
-5.568308830261230469e-01 1.592623901367187500e+01 0.000000000000000000e+00
-2.884863138198852539e+00 -1.699781417846679688e+01 0.000000000000000000e+00
1.723612022399902344e+01 -1.453160166740417480e+00 0.000000000000000000e+00
1.007189178466796875e+01 1.181694602966308594e+01 0.000000000000000000e+00
5.107923984527587891e+00 -1.257863044738769531e+01 0.000000000000000000e+00
6.783034324645996094e+00 -1.306294822692871094e+01 0.000000000000000000e+00
1.276286697387695312e+01 6.902995586395263672e+00 0.000000000000000000e+00
1.175147724151611328e+01 -2.315409898757934570e+00 0.000000000000000000e+00
9.430835723876953125e+00 -2.922392606735229492e+00 0.000000000000000000e+00
3.955737948417663574e-01 -1.356420040130615234e+00 0.000000000000000000e+00
-1.119513607025146484e+01 3.552640914916992188e+00 0.000000000000000000e+00
-1.744804143905639648e+00 4.828323841094970703e+00 0.000000000000000000e+00
-7.750243544578552246e-01 1.308821201324462891e+01 0.000000000000000000e+00
-8.289426803588867188e+00 -8.459184646606445312e+00 0.000000000000000000e+00
5.465257167816162109e+00 8.088673591613769531e+00 0.000000000000000000e+00
-1.333057403564453125e+01 4.478652179241180420e-01 0.000000000000000000e+00
1.494407176971435547e+01 -8.069729804992675781e+00 0.000000000000000000e+00
1.350887107849121094e+01 -1.474678277969360352e+00 0.000000000000000000e+00
-8.514593124389648438e+00 2.881815910339355469e+00 0.000000000000000000e+00
1.254946231842041016e+01 -6.347996234893798828e+00 0.000000000000000000e+00
-4.000631809234619141e+00 6.712027192115783691e-01 0.000000000000000000e+00
-1.166353607177734375e+01 -9.233986854553222656e+00 0.000000000000000000e+00
1.132683944702148438e+01 2.325925379991531372e-01 0.000000000000000000e+00
-4.310410499572753906e+00 8.624001502990722656e+00 0.000000000000000000e+00
4.081107974052429199e-01 5.025536060333251953e+00 0.000000000000000000e+00
1.061667537689208984e+01 9.104165077209472656e+00 0.000000000000000000e+00
-2.649003267288208008e+00 8.934002876281738281e+00 0.000000000000000000e+00
5.271955490112304688e+00 -1.072403192520141602e-01 0.000000000000000000e+00
1.349966907501220703e+01 -3.275137901306152344e+00 0.000000000000000000e+00
-8.787199974060058594e+00 -2.182895421981811523e+00 0.000000000000000000e+00
1.730609893798828125e+01 3.650942444801330566e-01 0.000000000000000000e+00
3.959225893020629883e+00 1.698129272460937500e+01 0.000000000000000000e+00
-8.081412911415100098e-01 -7.235395431518554688e+00 0.000000000000000000e+00
-5.140220642089843750e+00 -1.532881021499633789e+00 0.000000000000000000e+00
-1.226447963714599609e+01 1.224674415588378906e+01 0.000000000000000000e+00
-9.889597892761230469e+00 -6.749051094055175781e+00 0.000000000000000000e+00
-8.509463667869567871e-01 -1.552626991271972656e+01 0.000000000000000000e+00
-6.831457614898681641e+00 -1.606616020202636719e+01 0.000000000000000000e+00
1.666217422485351562e+01 -2.904724597930908203e+00 0.000000000000000000e+00
-8.208844184875488281e+00 -1.514759349822998047e+01 0.000000000000000000e+00
2.468081712722778320e+00 1.004064655303955078e+01 0.000000000000000000e+00
5.050143003463745117e-01 1.008987903594970703e+01 0.000000000000000000e+00
2.333434820175170898e+00 8.380706310272216797e-01 0.000000000000000000e+00
1.513456344604492188e+01 3.739300489425659180e+00 0.000000000000000000e+00
1.132012462615966797e+01 6.447032928466796875e+00 0.000000000000000000e+00
1.355086326599121094e+01 -8.748484611511230469e+00 0.000000000000000000e+00
-1.725444221496582031e+01 2.410074234008789062e+00 0.000000000000000000e+00
1.211036586761474609e+01 -9.853749275207519531e+00 0.000000000000000000e+00
-8.447690963745117188e+00 4.955485343933105469e+00 0.000000000000000000e+00
-1.096509456634521484e+01 -1.336320877075195312e+01 0.000000000000000000e+00
-1.068844318389892578e+00 -1.730251693725585938e+01 0.000000000000000000e+00
1.425136280059814453e+01 -6.481456279754638672e+00 0.000000000000000000e+00
-1.136050891876220703e+01 -4.401019096374511719e+00 0.000000000000000000e+00
-1.409704208374023438e+01 1.789685726165771484e+00 0.000000000000000000e+00
-3.840081930160522461e+00 -1.381085014343261719e+01 0.000000000000000000e+00
6.733540534973144531e+00 -9.991161346435546875e+00 0.000000000000000000e+00
5.230681896209716797e+00 1.182872104644775391e+01 0.000000000000000000e+00
1.112034916877746582e+00 -9.277462959289550781e+00 0.000000000000000000e+00
-9.186820983886718750e+00 1.077932262420654297e+01 0.000000000000000000e+00
-5.343440532684326172e+00 -1.349481296539306641e+01 0.000000000000000000e+00
-4.471909046173095703e+00 1.238284873962402344e+01 0.000000000000000000e+00
-6.257913589477539062e+00 -1.175249958038330078e+01 0.000000000000000000e+00
1.357516384124755859e+01 1.096699428558349609e+01 0.000000000000000000e+00
