-9.994171142578125000e+00 6.213470935821533203e+00 0.000000000000000000e+00
-1.047796535491943359e+01 1.332651042938232422e+01 0.000000000000000000e+00
1.967361092567443848e+00 2.353395938873291016e+00 0.000000000000000000e+00
4.793514728546142578e+00 1.421225452423095703e+01 0.000000000000000000e+00
-1.341224575042724609e+01 -1.239549756050109863e+00 0.000000000000000000e+00
-5.919736385345458984e+00 1.057906055450439453e+01 0.000000000000000000e+00
1.234197235107421875e+01 9.033960342407226562e+00 0.000000000000000000e+00
-5.732513904571533203e+00 5.217487812042236328e+00 0.000000000000000000e+00
-7.474211692810058594e+00 4.929398059844970703e+00 0.000000000000000000e+00
-5.410122394561767578e+00 -4.847046852111816406e+00 0.000000000000000000e+00
4.409286022186279297e+00 -6.468448787927627563e-02 0.000000000000000000e+00
-2.588362693786621094e+00 -2.033828735351562500e+00 0.000000000000000000e+00
1.937749505043029785e+00 -3.425995588302612305e+00 0.000000000000000000e+00
-4.473520278930664062e+00 -1.687602424621582031e+01 0.000000000000000000e+00
1.480356311798095703e+01 -4.866028308868408203e+00 0.000000000000000000e+00
-3.768019676208496094e+00 -3.264661550521850586e+00 0.000000000000000000e+00
-9.932660102844238281e+00 -5.616871356964111328e+00 0.000000000000000000e+00
-9.383296012878417969e+00 9.284510612487792969e+00 0.000000000000000000e+00
-6.845848083496093750e+00 7.380753517150878906e+00 0.000000000000000000e+00
1.851376414299011230e+00 6.625167369842529297e+00 0.000000000000000000e+00
7.804970741271972656e+00 1.268147826194763184e+00 0.000000000000000000e+00
7.133896350860595703e+00 3.786720037460327148e+00 0.000000000000000000e+00
-1.508517360687255859e+01 3.683568954467773438e+00 0.000000000000000000e+00
-8.359491348266601562e+00 -1.145480632781982422e+01 0.000000000000000000e+00
1.101955509185791016e+01 -8.657559394836425781e+00 0.000000000000000000e+00
6.867978572845458984e+00 3.554778173565864563e-02 0.000000000000000000e+00
-1.014859485626220703e+01 4.491255283355712891e+00 0.000000000000000000e+00
-9.255248308181762695e-01 -1.602022552490234375e+01 0.000000000000000000e+00
5.945607662200927734e+00 9.522870063781738281e+00 0.000000000000000000e+00
7.678669929504394531e+00 7.950808048248291016e+00 0.000000000000000000e+00
-7.376508235931396484e+00 8.804861903190612793e-01 0.000000000000000000e+00
-4.576545715332031250e+00 7.308768272399902344e+00 0.000000000000000000e+00
-1.135381311178207397e-01 -1.310014057159423828e+01 0.000000000000000000e+00
-1.234012126922607422e+01 -9.242207527160644531e+00 0.000000000000000000e+00
-3.263402462005615234e+00 -3.772558569908142090e-01 0.000000000000000000e+00
1.452596664428710938e+01 1.880570530891418457e+00 0.000000000000000000e+00
-4.834854125976562500e+00 -6.462852001190185547e+00 0.000000000000000000e+00
4.898038387298583984e+00 -1.637487030029296875e+01 0.000000000000000000e+00
7.861663341522216797e+00 -3.119904756546020508e+00 0.000000000000000000e+00
-3.503701686859130859e+00 -7.548950195312500000e+00 0.000000000000000000e+00
1.596874427795410156e+01 3.568454027175903320e+00 0.000000000000000000e+00
1.509038352966308594e+01 5.095039844512939453e+00 0.000000000000000000e+00
-8.203763961791992188e+00 1.122494792938232422e+01 0.000000000000000000e+00
8.738367080688476562e+00 9.636900901794433594e+00 0.000000000000000000e+00
1.025522804260253906e+01 4.923201560974121094e+00 0.000000000000000000e+00
-3.114494800567626953e+00 -5.060403347015380859e+00 0.000000000000000000e+00
-5.841755867004394531e+00 -2.416177034378051758e+00 0.000000000000000000e+00
2.804956436157226562e-01 -8.903856277465820312e+00 0.000000000000000000e+00
-1.251136207580566406e+01 1.014808273315429688e+01 0.000000000000000000e+00
-1.312476444244384766e+01 5.044805526733398438e+00 0.000000000000000000e+00
-1.931467771530151367e+00 1.966202616691589355e+00 0.000000000000000000e+00
-6.733498096466064453e+00 -1.040616703033447266e+01 0.000000000000000000e+00
1.179823780059814453e+01 -6.684352874755859375e+00 0.000000000000000000e+00
-5.201644897460937500e+00 1.499770832061767578e+01 0.000000000000000000e+00
-8.932827949523925781e+00 -3.471016407012939453e+00 0.000000000000000000e+00
1.347788810729980469e+00 -1.661781692504882812e+01 0.000000000000000000e+00
4.843772053718566895e-01 2.165089845657348633e-01 0.000000000000000000e+00
-9.779326438903808594e+00 1.117575931549072266e+01 0.000000000000000000e+00
1.887032628059387207e+00 -7.298367023468017578e+00 0.000000000000000000e+00
9.497788429260253906e+00 -7.247557163238525391e+00 0.000000000000000000e+00
1.059361648559570312e+01 -1.305465507507324219e+01 0.000000000000000000e+00
2.361871957778930664e+00 -1.783380627632141113e+00 0.000000000000000000e+00
-1.155383682250976562e+01 -1.208235931396484375e+01 0.000000000000000000e+00
1.332540035247802734e+01 -1.120781040191650391e+01 0.000000000000000000e+00
4.082180976867675781e+00 7.036294937133789062e+00 0.000000000000000000e+00
1.382909202575683594e+01 -7.668555259704589844e+00 0.000000000000000000e+00
-1.268473911285400391e+01 8.003273963928222656e+00 0.000000000000000000e+00
8.762007713317871094e+00 -1.505656599998474121e+00 0.000000000000000000e+00
3.436472654342651367e+00 1.690208816528320312e+01 0.000000000000000000e+00
9.574958801269531250e+00 7.834963202476501465e-01 0.000000000000000000e+00
-2.438698768615722656e+00 9.230067253112792969e+00 0.000000000000000000e+00
-1.430171966552734375e+01 1.009225964546203613e+00 0.000000000000000000e+00
4.915547370910644531e+00 2.769748926162719727e+00 0.000000000000000000e+00
-5.946087837219238281e+00 3.294716596603393555e+00 0.000000000000000000e+00
-2.797321557998657227e+00 1.653572273254394531e+01 0.000000000000000000e+00
2.914518833160400391e+00 -5.528183937072753906e+00 0.000000000000000000e+00
1.184667778015136719e+01 5.091764450073242188e+00 0.000000000000000000e+00
6.185333251953125000e+00 -6.352517604827880859e+00 0.000000000000000000e+00
4.687354087829589844e+00 -4.219243526458740234e+00 0.000000000000000000e+00
-8.806049346923828125e+00 -1.449973106384277344e+01 0.000000000000000000e+00
-1.201530694961547852e+00 1.683880615234375000e+01 0.000000000000000000e+00
1.010223102569580078e+01 2.918009996414184570e+00 0.000000000000000000e+00
-3.105197191238403320e+00 6.901319503784179688e+00 0.000000000000000000e+00
-1.311199426651000977e+00 6.770246982574462891e+00 0.000000000000000000e+00
-4.148025035858154297e+00 9.784235954284667969e+00 0.000000000000000000e+00
-1.471189594268798828e+01 8.564806938171386719e+00 0.000000000000000000e+00
-1.486520481109619141e+01 -7.594637393951416016e+00 0.000000000000000000e+00
-6.570775032043457031e+00 -1.402448272705078125e+01 0.000000000000000000e+00
1.379076862335205078e+01 7.077502250671386719e+00 0.000000000000000000e+00
-7.593179225921630859e+00 -8.122054100036621094e+00 0.000000000000000000e+00
3.663086593151092529e-01 8.256838798522949219e+00 0.000000000000000000e+00
1.195048236846923828e+01 -1.050370121002197266e+01 0.000000000000000000e+00
1.034039115905761719e+01 -4.287575244903564453e+00 0.000000000000000000e+00
1.251868629455566406e+01 -3.102399826049804688e+00 0.000000000000000000e+00
1.680281996726989746e+00 1.535600566864013672e+01 0.000000000000000000e+00
-8.393308639526367188e+00 6.675472259521484375e+00 0.000000000000000000e+00
1.108573722839355469e+01 6.975048065185546875e+00 0.000000000000000000e+00
-1.578945064544677734e+01 -3.295251727104187012e-01 0.000000000000000000e+00
-5.588128089904785156e+00 1.343577766418457031e+01 0.000000000000000000e+00
1.089828729629516602e+00 1.095486164093017578e+01 0.000000000000000000e+00
1.540833282470703125e+01 8.144676208496093750e+00 0.000000000000000000e+00
-1.119082069396972656e+01 -3.466836214065551758e+00 0.000000000000000000e+00
1.320455968379974365e-01 -1.572922229766845703e+00 0.000000000000000000e+00
-3.395678043365478516e+00 1.172879314422607422e+01 0.000000000000000000e+00
5.873331546783447266e+00 -1.388379764556884766e+01 0.000000000000000000e+00
1.583401441574096680e+00 -1.419553089141845703e+01 0.000000000000000000e+00
2.550893783569335938e+00 4.323021411895751953e+00 0.000000000000000000e+00
3.146610021591186523e+00 1.066836357116699219e+01 0.000000000000000000e+00
-1.163822889328002930e+00 -5.024235725402832031e+00 0.000000000000000000e+00
-5.306389331817626953e+00 1.651461791992187500e+01 0.000000000000000000e+00
-1.007868480682373047e+01 -1.179882431030273438e+01 0.000000000000000000e+00
-1.131153011322021484e+01 2.032101005315780640e-01 0.000000000000000000e+00
3.833172321319580078e+00 -2.950634479522705078e+00 0.000000000000000000e+00
-1.490708470344543457e+00 -7.361481189727783203e+00 0.000000000000000000e+00
7.646225452423095703e+00 -1.454789352416992188e+01 0.000000000000000000e+00
-1.485918998718261719e+01 -4.000944614410400391e+00 0.000000000000000000e+00
1.666822814941406250e+01 -1.951951831579208374e-01 0.000000000000000000e+00
-1.010878944396972656e+01 -7.577236175537109375e+00 0.000000000000000000e+00
-1.593207073211669922e+01 -1.928905010223388672e+00 0.000000000000000000e+00
8.747304916381835938e+00 4.811001300811767578e+00 0.000000000000000000e+00
-1.582459735870361328e+01 1.810887336730957031e+00 0.000000000000000000e+00
1.300807571411132812e+01 -8.972840309143066406e+00 0.000000000000000000e+00
5.402457714080810547e+00 -1.019526386260986328e+01 0.000000000000000000e+00
1.699008941650390625e+01 -3.771073818206787109e+00 0.000000000000000000e+00
3.756893634796142578e+00 -9.223861694335937500e+00 0.000000000000000000e+00
-1.188613510131835938e+01 -7.477119922637939453e+00 0.000000000000000000e+00
-4.852719008922576904e-01 9.728073120117187500e+00 0.000000000000000000e+00
-7.514283657073974609e+00 1.267751693725585938e+01 0.000000000000000000e+00
-5.856121063232421875e+00 -1.242226314544677734e+01 0.000000000000000000e+00
1.330259418487548828e+01 -6.174318790435791016e+00 0.000000000000000000e+00
7.582595348358154297e+00 6.221703529357910156e+00 0.000000000000000000e+00
6.737245559692382812e+00 -4.360442638397216797e+00 0.000000000000000000e+00
-3.642590999603271484e+00 -1.246874427795410156e+01 0.000000000000000000e+00
1.926611542701721191e+00 -1.121436977386474609e+01 0.000000000000000000e+00
1.560671520233154297e+01 -3.133101701736450195e+00 0.000000000000000000e+00
8.782103538513183594e+00 1.233076095581054688e+01 0.000000000000000000e+00
2.668190240859985352e+00 5.988742113113403320e-01 0.000000000000000000e+00
-7.424250125885009766e+00 -4.953774929046630859e+00 0.000000000000000000e+00
-4.688301563262939453e+00 -1.438885498046875000e+01 0.000000000000000000e+00
1.175413227081298828e+01 -9.113606214523315430e-01 0.000000000000000000e+00
-1.109506893157958984e+01 1.775985002517700195e+00 0.000000000000000000e+00
-2.155220031738281250e+00 -1.079185485839843750e+01 0.000000000000000000e+00
9.872785568237304688e+00 -1.076585483551025391e+01 0.000000000000000000e+00
-1.569159889221191406e+01 -5.783607482910156250e+00 0.000000000000000000e+00
1.426628875732421875e+01 -3.587332069873809814e-01 0.000000000000000000e+00
-1.283103704452514648e+00 1.479707813262939453e+01 0.000000000000000000e+00
2.732463359832763672e+00 8.158471107482910156e+00 0.000000000000000000e+00
1.134598851203918457e-01 4.680519104003906250e+00 0.000000000000000000e+00
7.962832927703857422e+00 -8.523350715637207031e+00 0.000000000000000000e+00
-9.519403457641601562e+00 -2.018679857254028320e+00 0.000000000000000000e+00
-4.119860649108886719e+00 3.502195835113525391e+00 0.000000000000000000e+00
8.715178370475769043e-01 1.357652664184570312e+01 0.000000000000000000e+00
-4.938041210174560547e+00 9.013776779174804688e-01 0.000000000000000000e+00
-9.342635154724121094e+00 -2.524040937423706055e-01 0.000000000000000000e+00
5.434390068054199219e+00 1.203353691101074219e+01 0.000000000000000000e+00
-5.652442574501037598e-01 1.279379367828369141e+01 0.000000000000000000e+00
-1.649901199340820312e+01 -4.146667003631591797e+00 0.000000000000000000e+00
-2.410909414291381836e+00 1.307622814178466797e+01 0.000000000000000000e+00
1.254533004760742188e+01 1.216816425323486328e+01 0.000000000000000000e+00
-1.329788208007812500e+00 4.807899594306945801e-01 0.000000000000000000e+00
-2.527963221073150635e-01 1.605136752128601074e+00 0.000000000000000000e+00
1.194633960723876953e+01 1.201102614402770996e+00 0.000000000000000000e+00
6.506365299224853516e+00 -1.942866325378417969e+00 0.000000000000000000e+00
-1.428539943695068359e+01 7.051600933074951172e+00 0.000000000000000000e+00
4.598422527313232422e+00 -6.980597019195556641e+00 0.000000000000000000e+00
1.240181732177734375e+01 3.455338001251220703e+00 0.000000000000000000e+00
1.076934337615966797e+00 1.674461364746093750e+01 0.000000000000000000e+00
8.066048622131347656e+00 1.541069030761718750e+01 0.000000000000000000e+00
-1.320110607147216797e+01 -6.065285682678222656e+00 0.000000000000000000e+00
5.721705436706542969e+00 1.596783447265625000e+01 0.000000000000000000e+00
-1.255951023101806641e+01 3.459033012390136719e+00 0.000000000000000000e+00
4.335473537445068359e+00 -1.189598369598388672e+01 0.000000000000000000e+00
-8.673992156982421875e+00 2.565116405487060547e+00 0.000000000000000000e+00
-7.184419631958007812e+00 -1.566983103752136230e+00 0.000000000000000000e+00
-3.196966648101806641e-01 -1.160077095031738281e+01 0.000000000000000000e+00
-7.859165072441101074e-01 -1.013049125671386719e+01 0.000000000000000000e+00
-7.974624633789062500e+00 1.475899505615234375e+01 0.000000000000000000e+00
-4.230810642242431641e+00 5.020878791809082031e+00 0.000000000000000000e+00
-1.668426322937011719e+01 3.415705204010009766e+00 0.000000000000000000e+00
3.155269622802734375e+00 1.478232383728027344e+01 0.000000000000000000e+00
6.928202629089355469e+00 1.363819408416748047e+01 0.000000000000000000e+00
-1.224223995208740234e+01 -4.879187583923339844e+00 0.000000000000000000e+00
1.712052345275878906e+01 2.537939071655273438e+00 0.000000000000000000e+00
1.009452819824218750e+01 -2.557162284851074219e+00 0.000000000000000000e+00
4.560556888580322266e+00 -1.485990810394287109e+01 0.000000000000000000e+00
6.303296566009521484e+00 -8.508032798767089844e+00 0.000000000000000000e+00
-3.759676456451416016e+00 -9.524165153503417969e+00 0.000000000000000000e+00
1.075210094451904297e+01 9.744456291198730469e+00 0.000000000000000000e+00
3.525522470474243164e+00 2.008606195449829102e+00 0.000000000000000000e+00
-5.102578639984130859e+00 -1.055555224418640137e+00 0.000000000000000000e+00
1.637218856811523438e+01 -1.826511502265930176e+00 0.000000000000000000e+00
3.902691841125488281e+00 9.116796493530273438e+00 0.000000000000000000e+00
-1.537721872329711914e+00 -1.409979057312011719e+01 0.000000000000000000e+00
2.851106405258178711e+00 -1.283924007415771484e+01 0.000000000000000000e+00
3.015354156494140625e+00 1.237199020385742188e+01 0.000000000000000000e+00
-1.376454591751098633e+00 4.224190711975097656e+00 0.000000000000000000e+00
3.541605472564697266e-01 -3.242646217346191406e+00 0.000000000000000000e+00
-7.595182418823242188e+00 -6.617203235626220703e+00 0.000000000000000000e+00
-6.106446266174316406e+00 -9.000671386718750000e+00 0.000000000000000000e+00
1.440231609344482422e+01 3.427104473114013672e+00 0.000000000000000000e+00
-2.829515747725963593e-02 -1.478307342529296875e+01 0.000000000000000000e+00
-1.771483540534973145e+00 -1.234957027435302734e+01 0.000000000000000000e+00
6.980168819427490234e+00 -1.068622779846191406e+01 0.000000000000000000e+00
3.140686988830566406e+00 -1.550988674163818359e+01 0.000000000000000000e+00
4.171155452728271484e+00 4.752033233642578125e+00 0.000000000000000000e+00
-1.631267738342285156e+01 5.640061378479003906e+00 0.000000000000000000e+00
1.420372295379638672e+01 9.356492996215820312e+00 0.000000000000000000e+00
6.008987903594970703e+00 5.572783946990966797e+00 0.000000000000000000e+00
-6.831298351287841797e+00 -1.588514041900634766e+01 0.000000000000000000e+00
9.189489364624023438e+00 6.455883026123046875e+00 0.000000000000000000e+00
7.295094132423400879e-01 3.257375955581665039e+00 0.000000000000000000e+00
-1.118291759490966797e+01 -1.050863838195800781e+01 0.000000000000000000e+00
-1.320546817779541016e+01 -3.501600980758666992e+00 0.000000000000000000e+00
-1.901197552680969238e+00 1.123787784576416016e+01 0.000000000000000000e+00
-1.446268463134765625e+01 -9.052652359008789062e+00 0.000000000000000000e+00
-5.203025817871093750e+00 -1.099585247039794922e+01 0.000000000000000000e+00
8.594426155090332031e+00 -1.232854080200195312e+01 0.000000000000000000e+00
-2.784760713577270508e+00 -1.579618549346923828e+01 0.000000000000000000e+00
7.778514385223388672e+00 -5.979694843292236328e+00 0.000000000000000000e+00
9.205779075622558594e+00 1.440614891052246094e+01 0.000000000000000000e+00
-1.125284004211425781e+01 7.405613422393798828e+00 0.000000000000000000e+00
1.637893295288085938e+01 -5.856736183166503906e+00 0.000000000000000000e+00
-1.724112701416015625e+01 8.952590227127075195e-01 0.000000000000000000e+00
1.603515052795410156e+01 6.711278438568115234e+00 0.000000000000000000e+00
9.283075332641601562e+00 -1.424854469299316406e+01 0.000000000000000000e+00
1.351225090026855469e+01 4.947965621948242188e+00 0.000000000000000000e+00
7.645550727844238281e+00 1.114001560211181641e+01 0.000000000000000000e+00
1.240923213958740234e+01 -4.842607975006103516e+00 0.000000000000000000e+00
2.787663221359252930e+00 -1.717067527770996094e+01 0.000000000000000000e+00
-7.692000865936279297e+00 8.891705513000488281e+00 0.000000000000000000e+00
-2.250513553619384766e+00 -1.724400711059570312e+01 0.000000000000000000e+00
8.797771483659744263e-02 -5.931385993957519531e+00 0.000000000000000000e+00
5.655082702636718750e+00 7.734762191772460938e+00 0.000000000000000000e+00
-9.578001022338867188e+00 -9.543361663818359375e+00 0.000000000000000000e+00
1.962265133857727051e+00 -8.841888427734375000e+00 0.000000000000000000e+00
1.465486907958984375e+01 -1.955037117004394531e+00 0.000000000000000000e+00
-1.046707153320312500e+01 -1.327141189575195312e+01 0.000000000000000000e+00
-1.219444465637207031e+01 -2.132398128509521484e+00 0.000000000000000000e+00
-3.167313814163208008e+00 1.465146732330322266e+01 0.000000000000000000e+00
-2.161340236663818359e+00 -3.532006740570068359e+00 0.000000000000000000e+00
-1.129280948638916016e+01 1.152972507476806641e+01 0.000000000000000000e+00
-1.280510902404785156e+01 4.119649231433868408e-01 0.000000000000000000e+00
-1.125755786895751953e+01 9.303641319274902344e+00 0.000000000000000000e+00
1.045726585388183594e+01 1.344850635528564453e+01 0.000000000000000000e+00
-1.301672172546386719e+01 -1.060666561126708984e+01 0.000000000000000000e+00
1.979360699653625488e+00 9.586909294128417969e+00 0.000000000000000000e+00
-1.384896659851074219e+01 2.490920782089233398e+00 0.000000000000000000e+00
-5.505133628845214844e+00 9.062329292297363281e+00 0.000000000000000000e+00
-8.272435188293457031e+00 -1.296210765838623047e+01 0.000000000000000000e+00
-1.142442321777343750e+01 5.592858791351318359e+00 0.000000000000000000e+00
9.585360527038574219e+00 -5.684097290039062500e+00 0.000000000000000000e+00
1.237334632873535156e+01 1.066925048828125000e+01 0.000000000000000000e+00
1.046081542968750000e+01 1.157378101348876953e+01 0.000000000000000000e+00
6.231943607330322266e+00 -1.226597499847412109e+01 0.000000000000000000e+00
1.511670500040054321e-01 1.538428592681884766e+01 0.000000000000000000e+00
-1.729825973510742188e+01 -9.791830778121948242e-01 0.000000000000000000e+00
