6.240475177764892578e+00 1.587318897247314453e+00 0.000000000000000000e+00
2.679407358169555664e+00 5.912031650543212891e+00 0.000000000000000000e+00
-2.661471962928771973e-01 -8.446800231933593750e+00 0.000000000000000000e+00
-4.967148303985595703e+00 1.454786014556884766e+01 0.000000000000000000e+00
5.847396850585937500e+00 -3.462329387664794922e+00 0.000000000000000000e+00
-4.918465614318847656e-01 1.572636842727661133e+00 0.000000000000000000e+00
3.422467947006225586e+00 -5.328420639038085938e+00 0.000000000000000000e+00
1.944720625877380371e+00 1.097708129882812500e+01 0.000000000000000000e+00
-1.217035484313964844e+01 -6.059962272644042969e+00 0.000000000000000000e+00
-1.041953754425048828e+01 -1.347603321075439453e+00 0.000000000000000000e+00
4.421566009521484375e+00 1.070400238037109375e+01 0.000000000000000000e+00
6.039307117462158203e+00 -1.448342704772949219e+01 0.000000000000000000e+00
9.647312164306640625e+00 1.234946918487548828e+01 0.000000000000000000e+00
-2.318414002656936646e-01 4.192193031311035156e+00 0.000000000000000000e+00
-2.492215394973754883e+00 8.061537742614746094e+00 0.000000000000000000e+00
-1.247960281372070312e+01 6.241662979125976562e+00 0.000000000000000000e+00
-1.289953947067260742e+00 -2.403368473052978516e+00 0.000000000000000000e+00
8.184339523315429688e+00 8.575448036193847656e+00 0.000000000000000000e+00
4.327590465545654297e+00 -1.073251819610595703e+01 0.000000000000000000e+00
-1.938523292541503906e+00 4.629703044891357422e+00 0.000000000000000000e+00
-9.814824104309082031e+00 -1.044309902191162109e+01 0.000000000000000000e+00
-1.099302387237548828e+01 6.739796638488769531e+00 0.000000000000000000e+00
2.134781599044799805e+00 -1.252047657966613770e+00 0.000000000000000000e+00
-1.815528273582458496e+00 -1.099812507629394531e+01 0.000000000000000000e+00
2.000812292098999023e+00 2.659695625305175781e+00 0.000000000000000000e+00
-1.264690113067626953e+01 -9.651976823806762695e-01 0.000000000000000000e+00
-5.583052635192871094e+00 5.790582180023193359e+00 0.000000000000000000e+00
1.225913763046264648e-01 1.466491317749023438e+01 0.000000000000000000e+00
-1.082532978057861328e+01 1.499666094779968262e+00 0.000000000000000000e+00
-1.513466167449951172e+01 4.495909690856933594e+00 0.000000000000000000e+00
-9.784635543823242188e+00 9.588433265686035156e+00 0.000000000000000000e+00
8.736030578613281250e+00 -1.185938739776611328e+01 0.000000000000000000e+00
3.799620389938354492e+00 -7.094974040985107422e+00 0.000000000000000000e+00
1.377271747589111328e+01 -8.647986412048339844e+00 0.000000000000000000e+00
1.138312244415283203e+01 -3.777520418167114258e+00 0.000000000000000000e+00
6.502988815307617188e+00 1.296475315093994141e+01 0.000000000000000000e+00
-8.403429031372070312e+00 -4.883718490600585938e+00 0.000000000000000000e+00
6.207962512969970703e+00 8.914921760559082031e+00 0.000000000000000000e+00
1.037984371185302734e+01 -2.565790414810180664e+00 0.000000000000000000e+00
-1.294627761840820312e+01 2.411275148391723633e+00 0.000000000000000000e+00
2.503648757934570312e+00 -1.228019618988037109e+01 0.000000000000000000e+00
-4.112687110900878906e+00 -1.515866088867187500e+01 0.000000000000000000e+00
1.004175662994384766e+00 1.275115013122558594e+00 0.000000000000000000e+00
-1.055408358573913574e+00 -6.886981487274169922e+00 0.000000000000000000e+00
-1.583150482177734375e+01 -4.682489871978759766e+00 0.000000000000000000e+00
2.924674272537231445e+00 -9.035750389099121094e+00 0.000000000000000000e+00
9.790910035371780396e-02 -1.636940360069274902e+00 0.000000000000000000e+00
1.623899459838867188e+01 -6.015308380126953125e+00 0.000000000000000000e+00
3.374970912933349609e+00 -1.674370002746582031e+01 0.000000000000000000e+00
-7.300581932067871094e+00 -1.292360782623291016e+01 0.000000000000000000e+00
-1.608170700073242188e+01 2.463161706924438477e+00 0.000000000000000000e+00
-4.624255180358886719e+00 -6.318984031677246094e+00 0.000000000000000000e+00
6.120949268341064453e+00 -1.258072566986083984e+01 0.000000000000000000e+00
-9.846129417419433594e+00 -7.710329055786132812e+00 0.000000000000000000e+00
-2.234442472457885742e+00 1.281724166870117188e+01 0.000000000000000000e+00
1.108275699615478516e+01 7.889652729034423828e+00 0.000000000000000000e+00
1.071137428283691406e+01 1.783807039260864258e+00 0.000000000000000000e+00
1.306216144561767578e+01 -6.416386127471923828e+00 0.000000000000000000e+00
-4.813357830047607422e+00 -2.472747325897216797e+00 0.000000000000000000e+00
-9.831119537353515625e+00 1.208597564697265625e+01 0.000000000000000000e+00
-1.742487788200378418e+00 -1.404290294647216797e+01 0.000000000000000000e+00
8.706366419792175293e-01 -1.265660667419433594e+01 0.000000000000000000e+00
7.068751335144042969e+00 5.947140216827392578e+00 0.000000000000000000e+00
4.544333517551422119e-01 6.718025207519531250e+00 0.000000000000000000e+00
-5.779273033142089844e+00 -1.650199127197265625e+01 0.000000000000000000e+00
5.203762054443359375e+00 -2.024997949600219727e+00 0.000000000000000000e+00
3.433365345001220703e+00 -3.199069499969482422e+00 0.000000000000000000e+00
-9.384816288948059082e-01 7.843548774719238281e+00 0.000000000000000000e+00
7.608897209167480469e+00 -3.521540880203247070e+00 0.000000000000000000e+00
-5.119585037231445312e+00 4.278247356414794922e+00 0.000000000000000000e+00
1.673464012145996094e+01 4.461533546447753906e+00 0.000000000000000000e+00
1.171981430053710938e+01 -1.060825061798095703e+01 0.000000000000000000e+00
-4.856777191162109375e+00 1.182060241699218750e+01 0.000000000000000000e+00
-1.535219478607177734e+01 6.889015674591064453e+00 0.000000000000000000e+00
3.518095254898071289e+00 1.432259082794189453e+01 0.000000000000000000e+00
-8.189023971557617188e+00 1.097148132324218750e+01 0.000000000000000000e+00
1.561902141571044922e+01 1.507735013961791992e+00 0.000000000000000000e+00
-2.113375663757324219e+00 -8.372707366943359375e+00 0.000000000000000000e+00
-1.600299835205078125e+01 -2.111408472061157227e+00 0.000000000000000000e+00
-1.082341289520263672e+01 8.299395561218261719e+00 0.000000000000000000e+00
9.624262809753417969e+00 -3.947287201881408691e-01 0.000000000000000000e+00
-4.977153301239013672e+00 2.783632040023803711e+00 0.000000000000000000e+00
7.296001434326171875e+00 1.505601024627685547e+01 0.000000000000000000e+00
6.964851379394531250e+00 1.090398788452148438e+01 0.000000000000000000e+00
-2.707424640655517578e+00 -1.264078235626220703e+01 0.000000000000000000e+00
1.019656372070312500e+01 5.449763774871826172e+00 0.000000000000000000e+00
1.656965136528015137e+00 -4.250117778778076172e+00 0.000000000000000000e+00
8.267310142517089844e+00 -5.900565147399902344e+00 0.000000000000000000e+00
-4.778312683105468750e+00 8.624774932861328125e+00 0.000000000000000000e+00
-1.449660968780517578e+01 2.523751258850097656e+00 0.000000000000000000e+00
1.342495632171630859e+01 6.325303554534912109e+00 0.000000000000000000e+00
-7.064481735229492188e+00 1.361220073699951172e+01 0.000000000000000000e+00
-7.463433742523193359e+00 -8.649172782897949219e+00 0.000000000000000000e+00
-3.435817241668701172e+00 3.970430612564086914e+00 0.000000000000000000e+00
7.137769699096679688e+00 4.226427555084228516e+00 0.000000000000000000e+00
1.211644458770751953e+01 -7.589575767517089844e+00 0.000000000000000000e+00
-8.803628921508789062e+00 -1.360345125198364258e+00 0.000000000000000000e+00
-7.044240951538085938e+00 4.238331317901611328e+00 0.000000000000000000e+00
1.213437557220458984e+01 4.287888050079345703e+00 0.000000000000000000e+00
-1.197455120086669922e+01 -8.532656669616699219e+00 0.000000000000000000e+00
2.379533767700195312e+00 4.214570045471191406e+00 0.000000000000000000e+00
8.023026466369628906e+00 -1.441271114349365234e+01 0.000000000000000000e+00
-1.371543979644775391e+01 -8.341879844665527344e+00 0.000000000000000000e+00
1.514847087860107422e+01 -4.248144924640655518e-01 0.000000000000000000e+00
1.340301609039306641e+01 -4.181842803955078125e+00 0.000000000000000000e+00
1.239334487915039062e+01 8.754253387451171875e+00 0.000000000000000000e+00
-1.160946178436279297e+01 -1.095078849792480469e+01 0.000000000000000000e+00
1.035087680816650391e+01 -7.101868629455566406e+00 0.000000000000000000e+00
-8.292758941650390625e+00 -6.699012756347656250e+00 0.000000000000000000e+00
5.177204132080078125e+00 4.016025543212890625e+00 0.000000000000000000e+00
-7.417995452880859375e+00 -1.568778514862060547e+01 0.000000000000000000e+00
-1.272723197937011719e+00 1.599885749816894531e+01 0.000000000000000000e+00
5.601654529571533203e+00 -7.575124740600585938e+00 0.000000000000000000e+00
9.540556907653808594e+00 1.446629047393798828e+01 0.000000000000000000e+00
-1.062714576721191406e+01 1.354010963439941406e+01 0.000000000000000000e+00
1.695183372497558594e+01 -8.605456352233886719e-01 0.000000000000000000e+00
-1.655232048034667969e+01 1.283869147300720215e-01 0.000000000000000000e+00
1.549574851989746094e+01 -3.058371067047119141e+00 0.000000000000000000e+00
-7.117116451263427734e+00 -9.943297505378723145e-01 0.000000000000000000e+00
-9.133094787597656250e+00 -1.304819202423095703e+01 0.000000000000000000e+00
4.332797050476074219e+00 -6.946885585784912109e-02 0.000000000000000000e+00
-6.224775791168212891e+00 9.805744171142578125e+00 0.000000000000000000e+00
2.895089149475097656e+00 1.631730270385742188e+01 0.000000000000000000e+00
-1.287165451049804688e+01 -4.322227954864501953e+00 0.000000000000000000e+00
1.433821296691894531e+01 2.605645179748535156e+00 0.000000000000000000e+00
9.832311272621154785e-01 8.541007041931152344e+00 0.000000000000000000e+00
-1.459326553344726562e+01 9.348545074462890625e+00 0.000000000000000000e+00
-1.346891880035400391e+01 7.670309066772460938e+00 0.000000000000000000e+00
6.052479267120361328e+00 -5.984760522842407227e-01 0.000000000000000000e+00
-4.592477321624755859e+00 -9.705430030822753906e+00 0.000000000000000000e+00
-1.962078094482421875e+00 6.448428153991699219e+00 0.000000000000000000e+00
-1.941653966903686523e+00 1.052183628082275391e+01 0.000000000000000000e+00
7.981675624847412109e+00 -6.736700236797332764e-02 0.000000000000000000e+00
5.561987876892089844e+00 -1.646975517272949219e+01 0.000000000000000000e+00
-9.818983078002929688e+00 4.103712558746337891e+00 0.000000000000000000e+00
-7.172652244567871094e+00 1.628499031066894531e+00 0.000000000000000000e+00
-1.103719711303710938e+01 -3.685774803161621094e+00 0.000000000000000000e+00
9.603542089462280273e-01 -9.759204864501953125e+00 0.000000000000000000e+00
8.535656929016113281e+00 -9.201374053955078125e+00 0.000000000000000000e+00
3.852554082870483398e+00 1.252755355834960938e+01 0.000000000000000000e+00
-3.672304868698120117e+00 -8.086394309997558594e+00 0.000000000000000000e+00
1.353748989105224609e+01 1.043808650970458984e+01 0.000000000000000000e+00
-3.380403995513916016e+00 9.335771948099136353e-02 0.000000000000000000e+00
-9.060302972793579102e-01 -1.663326454162597656e+01 0.000000000000000000e+00
-6.480695247650146484e+00 7.315613269805908203e+00 0.000000000000000000e+00
-7.738758087158203125e+00 9.137828826904296875e+00 0.000000000000000000e+00
4.472030639648437500e+00 -9.192505836486816406e+00 0.000000000000000000e+00
-6.641573905944824219e+00 -6.514935493469238281e+00 0.000000000000000000e+00
1.708798408508300781e+00 -1.624201393127441406e+01 0.000000000000000000e+00
-1.374057960510253906e+01 -5.868514537811279297e+00 0.000000000000000000e+00
1.122935771942138672e+01 -3.862061500549316406e-01 0.000000000000000000e+00
1.165180683135986328e+01 1.300942134857177734e+01 0.000000000000000000e+00
8.930226325988769531e+00 2.066571235656738281e+00 0.000000000000000000e+00
1.495132827758789062e+01 -7.675013542175292969e+00 0.000000000000000000e+00
-1.587599515914916992e+00 -5.473972320556640625e+00 0.000000000000000000e+00
3.383025169372558594e+00 -1.389187145233154297e+01 0.000000000000000000e+00
4.285229206085205078e+00 8.259430885314941406e+00 0.000000000000000000e+00
-3.989637374877929688e+00 1.011992073059082031e+01 0.000000000000000000e+00
2.922456502914428711e+00 9.149559974670410156e+00 0.000000000000000000e+00
-5.873161315917968750e+00 -1.425615024566650391e+01 0.000000000000000000e+00
9.534991264343261719e+00 -3.854233264923095703e+00 0.000000000000000000e+00
-1.651026535034179688e+01 5.710116386413574219e+00 0.000000000000000000e+00
-5.281897068023681641e+00 5.991188883781433105e-01 0.000000000000000000e+00
-9.369348526000976562e+00 5.707251071929931641e+00 0.000000000000000000e+00
9.820717811584472656e+00 9.658473014831542969e+00 0.000000000000000000e+00
2.455596923828125000e+00 7.417656421661376953e+00 0.000000000000000000e+00
3.202639818191528320e-01 -1.543727684020996094e+01 0.000000000000000000e+00
-6.324413776397705078e+00 -1.150391483306884766e+01 0.000000000000000000e+00
-7.932935237884521484e+00 2.715811133384704590e-01 0.000000000000000000e+00
-1.257646274566650391e+01 4.070603370666503906e+00 0.000000000000000000e+00
1.225085067749023438e+01 -1.531541943550109863e+00 0.000000000000000000e+00
-9.528569221496582031e+00 -3.494923830032348633e+00 0.000000000000000000e+00
-3.726149082183837891e+00 1.655743408203125000e+01 0.000000000000000000e+00
-1.429610347747802734e+01 -9.960824012756347656e+00 0.000000000000000000e+00
1.180251216888427734e+01 -5.219962120056152344e+00 0.000000000000000000e+00
1.189900398254394531e+01 6.397702693939208984e+00 0.000000000000000000e+00
3.608330965042114258e+00 3.241170883178710938e+00 0.000000000000000000e+00
1.016619586944580078e+01 -1.310707473754882812e+01 0.000000000000000000e+00
1.308250808715820312e+01 1.007098913192749023e+00 0.000000000000000000e+00
-6.915712356567382812e+00 1.195502853393554688e+01 0.000000000000000000e+00
4.766658782958984375e+00 5.577749729156494141e+00 0.000000000000000000e+00
-1.410161781311035156e+01 -1.373064279556274414e+00 0.000000000000000000e+00
-1.391879367828369141e+01 5.764009475708007812e+00 0.000000000000000000e+00
-5.253658771514892578e+00 -4.763757228851318359e+00 0.000000000000000000e+00
-7.507855892181396484e+00 1.531870269775390625e+01 0.000000000000000000e+00
-1.608323478698730469e+01 -6.268620491027832031e+00 0.000000000000000000e+00
1.169211959838867188e+01 -1.264818954467773438e+01 0.000000000000000000e+00
1.590324592590332031e+01 6.476172447204589844e+00 0.000000000000000000e+00
1.024249172210693359e+01 -8.991851806640625000e+00 0.000000000000000000e+00
-8.055022239685058594e+00 -1.096180725097656250e+01 0.000000000000000000e+00
6.091694831848144531e+00 -5.884281635284423828e+00 0.000000000000000000e+00
7.049699306488037109e+00 7.497930049896240234e+00 0.000000000000000000e+00
-8.049410820007324219e+00 -2.922192096710205078e+00 0.000000000000000000e+00
-3.128186941146850586e+00 -4.995806694030761719e+00 0.000000000000000000e+00
-1.755922436714172363e+00 3.207917213439941406e-01 0.000000000000000000e+00
1.661927032470703125e+01 -4.202038764953613281e+00 0.000000000000000000e+00
9.902836799621582031e+00 -5.468759059906005859e+00 0.000000000000000000e+00
-1.249307632446289062e+01 1.126994132995605469e+01 0.000000000000000000e+00
-1.209610080718994141e+01 4.554008245468139648e-01 0.000000000000000000e+00
-6.111825466156005859e+00 -9.420392990112304688e+00 0.000000000000000000e+00
1.767603635787963867e+00 -1.408600521087646484e+01 0.000000000000000000e+00
-1.454565048217773438e+01 -3.102961301803588867e+00 0.000000000000000000e+00
-6.360311031341552734e+00 -2.635365486145019531e+00 0.000000000000000000e+00
-9.149815559387207031e+00 1.481190872192382812e+01 0.000000000000000000e+00
5.018568992614746094e+00 1.357853889465332031e+01 0.000000000000000000e+00
-5.555679649114608765e-02 1.063679122924804688e+01 0.000000000000000000e+00
5.970358252525329590e-01 -6.854744911193847656e+00 0.000000000000000000e+00
6.191426753997802734e+00 -9.866539001464843750e+00 0.000000000000000000e+00
-2.296896934509277344e+00 2.278480529785156250e+00 0.000000000000000000e+00
-4.013539791107177734e+00 6.755238533020019531e+00 0.000000000000000000e+00
1.515950107574462891e+01 4.755035877227783203e+00 0.000000000000000000e+00
-9.248482704162597656e+00 7.370420455932617188e+00 0.000000000000000000e+00
1.136855316162109375e+01 1.077086734771728516e+01 0.000000000000000000e+00
-3.052793979644775391e+00 -3.458870649337768555e+00 0.000000000000000000e+00
1.388095092773437500e+01 8.294992446899414062e+00 0.000000000000000000e+00
-9.314989089965820312e+00 2.260020017623901367e+00 0.000000000000000000e+00
1.953463435173034668e+00 1.390962219238281250e+01 0.000000000000000000e+00
-4.889955520629882812e+00 -1.241255569458007812e+01 0.000000000000000000e+00
2.116994619369506836e+00 -6.644100189208984375e+00 0.000000000000000000e+00
-1.113523960113525391e+01 3.351114511489868164e+00 0.000000000000000000e+00
7.683724403381347656e+00 -1.914384722709655762e+00 0.000000000000000000e+00
-1.110925078392028809e+00 -3.922440528869628906e+00 0.000000000000000000e+00
-1.141358470916748047e+01 -1.297941017150878906e+01 0.000000000000000000e+00
4.632541537284851074e-01 1.637431144714355469e+01 0.000000000000000000e+00
2.851355552673339844e+00 9.431842565536499023e-01 0.000000000000000000e+00
-3.312745332717895508e+00 -1.062236976623535156e+01 0.000000000000000000e+00
4.945221424102783203e+00 1.621877288818359375e+01 0.000000000000000000e+00
-4.278914630413055420e-01 1.240662002563476562e+01 0.000000000000000000e+00
1.548119544982910156e+01 7.952511310577392578e+00 0.000000000000000000e+00
8.751571655273437500e+00 6.166115283966064453e+00 0.000000000000000000e+00
5.596120357513427734e+00 6.876581668853759766e+00 0.000000000000000000e+00
1.366327762603759766e+01 -2.288404464721679688e+00 0.000000000000000000e+00
5.607759952545166016e-01 -3.208182096481323242e+00 0.000000000000000000e+00
-7.784623622894287109e+00 5.972310543060302734e+00 0.000000000000000000e+00
9.231122016906738281e+00 4.022301673889160156e+00 0.000000000000000000e+00
9.393903732299804688e+00 7.537621498107910156e+00 0.000000000000000000e+00
-2.659638166427612305e+00 -1.597489452362060547e+01 0.000000000000000000e+00
4.893310070037841797e+00 -4.790604591369628906e+00 0.000000000000000000e+00
7.097317218780517578e+00 -1.125767803192138672e+01 0.000000000000000000e+00
-2.813273906707763672e+00 1.532858562469482422e+01 0.000000000000000000e+00
-1.226371097564697266e+01 -2.713862419128417969e+00 0.000000000000000000e+00
1.336880683898925781e+01 -5.206486582756042480e-01 0.000000000000000000e+00
-1.198984533548355103e-01 -1.116017055511474609e+01 0.000000000000000000e+00
-8.491650581359863281e+00 -1.453613758087158203e+01 0.000000000000000000e+00
1.421330451965332031e+00 -8.173164367675781250e+00 0.000000000000000000e+00
1.441810798645019531e+01 -5.745781421661376953e+00 0.000000000000000000e+00
8.181727409362792969e+00 -7.673890113830566406e+00 0.000000000000000000e+00
1.709955787658691406e+01 1.139537692070007324e+00 0.000000000000000000e+00
-1.097371387481689453e+01 1.077292442321777344e+01 0.000000000000000000e+00
-1.008010005950927734e+01 -5.733612537384033203e+00 0.000000000000000000e+00
-1.199354076385498047e+01 9.664948463439941406e+00 0.000000000000000000e+00
1.693076705932617188e+01 2.667868137359619141e+00 0.000000000000000000e+00
1.141438841819763184e+00 5.303472518920898438e+00 0.000000000000000000e+00
-1.667218780517578125e+01 4.064368247985839844e+00 0.000000000000000000e+00
-1.334147548675537109e+01 -1.126125526428222656e+01 0.000000000000000000e+00
-6.141088485717773438e+00 1.603424263000488281e+01 0.000000000000000000e+00
