-2.254851341247558594e+00 1.261275053024291992e+00 0.000000000000000000e+00
2.173442363739013672e+00 -1.220700550079345703e+01 0.000000000000000000e+00
-4.648723602294921875e+00 -8.930436134338378906e+00 0.000000000000000000e+00
-1.171041774749755859e+01 7.127274513244628906e+00 0.000000000000000000e+00
6.854147434234619141e+00 -4.460780918598175049e-01 0.000000000000000000e+00
9.166954040527343750e+00 -1.427087020874023438e+01 0.000000000000000000e+00
-3.239058256149291992e+00 1.686296844482421875e+01 0.000000000000000000e+00
-3.462367773056030273e+00 8.836480140686035156e+00 0.000000000000000000e+00
-3.690788030624389648e+00 -5.845048427581787109e+00 0.000000000000000000e+00
1.461021709442138672e+01 -5.637154102325439453e+00 0.000000000000000000e+00
-1.007699108123779297e+01 8.413949012756347656e+00 0.000000000000000000e+00
-1.498873805999755859e+01 6.433708190917968750e+00 0.000000000000000000e+00
-7.719431400299072266e+00 1.063795852661132812e+01 0.000000000000000000e+00
5.286257266998291016e+00 -4.913539409637451172e+00 0.000000000000000000e+00
6.611113071441650391e+00 9.430175781250000000e+00 0.000000000000000000e+00
-1.555918979644775391e+01 -2.961197614669799805e+00 0.000000000000000000e+00
-9.097349047660827637e-01 1.698961448669433594e+01 0.000000000000000000e+00
1.409820938110351562e+01 4.036473855376243591e-02 0.000000000000000000e+00
1.303966903686523438e+01 -6.597679615020751953e+00 0.000000000000000000e+00
1.263350009918212891e+01 6.737623214721679688e-01 0.000000000000000000e+00
-2.711388468742370605e-01 -2.780806303024291992e+00 0.000000000000000000e+00
-6.184382915496826172e+00 -7.238505363464355469e+00 0.000000000000000000e+00
-9.933644294738769531e+00 -1.138481712341308594e+01 0.000000000000000000e+00
3.527840673923492432e-01 2.791021347045898438e+00 0.000000000000000000e+00
-2.080099344253540039e+00 -1.029654788970947266e+01 0.000000000000000000e+00
-7.133139133453369141e+00 -1.009823799133300781e+01 0.000000000000000000e+00
-4.077204704284667969e+00 -2.819212198257446289e+00 0.000000000000000000e+00
1.205260276794433594e+01 1.233058071136474609e+01 0.000000000000000000e+00
1.638979148864746094e+01 -3.516700744628906250e+00 0.000000000000000000e+00
9.257922172546386719e+00 7.587382316589355469e+00 0.000000000000000000e+00
-6.945071816444396973e-01 1.151132583618164062e+01 0.000000000000000000e+00
-7.656191825866699219e+00 -4.104026317596435547e+00 0.000000000000000000e+00
-7.998657703399658203e+00 -1.516173267364501953e+01 0.000000000000000000e+00
7.793294906616210938e+00 1.192511940002441406e+01 0.000000000000000000e+00
1.027723979949951172e+01 -9.250079989433288574e-01 0.000000000000000000e+00
-9.768412590026855469e+00 1.325170803070068359e+01 0.000000000000000000e+00
5.737626552581787109e+00 4.594152450561523438e+00 0.000000000000000000e+00
-2.099766731262207031e+00 -2.677608966827392578e+00 0.000000000000000000e+00
-1.261368370056152344e+01 -6.184678077697753906e-01 0.000000000000000000e+00
2.374910831451416016e+00 1.340381622314453125e+01 0.000000000000000000e+00
4.668470859527587891e+00 -6.596102237701416016e+00 0.000000000000000000e+00
-1.661321640014648438e+01 2.927004098892211914e+00 0.000000000000000000e+00
1.911689639091491699e+00 -1.632848548889160156e+01 0.000000000000000000e+00
7.596443891525268555e-01 -7.534470558166503906e+00 0.000000000000000000e+00
1.397501945495605469e+00 6.178612232208251953e+00 0.000000000000000000e+00
1.477839469909667969e+01 5.155856609344482422e+00 0.000000000000000000e+00
9.798149108886718750e+00 -4.052771091461181641e+00 0.000000000000000000e+00
-7.837047100067138672e+00 -1.217613577842712402e+00 0.000000000000000000e+00
-1.329884719848632812e+01 6.412992000579833984e+00 0.000000000000000000e+00
3.006690263748168945e+00 -4.321781635284423828e+00 0.000000000000000000e+00
1.505204296112060547e+01 8.660243034362792969e+00 0.000000000000000000e+00
-1.198351192474365234e+01 -9.409411430358886719e+00 0.000000000000000000e+00
-5.705686092376708984e+00 -1.136324119567871094e+01 0.000000000000000000e+00
8.843699455261230469e+00 3.985815763473510742e+00 0.000000000000000000e+00
1.294765090942382812e+01 4.308973789215087891e+00 0.000000000000000000e+00
-4.287705898284912109e+00 -1.261080646514892578e+01 0.000000000000000000e+00
-3.935941696166992188e+00 1.365709495544433594e+01 0.000000000000000000e+00
-1.149347591400146484e+01 -3.169503927230834961e+00 0.000000000000000000e+00
-1.593991184234619141e+01 1.534873008728027344e+00 0.000000000000000000e+00
-1.743116378784179688e+00 -1.690611267089843750e+01 0.000000000000000000e+00
-9.031599998474121094e+00 -3.504141807556152344e+00 0.000000000000000000e+00
8.307845115661621094e+00 -6.201209068298339844e+00 0.000000000000000000e+00
-4.232297420501708984e+00 1.095839977264404297e+01 0.000000000000000000e+00
-9.896788597106933594e+00 -1.346746563911437988e+00 0.000000000000000000e+00
-6.789656162261962891e+00 3.479908704757690430e+00 0.000000000000000000e+00
1.420401930809020996e+00 -1.026079845428466797e+01 0.000000000000000000e+00
-7.547900080680847168e-01 5.187785148620605469e+00 0.000000000000000000e+00
1.670780181884765625e+01 2.981167078018188477e+00 0.000000000000000000e+00
-1.456301593780517578e+01 -1.275491565465927124e-01 0.000000000000000000e+00
-1.772109866142272949e+00 -1.254469776153564453e+01 0.000000000000000000e+00
-1.800655364990234375e+00 4.040800094604492188e+00 0.000000000000000000e+00
-1.033983516693115234e+01 1.002853035926818848e+00 0.000000000000000000e+00
-6.008515357971191406e-01 -4.545102119445800781e+00 0.000000000000000000e+00
6.749452352523803711e-01 -1.540631866455078125e+01 0.000000000000000000e+00
-1.152302360534667969e+01 1.225985431671142578e+01 0.000000000000000000e+00
8.262278556823730469e+00 -4.108616352081298828e+00 0.000000000000000000e+00
1.179471111297607422e+01 -1.207108402252197266e+01 0.000000000000000000e+00
1.975102186203002930e+00 1.070722675323486328e+01 0.000000000000000000e+00
4.593639850616455078e+00 -1.004498767852783203e+01 0.000000000000000000e+00
1.491461515426635742e+00 -1.366790199279785156e+01 0.000000000000000000e+00
-9.714138031005859375e+00 1.080990695953369141e+01 0.000000000000000000e+00
-8.055995941162109375e+00 3.651080429553985596e-01 0.000000000000000000e+00
5.303014755249023438e+00 7.355483531951904297e+00 0.000000000000000000e+00
1.340544795989990234e+01 2.502354621887207031e+00 0.000000000000000000e+00
-1.837673783302307129e+00 -8.052878379821777344e+00 0.000000000000000000e+00
1.315027332305908203e+01 -8.285713195800781250e+00 0.000000000000000000e+00
8.716572761535644531e+00 -7.673767089843750000e+00 0.000000000000000000e+00
4.198315143585205078e+00 1.164513778686523438e+01 0.000000000000000000e+00
-1.396697616577148438e+01 4.361875534057617188e+00 0.000000000000000000e+00
1.103067588806152344e+01 -2.910842418670654297e+00 0.000000000000000000e+00
-5.196735858917236328e+00 2.235197544097900391e+00 0.000000000000000000e+00
-1.363153266906738281e+01 7.934369564056396484e+00 0.000000000000000000e+00
-1.247631835937500000e+01 -7.874929428100585938e+00 0.000000000000000000e+00
1.172224330902099609e+01 2.745638608932495117e+00 0.000000000000000000e+00
3.073052644729614258e+00 -1.278131246566772461e+00 0.000000000000000000e+00
4.827893257141113281e+00 1.846130847930908203e+00 0.000000000000000000e+00
1.137144184112548828e+01 5.724411010742187500e+00 0.000000000000000000e+00
-6.214262008666992188e+00 -1.315987014770507812e+01 0.000000000000000000e+00
2.593862771987915039e+00 -6.370883464813232422e+00 0.000000000000000000e+00
-1.538731575012207031e+00 8.746683120727539062e+00 0.000000000000000000e+00
-7.423095703125000000e+00 -6.311582565307617188e+00 0.000000000000000000e+00
-8.781341552734375000e+00 -9.353919029235839844e+00 0.000000000000000000e+00
4.664349555969238281e+00 -1.227470934391021729e-01 0.000000000000000000e+00
1.167584609985351562e+01 -9.490992546081542969e+00 0.000000000000000000e+00
-8.823761343955993652e-01 -1.243726849555969238e+00 0.000000000000000000e+00
-7.170637130737304688e+00 6.043197154998779297e+00 0.000000000000000000e+00
1.458216190338134766e+01 -3.013145685195922852e+00 0.000000000000000000e+00
-6.446047782897949219e+00 1.169891166687011719e+01 0.000000000000000000e+00
4.726831436157226562e+00 1.508737373352050781e+01 0.000000000000000000e+00
8.551231622695922852e-01 1.210856199264526367e+00 0.000000000000000000e+00
9.118038177490234375e+00 -1.038411617279052734e+01 0.000000000000000000e+00
4.012624621391296387e-01 1.560884094238281250e+01 0.000000000000000000e+00
7.608197689056396484e+00 1.445451378822326660e+00 0.000000000000000000e+00
-8.772607803344726562e+00 -1.338367843627929688e+01 0.000000000000000000e+00
-1.324816703796386719e+01 -1.027244281768798828e+01 0.000000000000000000e+00
8.864900588989257812e+00 2.295362949371337891e+00 0.000000000000000000e+00
-1.070173454284667969e+01 3.455080270767211914e+00 0.000000000000000000e+00
1.362816238403320312e+01 9.951065063476562500e+00 0.000000000000000000e+00
-4.623498439788818359e+00 7.132811546325683594e+00 0.000000000000000000e+00
3.487910747528076172e+00 4.867364883422851562e+00 0.000000000000000000e+00
-2.048562765121459961e+00 6.475994110107421875e+00 0.000000000000000000e+00
9.758565902709960938e+00 -8.997814178466796875e+00 0.000000000000000000e+00
8.219901323318481445e-01 1.239730262756347656e+01 0.000000000000000000e+00
4.255343437194824219e+00 -2.965767145156860352e+00 0.000000000000000000e+00
4.812112331390380859e+00 8.975114822387695312e+00 0.000000000000000000e+00
2.716371536254882812e+00 1.518974399566650391e+01 0.000000000000000000e+00
-1.272570800781250000e+01 1.081943893432617188e+01 0.000000000000000000e+00
-6.336612224578857422e+00 9.286699295043945312e+00 0.000000000000000000e+00
-1.035647487640380859e+01 -6.485777854919433594e+00 0.000000000000000000e+00
-1.333040237426757812e+01 -3.778571367263793945e+00 0.000000000000000000e+00
-5.314825057983398438e+00 -1.913321018218994141e+00 0.000000000000000000e+00
7.770086288452148438e+00 6.958914756774902344e+00 0.000000000000000000e+00
1.675717544555664062e+01 4.834197461605072021e-01 0.000000000000000000e+00
1.147973984479904175e-01 7.338763713836669922e+00 0.000000000000000000e+00
-8.524810791015625000e+00 3.622845649719238281e+00 0.000000000000000000e+00
-7.545566082000732422e+00 1.502321052551269531e+01 0.000000000000000000e+00
-1.050524330139160156e+01 5.224874973297119141e+00 0.000000000000000000e+00
-1.288099861145019531e+01 2.852383375167846680e+00 0.000000000000000000e+00
2.580898523330688477e+00 1.676615715026855469e+01 0.000000000000000000e+00
-1.460105037689208984e+01 -4.867049694061279297e+00 0.000000000000000000e+00
-1.641127967834472656e+01 -5.091595172882080078e+00 0.000000000000000000e+00
2.972756147384643555e+00 -9.426117897033691406e+00 0.000000000000000000e+00
-5.323449611663818359e+00 -3.972863912582397461e+00 0.000000000000000000e+00
-1.172257328033447266e+01 9.665423393249511719e+00 0.000000000000000000e+00
5.319475531578063965e-01 -5.614308357238769531e+00 0.000000000000000000e+00
1.727224349975585938e+01 -1.972014069557189941e+00 0.000000000000000000e+00
8.929596900939941406e+00 -2.623540401458740234e+00 0.000000000000000000e+00
-8.267141342163085938e+00 -1.187810707092285156e+01 0.000000000000000000e+00
-3.493292331695556641e+00 -7.575391769409179688e+00 0.000000000000000000e+00
-8.030537605285644531e+00 1.238004970550537109e+01 0.000000000000000000e+00
-2.253162145614624023e+00 1.430836296081542969e+01 0.000000000000000000e+00
7.058904170989990234e+00 -7.979401111602783203e+00 0.000000000000000000e+00
1.514776515960693359e+01 -7.869199752807617188e+00 0.000000000000000000e+00
9.380131721496582031e+00 6.007923603057861328e+00 0.000000000000000000e+00
-1.346234703063964844e+01 -1.929951667785644531e+00 0.000000000000000000e+00
5.548220634460449219e+00 -1.555330753326416016e+01 0.000000000000000000e+00
-1.093060016632080078e+01 -1.349260902404785156e+01 0.000000000000000000e+00
-3.817774534225463867e+00 -9.442298412322998047e-01 0.000000000000000000e+00
1.230135440826416016e+01 7.993365287780761719e+00 0.000000000000000000e+00
4.662929534912109375e+00 -1.231125926971435547e+01 0.000000000000000000e+00
1.336588764190673828e+01 6.874986171722412109e+00 0.000000000000000000e+00
-6.051250457763671875e+00 1.357521247863769531e+01 0.000000000000000000e+00
-6.572846412658691406e+00 -1.575870037078857422e+01 0.000000000000000000e+00
1.295741367340087891e+01 -3.949552774429321289e+00 0.000000000000000000e+00
3.956457376480102539e+00 -1.544465446472167969e+01 0.000000000000000000e+00
-1.540174674987792969e+01 7.942479610443115234e+00 0.000000000000000000e+00
-1.257625520229339600e-01 -9.492779731750488281e+00 0.000000000000000000e+00
4.648438930511474609e+00 3.502116918563842773e+00 0.000000000000000000e+00
-1.681603050231933594e+01 -9.662896990776062012e-01 0.000000000000000000e+00
1.476914882659912109e+01 1.787464976310729980e+00 0.000000000000000000e+00
-1.578969097137451172e+01 5.025687217712402344e+00 0.000000000000000000e+00
1.062492942810058594e+01 1.126615619659423828e+01 0.000000000000000000e+00
9.862140655517578125e+00 9.520702362060546875e+00 0.000000000000000000e+00
-3.847105026245117188e+00 -1.701696968078613281e+01 0.000000000000000000e+00
1.080339527130126953e+01 7.479860305786132812e+00 0.000000000000000000e+00
1.165144634246826172e+01 -7.296526432037353516e+00 0.000000000000000000e+00
5.157111644744873047e+00 1.337115001678466797e+01 0.000000000000000000e+00
1.309639573097229004e+00 3.948185920715332031e+00 0.000000000000000000e+00
-6.573914051055908203e+00 7.650536060333251953e+00 0.000000000000000000e+00
8.879918098449707031e+00 -1.215666198730468750e+01 0.000000000000000000e+00
8.823428153991699219e+00 1.320941734313964844e+01 0.000000000000000000e+00
6.069484710693359375e+00 1.600012207031250000e+01 0.000000000000000000e+00
-8.726416587829589844e+00 6.004333496093750000e+00 0.000000000000000000e+00
1.128848361968994141e+01 -4.746281147003173828e+00 0.000000000000000000e+00
-7.963415622711181641e+00 -7.838319301605224609e+00 0.000000000000000000e+00
-1.574708366394042969e+01 -7.598793029785156250e+00 0.000000000000000000e+00
8.271413803100585938e+00 9.159312248229980469e+00 0.000000000000000000e+00
6.941090106964111328e+00 -1.452767372131347656e+01 0.000000000000000000e+00
-4.565819740295410156e+00 7.838244438171386719e-01 0.000000000000000000e+00
1.330454444885253906e+01 -1.100153255462646484e+01 0.000000000000000000e+00
-5.283974170684814453e+00 4.456402301788330078e+00 0.000000000000000000e+00
-4.059037208557128906e+00 1.531189155578613281e+01 0.000000000000000000e+00
-1.496667504310607910e+00 -6.324310779571533203e+00 0.000000000000000000e+00
1.541372108459472656e+01 -1.178290009498596191e+00 0.000000000000000000e+00
-7.882795810699462891e+00 9.059143066406250000e+00 0.000000000000000000e+00
-4.141649007797241211e-01 -1.185120868682861328e+01 0.000000000000000000e+00
1.038643836975097656e+01 4.415530204772949219e+00 0.000000000000000000e+00
1.051138973236083984e+01 6.246132850646972656e-01 0.000000000000000000e+00
-2.743831396102905273e+00 -1.493499374389648438e+01 0.000000000000000000e+00
-7.384793758392333984e-01 8.643946051597595215e-01 0.000000000000000000e+00
-2.376475334167480469e+00 1.222340297698974609e+01 0.000000000000000000e+00
-3.593044757843017578e+00 -1.064921474456787109e+01 0.000000000000000000e+00
-1.339114856719970703e+01 1.332615494728088379e+00 0.000000000000000000e+00
2.970123767852783203e+00 9.148973464965820312e+00 0.000000000000000000e+00
-1.402455711364746094e+01 -6.289499759674072266e+00 0.000000000000000000e+00
1.036315917968750000e+01 -1.269294452667236328e+01 0.000000000000000000e+00
1.468862628936767578e+01 3.528846740722656250e+00 0.000000000000000000e+00
6.803637981414794922e+00 -1.186473464965820312e+01 0.000000000000000000e+00
6.941155433654785156e+00 -3.321377992630004883e+00 0.000000000000000000e+00
1.772002696990966797e+00 -4.587617516517639160e-01 0.000000000000000000e+00
-1.043357563018798828e+01 -9.184755325317382812e+00 0.000000000000000000e+00
-5.690433502197265625e+00 1.638714790344238281e+01 0.000000000000000000e+00
-6.004757881164550781e+00 -5.344702601432800293e-01 0.000000000000000000e+00
-1.148543071746826172e+01 -1.109482669830322266e+01 0.000000000000000000e+00
2.937018156051635742e+00 3.055614948272705078e+00 0.000000000000000000e+00
1.621171379089355469e+01 -5.363393783569335938e+00 0.000000000000000000e+00
7.682731747627258301e-01 9.113759994506835938e+00 0.000000000000000000e+00
1.083514213562011719e+01 -1.087649440765380859e+01 0.000000000000000000e+00
1.249171066284179688e+01 -1.306017160415649414e+00 0.000000000000000000e+00
6.496516227722167969e+00 5.932047843933105469e+00 0.000000000000000000e+00
-4.309943199157714844e+00 -1.556478309631347656e+01 0.000000000000000000e+00
-3.223960161209106445e+00 4.589473247528076172e+00 0.000000000000000000e+00
1.018009090423583984e+01 -6.799856662750244141e+00 0.000000000000000000e+00
7.447758674621582031e+00 3.050631046295166016e+00 0.000000000000000000e+00
1.027755737304687500e+00 -1.846441626548767090e+00 0.000000000000000000e+00
6.785324096679687500e+00 -6.108175754547119141e+00 0.000000000000000000e+00
-1.431151962280273438e+01 -8.997825622558593750e+00 0.000000000000000000e+00
1.639637756347656250e+01 4.841620445251464844e+00 0.000000000000000000e+00
7.569180011749267578e+00 1.501030254364013672e+01 0.000000000000000000e+00
-1.412201309204101562e+01 9.368692398071289062e+00 0.000000000000000000e+00
-2.471761941909790039e+00 -4.235872268676757812e+00 0.000000000000000000e+00
4.785582542419433594e+00 5.815974235534667969e+00 0.000000000000000000e+00
1.562553787231445312e+01 7.262768268585205078e+00 0.000000000000000000e+00
-7.073653221130371094e+00 1.796956419944763184e+00 0.000000000000000000e+00
2.913769781589508057e-01 1.389821338653564453e+01 0.000000000000000000e+00
-8.066606521606445312e+00 7.370865345001220703e+00 0.000000000000000000e+00
2.379832506179809570e+00 1.170863747596740723e+00 0.000000000000000000e+00
-4.047408699989318848e-01 -1.389295864105224609e+01 0.000000000000000000e+00
2.383308410644531250e+00 -2.903088092803955078e+00 0.000000000000000000e+00
5.779111862182617188e+00 -1.345642852783203125e+01 0.000000000000000000e+00
2.255281209945678711e+00 7.521738529205322266e+00 0.000000000000000000e+00
9.517522454261779785e-01 -4.053459167480468750e+00 0.000000000000000000e+00
7.068678855895996094e+00 -1.028286266326904297e+01 0.000000000000000000e+00
5.974723815917968750e+00 1.148260974884033203e+01 0.000000000000000000e+00
8.731575965881347656e+00 1.206115782260894775e-01 0.000000000000000000e+00
1.099424600601196289e+00 1.728527450561523438e+01 0.000000000000000000e+00
3.087600469589233398e+00 -1.092577075958251953e+01 0.000000000000000000e+00
-1.141593837738037109e+01 -5.136384487152099609e+00 0.000000000000000000e+00
1.169658851623535156e+01 9.622244834899902344e+00 0.000000000000000000e+00
-1.204244899749755859e+01 5.229123115539550781e+00 0.000000000000000000e+00
3.713421106338500977e+00 -1.378364849090576172e+01 0.000000000000000000e+00
3.400070190429687500e+00 -7.701413631439208984e+00 0.000000000000000000e+00
7.536598205566406250e+00 -1.807321786880493164e+00 0.000000000000000000e+00
-3.510971546173095703e+00 2.353530645370483398e+00 0.000000000000000000e+00
-1.020087599754333496e+00 1.301751327514648438e+01 0.000000000000000000e+00
-2.599525213241577148e+00 1.036588668823242188e+01 0.000000000000000000e+00
