-1.420924812555313110e-01 1.141798877716064453e+01 0.000000000000000000e+00
-5.017294883728027344e+00 1.712749719619750977e+00 0.000000000000000000e+00
-1.382467842102050781e+01 9.492383003234863281e+00 0.000000000000000000e+00
-7.074630260467529297e+00 -1.121755027770996094e+01 0.000000000000000000e+00
6.495065689086914062e+00 4.999006748199462891e+00 0.000000000000000000e+00
1.316636180877685547e+01 4.119102478027343750e+00 0.000000000000000000e+00
1.091977214813232422e+01 -7.005170345306396484e+00 0.000000000000000000e+00
1.209890937805175781e+01 -1.550755798816680908e-01 0.000000000000000000e+00
5.330362319946289062e+00 -1.839230298995971680e+00 0.000000000000000000e+00
-1.572289371490478516e+01 6.374987602233886719e+00 0.000000000000000000e+00
7.195286750793457031e+00 -1.311594295501708984e+01 0.000000000000000000e+00
-5.622174263000488281e+00 1.262234020233154297e+01 0.000000000000000000e+00
-1.468338394165039062e+01 8.226800918579101562e+00 0.000000000000000000e+00
3.912922620773315430e+00 -2.463644266128540039e+00 0.000000000000000000e+00
-9.408936500549316406e+00 -2.275573730468750000e+00 0.000000000000000000e+00
5.897700786590576172e+00 1.023916149139404297e+01 0.000000000000000000e+00
-1.497314548492431641e+01 -6.711377620697021484e+00 0.000000000000000000e+00
1.258166980743408203e+01 1.558999300003051758e+00 0.000000000000000000e+00
-2.060786247253417969e+00 4.158156394958496094e+00 0.000000000000000000e+00
1.411944031715393066e+00 -1.474881362915039062e+01 0.000000000000000000e+00
4.346509456634521484e+00 3.297885417938232422e+00 0.000000000000000000e+00
1.017872905731201172e+01 4.473833739757537842e-01 0.000000000000000000e+00
-1.021443843841552734e+00 7.058733463287353516e+00 0.000000000000000000e+00
2.207727909088134766e+00 1.357909584045410156e+01 0.000000000000000000e+00
-5.552321434020996094e+00 1.643744850158691406e+01 0.000000000000000000e+00
1.064442825317382812e+01 7.093273639678955078e+00 0.000000000000000000e+00
-1.328546881675720215e+00 -1.709425163269042969e+01 0.000000000000000000e+00
-1.670173168182373047e+00 -8.929210662841796875e+00 0.000000000000000000e+00
-2.969984769821166992e+00 -9.873600006103515625e+00 0.000000000000000000e+00
-1.211693191528320312e+01 1.161081314086914062e+01 0.000000000000000000e+00
-2.691231250762939453e+00 1.545617866516113281e+01 0.000000000000000000e+00
1.521908664703369141e+01 -6.114476680755615234e+00 0.000000000000000000e+00
-1.133439540863037109e+00 -1.139213752746582031e+01 0.000000000000000000e+00
-1.585262012481689453e+01 -6.204762458801269531e-01 0.000000000000000000e+00
1.395786404609680176e+00 1.587048912048339844e+01 0.000000000000000000e+00
-8.177160263061523438e+00 8.690910339355468750e+00 0.000000000000000000e+00
1.328869724273681641e+01 -5.401967048645019531e+00 0.000000000000000000e+00
9.007205963134765625e+00 -3.979940891265869141e+00 0.000000000000000000e+00
-4.975408554077148438e+00 -1.220520973205566406e+01 0.000000000000000000e+00
5.604034900665283203e+00 -1.625568389892578125e+01 0.000000000000000000e+00
4.287707805633544922e-01 4.956164836883544922e+00 0.000000000000000000e+00
2.325345277786254883e+00 1.065765571594238281e+01 0.000000000000000000e+00
1.872755289077758789e+00 3.265908718109130859e+00 0.000000000000000000e+00
-4.445024430751800537e-01 -1.586153030395507812e+01 0.000000000000000000e+00
-1.085110378265380859e+01 -4.534320831298828125e+00 0.000000000000000000e+00
-1.348993396759033203e+01 -5.869821071624755859e+00 0.000000000000000000e+00
1.713003754615783691e+00 -1.633254814147949219e+01 0.000000000000000000e+00
5.831695079803466797e+00 1.552511596679687500e+01 0.000000000000000000e+00
4.306689739227294922e+00 -4.839042186737060547e+00 0.000000000000000000e+00
-4.257374286651611328e+00 -1.402770328521728516e+01 0.000000000000000000e+00
1.418402004241943359e+01 -1.455535769462585449e+00 0.000000000000000000e+00
6.174545288085937500e+00 1.202425861358642578e+01 0.000000000000000000e+00
2.096461534500122070e+00 -6.710156440734863281e+00 0.000000000000000000e+00
1.311758327484130859e+01 -2.738842487335205078e+00 0.000000000000000000e+00
-1.373055648803710938e+01 2.442894935607910156e+00 0.000000000000000000e+00
-1.350120544433593750e+01 -8.849502563476562500e+00 0.000000000000000000e+00
-3.186357498168945312e+00 6.349061965942382812e+00 0.000000000000000000e+00
-8.071537017822265625e+00 -3.830995559692382812e-01 0.000000000000000000e+00
1.526757144927978516e+01 7.509992122650146484e+00 0.000000000000000000e+00
-1.056140995025634766e+01 6.386530876159667969e+00 0.000000000000000000e+00
-7.109199762344360352e-01 1.601688003540039062e+01 0.000000000000000000e+00
-2.292919158935546875e+00 1.262096595764160156e+01 0.000000000000000000e+00
1.408998680114746094e+01 1.017657947540283203e+01 0.000000000000000000e+00
-8.677445411682128906e+00 -1.457375621795654297e+01 0.000000000000000000e+00
-1.726916074752807617e+00 -1.364749431610107422e+01 0.000000000000000000e+00
3.399750947952270508e+00 7.709741592407226562e+00 0.000000000000000000e+00
-9.050743103027343750e+00 -1.136327075958251953e+01 0.000000000000000000e+00
8.173992156982421875e+00 -6.517220020294189453e+00 0.000000000000000000e+00
8.042340278625488281e+00 7.619370460510253906e+00 0.000000000000000000e+00
-1.386455249786376953e+01 -2.327682256698608398e+00 0.000000000000000000e+00
3.095052242279052734e+00 1.881945848464965820e+00 0.000000000000000000e+00
4.488787651062011719e+00 1.108371353149414062e+01 0.000000000000000000e+00
-6.311197280883789062e+00 -9.278144836425781250e+00 0.000000000000000000e+00
1.072248172760009766e+01 -9.385683059692382812e+00 0.000000000000000000e+00
7.477328300476074219e+00 -7.898712635040283203e+00 0.000000000000000000e+00
2.284487485885620117e-01 -1.722766876220703125e+01 0.000000000000000000e+00
-9.608437538146972656e+00 1.098921203613281250e+01 0.000000000000000000e+00
1.791939139366149902e-01 8.724981546401977539e-01 0.000000000000000000e+00
8.419763445854187012e-01 8.714346885681152344e+00 0.000000000000000000e+00
5.776647090911865234e+00 7.328362464904785156e+00 0.000000000000000000e+00
6.709911346435546875e+00 -3.590124845504760742e+00 0.000000000000000000e+00
1.245628547668457031e+01 -8.865099906921386719e+00 0.000000000000000000e+00
-1.197786426544189453e+01 2.511874198913574219e+00 0.000000000000000000e+00
-5.196374416351318359e+00 1.441070747375488281e+01 0.000000000000000000e+00
-1.549187850952148438e+01 -2.456994056701660156e+00 0.000000000000000000e+00
1.331966686248779297e+01 -1.127288055419921875e+01 0.000000000000000000e+00
-1.279714870452880859e+01 -1.769050955772399902e-01 0.000000000000000000e+00
9.383347511291503906e+00 4.317451477050781250e+00 0.000000000000000000e+00
-1.637032318115234375e+01 -4.709249019622802734e+00 0.000000000000000000e+00
-5.863976001739501953e+00 1.094769287109375000e+01 0.000000000000000000e+00
1.096607685089111328e+01 -4.129528522491455078e+00 0.000000000000000000e+00
-1.162450885772705078e+01 -1.086670589447021484e+01 0.000000000000000000e+00
-3.743107557296752930e+00 -1.554205703735351562e+01 0.000000000000000000e+00
-2.993745326995849609e+00 8.344858169555664062e+00 0.000000000000000000e+00
1.921416521072387695e+00 -3.368860960006713867e+00 0.000000000000000000e+00
-7.457770347595214844e+00 1.468776321411132812e+01 0.000000000000000000e+00
-4.572476863861083984e+00 -9.356886863708496094e+00 0.000000000000000000e+00
-4.387112140655517578e+00 1.167170333862304688e+01 0.000000000000000000e+00
-1.979475021362304688e+00 2.375852823257446289e+00 0.000000000000000000e+00
-3.643554687500000000e+00 2.498901128768920898e+00 0.000000000000000000e+00
-3.409932136535644531e+00 1.700899314880371094e+01 0.000000000000000000e+00
8.447580337524414062e+00 -1.426465034484863281e+01 0.000000000000000000e+00
-9.981417655944824219e+00 1.274861717224121094e+01 0.000000000000000000e+00
9.581125259399414062e+00 8.886683464050292969e+00 0.000000000000000000e+00
1.568183898925781250e+01 -2.190011739730834961e+00 0.000000000000000000e+00
8.182307243347167969e+00 4.261521995067596436e-01 0.000000000000000000e+00
-4.482206821441650391e+00 -7.807417511940002441e-01 0.000000000000000000e+00
-9.951808929443359375e+00 -5.923616409301757812e+00 0.000000000000000000e+00
5.106300354003906250e+00 8.729515075683593750e+00 0.000000000000000000e+00
-1.076481914520263672e+01 -1.374798965454101562e+01 0.000000000000000000e+00
1.199876308441162109e+01 1.121858596801757812e+01 0.000000000000000000e+00
1.713389396667480469e+01 -4.251707196235656738e-01 0.000000000000000000e+00
-6.136546134948730469e-01 -1.731599807739257812e+00 0.000000000000000000e+00
-4.837521553039550781e+00 -5.673794746398925781e+00 0.000000000000000000e+00
-1.372361850738525391e+01 5.107435226440429688e+00 0.000000000000000000e+00
1.514172935485839844e+01 1.080562710762023926e+00 0.000000000000000000e+00
3.723649263381958008e+00 9.545488357543945312e+00 0.000000000000000000e+00
-7.789177894592285156e+00 1.964485168457031250e+00 0.000000000000000000e+00
2.073502540588378906e+00 -3.566299974918365479e-01 0.000000000000000000e+00
-5.920174121856689453e+00 2.992965459823608398e+00 0.000000000000000000e+00
9.897701263427734375e+00 2.323969125747680664e+00 0.000000000000000000e+00
4.704630851745605469e+00 1.364784431457519531e+01 0.000000000000000000e+00
-4.163966178894042969e-01 -6.902108192443847656e+00 0.000000000000000000e+00
-5.745160579681396484e+00 -1.567270565032958984e+01 0.000000000000000000e+00
1.267088317871093750e+01 7.476657390594482422e+00 0.000000000000000000e+00
9.811260104179382324e-01 -1.087656593322753906e+01 0.000000000000000000e+00
7.764540672302246094e+00 1.352461814880371094e+01 0.000000000000000000e+00
3.675577417016029358e-02 1.424390792846679688e+01 0.000000000000000000e+00
3.291998147964477539e+00 -1.528075122833251953e+01 0.000000000000000000e+00
-1.068200492858886719e+01 -4.966642558574676514e-01 0.000000000000000000e+00
-1.024546146392822266e+01 -8.025934219360351562e+00 0.000000000000000000e+00
7.169162273406982422e+00 3.355271577835083008e+00 0.000000000000000000e+00
1.625701665878295898e+00 -8.741473197937011719e+00 0.000000000000000000e+00
9.537756919860839844e+00 -2.300825834274291992e+00 0.000000000000000000e+00
8.771781921386718750e+00 -1.045735740661621094e+01 0.000000000000000000e+00
3.506924152374267578e+00 1.636929130554199219e+01 0.000000000000000000e+00
-1.159323215484619141e+01 7.740530014038085938e+00 0.000000000000000000e+00
-6.905599594116210938e+00 -7.124470710754394531e+00 0.000000000000000000e+00
-4.133646965026855469e+00 4.261165618896484375e+00 0.000000000000000000e+00
-1.727799415588378906e+01 -1.820111632347106934e+00 0.000000000000000000e+00
6.272101879119873047e+00 7.119248509407043457e-01 0.000000000000000000e+00
-2.565809488296508789e+00 2.808786556124687195e-02 0.000000000000000000e+00
2.215335130691528320e+00 6.524171352386474609e+00 0.000000000000000000e+00
8.775652199983596802e-02 -1.371277332305908203e+01 0.000000000000000000e+00
-1.658454322814941406e+01 1.824875235557556152e+00 0.000000000000000000e+00
-9.706793785095214844e+00 2.143736600875854492e+00 0.000000000000000000e+00
6.081176757812500000e+00 -9.888728141784667969e+00 0.000000000000000000e+00
9.764635086059570312e+00 1.077740287780761719e+01 0.000000000000000000e+00
5.794115066528320312e+00 -1.422566986083984375e+01 0.000000000000000000e+00
7.300744056701660156e+00 -1.142791080474853516e+01 0.000000000000000000e+00
7.497036457061767578e+00 -2.013938665390014648e+00 0.000000000000000000e+00
-1.293332219123840332e+00 8.574699401855468750e+00 0.000000000000000000e+00
-1.440205192565917969e+01 -4.255012989044189453e+00 0.000000000000000000e+00
5.932412624359130859e+00 -6.948019981384277344e+00 0.000000000000000000e+00
-4.368825912475585938e+00 -4.115265846252441406e+00 0.000000000000000000e+00
1.604580497741699219e+01 2.865001678466796875e+00 0.000000000000000000e+00
-2.192552760243415833e-02 -4.695209980010986328e+00 0.000000000000000000e+00
9.379621148109436035e-01 -1.396145582199096680e+00 0.000000000000000000e+00
9.313567161560058594e+00 -8.022623062133789062e+00 0.000000000000000000e+00
-9.560869216918945312e+00 5.264680981636047363e-01 0.000000000000000000e+00
2.637706041336059570e+00 -1.291951751708984375e+01 0.000000000000000000e+00
-6.131114959716796875e+00 9.281207084655761719e+00 0.000000000000000000e+00
1.728059411048889160e+00 1.738747978210449219e+01 0.000000000000000000e+00
4.422722339630126953e+00 4.197023212909698486e-01 0.000000000000000000e+00
-8.245496749877929688e+00 -9.646308898925781250e+00 0.000000000000000000e+00
-5.964363098144531250e+00 -1.500568389892578125e+00 0.000000000000000000e+00
-1.698090934753417969e+01 4.023662090301513672e+00 0.000000000000000000e+00
-1.018088912963867188e+01 -1.022805118560791016e+01 0.000000000000000000e+00
-6.029156684875488281e+00 6.351486206054687500e+00 0.000000000000000000e+00
1.590335464477539062e+01 6.121882438659667969e+00 0.000000000000000000e+00
1.379632282257080078e+01 6.394598960876464844e+00 0.000000000000000000e+00
-3.173395395278930664e+00 -6.337543010711669922e+00 0.000000000000000000e+00
-2.043140888214111328e+00 1.075119495391845703e+01 0.000000000000000000e+00
2.911458730697631836e+00 1.499190902709960938e+01 0.000000000000000000e+00
-3.291855812072753906e+00 -1.219952392578125000e+01 0.000000000000000000e+00
1.023916625976562500e+01 -1.130129051208496094e+01 0.000000000000000000e+00
-7.553231239318847656e+00 -1.326398658752441406e+01 0.000000000000000000e+00
7.366738319396972656e+00 9.499876022338867188e+00 0.000000000000000000e+00
4.025521278381347656e+00 -1.364998340606689453e+01 0.000000000000000000e+00
2.979618787765502930e+00 4.471402645111083984e+00 0.000000000000000000e+00
3.463354825973510742e+00 -9.404146194458007812e+00 0.000000000000000000e+00
-7.525352001190185547e+00 5.805990695953369141e+00 0.000000000000000000e+00
1.145976734161376953e+01 -1.239450836181640625e+01 0.000000000000000000e+00
4.096252918243408203e+00 -6.988680839538574219e+00 0.000000000000000000e+00
1.125670909881591797e+01 4.996719837188720703e+00 0.000000000000000000e+00
-8.362295150756835938e+00 -4.521662712097167969e+00 0.000000000000000000e+00
1.023679065704345703e+01 -1.413605499267578125e+01 0.000000000000000000e+00
-1.036255455017089844e+01 9.261021614074707031e+00 0.000000000000000000e+00
-3.259067773818969727e+00 -8.215093612670898438e+00 0.000000000000000000e+00
8.185010910034179688e+00 1.117342472076416016e+01 0.000000000000000000e+00
-2.227154254913330078e+00 -4.817796230316162109e+00 0.000000000000000000e+00
-1.020486640930175781e+01 4.830017566680908203e+00 0.000000000000000000e+00
4.319690227508544922e+00 -1.066267967224121094e+01 0.000000000000000000e+00
-2.273007154464721680e+00 -2.705836296081542969e+00 0.000000000000000000e+00
1.001101016998291016e+01 1.235321903228759766e+01 0.000000000000000000e+00
-7.384150981903076172e+00 -3.048308849334716797e+00 0.000000000000000000e+00
-1.208513545989990234e+01 -7.947680950164794922e+00 0.000000000000000000e+00
1.414286041259765625e+01 -9.934781074523925781e+00 0.000000000000000000e+00
-7.451098918914794922e+00 1.243771266937255859e+01 0.000000000000000000e+00
9.302467346191406250e+00 1.375149822235107422e+01 0.000000000000000000e+00
-1.187039756774902344e+01 4.294614315032958984e+00 0.000000000000000000e+00
-3.904674768447875977e+00 1.336397933959960938e+01 0.000000000000000000e+00
-8.797408103942871094e+00 1.391309738159179688e+01 0.000000000000000000e+00
-8.232455253601074219e+00 4.331743717193603516e+00 0.000000000000000000e+00
1.189127731323242188e+01 -1.827522397041320801e+00 0.000000000000000000e+00
1.507212638854980469e+01 -4.234954357147216797e+00 0.000000000000000000e+00
-1.199241352081298828e+01 -1.238875961303710938e+01 0.000000000000000000e+00
1.655975151062011719e+01 -4.962563037872314453e+00 0.000000000000000000e+00
1.140966701507568359e+01 1.304907989501953125e+01 0.000000000000000000e+00
-5.943731784820556641e+00 -4.657148361206054688e+00 0.000000000000000000e+00
3.938586235046386719e+00 -1.684634780883789062e+01 0.000000000000000000e+00
-7.898244380950927734e+00 1.089852905273437500e+01 0.000000000000000000e+00
-1.112324523925781250e+01 1.051367759704589844e+00 0.000000000000000000e+00
1.918341778218746185e-02 2.921745777130126953e+00 0.000000000000000000e+00
-1.163578796386718750e+01 1.007757282257080078e+01 0.000000000000000000e+00
4.885497093200683594e+00 -8.641523361206054688e+00 0.000000000000000000e+00
1.405357742309570312e+01 -7.242547512054443359e+00 0.000000000000000000e+00
-8.186199188232421875e+00 -6.100309371948242188e+00 0.000000000000000000e+00
-1.543298721313476562e+01 3.483850240707397461e+00 0.000000000000000000e+00
9.072870254516601562e+00 -1.259957885742187500e+01 0.000000000000000000e+00
-1.123546123504638672e+01 -2.800006151199340820e+00 0.000000000000000000e+00
-5.261418342590332031e+00 -7.882431030273437500e+00 0.000000000000000000e+00
4.291909694671630859e+00 5.973134994506835938e+00 0.000000000000000000e+00
5.344685077667236328e+00 -1.241721630096435547e+01 0.000000000000000000e+00
5.491118431091308594e+00 2.319955110549926758e+00 0.000000000000000000e+00
1.236759853363037109e+01 9.602464675903320312e+00 0.000000000000000000e+00
2.802419476211071014e-02 -9.326605796813964844e+00 0.000000000000000000e+00
1.661966896057128906e+01 4.685576915740966797e+00 0.000000000000000000e+00
8.120116233825683594e+00 5.931113243103027344e+00 0.000000000000000000e+00
1.737584877014160156e+01 1.843375921249389648e+00 0.000000000000000000e+00
-1.192763137817382812e+01 -5.634979724884033203e+00 0.000000000000000000e+00
-1.256614589691162109e+01 -3.560634613037109375e+00 0.000000000000000000e+00
-1.512467384338378906e+01 1.167813301086425781e+00 0.000000000000000000e+00
-1.148388767242431641e+01 1.301820564270019531e+01 0.000000000000000000e+00
1.105537796020507812e+01 3.335597991943359375e+00 0.000000000000000000e+00
6.891961097717285156e+00 -5.653769493103027344e+00 0.000000000000000000e+00
-4.933754444122314453e+00 8.218155860900878906e+00 0.000000000000000000e+00
-1.363355636596679688e+01 -1.088779640197753906e+01 0.000000000000000000e+00
-4.163232326507568359e+00 9.794776916503906250e+00 0.000000000000000000e+00
-1.431459999084472656e+01 -3.576129078865051270e-01 0.000000000000000000e+00
-2.058877468109130859e+00 -1.574371528625488281e+01 0.000000000000000000e+00
7.345012664794921875e+00 1.540011882781982422e+01 0.000000000000000000e+00
-1.880830287933349609e+00 1.731940460205078125e+01 0.000000000000000000e+00
1.401418209075927734e+01 2.754555940628051758e+00 0.000000000000000000e+00
-8.379723548889160156e+00 7.118531703948974609e+00 0.000000000000000000e+00
-1.292091369628906250e+01 6.987018585205078125e+00 0.000000000000000000e+00
-6.707076072692871094e+00 8.938338756561279297e-01 0.000000000000000000e+00
1.397601222991943359e+01 8.666114807128906250e+00 0.000000000000000000e+00
1.552290248870849609e+01 -7.870666980743408203e+00 0.000000000000000000e+00
-5.718014240264892578e+00 4.765532970428466797e+00 0.000000000000000000e+00
1.511433029174804688e+01 4.400137424468994141e+00 0.000000000000000000e+00
1.912365436553955078e+00 -5.120287895202636719e+00 0.000000000000000000e+00
1.684072875976562500e+01 -3.163184165954589844e+00 0.000000000000000000e+00
1.385500431060791016e+00 1.222313213348388672e+01 0.000000000000000000e+00
-7.283491134643554688e+00 -1.566603279113769531e+01 0.000000000000000000e+00
-1.656347990036010742e+00 1.429913711547851562e+01 0.000000000000000000e+00
