1.578288060046276475e-01 1.312874369191854385e+01 4.143235572087178298e-04
5.195875304983411880e+00 1.205810799800153532e+01 -2.004671506048438800e-04
-5.950513580979314376e+00 9.161684583843591412e+00 -2.200058227153078860e-05
-9.134598719898908703e-01 8.091747387024415872e+00 8.879184143717466782e-05
4.124586626988892668e+00 7.021111693107407348e+00 -5.259988663763870420e-04
9.161520708014368353e+00 5.949779463866688545e+00 -6.141364969893814418e-04
-1.205774471296907713e+01 5.195917169029240945e+00 -1.813088355091529991e-04
-7.020809435984465274e+00 4.124592859950484858e+00 -2.754332988157415230e-04
-1.982882532025284972e+00 3.053165211903666076e+00 -2.914709084860245270e-04
3.054171177019798122e+00 1.983228014891610602e+00 -1.806795064923649718e-04
8.092217708998587611e+00 9.131953990734551496e-01 2.211916444339045995e-06
1.312915178996840204e+01 -1.581368299743858841e-01 -8.592469245374823039e-05
-1.312915199315473735e+01 1.581288149599102133e-01 9.198436339799553885e-05
-8.092216716225818729e+00 -9.131954944876274904e-01 -2.139821092095317567e-06
-3.054170184133578214e+00 -1.983228110504215103e+00 1.807505843259837874e-04
1.982883491798049347e+00 -3.053768385416690379e+00 -5.061391269118864500e-04
7.020810395815019866e+00 -4.125196033469063828e+00 -5.221767323855264209e-04
1.205774450984050006e+01 -5.195925184610930003e+00 1.873677677513008177e-04
-9.162513767134386811e+00 -5.950295137612254592e+00 -2.495852408603838057e-04
-4.125578490205494830e+00 -7.021619447621453070e+00 -3.437101682499665856e-04
9.124680417732943249e-01 -8.091652063439608966e+00 -1.608187453130405231e-04
5.949521750818377086e+00 -9.161589260451664884e+00 -5.002734331949199031e-05
-5.195874312210642110e+00 -1.205810809341570788e+01 2.005392459576427200e-04
-1.578278131761978176e-01 -1.312874378752559323e+01 -4.142524835719640919e-04
