1.146863842010498047e+01 -2.480533123016357422e+00 0.000000000000000000e+00
-2.769879102706909180e+00 4.673888683319091797e+00 0.000000000000000000e+00
-1.536790370941162109e+01 3.071465253829956055e+00 0.000000000000000000e+00
4.070154190063476562e+00 -6.835626125335693359e+00 0.000000000000000000e+00
4.530877113342285156e+00 -3.185530424118041992e+00 0.000000000000000000e+00
1.408047008514404297e+01 7.119558453559875488e-01 0.000000000000000000e+00
1.001941871643066406e+01 -6.744397163391113281e+00 0.000000000000000000e+00
1.279276275634765625e+01 -1.086091041564941406e+01 0.000000000000000000e+00
7.166763305664062500e+00 2.973232269287109375e+00 0.000000000000000000e+00
1.046132755279541016e+01 -1.273106479644775391e+01 0.000000000000000000e+00
-3.506982803344726562e+00 1.219032573699951172e+01 0.000000000000000000e+00
1.378208732604980469e+01 -7.244200229644775391e+00 0.000000000000000000e+00
2.738662719726562500e+00 7.406368851661682129e-01 0.000000000000000000e+00
-3.629422485828399658e-01 -1.033198833465576172e+01 0.000000000000000000e+00
2.764649868011474609e+00 2.861497402191162109e+00 0.000000000000000000e+00
2.055773258209228516e+00 9.371133804321289062e+00 0.000000000000000000e+00
-4.667798519134521484e+00 -5.421540260314941406e+00 0.000000000000000000e+00
-1.610699844360351562e+01 6.836016654968261719e+00 0.000000000000000000e+00
-3.602952003479003906e+00 5.983040332794189453e+00 0.000000000000000000e+00
3.971635103225708008e+00 1.295845031738281250e+01 0.000000000000000000e+00
-4.663057327270507812e+00 4.825372219085693359e+00 0.000000000000000000e+00
-7.281976699829101562e+00 -5.621805667877197266e+00 0.000000000000000000e+00
1.698470878601074219e+01 -1.834463119506835938e+00 0.000000000000000000e+00
-8.491657257080078125e+00 7.393245697021484375e+00 0.000000000000000000e+00
9.604206085205078125e+00 2.743734598159790039e+00 0.000000000000000000e+00
-4.507004916667938232e-01 7.824818134307861328e+00 0.000000000000000000e+00
-9.980051040649414062e+00 -1.324532032012939453e+01 0.000000000000000000e+00
3.586871147155761719e+00 -1.049274635314941406e+01 0.000000000000000000e+00
1.468265533447265625e+01 -8.153696656227111816e-01 0.000000000000000000e+00
4.575365066528320312e+00 -1.426356029510498047e+01 0.000000000000000000e+00
7.997420787811279297e+00 7.802658557891845703e+00 0.000000000000000000e+00
4.974466800689697266e+00 -1.117210149765014648e+00 0.000000000000000000e+00
5.093360424041748047e+00 2.228252410888671875e+00 0.000000000000000000e+00
9.388237953186035156e+00 -1.430541133880615234e+01 0.000000000000000000e+00
6.923021316528320312e+00 5.266236782073974609e+00 0.000000000000000000e+00
1.624415993690490723e+00 1.407043647766113281e+01 0.000000000000000000e+00
-1.126136398315429688e+01 8.830007553100585938e+00 0.000000000000000000e+00
-2.343171834945678711e-01 -7.275471210479736328e+00 0.000000000000000000e+00
1.250156116485595703e+01 -3.968628406524658203e+00 0.000000000000000000e+00
4.690009593963623047e+00 -1.204604148864746094e+01 0.000000000000000000e+00
-3.151620924472808838e-01 9.865899085998535156e+00 0.000000000000000000e+00
1.227977752685546875e+01 -9.274904251098632812e+00 0.000000000000000000e+00
-1.148341846466064453e+01 -4.628018438816070557e-01 0.000000000000000000e+00
-5.641835689544677734e+00 -3.479025363922119141e+00 0.000000000000000000e+00
-1.053788757324218750e+01 -9.877920150756835938e+00 0.000000000000000000e+00
-1.549060344696044922e-01 -1.588990116119384766e+01 0.000000000000000000e+00
-3.843152284622192383e+00 1.044789981842041016e+01 0.000000000000000000e+00
5.316354274749755859e+00 6.547391891479492188e+00 0.000000000000000000e+00
-1.801139831542968750e+00 -1.611553001403808594e+01 0.000000000000000000e+00
7.526559829711914062e+00 -5.383081912994384766e+00 0.000000000000000000e+00
8.044161796569824219e+00 -1.692001104354858398e+00 0.000000000000000000e+00
-5.944697856903076172e-01 -4.449718296527862549e-01 0.000000000000000000e+00
-1.301242637634277344e+01 5.531058311462402344e+00 0.000000000000000000e+00
1.426565456390380859e+01 9.980018615722656250e+00 0.000000000000000000e+00
-5.833823204040527344e+00 1.512041330337524414e+00 0.000000000000000000e+00
-1.326821994781494141e+01 7.673732757568359375e+00 0.000000000000000000e+00
6.553449153900146484e+00 5.970102548599243164e-01 0.000000000000000000e+00
-1.623521995544433594e+01 -3.679858446121215820e+00 0.000000000000000000e+00
7.729412555694580078e+00 1.559941864013671875e+01 0.000000000000000000e+00
2.750930786132812500e+00 6.570980072021484375e+00 0.000000000000000000e+00
-7.239535808563232422e+00 5.995945930480957031e-01 0.000000000000000000e+00
1.271037197113037109e+01 3.208492279052734375e+00 0.000000000000000000e+00
-6.661096572875976562e+00 -1.329276657104492188e+01 0.000000000000000000e+00
5.382874965667724609e+00 -8.172635078430175781e+00 0.000000000000000000e+00
-1.257292652130126953e+01 3.186590433120727539e+00 0.000000000000000000e+00
7.091670989990234375e+00 -1.103496742248535156e+01 0.000000000000000000e+00
-5.931021690368652344e+00 9.891292572021484375e+00 0.000000000000000000e+00
-5.595802307128906250e+00 -1.063975906372070312e+01 0.000000000000000000e+00
-5.702446460723876953e+00 -1.625147819519042969e+01 0.000000000000000000e+00
-9.183433532714843750e+00 -9.172440528869628906e+00 0.000000000000000000e+00
-3.773518562316894531e+00 -8.478706359863281250e+00 0.000000000000000000e+00
-9.020593643188476562e+00 2.127025127410888672e+00 0.000000000000000000e+00
5.370557308197021484e+00 -4.743553161621093750e+00 0.000000000000000000e+00
1.988889694213867188e+00 -1.636096191406250000e+01 0.000000000000000000e+00
9.107002258300781250e+00 -3.513747215270996094e+00 0.000000000000000000e+00
-1.204411625862121582e+00 -2.507073640823364258e+00 0.000000000000000000e+00
2.273429632186889648e+00 -1.391650009155273438e+01 0.000000000000000000e+00
8.513195037841796875e+00 -1.282845497131347656e+01 0.000000000000000000e+00
-5.580059528350830078e+00 -8.405758857727050781e+00 0.000000000000000000e+00
1.535359668731689453e+01 -7.470672130584716797e+00 0.000000000000000000e+00
-1.666603851318359375e+01 -4.152162969112396240e-01 0.000000000000000000e+00
-1.317818164825439453e+01 -6.833788394927978516e+00 0.000000000000000000e+00
-9.633839607238769531e+00 5.247348785400390625e+00 0.000000000000000000e+00
1.564637374877929688e+01 1.214724540710449219e+00 0.000000000000000000e+00
9.865090370178222656e+00 6.308871746063232422e+00 0.000000000000000000e+00
-1.364592456817626953e+01 -9.363946914672851562e+00 0.000000000000000000e+00
-1.551670432090759277e+00 6.588673591613769531e+00 0.000000000000000000e+00
9.729227066040039062e+00 -1.742911458015441895e+00 0.000000000000000000e+00
8.383852958679199219e+00 9.339737892150878906e+00 0.000000000000000000e+00
1.717137145996093750e+01 2.242740154266357422e+00 0.000000000000000000e+00
-2.851948022842407227e+00 2.293922662734985352e+00 0.000000000000000000e+00
1.218678760528564453e+01 6.285361289978027344e+00 0.000000000000000000e+00
1.124930477142333984e+01 -1.139323806762695312e+01 0.000000000000000000e+00
-2.745481729507446289e+00 -1.298087024688720703e+01 0.000000000000000000e+00
-9.897583007812500000e+00 1.093552494049072266e+01 0.000000000000000000e+00
3.012504339218139648e+00 1.565988349914550781e+01 0.000000000000000000e+00
-8.533432960510253906e+00 -4.011910915374755859e+00 0.000000000000000000e+00
4.198013305664062500e+00 1.693788719177246094e+01 0.000000000000000000e+00
-1.853489160537719727e+00 -7.860178470611572266e+00 0.000000000000000000e+00
-1.162261867523193359e+01 6.908411026000976562e+00 0.000000000000000000e+00
-6.418516039848327637e-01 -1.395056915283203125e+01 0.000000000000000000e+00
9.381248354911804199e-01 -6.188512325286865234e+00 0.000000000000000000e+00
-1.267540550231933594e+01 -4.788868427276611328e+00 0.000000000000000000e+00
1.145436859130859375e+01 -7.986077666282653809e-01 0.000000000000000000e+00
-7.797100543975830078e+00 1.165641212463378906e+01 0.000000000000000000e+00
2.197460085153579712e-01 4.606134414672851562e+00 0.000000000000000000e+00
4.440638124942779541e-01 2.563960313796997070e+00 0.000000000000000000e+00
1.258750557899475098e+00 -1.498378396034240723e+00 0.000000000000000000e+00
-9.277334213256835938e+00 -1.519336819648742676e+00 0.000000000000000000e+00
1.528277873992919922e+01 3.216495037078857422e+00 0.000000000000000000e+00
1.407901859283447266e+01 -4.550497531890869141e+00 0.000000000000000000e+00
-7.335725307464599609e+00 4.456751346588134766e+00 0.000000000000000000e+00
-1.969434022903442383e+00 1.204969120025634766e+01 0.000000000000000000e+00
-4.073593139648437500e+00 1.699753701686859131e-01 0.000000000000000000e+00
1.014945602416992188e+01 1.230151462554931641e+01 0.000000000000000000e+00
-6.814857482910156250e+00 -1.352503299713134766e+00 0.000000000000000000e+00
-2.861308574676513672e+00 -3.183110237121582031e+00 0.000000000000000000e+00
-1.663660430908203125e+01 4.870690822601318359e+00 0.000000000000000000e+00
-4.987910747528076172e+00 -1.654227733612060547e+00 0.000000000000000000e+00
1.033831310272216797e+01 1.020027923583984375e+01 0.000000000000000000e+00
-1.382656383514404297e+01 -3.122882843017578125e+00 0.000000000000000000e+00
6.294790744781494141e+00 -1.610534095764160156e+01 0.000000000000000000e+00
-9.671807289123535156e+00 8.743841171264648438e+00 0.000000000000000000e+00
1.026435184478759766e+01 8.495283126831054688e+00 0.000000000000000000e+00
2.609499931335449219e+00 -1.241527652740478516e+01 0.000000000000000000e+00
1.492650222778320312e+01 5.808131217956542969e+00 0.000000000000000000e+00
1.208995628356933594e+01 1.255203342437744141e+01 0.000000000000000000e+00
-5.885986328125000000e+00 7.374808311462402344e+00 0.000000000000000000e+00
2.558915138244628906e+00 -4.598667621612548828e+00 0.000000000000000000e+00
8.424964904785156250e+00 -1.024031734466552734e+01 0.000000000000000000e+00
7.939335823059082031e+00 1.083871841430664062e+01 0.000000000000000000e+00
-5.197162151336669922e+00 1.304397392272949219e+01 0.000000000000000000e+00
-4.445703983306884766e+00 2.824503898620605469e+00 0.000000000000000000e+00
-2.398980855941772461e+00 7.900170326232910156e+00 0.000000000000000000e+00
8.558452606201171875e+00 3.965811729431152344e+00 0.000000000000000000e+00
-4.041398525238037109e+00 7.659015655517578125e+00 0.000000000000000000e+00
5.614811897277832031e+00 1.157507801055908203e+01 0.000000000000000000e+00
1.355609130859375000e+01 8.101465225219726562e+00 0.000000000000000000e+00
8.613919258117675781e+00 -7.910624027252197266e+00 0.000000000000000000e+00
-1.981962084770202637e+00 4.481062293052673340e-01 0.000000000000000000e+00
4.074765205383300781e+00 8.631513595581054688e+00 0.000000000000000000e+00
1.857119649648666382e-01 -1.200864028930664062e+01 0.000000000000000000e+00
-1.245343017578125000e+01 -1.628587722778320312e+00 0.000000000000000000e+00
-1.093206310272216797e+01 1.233934402465820312e+01 0.000000000000000000e+00
-1.299243164062500000e+01 9.091722965240478516e-01 0.000000000000000000e+00
1.634501075744628906e+01 -3.955012798309326172e+00 0.000000000000000000e+00
1.424248337745666504e+00 -1.043522834777832031e+01 0.000000000000000000e+00
1.537435626983642578e+01 -2.257337808609008789e+00 0.000000000000000000e+00
6.254464626312255859e+00 -6.793321609497070312e+00 0.000000000000000000e+00
-7.439269542694091797e+00 8.992967605590820312e+00 0.000000000000000000e+00
6.831761837005615234e+00 1.262903404235839844e+01 0.000000000000000000e+00
-1.136897087097167969e+01 -3.594353199005126953e+00 0.000000000000000000e+00
6.742181301116943359e+00 -1.341711616516113281e+01 0.000000000000000000e+00
-1.270378875732421875e+01 9.363893508911132812e+00 0.000000000000000000e+00
-8.440832138061523438e+00 -1.510152339935302734e+01 0.000000000000000000e+00
-1.062160015106201172e+01 1.906290411949157715e+00 0.000000000000000000e+00
4.527283191680908203e+00 4.948114871978759766e+00 0.000000000000000000e+00
8.881277084350585938e+00 1.433376598358154297e+01 0.000000000000000000e+00
1.573149323463439941e+00 -8.536491394042968750e+00 0.000000000000000000e+00
1.232093811035156250e+01 1.742067337036132812e+00 0.000000000000000000e+00
8.062442779541015625e+00 5.016186237335205078e-01 0.000000000000000000e+00
-5.955994606018066406e+00 1.491435241699218750e+01 0.000000000000000000e+00
-1.391369056701660156e+01 3.967856407165527344e+00 0.000000000000000000e+00
-4.191168308258056641e+00 -1.413881301879882812e+01 0.000000000000000000e+00
-7.615057468414306641e+00 1.531987571716308594e+01 0.000000000000000000e+00
-8.404205441474914551e-01 1.463148212432861328e+01 0.000000000000000000e+00
1.256125545501708984e+01 -6.153274059295654297e+00 0.000000000000000000e+00
-4.332370281219482422e+00 -1.190658473968505859e+01 0.000000000000000000e+00
-9.845132827758789062e+00 1.424785900115966797e+01 0.000000000000000000e+00
-1.296661567687988281e+01 -1.141234397888183594e+01 0.000000000000000000e+00
-6.865920543670654297e+00 -1.493361854553222656e+01 0.000000000000000000e+00
-1.482852172851562500e+01 -6.308172225952148438e+00 0.000000000000000000e+00
-3.422069311141967773e+00 1.550889682769775391e+01 0.000000000000000000e+00
1.941318213939666748e-01 1.173047447204589844e+01 0.000000000000000000e+00
8.232874870300292969e-01 6.906836032867431641e+00 0.000000000000000000e+00
-9.218530654907226562e+00 -7.094295978546142578e+00 0.000000000000000000e+00
4.696546077728271484e+00 1.451294517517089844e+01 0.000000000000000000e+00
-7.325312137603759766e+00 -1.084619903564453125e+01 0.000000000000000000e+00
9.760380536317825317e-02 1.693229484558105469e+01 0.000000000000000000e+00
6.618257045745849609e+00 8.833107948303222656e+00 0.000000000000000000e+00
-1.615955829620361328e+00 -1.131653213500976562e+01 0.000000000000000000e+00
-1.141896438598632812e+01 -1.234767055511474609e+01 0.000000000000000000e+00
-1.516526794433593750e+01 -1.749389290809631348e+00 0.000000000000000000e+00
-6.978675365447998047e+00 1.299650192260742188e+01 0.000000000000000000e+00
-4.554683208465576172e+00 1.681410217285156250e+01 0.000000000000000000e+00
-1.873556017875671387e+00 9.446352958679199219e+00 0.000000000000000000e+00
-3.166157603263854980e-01 -4.904194355010986328e+00 0.000000000000000000e+00
-6.697304248809814453e+00 -7.380347251892089844e+00 0.000000000000000000e+00
-3.693942308425903320e+00 -1.577267742156982422e+01 0.000000000000000000e+00
2.766697883605957031e+00 -1.777482867240905762e+00 0.000000000000000000e+00
-1.169695758819580078e+01 1.102916908264160156e+01 0.000000000000000000e+00
7.101588726043701172e+00 -8.454065322875976562e+00 0.000000000000000000e+00
5.368900299072265625e-01 -2.965989351272583008e+00 0.000000000000000000e+00
-2.139997005462646484e+00 -6.116456031799316406e+00 0.000000000000000000e+00
2.245461463928222656e+00 1.176472759246826172e+01 0.000000000000000000e+00
-1.409648418426513672e+01 2.109381675720214844e+00 0.000000000000000000e+00
7.614622116088867188e+00 -3.290219783782958984e+00 0.000000000000000000e+00
-1.723189163208007812e+01 2.203155755996704102e+00 0.000000000000000000e+00
1.705024147033691406e+01 3.879045724868774414e+00 0.000000000000000000e+00
-2.609388351440429688e+00 -4.675796031951904297e+00 0.000000000000000000e+00
1.252034091949462891e+01 1.101003170013427734e+01 0.000000000000000000e+00
1.831360459327697754e+00 4.995076656341552734e+00 0.000000000000000000e+00
1.210187625885009766e+01 8.782569885253906250e+00 0.000000000000000000e+00
-1.439651584625244141e+01 9.038416862487792969e+00 0.000000000000000000e+00
2.385931730270385742e+00 -7.049386501312255859e+00 0.000000000000000000e+00
7.526669502258300781e+00 -1.519084548950195312e+01 0.000000000000000000e+00
1.123792266845703125e+01 -5.197146892547607422e+00 0.000000000000000000e+00
-1.451216983795166016e+01 6.826251983642578125e+00 0.000000000000000000e+00
-1.129811859130859375e+01 -6.699963569641113281e+00 0.000000000000000000e+00
5.530185699462890625e+00 -1.056939411163330078e+01 0.000000000000000000e+00
4.693043231964111328e+00 -1.598203563690185547e+01 0.000000000000000000e+00
4.318260192871093750e+00 2.801242768764495850e-01 0.000000000000000000e+00
-2.692925453186035156e+00 -1.456199836730957031e+01 0.000000000000000000e+00
-1.536898803710937500e+01 -7.739348411560058594e+00 0.000000000000000000e+00
-1.180299282073974609e+01 -8.951489448547363281e+00 0.000000000000000000e+00
1.077415561676025391e+01 1.580810189247131348e+00 0.000000000000000000e+00
-1.653768658638000488e+00 1.674770736694335938e+01 0.000000000000000000e+00
1.772509813308715820e+00 1.703213500976562500e+01 0.000000000000000000e+00
3.593926429748535156e+00 1.017409420013427734e+01 0.000000000000000000e+00
-9.117808341979980469e+00 -5.416579246520996094e+00 0.000000000000000000e+00
1.085994911193847656e+01 -8.385575294494628906e+00 0.000000000000000000e+00
-1.559550285339355469e+01 6.652166247367858887e-01 0.000000000000000000e+00
-1.215616226196289062e+00 2.671943187713623047e+00 0.000000000000000000e+00
-9.417422294616699219e+00 -1.122196006774902344e+01 0.000000000000000000e+00
-1.642029380798339844e+01 -5.999076843261718750e+00 0.000000000000000000e+00
1.437998485565185547e+01 -9.583724021911621094e+00 0.000000000000000000e+00
-7.076740741729736328e+00 2.548746347427368164e+00 0.000000000000000000e+00
-3.178382396697998047e+00 1.395984554290771484e+01 0.000000000000000000e+00
1.218474197387695312e+01 4.765337467193603516e+00 0.000000000000000000e+00
-9.994784355163574219e+00 3.394105911254882812e+00 0.000000000000000000e+00
8.474923133850097656e+00 5.731634140014648438e+00 0.000000000000000000e+00
1.195457339286804199e+00 3.055928051471710205e-01 0.000000000000000000e+00
9.613490104675292969e+00 -9.301386833190917969e+00 0.000000000000000000e+00
-8.403542518615722656e+00 -1.353965282440185547e+01 0.000000000000000000e+00
6.837433815002441406e+00 1.426467323303222656e+01 0.000000000000000000e+00
-2.225260019302368164e+00 -9.568728446960449219e+00 0.000000000000000000e+00
1.649082756042480469e+01 -1.047918871045112610e-01 0.000000000000000000e+00
-9.281567573547363281e+00 1.273316574096679688e+01 0.000000000000000000e+00
3.225840330123901367e+00 -8.980323791503906250e+00 0.000000000000000000e+00
1.575593185424804688e+01 -5.889546871185302734e+00 0.000000000000000000e+00
1.047859954833984375e+01 3.971926689147949219e+00 0.000000000000000000e+00
1.498945140838623047e+01 7.515363216400146484e+00 0.000000000000000000e+00
-4.069869041442871094e+00 -1.032589721679687500e+01 0.000000000000000000e+00
5.885454177856445312e+00 3.834756851196289062e+00 0.000000000000000000e+00
-8.283461570739746094e+00 1.395100212097167969e+01 0.000000000000000000e+00
-2.656550645828247070e+00 -9.598556756973266602e-01 0.000000000000000000e+00
3.681728243827819824e-01 -1.734660911560058594e+01 0.000000000000000000e+00
1.287732696533203125e+01 -1.582756161689758301e+00 0.000000000000000000e+00
-1.148999854922294617e-01 1.331007480621337891e+01 0.000000000000000000e+00
9.600320816040039062e+00 -5.181481838226318359e+00 0.000000000000000000e+00
6.132056236267089844e+00 1.639011764526367188e+01 0.000000000000000000e+00
-5.701499462127685547e+00 3.689271688461303711e+00 0.000000000000000000e+00
-9.409213066101074219e+00 4.124810993671417236e-01 0.000000000000000000e+00
6.014919281005859375e+00 -2.267976999282836914e+00 0.000000000000000000e+00
-1.433273887634277344e+01 -3.899632990360260010e-01 0.000000000000000000e+00
-1.131668758392333984e+01 5.434509277343750000e+00 0.000000000000000000e+00
