1.454072570800781250e+01 9.125651121139526367e-01 0.000000000000000000e+00
-1.080351543426513672e+01 -8.696241378784179688e-01 0.000000000000000000e+00
1.337495326995849609e+01 7.808634757995605469e+00 0.000000000000000000e+00
-1.724640655517578125e+01 4.541682004928588867e-01 0.000000000000000000e+00
1.089864063262939453e+01 1.267551231384277344e+01 0.000000000000000000e+00
7.826314449310302734e+00 -1.304208087921142578e+01 0.000000000000000000e+00
2.869003295898437500e+00 -6.646835803985595703e+00 0.000000000000000000e+00
-4.438769340515136719e+00 -1.330159187316894531e+01 0.000000000000000000e+00
-8.103426933288574219e+00 -2.699251174926757812e+00 0.000000000000000000e+00
-1.466830611228942871e+00 3.492380678653717041e-01 0.000000000000000000e+00
-6.182286262512207031e+00 -1.497996711730957031e+01 0.000000000000000000e+00
-1.271389198303222656e+01 -3.565853834152221680e+00 0.000000000000000000e+00
-1.008736324310302734e+01 -1.276020240783691406e+01 0.000000000000000000e+00
-7.321666717529296875e+00 1.408930587768554688e+01 0.000000000000000000e+00
1.470054531097412109e+01 -2.166033983230590820e+00 0.000000000000000000e+00
-2.901094436645507812e+00 -1.050799942016601562e+01 0.000000000000000000e+00
4.388355016708374023e-01 1.269403266906738281e+01 0.000000000000000000e+00
-4.724300384521484375e+00 -3.411208629608154297e+00 0.000000000000000000e+00
1.030577564239501953e+01 -3.182347774505615234e+00 0.000000000000000000e+00
-1.377361297607421875e+01 4.004401206970214844e+00 0.000000000000000000e+00
-6.147516250610351562e+00 -6.459563255310058594e+00 0.000000000000000000e+00
-8.213067054748535156e+00 -9.233814239501953125e+00 0.000000000000000000e+00
9.713039398193359375e-01 -1.162136650085449219e+01 0.000000000000000000e+00
1.116254806518554688e+01 -7.998239994049072266e-01 0.000000000000000000e+00
1.336837768554687500e+01 4.520536422729492188e+00 0.000000000000000000e+00
-5.005137324333190918e-01 1.423819065093994141e+01 0.000000000000000000e+00
-1.050802111625671387e+00 -1.336672115325927734e+01 0.000000000000000000e+00
4.336396217346191406e+00 -6.980039596557617188e+00 0.000000000000000000e+00
8.676835060119628906e+00 -1.151296424865722656e+01 0.000000000000000000e+00
3.538928747177124023e+00 8.185543060302734375e+00 0.000000000000000000e+00
-1.609321594238281250e+01 5.797673702239990234e+00 0.000000000000000000e+00
-1.573178052902221680e+00 1.653085136413574219e+01 0.000000000000000000e+00
7.210192680358886719e+00 1.330066871643066406e+01 0.000000000000000000e+00
6.941181182861328125e+00 -4.706684589385986328e+00 0.000000000000000000e+00
1.559886074066162109e+01 4.676101684570312500e+00 0.000000000000000000e+00
1.156242370605468750e+01 -5.878022670745849609e+00 0.000000000000000000e+00
-3.009327650070190430e+00 9.323247671127319336e-01 0.000000000000000000e+00
-1.019275474548339844e+01 -7.859648227691650391e+00 0.000000000000000000e+00
-1.185553169250488281e+01 1.243017673492431641e+01 0.000000000000000000e+00
1.082284736633300781e+01 7.958452701568603516e+00 0.000000000000000000e+00
1.594444751739501953e+01 2.126431941986083984e+00 0.000000000000000000e+00
-9.563516616821289062e+00 1.007286643981933594e+01 0.000000000000000000e+00
4.407592773437500000e+00 -1.004433917999267578e+01 0.000000000000000000e+00
7.964540958404541016e+00 1.155987071990966797e+01 0.000000000000000000e+00
8.857704162597656250e+00 8.240522384643554688e+00 0.000000000000000000e+00
-5.906941413879394531e+00 -1.191015434265136719e+01 0.000000000000000000e+00
7.612562179565429688e+00 5.270700454711914062e+00 0.000000000000000000e+00
-1.600523567199707031e+01 -5.249277114868164062e+00 0.000000000000000000e+00
-1.480683612823486328e+01 -3.823797106742858887e-01 0.000000000000000000e+00
3.003363847732543945e+00 -1.579323005676269531e+01 0.000000000000000000e+00
-9.522438049316406250e+00 -5.489394664764404297e+00 0.000000000000000000e+00
8.973683416843414307e-02 4.872273921966552734e+00 0.000000000000000000e+00
-2.908435821533203125e+00 8.372674942016601562e+00 0.000000000000000000e+00
6.075076580047607422e+00 -1.068715953826904297e+01 0.000000000000000000e+00
-1.708604431152343750e+01 -2.228945493698120117e+00 0.000000000000000000e+00
-3.601197719573974609e+00 2.537449598312377930e+00 0.000000000000000000e+00
1.020956230163574219e+01 -1.004370117187500000e+01 0.000000000000000000e+00
-2.642884492874145508e+00 -1.373835086822509766e+01 0.000000000000000000e+00
-2.570996761322021484e+00 -1.161289572715759277e+00 0.000000000000000000e+00
6.079402446746826172e+00 1.128260231018066406e+01 0.000000000000000000e+00
-8.829568862915039062e+00 1.284821033477783203e+01 0.000000000000000000e+00
-6.914933681488037109e+00 1.128394722938537598e+00 0.000000000000000000e+00
3.034901380538940430e+00 1.275204658508300781e+01 0.000000000000000000e+00
3.870748996734619141e+00 -3.035539150238037109e+00 0.000000000000000000e+00
7.239846587181091309e-01 7.830365180969238281e+00 0.000000000000000000e+00
-1.393983745574951172e+01 -6.687592029571533203e+00 0.000000000000000000e+00
3.156943798065185547e+00 4.795657157897949219e+00 0.000000000000000000e+00
9.268360137939453125e+00 -4.543839454650878906e+00 0.000000000000000000e+00
1.176648235321044922e+01 6.649525642395019531e+00 0.000000000000000000e+00
1.718174815177917480e+00 2.235738992691040039e+00 0.000000000000000000e+00
-1.338327026367187500e+01 1.113769817352294922e+01 0.000000000000000000e+00
-4.632897377014160156e+00 -1.449880361557006836e+00 0.000000000000000000e+00
2.433941602706909180e+00 -2.460000514984130859e+00 0.000000000000000000e+00
5.678035259246826172e+00 -1.450074481964111328e+01 0.000000000000000000e+00
1.610486149787902832e+00 -3.875675201416015625e+00 0.000000000000000000e+00
1.227438068389892578e+01 1.102978825569152832e+00 0.000000000000000000e+00
1.244388961791992188e+01 -1.107440376281738281e+01 0.000000000000000000e+00
1.375096201896667480e+00 1.069867992401123047e+01 0.000000000000000000e+00
-5.183965206146240234e+00 7.021482944488525391e+00 0.000000000000000000e+00
-6.674317836761474609e+00 3.338259458541870117e+00 0.000000000000000000e+00
-1.160796451568603516e+01 -6.827656745910644531e+00 0.000000000000000000e+00
3.919404745101928711e+00 2.390388965606689453e+00 0.000000000000000000e+00
-8.282396316528320312e+00 -6.816996097564697266e+00 0.000000000000000000e+00
-1.147087574005126953e+01 2.860250949859619141e+00 0.000000000000000000e+00
6.015048623085021973e-01 1.709721755981445312e+01 0.000000000000000000e+00
-4.678539276123046875e+00 1.441452407836914062e+01 0.000000000000000000e+00
3.517975807189941406e+00 -1.141067314147949219e+01 0.000000000000000000e+00
1.648252296447753906e+01 -4.552552700042724609e+00 0.000000000000000000e+00
8.325881004333496094e+00 -3.249522209167480469e+00 0.000000000000000000e+00
-1.490876197814941406e+01 -2.534542083740234375e+00 0.000000000000000000e+00
-8.548274040222167969e+00 4.431236267089843750e+00 0.000000000000000000e+00
7.841885089874267578e-01 -1.332791233062744141e+01 0.000000000000000000e+00
-1.471896457672119141e+01 6.940704345703125000e+00 0.000000000000000000e+00
3.863488435745239258e+00 -1.446118164062500000e+01 0.000000000000000000e+00
1.326058578491210938e+01 9.476054191589355469e+00 0.000000000000000000e+00
-1.183316469192504883e+00 -1.720869827270507812e+01 0.000000000000000000e+00
-7.328422546386718750e+00 -1.066731548309326172e+01 0.000000000000000000e+00
-8.755741119384765625e+00 -1.204335880279541016e+01 0.000000000000000000e+00
1.265503525733947754e+00 -7.215129137039184570e-01 0.000000000000000000e+00
9.698597908020019531e+00 4.612423896789550781e+00 0.000000000000000000e+00
1.601495933532714844e+01 6.826444149017333984e+00 0.000000000000000000e+00
1.062651634216308594e+01 -7.777034759521484375e+00 0.000000000000000000e+00
1.236150169372558594e+01 1.103637409210205078e+01 0.000000000000000000e+00
-4.072242736816406250e+00 -6.426848411560058594e+00 0.000000000000000000e+00
1.186432552337646484e+01 5.010432720184326172e+00 0.000000000000000000e+00
-1.147548389434814453e+01 -9.097579002380371094e+00 0.000000000000000000e+00
1.431485533714294434e+00 1.566296768188476562e+01 0.000000000000000000e+00
1.821749806404113770e+00 5.639657020568847656e+00 0.000000000000000000e+00
-6.268080711364746094e+00 -9.018910408020019531e+00 0.000000000000000000e+00
1.273138904571533203e+01 2.575212240219116211e+00 0.000000000000000000e+00
-2.132008075714111328e+00 -4.801001548767089844e+00 0.000000000000000000e+00
7.206171035766601562e+00 2.133316516876220703e+00 0.000000000000000000e+00
8.777305603027343750e+00 1.394112682342529297e+01 0.000000000000000000e+00
-6.146366596221923828e-01 8.596580505371093750e+00 0.000000000000000000e+00
-1.125094223022460938e+01 8.303905487060546875e+00 0.000000000000000000e+00
1.048199653625488281e+00 -8.060656547546386719e+00 0.000000000000000000e+00
-9.665280342102050781e+00 -1.060750007629394531e+01 0.000000000000000000e+00
8.358257293701171875e+00 2.185036987066268921e-02 0.000000000000000000e+00
-7.135389328002929688e+00 9.875849723815917969e+00 0.000000000000000000e+00
-1.524740755558013916e-01 -5.357996940612792969e+00 0.000000000000000000e+00
-3.660731017589569092e-01 -3.729512691497802734e+00 0.000000000000000000e+00
-1.273905634880065918e+00 1.044120311737060547e+01 0.000000000000000000e+00
1.152114009857177734e+01 -1.289444160461425781e+01 0.000000000000000000e+00
1.389910697937011719e+01 6.387195587158203125e+00 0.000000000000000000e+00
-4.825543880462646484e+00 6.878114342689514160e-01 0.000000000000000000e+00
1.608633232116699219e+01 -2.907241106033325195e+00 0.000000000000000000e+00
-1.307164072990417480e+00 -1.127297210693359375e+01 0.000000000000000000e+00
-5.223807334899902344e+00 1.614304161071777344e+01 0.000000000000000000e+00
-1.134314179420471191e+00 -2.414475202560424805e+00 0.000000000000000000e+00
1.677596473693847656e+01 -1.463964343070983887e+00 0.000000000000000000e+00
-9.546607017517089844e+00 -1.449290084838867188e+01 0.000000000000000000e+00
-8.501900672912597656e+00 1.819206714630126953e+00 0.000000000000000000e+00
9.077824592590332031e+00 9.758754730224609375e+00 0.000000000000000000e+00
1.033669185638427734e+01 1.406846523284912109e+00 0.000000000000000000e+00
-1.298278999328613281e+01 9.204341888427734375e+00 0.000000000000000000e+00
-1.185740089416503906e+01 -1.066199016571044922e+01 0.000000000000000000e+00
-1.635484695434570312e+01 3.574343204498291016e+00 0.000000000000000000e+00
-1.208265495300292969e+01 5.176216602325439453e+00 0.000000000000000000e+00
-7.594057559967041016e+00 -5.078101634979248047e+00 0.000000000000000000e+00
1.402862071990966797e+01 -4.758222579956054688e+00 0.000000000000000000e+00
-1.458311676979064941e+00 -7.820767402648925781e+00 0.000000000000000000e+00
-5.373655319213867188e+00 1.246497917175292969e+01 0.000000000000000000e+00
9.009264945983886719e+00 -1.443511104583740234e+01 0.000000000000000000e+00
4.969474792480468750e+00 9.611366271972656250e+00 0.000000000000000000e+00
8.550093650817871094e+00 -8.745807647705078125e+00 0.000000000000000000e+00
3.325396537780761719e+00 1.003576469421386719e+01 0.000000000000000000e+00
1.376163673400878906e+01 -9.426133155822753906e+00 0.000000000000000000e+00
-1.002436828613281250e+01 -3.483167648315429688e+00 0.000000000000000000e+00
7.346958637237548828e+00 7.244188308715820312e+00 0.000000000000000000e+00
-1.017819881439208984e+01 1.415039634704589844e+01 0.000000000000000000e+00
5.881378650665283203e+00 4.579416275024414062e+00 0.000000000000000000e+00
-1.340099048614501953e+01 -1.030653381347656250e+01 0.000000000000000000e+00
2.966372072696685791e-01 -9.602571487426757812e+00 0.000000000000000000e+00
1.169848346710205078e+01 -2.257539749145507812e+00 0.000000000000000000e+00
-2.696094751358032227e+00 1.427879333496093750e+01 0.000000000000000000e+00
5.948084354400634766e+00 -8.500408172607421875e+00 0.000000000000000000e+00
-8.087315559387207031e+00 -1.402171421051025391e+01 0.000000000000000000e+00
1.309677124023437500e+01 -7.603618621826171875e+00 0.000000000000000000e+00
7.227255344390869141e+00 1.533172988891601562e+01 0.000000000000000000e+00
7.528340816497802734e-02 -1.476198005676269531e+01 0.000000000000000000e+00
1.578710746765136719e+01 -6.123865127563476562e+00 0.000000000000000000e+00
5.579340934753417969e+00 -1.645240592956542969e+01 0.000000000000000000e+00
-8.065258026123046875e+00 6.746208667755126953e+00 0.000000000000000000e+00
6.399608135223388672e+00 -4.929712116718292236e-01 0.000000000000000000e+00
4.117305278778076172e+00 1.574813652038574219e+01 0.000000000000000000e+00
-4.391794204711914062e+00 9.019925117492675781e+00 0.000000000000000000e+00
2.621463537216186523e+00 9.891503453254699707e-01 0.000000000000000000e+00
7.328601360321044922e+00 8.895033836364746094e+00 0.000000000000000000e+00
-3.493473768234252930e+00 1.666843032836914062e+01 0.000000000000000000e+00
1.257272720336914062e+01 -3.803299188613891602e+00 0.000000000000000000e+00
1.811870932579040527e+00 4.055285930633544922e+00 0.000000000000000000e+00
5.891041755676269531e+00 -3.574719905853271484e+00 0.000000000000000000e+00
8.278797149658203125e+00 -5.959280490875244141e+00 0.000000000000000000e+00
-6.787325382232666016e+00 -1.956043243408203125e+00 0.000000000000000000e+00
8.441053390502929688e+00 -1.643269419670104980e+00 0.000000000000000000e+00
-8.229473114013671875e+00 -6.260589361190795898e-01 0.000000000000000000e+00
-1.159843254089355469e+01 -2.510359287261962891e+00 0.000000000000000000e+00
1.277793502807617188e+01 -6.656436324119567871e-01 0.000000000000000000e+00
-1.307463073730468750e+01 -1.707267165184020996e+00 0.000000000000000000e+00
-3.502964973449707031e+00 6.925018787384033203e+00 0.000000000000000000e+00
5.858799934387207031e+00 1.347904562950134277e+00 0.000000000000000000e+00
7.861495971679687500e+00 -1.553351497650146484e+01 0.000000000000000000e+00
1.092212009429931641e+01 1.044291114807128906e+01 0.000000000000000000e+00
-1.557636928558349609e+01 2.187607049942016602e+00 0.000000000000000000e+00
4.310750961303710938e+00 1.123402881622314453e+01 0.000000000000000000e+00
3.896302580833435059e-01 1.116938352584838867e+00 0.000000000000000000e+00
4.593782424926757812e+00 6.688645839691162109e+00 0.000000000000000000e+00
-9.717140197753906250e+00 6.984968185424804688e+00 0.000000000000000000e+00
-8.017167091369628906e+00 8.440899848937988281e+00 0.000000000000000000e+00
-9.598858833312988281e+00 1.130323857069015503e-01 0.000000000000000000e+00
5.425446033477783203e+00 2.787123918533325195e+00 0.000000000000000000e+00
7.698156833648681641e+00 -7.357553482055664062e+00 0.000000000000000000e+00
6.097140312194824219e+00 -6.414864540100097656e+00 0.000000000000000000e+00
-6.403299331665039062e+00 7.924900054931640625e+00 0.000000000000000000e+00
-4.650235652923583984e+00 -1.576280403137207031e+01 0.000000000000000000e+00
2.671619415283203125e+00 -9.105471611022949219e+00 0.000000000000000000e+00
-1.556525421142578125e+01 -7.389906883239746094e+00 0.000000000000000000e+00
8.496753692626953125e+00 2.932021141052246094e+00 0.000000000000000000e+00
-1.092704415321350098e+00 1.212687015533447266e+01 0.000000000000000000e+00
-1.450254249572753906e+01 8.506163597106933594e+00 0.000000000000000000e+00
-4.426628112792968750e+00 -1.052537727355957031e+01 0.000000000000000000e+00
-3.356286525726318359e+00 -8.772415161132812500e+00 0.000000000000000000e+00
-1.287826633453369141e+01 7.537974357604980469e+00 0.000000000000000000e+00
-5.085958957672119141e+00 5.349271774291992188e+00 0.000000000000000000e+00
-1.225308418273925781e+01 1.198589324951171875e+00 0.000000000000000000e+00
-1.390219497680664062e+01 1.781919121742248535e+00 0.000000000000000000e+00
-3.860583305358886719e+00 1.309694004058837891e+01 0.000000000000000000e+00
-1.027824497222900391e+01 4.112502098083496094e+00 0.000000000000000000e+00
-3.033349275588989258e+00 1.013769245147705078e+01 0.000000000000000000e+00
4.965672492980957031e+00 1.364069843292236328e+01 0.000000000000000000e+00
2.971492767333984375e+00 -1.300621795654296875e+01 0.000000000000000000e+00
-5.668508529663085938e+00 1.053476047515869141e+01 0.000000000000000000e+00
-4.655531421303749084e-02 -7.000930309295654297e+00 0.000000000000000000e+00
4.048349857330322266e+00 -4.884749889373779297e+00 0.000000000000000000e+00
-1.910549998283386230e+00 2.408678054809570312e+00 0.000000000000000000e+00
1.016156911849975586e+00 -1.714685630798339844e+01 0.000000000000000000e+00
-1.921840786933898926e+00 4.661812305450439453e+00 0.000000000000000000e+00
1.428129196166992188e+01 -6.272959232330322266e+00 0.000000000000000000e+00
2.951082229614257812e+00 1.448156929016113281e+01 0.000000000000000000e+00
1.038061237335205078e+01 3.151666879653930664e+00 0.000000000000000000e+00
-2.765600442886352539e+00 -1.529917621612548828e+01 0.000000000000000000e+00
2.028359889984130859e+00 -1.452349376678466797e+01 0.000000000000000000e+00
-1.451725101470947266e+01 -4.551135540008544922e+00 0.000000000000000000e+00
3.488142967224121094e+00 -6.917567849159240723e-01 0.000000000000000000e+00
-2.909796714782714844e+00 -1.213078784942626953e+01 0.000000000000000000e+00
-1.016447257995605469e+01 1.645765304565429688e+00 0.000000000000000000e+00
-1.397366523742675781e+01 -8.273482322692871094e+00 0.000000000000000000e+00
-6.846995830535888672e+00 5.044686317443847656e+00 0.000000000000000000e+00
-2.612574338912963867e+00 1.219678974151611328e+01 0.000000000000000000e+00
1.804668545722961426e+00 8.882065773010253906e+00 0.000000000000000000e+00
-1.450159192085266113e+00 6.448263645172119141e+00 0.000000000000000000e+00
-4.862306118011474609e+00 3.382087469100952148e+00 0.000000000000000000e+00
-1.284634494781494141e+01 -5.542964458465576172e+00 0.000000000000000000e+00
2.832462787628173828e+00 1.689828872680664062e+01 0.000000000000000000e+00
-1.151172924041748047e+01 1.070436286926269531e+01 0.000000000000000000e+00
5.019004821777343750e+00 -1.767104625701904297e+00 0.000000000000000000e+00
-1.422192573547363281e+00 -9.419856071472167969e+00 0.000000000000000000e+00
1.452835083007812500e+01 3.511088371276855469e+00 0.000000000000000000e+00
1.718674659729003906e+01 6.848425269126892090e-01 0.000000000000000000e+00
4.442381858825683594e+00 8.026785254478454590e-01 0.000000000000000000e+00
-1.054724788665771484e+01 5.649855136871337891e+00 0.000000000000000000e+00
1.933757774531841278e-02 3.301010847091674805e+00 0.000000000000000000e+00
-3.565019845962524414e+00 5.083804130554199219e+00 0.000000000000000000e+00
-1.296508121490478516e+01 -1.319449692964553833e-01 0.000000000000000000e+00
2.220137357711791992e+00 -1.060825157165527344e+01 0.000000000000000000e+00
9.346921920776367188e+00 6.168112277984619141e+00 0.000000000000000000e+00
-7.734776973724365234e+00 1.154592990875244141e+01 0.000000000000000000e+00
1.487497234344482422e+01 -6.016920804977416992e-01 0.000000000000000000e+00
-6.527485847473144531e+00 -3.609344005584716797e+00 0.000000000000000000e+00
1.477392101287841797e+01 8.545814514160156250e+00 0.000000000000000000e+00
1.180696296691894531e+01 -9.080877304077148438e+00 0.000000000000000000e+00
5.766653537750244141e+00 1.494394588470458984e+01 0.000000000000000000e+00
-3.196676969528198242e+00 -2.964948415756225586e+00 0.000000000000000000e+00
-1.684870338439941406e+01 -3.754290103912353516e+00 0.000000000000000000e+00
-1.183663368225097656e+01 -1.262008762359619141e+01 0.000000000000000000e+00
5.697861194610595703e+00 7.782193183898925781e+00 0.000000000000000000e+00
