-2.647988230702567058e+00 1.393137827377117777e-01
-1.718887559555807298e+00 9.755385987259967973e-01
-7.897868884090477604e-01 1.811763414714281817e+00
1.393137827377117777e-01 2.647988230702567058e+00
-1.811763414714281817e+00 -7.897868884090477604e-01
-8.826627435675222788e-01 4.643792757923725922e-02
4.643792757923725922e-02 8.826627435675222788e-01
9.755385987259967973e-01 1.718887559555807298e+00
-9.755385987259967973e-01 -1.718887559555807298e+00
-4.643792757923725922e-02 -8.826627435675222788e-01
8.826627435675222788e-01 -4.643792757923725922e-02
1.811763414714281817e+00 7.897868884090477604e-01
-1.393137827377117777e-01 -2.647988230702567058e+00
7.897868884090477604e-01 -1.811763414714281817e+00
1.718887559555807298e+00 -9.755385987259967973e-01
2.647988230702567058e+00 -1.393137827377117777e-01
