-1.333892059326171875e+01 -1.485225915908813477e+00 0.000000000000000000e+00
-4.594851493835449219e+00 -7.956349372863769531e+00 0.000000000000000000e+00
1.152202033996582031e+01 1.064407750964164734e-01 0.000000000000000000e+00
1.442665576934814453e+01 -5.195990085601806641e+00 0.000000000000000000e+00
-1.488999938964843750e+01 3.991151809692382812e+00 0.000000000000000000e+00
-1.644367218017578125e+01 2.260526180267333984e+00 0.000000000000000000e+00
-6.284691810607910156e+00 1.387979984283447266e+01 0.000000000000000000e+00
-1.173476600646972656e+01 -1.878169894218444824e+00 0.000000000000000000e+00
4.329456806182861328e+00 4.701801300048828125e+00 0.000000000000000000e+00
-5.469120979309082031e+00 1.016577339172363281e+01 0.000000000000000000e+00
-2.465834856033325195e+00 -1.160748958587646484e+01 0.000000000000000000e+00
-6.922808647155761719e+00 3.994455814361572266e+00 0.000000000000000000e+00
9.750463485717773438e+00 1.192206001281738281e+01 0.000000000000000000e+00
1.546264076232910156e+01 4.115692138671875000e+00 0.000000000000000000e+00
6.592052936553955078e+00 6.226266384124755859e+00 0.000000000000000000e+00
-6.475172996520996094e+00 -6.112635135650634766e+00 0.000000000000000000e+00
1.355335998535156250e+01 5.780249595642089844e+00 0.000000000000000000e+00
1.357615280151367188e+01 -1.092648124694824219e+01 0.000000000000000000e+00
1.781662464141845703e+00 -1.216985130310058594e+01 0.000000000000000000e+00
-8.416808128356933594e+00 -1.206660079956054688e+01 0.000000000000000000e+00
-1.434744358062744141e+00 -2.536291182041168213e-01 0.000000000000000000e+00
1.260682773590087891e+01 -7.190109729766845703e+00 0.000000000000000000e+00
-1.351474952697753906e+01 8.197977066040039062e+00 0.000000000000000000e+00
1.156761741638183594e+01 -2.926131248474121094e+00 0.000000000000000000e+00
9.304224967956542969e+00 6.222770690917968750e+00 0.000000000000000000e+00
4.881354331970214844e+00 -6.428778648376464844e+00 0.000000000000000000e+00
1.214546394348144531e+01 8.556095123291015625e+00 0.000000000000000000e+00
1.356671929359436035e+00 -1.642563819885253906e+01 0.000000000000000000e+00
-8.264921188354492188e+00 2.440219879150390625e+00 0.000000000000000000e+00
1.604649925231933594e+01 -5.664398193359375000e+00 0.000000000000000000e+00
3.318614006042480469e+00 -3.226032972335815430e+00 0.000000000000000000e+00
7.911537170410156250e+00 1.404191398620605469e+01 0.000000000000000000e+00
-1.082798099517822266e+01 -5.210977420210838318e-02 0.000000000000000000e+00
-9.473231315612792969e+00 -5.747758388519287109e+00 0.000000000000000000e+00
3.555030822753906250e-01 -1.462278175354003906e+01 0.000000000000000000e+00
-1.208322906494140625e+01 3.966946363449096680e+00 0.000000000000000000e+00
1.066156673431396484e+01 6.872413158416748047e+00 0.000000000000000000e+00
-1.295809459686279297e+01 -4.200085639953613281e+00 0.000000000000000000e+00
7.523000836372375488e-01 8.401202201843261719e+00 0.000000000000000000e+00
-8.504311561584472656e+00 1.446491146087646484e+01 0.000000000000000000e+00
-2.233964204788208008e+00 -1.448082923889160156e+01 0.000000000000000000e+00
8.728307723999023438e+00 -1.018577671051025391e+01 0.000000000000000000e+00
8.730623245239257812e+00 7.960089683532714844e+00 0.000000000000000000e+00
-3.943919181823730469e+00 9.410136222839355469e+00 0.000000000000000000e+00
9.582957267761230469e+00 -8.125565528869628906e+00 0.000000000000000000e+00
-1.330828380584716797e+01 -1.040700435638427734e+01 0.000000000000000000e+00
1.044679450988769531e+01 -1.396163368225097656e+01 0.000000000000000000e+00
-1.148541736602783203e+01 5.898324012756347656e+00 0.000000000000000000e+00
-8.776717782020568848e-01 2.629834651947021484e+00 0.000000000000000000e+00
-3.848429679870605469e+00 -6.068936347961425781e+00 0.000000000000000000e+00
8.915755271911621094e+00 1.152994409203529358e-01 0.000000000000000000e+00
-5.465184211730957031e+00 2.360964268445968628e-01 0.000000000000000000e+00
2.029954433441162109e+00 -6.664330005645751953e+00 0.000000000000000000e+00
-1.838013231754302979e-01 1.290322208404541016e+01 0.000000000000000000e+00
-7.391391277313232422e+00 -9.512657165527343750e+00 0.000000000000000000e+00
1.683428287506103516e+00 -4.668999671936035156e+00 0.000000000000000000e+00
3.426009654998779297e+00 -9.359833717346191406e+00 0.000000000000000000e+00
-4.316105842590332031e+00 1.284328269958496094e+01 0.000000000000000000e+00
-4.124624252319335938e+00 -1.069028258323669434e+00 0.000000000000000000e+00
1.580196666717529297e+01 2.008517503738403320e+00 0.000000000000000000e+00
3.731812000274658203e+00 6.115251064300537109e+00 0.000000000000000000e+00
-3.045405745506286621e-01 -1.147656154632568359e+01 0.000000000000000000e+00
1.881650447845458984e+00 1.047633290290832520e+00 0.000000000000000000e+00
2.017268180847167969e+00 1.407132434844970703e+01 0.000000000000000000e+00
1.101561355590820312e+01 1.347773838043212891e+01 0.000000000000000000e+00
-8.632103919982910156e+00 5.756540298461914062e+00 0.000000000000000000e+00
-1.603061103820800781e+01 5.176620483398437500e+00 0.000000000000000000e+00
1.678112983703613281e+01 7.548362016677856445e-01 0.000000000000000000e+00
-9.247576713562011719e+00 -1.697357058525085449e+00 0.000000000000000000e+00
-2.849413633346557617e+00 -2.184900283813476562e+00 0.000000000000000000e+00
-1.177426338195800781e+01 -1.009276676177978516e+01 0.000000000000000000e+00
-4.102193832397460938e+00 -1.459742259979248047e+01 0.000000000000000000e+00
-1.097381830215454102e+00 1.569686603546142578e+01 0.000000000000000000e+00
-1.028225135803222656e+01 -9.708367347717285156e+00 0.000000000000000000e+00
-1.759753942489624023e+00 -8.235609054565429688e+00 0.000000000000000000e+00
-1.005965137481689453e+01 -3.796008586883544922e+00 0.000000000000000000e+00
3.366678476333618164e+00 -5.605493068695068359e+00 0.000000000000000000e+00
3.838613986968994141e+00 -1.598906993865966797e+01 0.000000000000000000e+00
6.431304931640625000e+00 -2.803839445114135742e+00 0.000000000000000000e+00
6.109239578247070312e+00 1.581595134735107422e+01 0.000000000000000000e+00
6.800007343292236328e+00 -5.360910415649414062e+00 0.000000000000000000e+00
-2.851090669631958008e+00 7.380362033843994141e+00 0.000000000000000000e+00
-9.066090583801269531e+00 1.291155719757080078e+01 0.000000000000000000e+00
-4.428114414215087891e+00 -1.634606742858886719e+01 0.000000000000000000e+00
-1.571616077423095703e+01 -7.540293693542480469e+00 0.000000000000000000e+00
4.237878799438476562e+00 2.936205387115478516e+00 0.000000000000000000e+00
-2.547958135604858398e+00 1.627029991149902344e+01 0.000000000000000000e+00
-1.960870385169982910e+00 5.735215663909912109e+00 0.000000000000000000e+00
1.372383785247802734e+01 1.494795799255371094e+00 0.000000000000000000e+00
-1.645776176452636719e+01 -4.812157630920410156e+00 0.000000000000000000e+00
-1.648628807067871094e+01 -8.575044870376586914e-01 0.000000000000000000e+00
4.562160968780517578e-01 -1.012308120727539062e+01 0.000000000000000000e+00
-8.076660156250000000e+00 1.121177387237548828e+01 0.000000000000000000e+00
-6.000047206878662109e+00 -1.062619686126708984e+01 0.000000000000000000e+00
-7.217143058776855469e+00 6.416178703308105469e+00 0.000000000000000000e+00
3.601434946060180664e+00 9.918354034423828125e+00 0.000000000000000000e+00
-7.438479900360107422e+00 -2.119442462921142578e+00 0.000000000000000000e+00
-1.490907287597656250e+01 -6.252526491880416870e-02 0.000000000000000000e+00
-1.221175861358642578e+01 1.177574825286865234e+01 0.000000000000000000e+00
-5.165915489196777344e-01 -4.573383808135986328e+00 0.000000000000000000e+00
2.657381296157836914e-01 -6.321525096893310547e+00 0.000000000000000000e+00
1.390516948699951172e+01 9.436326026916503906e+00 0.000000000000000000e+00
-2.652073860168457031e+00 1.140284919738769531e+01 0.000000000000000000e+00
9.751668930053710938e+00 3.018668413162231445e+00 0.000000000000000000e+00
7.410719394683837891e+00 1.184422683715820312e+01 0.000000000000000000e+00
1.103088378906250000e+01 9.736304283142089844e+00 0.000000000000000000e+00
5.979643344879150391e+00 3.420280933380126953e+00 0.000000000000000000e+00
-1.088886737823486328e+01 -1.333232402801513672e+01 0.000000000000000000e+00
-1.498991966247558594e+01 -4.341367721557617188e+00 0.000000000000000000e+00
-3.079011201858520508e+00 2.334332704544067383e+00 0.000000000000000000e+00
5.063878536224365234e+00 1.316684722900390625e+01 0.000000000000000000e+00
3.449010610580444336e+00 -1.437295436859130859e+01 0.000000000000000000e+00
5.640463352203369141e+00 1.435594797134399414e+00 0.000000000000000000e+00
1.707981526851654053e-01 -3.885750472545623779e-02 0.000000000000000000e+00
5.915189743041992188e+00 -1.539959526062011719e+01 0.000000000000000000e+00
-4.257000684738159180e-01 5.728767395019531250e+00 0.000000000000000000e+00
-7.460562229156494141e+00 -4.475214004516601562e+00 0.000000000000000000e+00
5.535809516906738281e+00 -8.880591392517089844e+00 0.000000000000000000e+00
-5.286630153656005859e+00 4.159919261932373047e+00 0.000000000000000000e+00
-1.177145195007324219e+01 8.762422561645507812e+00 0.000000000000000000e+00
1.523701667785644531e+01 6.049928665161132812e+00 0.000000000000000000e+00
6.148292541503906250e+00 1.072498607635498047e+01 0.000000000000000000e+00
-6.613883018493652344e+00 -1.535225105285644531e+01 0.000000000000000000e+00
1.265960931777954102e+00 5.139973640441894531e+00 0.000000000000000000e+00
-2.870733022689819336e+00 -1.723722839355468750e+01 0.000000000000000000e+00
-8.904210090637207031e+00 9.518553733825683594e+00 0.000000000000000000e+00
-4.062672615051269531e+00 -1.208577060699462891e+01 0.000000000000000000e+00
4.700742244720458984e+00 1.651920127868652344e+01 0.000000000000000000e+00
-1.204972171783447266e+01 9.260807633399963379e-01 0.000000000000000000e+00
1.624179267883300781e+01 -2.580266237258911133e+00 0.000000000000000000e+00
1.229507827758789062e+01 2.094169855117797852e+00 0.000000000000000000e+00
-1.417722892761230469e+01 -8.196652412414550781e+00 0.000000000000000000e+00
9.328315734863281250e+00 -2.250340938568115234e+00 0.000000000000000000e+00
1.390864658355712891e+01 -1.326403617858886719e+00 0.000000000000000000e+00
-1.370990276336669922e+01 2.264217853546142578e+00 0.000000000000000000e+00
-9.443395614624023438e+00 -8.162262916564941406e+00 0.000000000000000000e+00
-7.525812387466430664e-01 9.894330978393554688e+00 0.000000000000000000e+00
-1.480199337005615234e+01 -2.446825742721557617e+00 0.000000000000000000e+00
3.185230016708374023e+00 8.164722442626953125e+00 0.000000000000000000e+00
1.275931072235107422e+01 -4.411221504211425781e+00 0.000000000000000000e+00
-5.975582122802734375e+00 -2.793609619140625000e+00 0.000000000000000000e+00
4.639823913574218750e+00 -4.270727157592773438e+00 0.000000000000000000e+00
-1.453492069244384766e+01 6.303107738494873047e+00 0.000000000000000000e+00
-2.357952594757080078e+00 -6.562691211700439453e+00 0.000000000000000000e+00
-6.077932357788085938e+00 -1.229384231567382812e+01 0.000000000000000000e+00
-1.315013980865478516e+01 5.323977470397949219e+00 0.000000000000000000e+00
1.685635375976562500e+01 -4.313519001007080078e+00 0.000000000000000000e+00
3.514200925827026367e+00 -1.124672985076904297e+01 0.000000000000000000e+00
5.638571739196777344e+00 -1.258550643920898438e+01 0.000000000000000000e+00
-5.525372028350830078e+00 -4.943279743194580078e+00 0.000000000000000000e+00
-6.481396198272705078e+00 -8.185713768005371094e+00 0.000000000000000000e+00
6.907671928405761719e+00 -4.252305626869201660e-01 0.000000000000000000e+00
1.038522720336914062e+01 -4.346897602081298828e+00 0.000000000000000000e+00
-1.208787918090820312e+01 -1.181949996948242188e+01 0.000000000000000000e+00
5.020011663436889648e-01 3.548910140991210938e+00 0.000000000000000000e+00
1.152351474761962891e+01 -5.486815929412841797e+00 0.000000000000000000e+00
1.371500134468078613e+00 -2.070287704467773438e+00 0.000000000000000000e+00
1.842859625816345215e+00 -9.229807853698730469e+00 0.000000000000000000e+00
2.285359859466552734e+00 -7.255100607872009277e-01 0.000000000000000000e+00
9.655813217163085938e+00 1.425081253051757812e+01 0.000000000000000000e+00
-3.707751989364624023e+00 8.877924084663391113e-01 0.000000000000000000e+00
1.237140369415283203e+01 6.912242412567138672e+00 0.000000000000000000e+00
-1.747535705566406250e+01 6.519764065742492676e-01 0.000000000000000000e+00
7.445670127868652344e+00 2.567393541336059570e+00 0.000000000000000000e+00
-1.060192108154296875e+01 1.060277271270751953e+01 0.000000000000000000e+00
-4.507739067077636719e+00 -1.034929561614990234e+01 0.000000000000000000e+00
-1.182922267913818359e+01 -8.252041816711425781e+00 0.000000000000000000e+00
1.033543872833251953e+01 -1.020509815216064453e+01 0.000000000000000000e+00
6.826508045196533203e+00 -1.083136177062988281e+01 0.000000000000000000e+00
1.203159618377685547e+01 4.821066379547119141e+00 0.000000000000000000e+00
-3.152954101562500000e+00 -8.890522003173828125e+00 0.000000000000000000e+00
-1.065647411346435547e+01 -1.122536087036132812e+01 0.000000000000000000e+00
-7.170233726501464844e+00 8.609484672546386719e+00 0.000000000000000000e+00
1.142254161834716797e+01 -1.265784263610839844e+01 0.000000000000000000e+00
6.406241655349731445e-01 -7.841936111450195312e+00 0.000000000000000000e+00
1.234685420989990234e+01 -9.222276687622070312e+00 0.000000000000000000e+00
-6.262701034545898438e+00 2.392809629440307617e+00 0.000000000000000000e+00
3.603296756744384766e+00 1.391460990905761719e+01 0.000000000000000000e+00
8.739813804626464844e+00 -1.392603874206542969e+01 0.000000000000000000e+00
-2.696876049041748047e+00 1.423548793792724609e+01 0.000000000000000000e+00
-1.267042255401611328e+01 -6.294769287109375000e+00 0.000000000000000000e+00
-8.908496856689453125e+00 -6.953809410333633423e-03 0.000000000000000000e+00
-1.262607336044311523e+00 -1.619524383544921875e+01 0.000000000000000000e+00
4.986361980438232422e+00 -1.070028686523437500e+01 0.000000000000000000e+00
2.422651767730712891e+00 1.135058784484863281e+01 0.000000000000000000e+00
3.365191221237182617e+00 1.558384609222412109e+01 0.000000000000000000e+00
-4.228579521179199219e+00 5.311285972595214844e+00 0.000000000000000000e+00
-5.513841152191162109e+00 7.578460216522216797e+00 0.000000000000000000e+00
-6.445701122283935547e-01 7.584422111511230469e+00 0.000000000000000000e+00
-9.298485755920410156e+00 -1.342327117919921875e+01 0.000000000000000000e+00
-6.910277366638183594e+00 -1.386563682556152344e+01 0.000000000000000000e+00
1.390747356414794922e+01 -9.110990524291992188e+00 0.000000000000000000e+00
-1.388001632690429688e+01 9.662385940551757812e+00 0.000000000000000000e+00
5.235563755035400391e+00 -2.812441587448120117e-01 0.000000000000000000e+00
-8.611296415328979492e-01 -2.022851705551147461e+00 0.000000000000000000e+00
1.415949344635009766e+00 1.557369804382324219e+01 0.000000000000000000e+00
-1.613643264770507812e+01 -3.295223712921142578e+00 0.000000000000000000e+00
1.421455383300781250e+01 7.156138896942138672e+00 0.000000000000000000e+00
-4.736892223358154297e+00 1.619804000854492188e+01 0.000000000000000000e+00
7.806708335876464844e+00 9.893658638000488281e+00 0.000000000000000000e+00
-7.250729560852050781e+00 7.023450136184692383e-01 0.000000000000000000e+00
8.443256378173828125e+00 4.816449642181396484e+00 0.000000000000000000e+00
5.368316650390625000e+00 9.004356384277343750e+00 0.000000000000000000e+00
1.564242362976074219e+01 -1.084761381149291992e+00 0.000000000000000000e+00
-1.094755291938781738e+00 -9.709060668945312500e+00 0.000000000000000000e+00
9.353152275085449219e+00 -5.577472209930419922e+00 0.000000000000000000e+00
-9.709521293640136719e+00 1.617184042930603027e+00 0.000000000000000000e+00
5.802792906761169434e-01 1.688711929321289062e+01 0.000000000000000000e+00
-2.495388507843017578e+00 3.755940675735473633e+00 0.000000000000000000e+00
3.793017387390136719e+00 1.214198684692382812e+01 0.000000000000000000e+00
7.343430042266845703e+00 -1.459769439697265625e+01 0.000000000000000000e+00
-1.485338687896728516e+01 -6.302921295166015625e+00 0.000000000000000000e+00
6.733023166656494141e+00 8.175059318542480469e+00 0.000000000000000000e+00
2.540151596069335938e+00 3.748495578765869141e+00 0.000000000000000000e+00
-6.943373203277587891e+00 1.580001544952392578e+01 0.000000000000000000e+00
1.556484603881835938e+01 -7.443404674530029297e+00 0.000000000000000000e+00
1.501071643829345703e+01 -3.697926759719848633e+00 0.000000000000000000e+00
-1.152350187301635742e+00 1.154274463653564453e+01 0.000000000000000000e+00
-6.660500526428222656e+00 1.189080810546875000e+01 0.000000000000000000e+00
7.079997062683105469e+00 -7.959012985229492188e+00 0.000000000000000000e+00
-1.018837833404541016e+01 7.654410362243652344e+00 0.000000000000000000e+00
8.043949127197265625e+00 -4.276685714721679688e+00 0.000000000000000000e+00
2.360324382781982422e+00 6.876601696014404297e+00 0.000000000000000000e+00
-2.378553628921508789e+00 -3.637558937072753906e+00 0.000000000000000000e+00
1.928687214851379395e+00 9.894374847412109375e+00 0.000000000000000000e+00
1.306790733337402344e+01 1.160362339019775391e+01 0.000000000000000000e+00
7.979661941528320312e+00 -1.553418517112731934e+00 0.000000000000000000e+00
1.313839244842529297e+01 1.084707453846931458e-01 0.000000000000000000e+00
1.217644289135932922e-01 1.451431083679199219e+01 0.000000000000000000e+00
9.689101219177246094e+00 1.447677254676818848e+00 0.000000000000000000e+00
1.193223190307617188e+01 -1.120032596588134766e+01 0.000000000000000000e+00
1.347085762023925781e+01 4.148416996002197266e+00 0.000000000000000000e+00
7.573974609375000000e+00 1.002623796463012695e+00 0.000000000000000000e+00
-4.355495929718017578e+00 -3.124044656753540039e+00 0.000000000000000000e+00
-1.204918995499610901e-01 -1.303840637207031250e+01 0.000000000000000000e+00
9.609671592712402344e+00 -1.232118988037109375e+01 0.000000000000000000e+00
-1.108832550048828125e+01 -6.940224170684814453e+00 0.000000000000000000e+00
4.132088124752044678e-01 1.119223117828369141e+01 0.000000000000000000e+00
4.883829593658447266e+00 1.474780845642089844e+01 0.000000000000000000e+00
4.780582904815673828e+00 -2.567126989364624023e+00 0.000000000000000000e+00
-6.594960689544677734e+00 -7.905002832412719727e-01 0.000000000000000000e+00
1.764244437217712402e+00 -1.407221508026123047e+01 0.000000000000000000e+00
3.420719206333160400e-01 1.685432672500610352e+00 0.000000000000000000e+00
-1.527497673034667969e+01 7.790766716003417969e+00 0.000000000000000000e+00
-1.015658473968505859e+01 1.400639724731445312e+01 0.000000000000000000e+00
-1.140334892272949219e+01 -5.177689075469970703e+00 0.000000000000000000e+00
1.714418029785156250e+01 -9.342926740646362305e-01 0.000000000000000000e+00
1.701064109802246094e+01 3.897591352462768555e+00 0.000000000000000000e+00
-9.515329450368881226e-02 -1.718054008483886719e+01 0.000000000000000000e+00
7.437533378601074219e+00 -1.290233802795410156e+01 0.000000000000000000e+00
-1.049000740051269531e+01 1.210376167297363281e+01 0.000000000000000000e+00
6.954851627349853516e+00 4.620691299438476562e+00 0.000000000000000000e+00
8.120960235595703125e+00 -6.438834190368652344e+00 0.000000000000000000e+00
-8.770998954772949219e+00 -1.013357830047607422e+01 0.000000000000000000e+00
3.463886260986328125e+00 -1.282786464691162109e+01 0.000000000000000000e+00
3.761319398880004883e+00 7.225090265274047852e-01 0.000000000000000000e+00
