6.498369216918945312e+00 3.066139698028564453e+00 0.000000000000000000e+00
3.052438497543334961e+00 1.068788433074951172e+01 0.000000000000000000e+00
7.636521339416503906e+00 -7.172795295715332031e+00 0.000000000000000000e+00
1.093662738800048828e+01 4.263466835021972656e+00 0.000000000000000000e+00
3.045501947402954102e+00 -7.047968387603759766e+00 0.000000000000000000e+00
1.245463562011718750e+01 5.049596309661865234e+00 0.000000000000000000e+00
-2.112671613693237305e+00 -2.600412607192993164e+00 0.000000000000000000e+00
-7.582111358642578125e-01 1.303621768951416016e+01 0.000000000000000000e+00
-1.457366347312927246e-01 -4.789853572845458984e+00 0.000000000000000000e+00
4.619074761867523193e-01 1.466535091400146484e+01 0.000000000000000000e+00
-1.148939037322998047e+01 6.038808345794677734e+00 0.000000000000000000e+00
1.321076774597167969e+01 -6.494729518890380859e+00 0.000000000000000000e+00
5.141660690307617188e+00 -1.352948379516601562e+01 0.000000000000000000e+00
-1.053902149200439453e+01 -2.312293767929077148e+00 0.000000000000000000e+00
-8.636311292648315430e-01 7.383095741271972656e+00 0.000000000000000000e+00
1.084707546234130859e+01 -7.514466285705566406e+00 0.000000000000000000e+00
-4.235786914825439453e+00 -6.388253688812255859e+00 0.000000000000000000e+00
1.014279723167419434e+00 -1.450862789154052734e+01 0.000000000000000000e+00
-5.032214641571044922e+00 7.656214237213134766e+00 0.000000000000000000e+00
1.683752822875976562e+01 2.887297391891479492e+00 0.000000000000000000e+00
7.678608894348144531e+00 -5.580082416534423828e+00 0.000000000000000000e+00
1.119908142089843750e+01 -5.121896266937255859e+00 0.000000000000000000e+00
8.396596908569335938e+00 5.820109844207763672e+00 0.000000000000000000e+00
1.065409088134765625e+01 7.799358367919921875e+00 0.000000000000000000e+00
-4.874876976013183594e+00 2.101065516471862793e-01 0.000000000000000000e+00
1.546630668640136719e+01 4.216885566711425781e+00 0.000000000000000000e+00
3.017337560653686523e+00 -1.771779358386993408e-01 0.000000000000000000e+00
-5.678765773773193359e+00 -7.605315685272216797e+00 0.000000000000000000e+00
-1.300500297546386719e+01 5.200058937072753906e+00 0.000000000000000000e+00
1.228781032562255859e+01 -2.832185268402099609e+00 0.000000000000000000e+00
2.922345876693725586e+00 9.072613716125488281e+00 0.000000000000000000e+00
-1.337102127075195312e+01 1.088151359558105469e+01 0.000000000000000000e+00
6.968691349029541016e+00 9.421072959899902344e+00 0.000000000000000000e+00
1.012242794036865234e+00 -6.092995643615722656e+00 0.000000000000000000e+00
-1.210171604156494141e+01 8.433560371398925781e+00 0.000000000000000000e+00
4.173724174499511719e+00 -2.597581863403320312e+00 0.000000000000000000e+00
1.434267711639404297e+01 9.630770683288574219e+00 0.000000000000000000e+00
-8.311592102050781250e+00 9.727447509765625000e+00 0.000000000000000000e+00
4.113444328308105469e+00 6.952095508575439453e+00 0.000000000000000000e+00
2.833230972290039062e+00 -1.197849750518798828e+01 0.000000000000000000e+00
-9.348512649536132812e+00 -6.418194770812988281e+00 0.000000000000000000e+00
1.419721722602844238e+00 5.169215202331542969e+00 0.000000000000000000e+00
-2.999764442443847656e+00 1.146349525451660156e+01 0.000000000000000000e+00
1.165935158729553223e+00 1.226049327850341797e+01 0.000000000000000000e+00
-1.079510593414306641e+01 1.242651176452636719e+01 0.000000000000000000e+00
3.797809600830078125e+00 2.995157718658447266e+00 0.000000000000000000e+00
-7.360655307769775391e+00 -9.475993156433105469e+00 0.000000000000000000e+00
9.288374900817871094e+00 -5.791397094726562500e+00 0.000000000000000000e+00
-1.164463520050048828e+01 -7.133312225341796875e+00 0.000000000000000000e+00
7.717215418815612793e-01 2.625056266784667969e+00 0.000000000000000000e+00
9.842146873474121094e+00 -3.057304859161376953e+00 0.000000000000000000e+00
-7.155175209045410156e-01 9.418131113052368164e-01 0.000000000000000000e+00
6.721876621246337891e+00 1.117001533508300781e+01 0.000000000000000000e+00
-1.453026485443115234e+01 7.083002090454101562e+00 0.000000000000000000e+00
1.300032997131347656e+01 3.255305528640747070e+00 0.000000000000000000e+00
-4.903556346893310547e+00 1.047483158111572266e+01 0.000000000000000000e+00
-3.862759113311767578e+00 -1.679059410095214844e+01 0.000000000000000000e+00
-5.465875148773193359e+00 1.495801734924316406e+01 0.000000000000000000e+00
1.428392696380615234e+01 -3.331364631652832031e+00 0.000000000000000000e+00
-6.762021541595458984e+00 5.116282939910888672e+00 0.000000000000000000e+00
-3.528304100036621094e+00 -1.047587394714355469e+01 0.000000000000000000e+00
9.522736549377441406e+00 1.006767368316650391e+01 0.000000000000000000e+00
8.075875282287597656e+00 -2.722454071044921875e+00 0.000000000000000000e+00
-3.173859834671020508e+00 1.472666454315185547e+01 0.000000000000000000e+00
-8.843274116516113281e+00 2.119364738464355469e-01 0.000000000000000000e+00
-9.357960700988769531e+00 1.473461627960205078e+01 0.000000000000000000e+00
2.734943389892578125e+00 -1.896170020103454590e+00 0.000000000000000000e+00
-9.999661445617675781e+00 -4.481769084930419922e+00 0.000000000000000000e+00
-5.507148742675781250e+00 -2.197972774505615234e+00 0.000000000000000000e+00
-6.364474296569824219e+00 -1.214112281799316406e+01 0.000000000000000000e+00
1.424823474884033203e+01 -8.382396101951599121e-01 0.000000000000000000e+00
-1.054710865020751953e+01 -8.975486755371093750e+00 0.000000000000000000e+00
-8.955410957336425781e+00 2.282598257064819336e+00 0.000000000000000000e+00
-3.699172735214233398e+00 -3.955284833908081055e+00 0.000000000000000000e+00
-2.077386379241943359e+00 -9.757145881652832031e+00 0.000000000000000000e+00
4.908596992492675781e+00 4.542283058166503906e+00 0.000000000000000000e+00
-1.731470298767089844e+01 2.374963045120239258e+00 0.000000000000000000e+00
-9.761265754699707031e+00 8.106603622436523438e+00 0.000000000000000000e+00
-6.135936260223388672e+00 -6.139526963233947754e-01 0.000000000000000000e+00
1.560381317138671875e+01 6.472684860229492188e+00 0.000000000000000000e+00
7.163483142852783203e+00 1.425496196746826172e+01 0.000000000000000000e+00
9.219148635864257812e+00 -1.144996929168701172e+01 0.000000000000000000e+00
-7.926623821258544922e+00 -3.007746458053588867e+00 0.000000000000000000e+00
-5.375653743743896484e+00 -4.613691329956054688e+00 0.000000000000000000e+00
-5.927151679992675781e+00 -1.028623199462890625e+01 0.000000000000000000e+00
-1.711117553710937500e+01 3.898081481456756592e-01 0.000000000000000000e+00
6.059579372406005859e+00 -8.350583076477050781e+00 0.000000000000000000e+00
-4.490223407745361328e+00 1.322895717620849609e+01 0.000000000000000000e+00
1.234397125244140625e+01 -2.149074226617813110e-01 0.000000000000000000e+00
1.666733360290527344e+01 -8.044133186340332031e-01 0.000000000000000000e+00
4.627793431282043457e-01 -1.242343306541442871e+00 0.000000000000000000e+00
8.218276023864746094e+00 -3.638088703155517578e-01 0.000000000000000000e+00
-8.774342536926269531e+00 -1.076317405700683594e+01 0.000000000000000000e+00
-1.547438907623291016e+01 -1.514240264892578125e+00 0.000000000000000000e+00
-1.267978286743164062e+01 -1.071117115020751953e+01 0.000000000000000000e+00
9.711505889892578125e+00 -1.000883293151855469e+01 0.000000000000000000e+00
5.742025375366210938e-01 -1.239019870758056641e+01 0.000000000000000000e+00
-5.304011702537536621e-02 9.898503303527832031e+00 0.000000000000000000e+00
-3.942075490951538086e+00 -8.673019409179687500e+00 0.000000000000000000e+00
-1.216486358642578125e+01 2.254001051187515259e-01 0.000000000000000000e+00
-1.084248256683349609e+01 2.174300670623779297e+00 0.000000000000000000e+00
-1.380840778350830078e+01 -3.411177158355712891e+00 0.000000000000000000e+00
1.056343364715576172e+01 1.237930107116699219e+01 0.000000000000000000e+00
5.443318843841552734e+00 1.231386852264404297e+01 0.000000000000000000e+00
-6.572206974029541016e+00 1.253686428070068359e+01 0.000000000000000000e+00
-9.351302146911621094e+00 -1.465414142608642578e+01 0.000000000000000000e+00
-2.629983663558959961e+00 -5.369862556457519531e+00 0.000000000000000000e+00
2.294482946395874023e+00 1.325957202911376953e+01 0.000000000000000000e+00
-9.093582034111022949e-01 1.664164352416992188e+01 0.000000000000000000e+00
-1.557704734802246094e+01 4.705432891845703125e+00 0.000000000000000000e+00
8.020577430725097656e+00 1.212414360046386719e+01 0.000000000000000000e+00
2.450570344924926758e+00 3.746194839477539062e+00 0.000000000000000000e+00
7.024288177490234375e+00 -1.060865592956542969e+01 0.000000000000000000e+00
6.512338161468505859e+00 -2.524875879287719727e+00 0.000000000000000000e+00
-1.042545795440673828e+00 -7.147422790527343750e+00 0.000000000000000000e+00
-6.790797233581542969e+00 7.946184635162353516e+00 0.000000000000000000e+00
1.115081119537353516e+01 -1.110969066619873047e+01 0.000000000000000000e+00
3.898190259933471680e+00 -9.184171676635742188e+00 0.000000000000000000e+00
1.566325092315673828e+01 7.815587520599365234e-01 0.000000000000000000e+00
-2.843283891677856445e+00 -1.521646785736083984e+01 0.000000000000000000e+00
8.790937066078186035e-01 7.703538417816162109e+00 0.000000000000000000e+00
-7.481055259704589844e+00 -6.444516181945800781e+00 0.000000000000000000e+00
-4.897024631500244141e+00 -1.326333808898925781e+01 0.000000000000000000e+00
-6.640213966369628906e+00 -1.367417240142822266e+01 0.000000000000000000e+00
-4.323642730712890625e+00 5.331023216247558594e+00 0.000000000000000000e+00
-9.485451698303222656e+00 4.871172904968261719e+00 0.000000000000000000e+00
1.475903320312500000e+01 -8.640451431274414062e+00 0.000000000000000000e+00
-1.035186004638671875e+01 -1.194437980651855469e+01 0.000000000000000000e+00
-1.733946323394775391e+00 1.018794536590576172e+01 0.000000000000000000e+00
1.581514358520507812e+01 -3.314243555068969727e+00 0.000000000000000000e+00
1.064418888092041016e+01 -1.344309520721435547e+01 0.000000000000000000e+00
1.168553066253662109e+01 -9.000083923339843750e+00 0.000000000000000000e+00
4.450222492218017578e+00 -1.628881072998046875e+01 0.000000000000000000e+00
9.275808334350585938e+00 1.800581932067871094e+00 0.000000000000000000e+00
5.881425857543945312e+00 7.034260749816894531e+00 0.000000000000000000e+00
-2.982977330684661865e-01 5.508152484893798828e+00 0.000000000000000000e+00
-1.571119785308837891e+01 2.150971889495849609e+00 0.000000000000000000e+00
1.544116020202636719e+01 -6.464399814605712891e+00 0.000000000000000000e+00
1.129434204101562500e+01 6.021254539489746094e+00 0.000000000000000000e+00
3.245324134826660156e+00 -1.454289150238037109e+01 0.000000000000000000e+00
-4.530257701873779297e+00 -1.502223110198974609e+01 0.000000000000000000e+00
9.299587011337280273e-01 -9.329861640930175781e+00 0.000000000000000000e+00
-8.444841384887695312e+00 -1.337454223632812500e+01 0.000000000000000000e+00
2.640538454055786133e+00 7.353501319885253906e+00 0.000000000000000000e+00
-1.673983764648437500e+01 -3.879375696182250977e+00 0.000000000000000000e+00
-2.979344844818115234e+00 8.231738090515136719e+00 0.000000000000000000e+00
-1.615727615356445312e+01 -6.310531139373779297e+00 0.000000000000000000e+00
6.073735713958740234e+00 -5.656431674957275391e+00 0.000000000000000000e+00
4.048423290252685547e+00 1.378920364379882812e+01 0.000000000000000000e+00
4.455293178558349609e+00 -1.115028667449951172e+01 0.000000000000000000e+00
-1.518145370483398438e+01 -8.195977210998535156e+00 0.000000000000000000e+00
-1.367630672454833984e+01 -5.226286411285400391e+00 0.000000000000000000e+00
-6.893616199493408203e+00 1.051374053955078125e+01 0.000000000000000000e+00
8.137322425842285156e+00 -1.416717433929443359e+01 0.000000000000000000e+00
-3.943736553192138672e+00 2.244073867797851562e+00 0.000000000000000000e+00
-5.460060596466064453e+00 2.427782773971557617e+00 0.000000000000000000e+00
-1.040222287178039551e+00 -1.281501770019531250e+01 0.000000000000000000e+00
1.639267921447753906e+01 -4.884584426879882812e+00 0.000000000000000000e+00
2.081919431686401367e+00 -3.869004487991333008e+00 0.000000000000000000e+00
4.488168716430664062e+00 -6.036713123321533203e+00 0.000000000000000000e+00
1.280330562591552734e+01 1.034501838684082031e+01 0.000000000000000000e+00
-2.667552232742309570e+00 1.672782897949218750e+01 0.000000000000000000e+00
-7.074100017547607422e+00 2.636839628219604492e+00 0.000000000000000000e+00
-1.323827362060546875e+01 2.569502115249633789e+00 0.000000000000000000e+00
-1.426161861419677734e+01 4.307131767272949219e-01 0.000000000000000000e+00
-2.740799427032470703e+00 4.252973079681396484e+00 0.000000000000000000e+00
-2.532817602157592773e+00 6.438819408416748047e+00 0.000000000000000000e+00
6.872354030609130859e+00 -1.552485370635986328e+01 0.000000000000000000e+00
-8.897299766540527344e-01 -1.577992248535156250e+01 0.000000000000000000e+00
-1.280337905883789062e+01 -8.706097602844238281e+00 0.000000000000000000e+00
-3.454190015792846680e+00 -1.025406599044799805e+00 0.000000000000000000e+00
1.958670377731323242e+00 -1.054183101654052734e+01 0.000000000000000000e+00
1.379844284057617188e+01 7.786540985107421875e+00 0.000000000000000000e+00
2.562842369079589844e+00 -1.599461936950683594e+01 0.000000000000000000e+00
-2.419552505016326904e-01 3.837602376937866211e+00 0.000000000000000000e+00
-1.072430896759033203e+01 -5.363257527351379395e-01 0.000000000000000000e+00
-2.274178266525268555e+00 -1.370477867126464844e+01 0.000000000000000000e+00
-7.402881622314453125e+00 1.440153026580810547e+01 0.000000000000000000e+00
-2.636614561080932617e+00 -7.611803531646728516e+00 0.000000000000000000e+00
1.118357849121093750e+01 -1.791149854660034180e+00 0.000000000000000000e+00
-7.001672744750976562e+00 6.944675445556640625e-01 0.000000000000000000e+00
2.726286172866821289e+00 1.308560132980346680e+00 0.000000000000000000e+00
5.650791645050048828e+00 1.653038978576660156e+01 0.000000000000000000e+00
5.062844276428222656e+00 1.931326627731323242e+00 0.000000000000000000e+00
-5.206807255744934082e-01 -9.914802551269531250e+00 0.000000000000000000e+00
7.690292835235595703e+00 1.345574617385864258e+00 0.000000000000000000e+00
5.065481185913085938e+00 1.032400035858154297e+01 0.000000000000000000e+00
-1.735116720199584961e+00 2.881370067596435547e+00 0.000000000000000000e+00
1.210011672973632812e+01 1.243270874023437500e+01 0.000000000000000000e+00
9.619724273681640625e+00 1.439518260955810547e+01 0.000000000000000000e+00
3.311208963394165039e+00 1.610635185241699219e+01 0.000000000000000000e+00
1.356633853912353516e+01 -1.049814796447753906e+01 0.000000000000000000e+00
1.506237125396728516e+01 2.203988313674926758e+00 0.000000000000000000e+00
-1.172228336334228516e+01 4.035584926605224609e+00 0.000000000000000000e+00
-8.351415634155273438e+00 6.852380275726318359e+00 0.000000000000000000e+00
-1.481127452850341797e+01 9.116701126098632812e+00 0.000000000000000000e+00
-3.117671728134155273e+00 -1.200177669525146484e+01 0.000000000000000000e+00
1.107252216339111328e+01 1.042389297485351562e+01 0.000000000000000000e+00
-9.581581115722656250e+00 1.139011287689208984e+01 0.000000000000000000e+00
-2.746753454208374023e+00 8.210159540176391602e-01 0.000000000000000000e+00
-1.931640744209289551e+00 -1.685995101928710938e+01 0.000000000000000000e+00
-1.114723384380340576e-01 -1.712433052062988281e+01 0.000000000000000000e+00
-1.452744770050048828e+01 -6.715825080871582031e+00 0.000000000000000000e+00
3.562179327011108398e+00 1.236077499389648438e+01 0.000000000000000000e+00
-3.353565931320190430e-01 -2.905155181884765625e+00 0.000000000000000000e+00
8.608583450317382812e+00 3.565691947937011719e+00 0.000000000000000000e+00
4.521705150604248047e+00 -2.400887757539749146e-01 0.000000000000000000e+00
8.993855476379394531e+00 8.037568092346191406e+00 0.000000000000000000e+00
-1.133668422698974609e+01 9.878107070922851562e+00 0.000000000000000000e+00
4.948775291442871094e+00 8.811845779418945312e+00 0.000000000000000000e+00
1.092024993896484375e+01 2.243800878524780273e+00 0.000000000000000000e+00
-1.201981067657470703e+01 -1.253541660308837891e+01 0.000000000000000000e+00
-7.447140216827392578e+00 -1.548737239837646484e+01 0.000000000000000000e+00
-8.942144393920898438e+00 -7.890130996704101562e+00 0.000000000000000000e+00
-2.397882699966430664e+00 1.287018203735351562e+01 0.000000000000000000e+00
-5.088211059570312500e+00 1.650992202758789062e+01 0.000000000000000000e+00
-9.003842353820800781e+00 1.293379306793212891e+01 0.000000000000000000e+00
8.256258964538574219e+00 -8.651632308959960938e+00 0.000000000000000000e+00
-1.599578857421875000e+00 -1.118703556060791016e+01 0.000000000000000000e+00
7.082709789276123047e+00 -1.226067161560058594e+01 0.000000000000000000e+00
-1.609767341613769531e+01 6.470507144927978516e+00 0.000000000000000000e+00
-1.264509439468383789e+00 -1.180166244506835938e+00 0.000000000000000000e+00
-1.201279258728027344e+01 -3.896717071533203125e+00 0.000000000000000000e+00
1.395528125762939453e+01 4.775949954986572266e+00 0.000000000000000000e+00
1.085539913177490234e+01 3.186692297458648682e-01 0.000000000000000000e+00
1.279116630554199219e+01 1.601500034332275391e+00 0.000000000000000000e+00
-1.363149356842041016e+01 -1.709316611289978027e+00 0.000000000000000000e+00
-1.727811813354492188e+01 -1.978972554206848145e+00 0.000000000000000000e+00
4.425089359283447266e+00 -4.394940376281738281e+00 0.000000000000000000e+00
1.717047309875488281e+01 1.032889842987060547e+00 0.000000000000000000e+00
1.242767810821533203e+01 -1.224705219268798828e+01 0.000000000000000000e+00
6.853978633880615234e-01 1.697775268554687500e+01 0.000000000000000000e+00
6.373734951019287109e+00 -4.444796442985534668e-01 0.000000000000000000e+00
1.422193622589111328e+01 -5.230089187622070312e+00 0.000000000000000000e+00
1.287031555175781250e+01 6.543877601623535156e+00 0.000000000000000000e+00
9.692955017089843750e+00 -1.356105446815490723e+00 0.000000000000000000e+00
5.388506412506103516e+00 -9.743896484375000000e+00 0.000000000000000000e+00
2.152475118637084961e+00 1.486347675323486328e+01 0.000000000000000000e+00
-9.378507614135742188e+00 -1.297124385833740234e+00 0.000000000000000000e+00
3.015357017517089844e+00 5.150817871093750000e+00 0.000000000000000000e+00
1.413566470146179199e+00 -7.664257049560546875e+00 0.000000000000000000e+00
1.268048954010009766e+01 -4.501063346862792969e+00 0.000000000000000000e+00
5.607579708099365234e+00 1.408945178985595703e+01 0.000000000000000000e+00
-5.071216106414794922e+00 3.990870475769042969e+00 0.000000000000000000e+00
-7.243172645568847656e+00 -1.635844469070434570e+00 0.000000000000000000e+00
6.492761135101318359e+00 4.759940624237060547e+00 0.000000000000000000e+00
-1.202361774444580078e+01 -2.079575538635253906e+00 0.000000000000000000e+00
-3.648079395294189453e+00 9.604128837585449219e+00 0.000000000000000000e+00
1.406591987609863281e+01 7.808114886283874512e-01 0.000000000000000000e+00
6.331020355224609375e+00 -4.114428997039794922e+00 0.000000000000000000e+00
7.898338317871093750e+00 1.560894775390625000e+01 0.000000000000000000e+00
-1.727274537086486816e+00 -4.116496562957763672e+00 0.000000000000000000e+00
7.444867610931396484e+00 7.280320644378662109e+00 0.000000000000000000e+00
2.768551111221313477e+00 -5.485582351684570312e+00 0.000000000000000000e+00
-1.208947849273681641e+01 -5.610549926757812500e+00 0.000000000000000000e+00
1.314647865295410156e+01 -8.085700988769531250e+00 0.000000000000000000e+00
