7.737364768981933594e-01 -7.745669364929199219e+00 0.000000000000000000e+00
-9.076609611511230469e+00 8.090128898620605469e+00 0.000000000000000000e+00
7.215674400329589844e+00 -1.343169689178466797e+01 0.000000000000000000e+00
2.847439527511596680e+00 -2.916423797607421875e+00 0.000000000000000000e+00
4.145560264587402344e+00 1.842815279960632324e+00 0.000000000000000000e+00
1.228412055969238281e+01 -4.859262943267822266e+00 0.000000000000000000e+00
9.722725868225097656e+00 -6.580350399017333984e-01 0.000000000000000000e+00
1.445402336120605469e+01 1.128105163574218750e+00 0.000000000000000000e+00
-5.733292579650878906e+00 -3.307897567749023438e+00 0.000000000000000000e+00
-1.522494697570800781e+01 5.030763626098632812e+00 0.000000000000000000e+00
2.126947402954101562e+00 3.815270900726318359e+00 0.000000000000000000e+00
-4.340198338031768799e-01 1.524119853973388672e+01 0.000000000000000000e+00
1.596280097961425781e+01 -2.109857797622680664e+00 0.000000000000000000e+00
-1.925418138504028320e+00 2.281687021255493164e+00 0.000000000000000000e+00
-9.825536727905273438e+00 -2.221110820770263672e+00 0.000000000000000000e+00
1.375491046905517578e+01 6.907784938812255859e+00 0.000000000000000000e+00
-1.012059307098388672e+01 -3.982638597488403320e+00 0.000000000000000000e+00
6.144449710845947266e+00 -8.625144958496093750e+00 0.000000000000000000e+00
-1.324550342559814453e+01 -9.478415489196777344e+00 0.000000000000000000e+00
-1.180741548538208008e+00 -9.664748191833496094e+00 0.000000000000000000e+00
-5.127888202667236328e+00 -1.635000228881835938e+01 0.000000000000000000e+00
-1.036313414573669434e+00 1.370451450347900391e+01 0.000000000000000000e+00
-3.226316452026367188e+00 8.647098541259765625e+00 0.000000000000000000e+00
6.711668372154235840e-01 -9.966975212097167969e+00 0.000000000000000000e+00
-4.083398818969726562e+00 1.895102739334106445e+00 0.000000000000000000e+00
-1.599712944030761719e+01 -5.622749805450439453e+00 0.000000000000000000e+00
3.680513381958007812e+00 1.669170188903808594e+01 0.000000000000000000e+00
-1.188549041748046875e+01 8.977670669555664062e+00 0.000000000000000000e+00
7.023345470428466797e+00 -1.594211959838867188e+01 0.000000000000000000e+00
-1.685318231582641602e+00 1.654968261718750000e+01 0.000000000000000000e+00
-9.307780265808105469e+00 1.404700469970703125e+01 0.000000000000000000e+00
-1.287597846984863281e+01 2.537838935852050781e+00 0.000000000000000000e+00
6.566694736480712891e+00 -6.114585876464843750e+00 0.000000000000000000e+00
1.000760746002197266e+01 -3.777394056320190430e+00 0.000000000000000000e+00
1.967904686927795410e+00 1.276772975921630859e+01 0.000000000000000000e+00
2.695293426513671875e+00 1.073854064941406250e+01 0.000000000000000000e+00
-7.618590354919433594e+00 5.496769905090332031e+00 0.000000000000000000e+00
1.864382982254028320e+00 -1.111861896514892578e+01 0.000000000000000000e+00
-6.854412078857421875e+00 1.154834747314453125e+01 0.000000000000000000e+00
-1.290607452392578125e+01 -1.982021927833557129e+00 0.000000000000000000e+00
1.332351589202880859e+01 -7.909618854522705078e+00 0.000000000000000000e+00
-8.686489105224609375e+00 2.158759832382202148e+00 0.000000000000000000e+00
7.008938789367675781e+00 -3.286488771438598633e+00 0.000000000000000000e+00
8.075117111206054688e+00 -7.373944282531738281e+00 0.000000000000000000e+00
-1.418916702270507812e+01 -3.747200071811676025e-01 0.000000000000000000e+00
-6.094883441925048828e+00 8.342049598693847656e+00 0.000000000000000000e+00
9.883068084716796875e+00 -7.478191852569580078e+00 0.000000000000000000e+00
8.527643203735351562e+00 3.777737617492675781e+00 0.000000000000000000e+00
6.663810253143310547e+00 8.174050331115722656e+00 0.000000000000000000e+00
1.150839686393737793e+00 8.359970092773437500e+00 0.000000000000000000e+00
-7.376564502716064453e+00 -9.020681381225585938e+00 0.000000000000000000e+00
-1.472507858276367188e+01 6.500309467315673828e+00 0.000000000000000000e+00
-1.130208301544189453e+01 5.257184982299804688e+00 0.000000000000000000e+00
-1.090506076812744141e+01 -1.237373924255371094e+01 0.000000000000000000e+00
-1.284413623809814453e+01 5.905484199523925781e+00 0.000000000000000000e+00
-1.569810867309570312e+00 1.008639717102050781e+01 0.000000000000000000e+00
1.265125370025634766e+01 9.997017860412597656e+00 0.000000000000000000e+00
-1.489836311340332031e+01 -8.861804962158203125e+00 0.000000000000000000e+00
4.914505004882812500e+00 3.683338463306427002e-01 0.000000000000000000e+00
-5.127609252929687500e+00 1.006323051452636719e+01 0.000000000000000000e+00
1.374687194824218750e+00 -5.771331310272216797e+00 0.000000000000000000e+00
5.785447120666503906e+00 -1.272953701019287109e+01 0.000000000000000000e+00
-6.216535568237304688e+00 1.545801830291748047e+01 0.000000000000000000e+00
4.722299098968505859e+00 1.244865608215332031e+01 0.000000000000000000e+00
-1.097603416442871094e+01 2.862233161926269531e+00 0.000000000000000000e+00
-6.223507881164550781e+00 6.564879894256591797e+00 0.000000000000000000e+00
-3.506240606307983398e+00 -6.354939937591552734e+00 0.000000000000000000e+00
3.238683462142944336e+00 -4.990926742553710938e+00 0.000000000000000000e+00
9.148180961608886719e+00 1.046977329254150391e+01 0.000000000000000000e+00
9.759507179260253906e-01 -1.349294853210449219e+01 0.000000000000000000e+00
7.318531513214111328e+00 -3.246702253818511963e-02 0.000000000000000000e+00
-4.037613391876220703e+00 6.666255950927734375e+00 0.000000000000000000e+00
-1.152437496185302734e+01 1.290590381622314453e+01 0.000000000000000000e+00
1.412873268127441406e+00 1.513236427307128906e+01 0.000000000000000000e+00
7.139031887054443359e+00 1.185881900787353516e+01 0.000000000000000000e+00
1.199684381484985352e+00 -1.317836761474609375e+00 0.000000000000000000e+00
-1.318850135803222656e+01 7.871748447418212891e+00 0.000000000000000000e+00
-1.963733911514282227e+00 -1.631046104431152344e+01 0.000000000000000000e+00
-4.064420700073242188e+00 -1.713677406311035156e+00 0.000000000000000000e+00
4.805356562137603760e-01 1.733842658996582031e+01 0.000000000000000000e+00
3.584040641784667969e+00 -1.188086605072021484e+01 0.000000000000000000e+00
-1.203233718872070312e+01 -4.182079315185546875e+00 0.000000000000000000e+00
-1.083791065216064453e+01 7.011964797973632812e+00 0.000000000000000000e+00
-7.590650558471679688e+00 -5.656644821166992188e+00 0.000000000000000000e+00
9.331039428710937500e+00 7.233753681182861328e+00 0.000000000000000000e+00
-3.814401626586914062e+00 -4.072932243347167969e+00 0.000000000000000000e+00
1.204327011108398438e+01 6.528919219970703125e+00 0.000000000000000000e+00
-1.646991920471191406e+01 -7.128373384475708008e-01 0.000000000000000000e+00
3.827670514583587646e-01 1.134133052825927734e+01 0.000000000000000000e+00
-1.633235549926757812e+01 -3.623682260513305664e+00 0.000000000000000000e+00
-1.797047138214111328e+00 -3.448484659194946289e+00 0.000000000000000000e+00
3.826872110366821289e+00 6.393596172332763672e+00 0.000000000000000000e+00
1.209238910675048828e+01 1.209263038635253906e+01 0.000000000000000000e+00
-1.443900108337402344e+00 6.770506501197814941e-02 0.000000000000000000e+00
5.110807895660400391e+00 8.492031097412109375e+00 0.000000000000000000e+00
-8.030005455017089844e+00 7.009563446044921875e+00 0.000000000000000000e+00
1.064965152740478516e+01 9.907361030578613281e+00 0.000000000000000000e+00
-1.732096523046493530e-01 -3.086995124816894531e+00 0.000000000000000000e+00
-5.143951892852783203e+00 -5.881731033325195312e+00 0.000000000000000000e+00
4.743577480316162109e+00 -1.414290308952331543e+00 0.000000000000000000e+00
-2.139190912246704102e+00 -1.421340847015380859e+01 0.000000000000000000e+00
8.491315841674804688e+00 -1.165563678741455078e+01 0.000000000000000000e+00
-4.045754432678222656e+00 1.664605331420898438e+01 0.000000000000000000e+00
9.832798957824707031e+00 1.232967185974121094e+01 0.000000000000000000e+00
1.121270275115966797e+01 2.296272039413452148e+00 0.000000000000000000e+00
-4.567907333374023438e+00 -1.244620132446289062e+01 0.000000000000000000e+00
-1.077435016632080078e+01 -7.196765899658203125e+00 0.000000000000000000e+00
-1.592768383026123047e+01 1.630447387695312500e+00 0.000000000000000000e+00
-8.882620811462402344e+00 9.999529838562011719e+00 0.000000000000000000e+00
-1.805761098861694336e+00 5.977543354034423828e+00 0.000000000000000000e+00
-3.188177347183227539e+00 1.092637252807617188e+01 0.000000000000000000e+00
1.659621834754943848e+00 -1.637087821960449219e+01 0.000000000000000000e+00
1.360675525665283203e+01 -3.701984167098999023e+00 0.000000000000000000e+00
-9.244871139526367188e+00 4.601969242095947266e+00 0.000000000000000000e+00
2.041809797286987305e+00 -8.566909790039062500e+00 0.000000000000000000e+00
5.746839523315429688e+00 -4.512419700622558594e+00 0.000000000000000000e+00
-1.269731044769287109e+01 1.125265407562255859e+01 0.000000000000000000e+00
-1.367078399658203125e+01 -7.973581314086914062e+00 0.000000000000000000e+00
-7.044237136840820312e+00 1.393496417999267578e+01 0.000000000000000000e+00
4.291930675506591797e+00 -1.457528591156005859e+01 0.000000000000000000e+00
1.623421096801757812e+01 1.456009030342102051e+00 0.000000000000000000e+00
1.087802219390869141e+01 4.099607467651367188e+00 0.000000000000000000e+00
-5.758402347564697266e+00 4.806300163269042969e+00 0.000000000000000000e+00
-8.485804557800292969e+00 1.174436187744140625e+01 0.000000000000000000e+00
1.215031528472900391e+01 -1.244639682769775391e+01 0.000000000000000000e+00
-1.371227836608886719e+01 -4.727992534637451172e+00 0.000000000000000000e+00
1.709599971771240234e+00 2.996139526367187500e-01 0.000000000000000000e+00
1.257944679260253906e+01 -2.125173568725585938e+00 0.000000000000000000e+00
1.144913959503173828e+01 -8.029826164245605469e+00 0.000000000000000000e+00
4.355947494506835938e+00 3.465952873229980469e+00 0.000000000000000000e+00
4.222840785980224609e+00 -1.612648391723632812e+01 0.000000000000000000e+00
1.446745491027832031e+01 -5.457741260528564453e+00 0.000000000000000000e+00
-5.847770690917968750e+00 1.227037549018859863e+00 0.000000000000000000e+00
4.241600036621093750e+00 1.003024196624755859e+01 0.000000000000000000e+00
-1.375289630889892578e+01 1.290445089340209961e+00 0.000000000000000000e+00
8.797168731689453125e+00 1.404068946838378906e+01 0.000000000000000000e+00
5.379691600799560547e+00 6.960796833038330078e+00 0.000000000000000000e+00
-3.616081476211547852e+00 -1.363097381591796875e+01 0.000000000000000000e+00
-9.342700004577636719e+00 -1.174394607543945312e+01 0.000000000000000000e+00
-2.303133726119995117e+00 -8.494101524353027344e+00 0.000000000000000000e+00
-7.554756164550781250e+00 6.556665152311325073e-02 0.000000000000000000e+00
-1.732239276170730591e-01 -4.696418285369873047e+00 0.000000000000000000e+00
-4.497274875640869141e+00 -7.695589065551757812e+00 0.000000000000000000e+00
-3.298621416091918945e+00 -1.528669643402099609e+01 0.000000000000000000e+00
-1.028811264038085938e+01 1.190255451202392578e+01 0.000000000000000000e+00
-1.626968026161193848e+00 -1.900896787643432617e+00 0.000000000000000000e+00
9.362427711486816406e+00 -5.631083965301513672e+00 0.000000000000000000e+00
-1.127322578430175781e+01 -8.718259811401367188e+00 0.000000000000000000e+00
-1.453197669982910156e+01 -2.787067890167236328e+00 0.000000000000000000e+00
1.635670852661132812e+01 5.676343917846679688e+00 0.000000000000000000e+00
7.937951087951660156e+00 9.183218002319335938e+00 0.000000000000000000e+00
1.119276237487792969e+01 7.838535308837890625e+00 0.000000000000000000e+00
-1.126028823852539062e+01 -5.485234260559082031e-01 0.000000000000000000e+00
-1.247039318084716797e+01 -5.940960884094238281e+00 0.000000000000000000e+00
6.282529354095458984e+00 3.188966274261474609e+00 0.000000000000000000e+00
6.835996627807617188e+00 1.522731971740722656e+01 0.000000000000000000e+00
-7.042335271835327148e-01 -1.202529907226562500e+01 0.000000000000000000e+00
6.844031333923339844e+00 -1.118625545501708984e+01 0.000000000000000000e+00
1.194126224517822266e+01 -2.612468600273132324e-01 0.000000000000000000e+00
-4.064217567443847656e+00 1.274313068389892578e+01 0.000000000000000000e+00
4.600659370422363281e+00 -3.346462488174438477e+00 0.000000000000000000e+00
-5.603691101074218750e+00 -1.398369884490966797e+01 0.000000000000000000e+00
-3.707754850387573242e+00 4.795437335968017578e+00 0.000000000000000000e+00
2.764565229415893555e+00 -1.381265544891357422e+01 0.000000000000000000e+00
1.684270477294921875e+01 4.000394821166992188e+00 0.000000000000000000e+00
-8.530739784240722656e+00 -4.161026477813720703e+00 0.000000000000000000e+00
1.429034805297851562e+01 8.814410209655761719e+00 0.000000000000000000e+00
1.296278476715087891e+01 2.392221927642822266e+00 0.000000000000000000e+00
9.508916854858398438e+00 1.516715884208679199e+00 0.000000000000000000e+00
3.361660480499267578e+00 2.340452820062637329e-01 0.000000000000000000e+00
-1.268731307983398438e+01 4.092317581176757812e+00 0.000000000000000000e+00
1.449936485290527344e+01 -9.381875991821289062e+00 0.000000000000000000e+00
-9.973303794860839844e+00 -1.355095481872558594e+01 0.000000000000000000e+00
1.004737091064453125e+01 -1.139051055908203125e+01 0.000000000000000000e+00
-8.406768798828125000e+00 -1.341892910003662109e+01 0.000000000000000000e+00
3.580421805381774902e-01 5.429251194000244141e+00 0.000000000000000000e+00
-3.194709420204162598e-01 3.963490486145019531e+00 0.000000000000000000e+00
-6.811198711395263672e+00 -1.193778705596923828e+01 0.000000000000000000e+00
3.423023700714111328e+00 -9.337479591369628906e+00 0.000000000000000000e+00
-1.491600608825683594e+01 3.203873634338378906e+00 0.000000000000000000e+00
1.660481071472167969e+01 -5.367486953735351562e+00 0.000000000000000000e+00
-1.367542862892150879e+00 -7.063703060150146484e+00 0.000000000000000000e+00
-4.993844509124755859e+00 -5.967969074845314026e-02 0.000000000000000000e+00
5.135531902313232422e+00 -1.086048889160156250e+01 0.000000000000000000e+00
1.512327194213867188e+01 -4.070602059364318848e-01 0.000000000000000000e+00
1.200375080108642578e+01 -9.509864807128906250e+00 0.000000000000000000e+00
6.333433628082275391e+00 -1.441779494285583496e+00 0.000000000000000000e+00
1.685545730590820312e+01 -3.703931331634521484e+00 0.000000000000000000e+00
6.552202701568603516e+00 9.886244773864746094e+00 0.000000000000000000e+00
1.265542316436767578e+01 8.198288917541503906e+00 0.000000000000000000e+00
6.797620773315429688e+00 4.884910106658935547e+00 0.000000000000000000e+00
2.787127733230590820e+00 8.420253753662109375e+00 0.000000000000000000e+00
-7.580580711364746094e+00 -2.424671411514282227e+00 0.000000000000000000e+00
-1.068384170532226562e+01 1.009772205352783203e+01 0.000000000000000000e+00
-2.957888126373291016e+00 -2.080816030502319336e-01 0.000000000000000000e+00
-1.256860542297363281e+01 -1.110307884216308594e+01 0.000000000000000000e+00
1.234822273254394531e+01 4.984529018402099609e+00 0.000000000000000000e+00
1.571552944183349609e+01 -7.007286548614501953e+00 0.000000000000000000e+00
7.867651462554931641e+00 1.840468406677246094e+00 0.000000000000000000e+00
8.987408638000488281e+00 -1.473327350616455078e+01 0.000000000000000000e+00
-6.798012733459472656e+00 3.084402322769165039e+00 0.000000000000000000e+00
1.629280924797058105e+00 2.246000051498413086e+00 0.000000000000000000e+00
-3.373045444488525391e+00 1.524557685852050781e+01 0.000000000000000000e+00
-8.838555335998535156e+00 -8.558409214019775391e-01 0.000000000000000000e+00
5.785017490386962891e+00 1.638710212707519531e+01 0.000000000000000000e+00
4.842941284179687500e+00 1.443360233306884766e+01 0.000000000000000000e+00
-8.138369560241699219e+00 -1.504449176788330078e+01 0.000000000000000000e+00
-7.377249002456665039e-01 8.316603660583496094e+00 0.000000000000000000e+00
8.301693916320800781e+00 -4.088387966156005859e+00 0.000000000000000000e+00
9.363068580627441406e+00 5.477315425872802734e+00 0.000000000000000000e+00
-8.015470504760742188e+00 1.539338874816894531e+01 0.000000000000000000e+00
1.583269786834716797e+01 7.200613975524902344e+00 0.000000000000000000e+00
-5.204288005828857422e+00 1.156760501861572266e+01 0.000000000000000000e+00
1.523481655120849609e+01 3.891214132308959961e+00 0.000000000000000000e+00
7.244445323944091797e+00 1.362470912933349609e+01 0.000000000000000000e+00
2.154865741729736328e+00 6.325252056121826172e+00 0.000000000000000000e+00
-6.250605583190917969e+00 -7.340373516082763672e+00 0.000000000000000000e+00
2.833300590515136719e+00 -7.104907512664794922e+00 0.000000000000000000e+00
4.842574596405029297e+00 -6.046059131622314453e+00 0.000000000000000000e+00
-9.456529617309570312e+00 -1.019023227691650391e+01 0.000000000000000000e+00
1.250873357057571411e-01 1.664512753486633301e+00 0.000000000000000000e+00
-6.226775050163269043e-01 -1.378012371063232422e+01 0.000000000000000000e+00
-9.551237106323242188e+00 -5.846145629882812500e+00 0.000000000000000000e+00
-1.491329669952392578e+01 8.328146934509277344e+00 0.000000000000000000e+00
-5.045164108276367188e+00 3.064828157424926758e+00 0.000000000000000000e+00
3.241328954696655273e+00 1.473071289062500000e+01 0.000000000000000000e+00
7.482723236083984375e+00 6.900743961334228516e+00 0.000000000000000000e+00
8.287371635437011719e+00 -9.060029029846191406e+00 0.000000000000000000e+00
9.621105194091796875e+00 -1.302052211761474609e+01 0.000000000000000000e+00
-4.995945453643798828e+00 -1.024459266662597656e+01 0.000000000000000000e+00
1.527027606964111328e+01 -3.771076917648315430e+00 0.000000000000000000e+00
-9.626278877258300781e+00 8.344953060150146484e-01 0.000000000000000000e+00
5.693109989166259766e+00 1.799749732017517090e+00 0.000000000000000000e+00
-6.929629325866699219e+00 1.003634262084960938e+01 0.000000000000000000e+00
2.925902843475341797e+00 -1.368293523788452148e+00 0.000000000000000000e+00
1.434844112396240234e+01 5.269545555114746094e+00 0.000000000000000000e+00
-6.018615245819091797e+00 -1.414788722991943359e+00 0.000000000000000000e+00
-2.386209249496459961e+00 3.945778608322143555e+00 0.000000000000000000e+00
1.187568759918212891e+01 -6.589311599731445312e+00 0.000000000000000000e+00
1.044342517852783203e+01 1.399549388885498047e+01 0.000000000000000000e+00
-3.297969579696655273e+00 -1.059313392639160156e+01 0.000000000000000000e+00
1.505482047796249390e-01 -1.737476921081542969e+01 0.000000000000000000e+00
1.009361553192138672e+01 -9.800404548645019531e+00 0.000000000000000000e+00
-1.461623954772949219e+01 -6.573316574096679688e+00 0.000000000000000000e+00
1.054006099700927734e+01 -2.367103338241577148e+00 0.000000000000000000e+00
-1.398088264465332031e+01 1.025175189971923828e+01 0.000000000000000000e+00
-1.147453022003173828e+01 1.443702459335327148e+00 0.000000000000000000e+00
-2.721495151519775391e+00 -1.199069786071777344e+01 0.000000000000000000e+00
8.766346931457519531e+00 -2.179995536804199219e+00 0.000000000000000000e+00
-1.670491790771484375e+01 4.632114887237548828e+00 0.000000000000000000e+00
-1.434961676597595215e+00 1.219031524658203125e+01 0.000000000000000000e+00
-1.140473747253417969e+01 -2.590323448181152344e+00 0.000000000000000000e+00
-8.961044311523437500e+00 -7.490433216094970703e+00 0.000000000000000000e+00
-1.268926811218261719e+01 -6.451773643493652344e-02 0.000000000000000000e+00
4.682361125946044922e+00 -7.827345371246337891e+00 0.000000000000000000e+00
-3.811401844024658203e+00 -9.180510520935058594e+00 0.000000000000000000e+00
