-9.437499046325683594e+00 -9.063882827758789062e+00 0.000000000000000000e+00
1.055331325531005859e+01 1.331339168548583984e+01 0.000000000000000000e+00
-7.580432891845703125e+00 7.147111415863037109e+00 0.000000000000000000e+00
8.563217163085937500e+00 2.817471981048583984e+00 0.000000000000000000e+00
2.936799049377441406e+00 5.434633255004882812e+00 0.000000000000000000e+00
1.178820800781250000e+01 -4.656440258026123047e+00 0.000000000000000000e+00
-1.772696733474731445e+00 -1.337301349639892578e+01 0.000000000000000000e+00
-3.760304927825927734e+00 -1.055036830902099609e+01 0.000000000000000000e+00
1.590775966644287109e+01 6.953693389892578125e+00 0.000000000000000000e+00
-1.531031894683837891e+01 -2.652418851852416992e+00 0.000000000000000000e+00
3.025991201400756836e+00 -1.536775708198547363e+00 0.000000000000000000e+00
-3.311042785644531250e+00 1.272724533081054688e+01 0.000000000000000000e+00
7.432944297790527344e+00 -1.417192935943603516e+01 0.000000000000000000e+00
1.004978179931640625e+01 1.128990554809570312e+01 0.000000000000000000e+00
7.532458782196044922e+00 -9.032663106918334961e-01 0.000000000000000000e+00
-5.271115303039550781e+00 -1.447861671447753906e+01 0.000000000000000000e+00
1.183057975769042969e+01 2.272874593734741211e+00 0.000000000000000000e+00
7.507877349853515625e+00 1.365827465057373047e+01 0.000000000000000000e+00
6.698618531227111816e-01 -1.661983299255371094e+01 0.000000000000000000e+00
-9.477967262268066406e+00 1.232897281646728516e+01 0.000000000000000000e+00
-1.127182483673095703e+00 -9.327814102172851562e+00 0.000000000000000000e+00
1.191305923461914062e+01 -2.591795444488525391e+00 0.000000000000000000e+00
2.589550018310546875e+00 -1.633776283264160156e+01 0.000000000000000000e+00
3.184705257415771484e+00 1.258531856536865234e+01 0.000000000000000000e+00
-7.009790420532226562e+00 -6.086705207824707031e+00 0.000000000000000000e+00
-9.594935417175292969e+00 4.931890964508056641e+00 0.000000000000000000e+00
-6.443118453025817871e-01 1.664182472229003906e+01 0.000000000000000000e+00
-5.017517089843750000e+00 1.384879779815673828e+01 0.000000000000000000e+00
-7.329408168792724609e+00 -9.481672286987304688e+00 0.000000000000000000e+00
-1.044663143157958984e+01 -1.273188114166259766e+00 0.000000000000000000e+00
-1.676470565795898438e+01 -3.245831251144409180e+00 0.000000000000000000e+00
-2.894501924514770508e+00 -7.364488244056701660e-01 0.000000000000000000e+00
-5.689461827278137207e-01 8.432312011718750000e+00 0.000000000000000000e+00
-1.605012893676757812e+01 2.203759431838989258e+00 0.000000000000000000e+00
-7.484822750091552734e+00 3.792549848556518555e+00 0.000000000000000000e+00
-3.894550800323486328e+00 4.534360408782958984e+00 0.000000000000000000e+00
6.546582698822021484e+00 9.000047683715820312e+00 0.000000000000000000e+00
1.725642681121826172e+00 9.861032962799072266e-01 0.000000000000000000e+00
1.285731345415115356e-01 -1.189713859558105469e+01 0.000000000000000000e+00
1.176970958709716797e+01 6.511822700500488281e+00 0.000000000000000000e+00
5.524337291717529297e+00 -4.240379810333251953e+00 0.000000000000000000e+00
-5.705373764038085938e+00 -9.821299552917480469e+00 0.000000000000000000e+00
-1.155861854553222656e+01 3.327975988388061523e+00 0.000000000000000000e+00
1.455948066711425781e+01 7.953578472137451172e+00 0.000000000000000000e+00
-7.386938929557800293e-01 -3.781277656555175781e+00 0.000000000000000000e+00
1.556397724151611328e+01 -4.530323982238769531e+00 0.000000000000000000e+00
-9.081974625587463379e-01 -5.952976703643798828e+00 0.000000000000000000e+00
9.116250038146972656e+00 9.540287017822265625e+00 0.000000000000000000e+00
6.478954315185546875e+00 -1.234815311431884766e+01 0.000000000000000000e+00
1.003809356689453125e+01 1.654817819595336914e+00 0.000000000000000000e+00
1.254649257659912109e+01 8.543226242065429688e+00 0.000000000000000000e+00
4.888098239898681641e+00 5.034983634948730469e+00 0.000000000000000000e+00
3.045795202255249023e+00 1.432637119293212891e+01 0.000000000000000000e+00
-1.164437413215637207e+00 1.331367015838623047e+01 0.000000000000000000e+00
2.740653038024902344e+00 -9.473138809204101562e+00 0.000000000000000000e+00
8.447412490844726562e+00 -4.160998344421386719e+00 0.000000000000000000e+00
-1.481964969635009766e+01 8.078959465026855469e+00 0.000000000000000000e+00
-1.619805097579956055e+00 1.142948913574218750e+01 0.000000000000000000e+00
-1.005795574188232422e+01 -4.541224479675292969e+00 0.000000000000000000e+00
9.761754274368286133e-01 -1.380763816833496094e+01 0.000000000000000000e+00
-1.458833932876586914e+00 -1.725625991821289062e+01 0.000000000000000000e+00
4.638766288757324219e+00 -1.135876655578613281e+01 0.000000000000000000e+00
-1.457751560211181641e+01 -9.809766411781311035e-01 0.000000000000000000e+00
6.569344997406005859e+00 1.064376640319824219e+01 0.000000000000000000e+00
1.191080212593078613e+00 9.715056419372558594e+00 0.000000000000000000e+00
2.746045887470245361e-01 -2.057396888732910156e+00 0.000000000000000000e+00
-1.291940689086914062e+01 1.087727451324462891e+01 0.000000000000000000e+00
1.656044363975524902e+00 1.277191638946533203e+01 0.000000000000000000e+00
4.440742015838623047e+00 -7.188970565795898438e+00 0.000000000000000000e+00
-1.219207096099853516e+01 -3.816485404968261719e+00 0.000000000000000000e+00
5.949070930480957031e+00 -1.468954467773437500e+01 0.000000000000000000e+00
-1.142088890075683594e+01 7.972547531127929688e+00 0.000000000000000000e+00
-2.323748350143432617e+00 4.703377723693847656e+00 0.000000000000000000e+00
-2.935174942016601562e+00 1.655685424804687500e+01 0.000000000000000000e+00
4.125901222229003906e+00 -1.331247138977050781e+01 0.000000000000000000e+00
-5.834611415863037109e+00 -1.179650783538818359e+01 0.000000000000000000e+00
-6.448975086212158203e+00 1.334818172454833984e+01 0.000000000000000000e+00
1.572121906280517578e+01 -1.874504446983337402e+00 0.000000000000000000e+00
1.290966510772705078e+00 5.717659950256347656e+00 0.000000000000000000e+00
-9.174832701683044434e-01 -1.512861824035644531e+01 0.000000000000000000e+00
1.013672542572021484e+01 -1.260011482238769531e+01 0.000000000000000000e+00
7.991195201873779297e+00 -1.208960723876953125e+01 0.000000000000000000e+00
8.215790748596191406e+00 6.690570354461669922e+00 0.000000000000000000e+00
9.487541198730468750e+00 -7.576503276824951172e+00 0.000000000000000000e+00
1.238886260986328125e+01 -7.999579429626464844e+00 0.000000000000000000e+00
1.416675853729248047e+01 -2.258770942687988281e+00 0.000000000000000000e+00
-5.152395725250244141e+00 -6.255713462829589844e+00 0.000000000000000000e+00
1.363270568847656250e+01 1.066540336608886719e+01 0.000000000000000000e+00
1.536050701141357422e+01 1.418582558631896973e+00 0.000000000000000000e+00
1.069776916503906250e+01 9.598866462707519531e+00 0.000000000000000000e+00
-8.758706092834472656e+00 -3.162854671478271484e+00 0.000000000000000000e+00
-3.267643690109252930e+00 1.460262775421142578e+01 0.000000000000000000e+00
-9.733901977539062500e+00 -1.148839092254638672e+01 0.000000000000000000e+00
5.645501613616943359e+00 3.300152420997619629e-01 0.000000000000000000e+00
-1.179189395904541016e+01 -1.072172069549560547e+01 0.000000000000000000e+00
7.582849502563476562e+00 4.866111755371093750e+00 0.000000000000000000e+00
-1.355087947845458984e+01 3.071421623229980469e+00 0.000000000000000000e+00
1.356877803802490234e+01 -7.020270824432373047e+00 0.000000000000000000e+00
3.194362819194793701e-01 3.955288171768188477e+00 0.000000000000000000e+00
-8.674404144287109375e+00 -7.331267356872558594e+00 0.000000000000000000e+00
-2.252252101898193359e+00 2.488584041595458984e+00 0.000000000000000000e+00
8.971676826477050781e+00 -9.174729347229003906e+00 0.000000000000000000e+00
5.803102016448974609e+00 1.253993511199951172e+01 0.000000000000000000e+00
-1.538513374328613281e+01 6.083738327026367188e+00 0.000000000000000000e+00
-4.345111370086669922e+00 9.452755928039550781e+00 0.000000000000000000e+00
-1.791939377784729004e+00 1.551562690734863281e+01 0.000000000000000000e+00
-5.594014167785644531e+00 3.158572673797607422e+00 0.000000000000000000e+00
7.037220954895019531e+00 -1.060894203186035156e+01 0.000000000000000000e+00
4.048241615295410156e+00 -1.522794723510742188e+01 0.000000000000000000e+00
-1.172469615936279297e+01 -1.259041404724121094e+01 0.000000000000000000e+00
-2.570363998413085938e+00 8.889864921569824219e+00 0.000000000000000000e+00
3.821854114532470703e+00 -5.614506721496582031e+00 0.000000000000000000e+00
-5.841682910919189453e+00 -4.845222949981689453e+00 0.000000000000000000e+00
2.720698833465576172e+00 -6.776959896087646484e+00 0.000000000000000000e+00
-1.113061237335205078e+01 3.021445870399475098e-01 0.000000000000000000e+00
-6.090691566467285156e+00 -1.551149040460586548e-01 0.000000000000000000e+00
-3.522784948348999023e+00 -1.491422557830810547e+01 0.000000000000000000e+00
6.338917732238769531e+00 -5.790235996246337891e+00 0.000000000000000000e+00
2.643502712249755859e+00 8.401344299316406250e+00 0.000000000000000000e+00
1.423063850402832031e+01 -5.235624790191650391e+00 0.000000000000000000e+00
-9.177966117858886719e+00 1.423036479949951172e+01 0.000000000000000000e+00
4.879086017608642578e+00 1.372810840606689453e+01 0.000000000000000000e+00
2.864998817443847656e+00 2.440739870071411133e+00 0.000000000000000000e+00
1.989682078361511230e+00 -4.170725345611572266e+00 0.000000000000000000e+00
3.635816812515258789e+00 -3.470542669296264648e+00 0.000000000000000000e+00
-7.551823139190673828e+00 1.199657154083251953e+01 0.000000000000000000e+00
-5.708289623260498047e+00 1.640225982666015625e+01 0.000000000000000000e+00
-7.931866168975830078e+00 9.707247734069824219e+00 0.000000000000000000e+00
2.026165962219238281e+00 1.661927604675292969e+01 0.000000000000000000e+00
3.970264196395874023e+00 1.026530838012695312e+01 0.000000000000000000e+00
-7.159759044647216797e+00 -1.322027087211608887e+00 0.000000000000000000e+00
9.864019393920898438e+00 5.755534172058105469e+00 0.000000000000000000e+00
-1.143196487426757812e+01 1.300997829437255859e+01 0.000000000000000000e+00
-7.767955780029296875e+00 -1.481944942474365234e+01 0.000000000000000000e+00
7.154195785522460938e+00 -8.679713249206542969e+00 0.000000000000000000e+00
-1.493285179138183594e+00 6.496085166931152344e+00 0.000000000000000000e+00
1.666821670532226562e+01 1.174550056457519531e-01 0.000000000000000000e+00
8.996825218200683594e+00 -6.127002716064453125e+00 0.000000000000000000e+00
4.654955387115478516e+00 -9.705827713012695312e+00 0.000000000000000000e+00
-4.723760128021240234e+00 -2.396821975708007812e+00 0.000000000000000000e+00
-1.073462295532226562e+01 -6.261963844299316406e+00 0.000000000000000000e+00
-1.067146110534667969e+01 -7.772948741912841797e+00 0.000000000000000000e+00
4.306634902954101562e+00 7.910382270812988281e+00 0.000000000000000000e+00
-1.214141654968261719e+01 -5.670159816741943359e+00 0.000000000000000000e+00
2.517791986465454102e+00 -1.328947448730468750e+01 0.000000000000000000e+00
-1.375347232818603516e+01 -8.390649795532226562e+00 0.000000000000000000e+00
1.356691360473632812e+01 -1.020954132080078125e+01 0.000000000000000000e+00
-2.843507289886474609e+00 -2.619384765625000000e+00 0.000000000000000000e+00
6.952104568481445312e-01 -1.012627983093261719e+01 0.000000000000000000e+00
-8.870615959167480469e+00 1.927456021308898926e+00 0.000000000000000000e+00
1.189746189117431641e+01 1.088285064697265625e+01 0.000000000000000000e+00
-8.397585868835449219e+00 -2.784979045391082764e-01 0.000000000000000000e+00
1.007916545867919922e+01 -1.118894577026367188e+00 0.000000000000000000e+00
2.760018825531005859e+00 -1.152303981781005859e+01 0.000000000000000000e+00
1.392308998107910156e+01 3.701893091201782227e+00 0.000000000000000000e+00
-3.955259561538696289e+00 2.904659509658813477e+00 0.000000000000000000e+00
-1.561205101013183594e+01 -7.723581790924072266e+00 0.000000000000000000e+00
1.042188167572021484e+00 -5.741834163665771484e+00 0.000000000000000000e+00
-3.522789716720581055e+00 -1.248854064941406250e+01 0.000000000000000000e+00
5.813078403472900391e+00 7.043530464172363281e+00 0.000000000000000000e+00
1.004149150848388672e+01 -4.577082633972167969e+00 0.000000000000000000e+00
-7.553170204162597656e+00 -4.125077247619628906e+00 0.000000000000000000e+00
4.152122497558593750e+00 1.649395179748535156e+01 0.000000000000000000e+00
1.479639112949371338e-01 1.116832351684570312e+01 0.000000000000000000e+00
-3.129369974136352539e+00 -4.998598098754882812e+00 0.000000000000000000e+00
1.556635951995849609e+01 3.608094930648803711e+00 0.000000000000000000e+00
1.110705947875976562e+01 -6.430671691894531250e+00 0.000000000000000000e+00
-1.189268875122070312e+01 -1.831375360488891602e+00 0.000000000000000000e+00
-3.302150011062622070e+00 -1.706728363037109375e+01 0.000000000000000000e+00
1.153989982604980469e+01 -1.100519180297851562e+01 0.000000000000000000e+00
5.071762204170227051e-01 -8.382143974304199219e+00 0.000000000000000000e+00
-3.390549659729003906e+00 7.059600353240966797e+00 0.000000000000000000e+00
-1.177397537231445312e+01 6.132096767425537109e+00 0.000000000000000000e+00
-1.258873558044433594e+01 4.775812149047851562e+00 0.000000000000000000e+00
-1.649277496337890625e+01 5.650332570075988770e-01 0.000000000000000000e+00
-6.206837654113769531e+00 1.131258296966552734e+01 0.000000000000000000e+00
-4.059960842132568359e+00 1.121870994567871094e+00 0.000000000000000000e+00
1.673724937438964844e+01 5.026482105255126953e+00 0.000000000000000000e+00
2.432912588119506836e+00 -1.481136226654052734e+01 0.000000000000000000e+00
7.092589378356933594e+00 1.586562061309814453e+01 0.000000000000000000e+00
-1.605438423156738281e+01 -5.476354122161865234e+00 0.000000000000000000e+00
1.217974662780761719e+01 6.387181282043457031e-01 0.000000000000000000e+00
-6.404743671417236328e+00 8.371973037719726562e+00 0.000000000000000000e+00
1.345661067962646484e+01 5.824535846710205078e+00 0.000000000000000000e+00
-1.188520908355712891e+01 1.676200628280639648e+00 0.000000000000000000e+00
-7.606874465942382812e+00 1.491540813446044922e+01 0.000000000000000000e+00
-1.402734470367431641e+01 -6.214905738830566406e+00 0.000000000000000000e+00
3.460823297500610352e+00 5.752035975456237793e-01 0.000000000000000000e+00
-9.387863159179687500e+00 8.374602317810058594e+00 0.000000000000000000e+00
-4.065356254577636719e+00 1.117697525024414062e+01 0.000000000000000000e+00
-8.989399909973144531e+00 -1.384819507598876953e+01 0.000000000000000000e+00
1.242307782173156738e+00 2.499138593673706055e+00 0.000000000000000000e+00
-1.375887107849121094e+01 -1.064272022247314453e+01 0.000000000000000000e+00
1.020799541473388672e+01 3.634489297866821289e+00 0.000000000000000000e+00
-1.637561035156250000e+01 -1.383289933204650879e+00 0.000000000000000000e+00
1.995863556861877441e+00 -8.138354301452636719e+00 0.000000000000000000e+00
1.509805679321289062e+01 -7.825861454010009766e+00 0.000000000000000000e+00
-1.643559837341308594e+01 4.963499546051025391e+00 0.000000000000000000e+00
-1.701551303267478943e-02 1.652720808982849121e+00 0.000000000000000000e+00
-9.867440223693847656e+00 6.601488113403320312e+00 0.000000000000000000e+00
-2.117262840270996094e+00 8.777837753295898438e-01 0.000000000000000000e+00
6.241935729980468750e+00 -2.327864885330200195e+00 0.000000000000000000e+00
-8.245235443115234375e+00 -1.183615398406982422e+01 0.000000000000000000e+00
-9.937494993209838867e-01 -8.701140880584716797e-01 0.000000000000000000e+00
-1.301660346984863281e+01 8.405863761901855469e+00 0.000000000000000000e+00
8.345921516418457031e+00 1.237652397155761719e+01 0.000000000000000000e+00
7.427411556243896484e+00 8.891223073005676270e-01 0.000000000000000000e+00
-2.297450542449951172e+00 -7.154992580413818359e+00 0.000000000000000000e+00
6.749970436096191406e+00 3.407958745956420898e+00 0.000000000000000000e+00
1.713306427001953125e+01 -3.469894647598266602e+00 0.000000000000000000e+00
1.824499487876892090e+00 -5.487309694290161133e-01 0.000000000000000000e+00
-1.230559158325195312e+01 -7.862919807434082031e+00 0.000000000000000000e+00
-1.360982418060302734e+01 6.234029531478881836e-01 0.000000000000000000e+00
5.556717514991760254e-01 1.379631614685058594e+01 0.000000000000000000e+00
-3.862931728363037109e+00 -7.558160781860351562e+00 0.000000000000000000e+00
1.045079803466796875e+01 7.982062816619873047e+00 0.000000000000000000e+00
-6.800411224365234375e+00 1.936665058135986328e+00 0.000000000000000000e+00
-1.423657417297363281e+01 9.546602249145507812e+00 0.000000000000000000e+00
-8.941603660583496094e+00 -5.640958309173583984e+00 0.000000000000000000e+00
-6.483730792999267578e+00 5.593941211700439453e+00 0.000000000000000000e+00
-4.513542175292968750e+00 -4.088295459747314453e+00 0.000000000000000000e+00
9.663786888122558594e+00 -2.761200904846191406e+00 0.000000000000000000e+00
1.021349811553955078e+01 -1.002027511596679688e+01 0.000000000000000000e+00
-1.094165611267089844e+01 9.962326049804687500e+00 0.000000000000000000e+00
-4.865101814270019531e+00 -1.640510559082031250e+01 0.000000000000000000e+00
-1.347395133972167969e+01 6.530550956726074219e+00 0.000000000000000000e+00
4.873296260833740234e+00 1.749725341796875000e+00 0.000000000000000000e+00
-2.235857486724853516e+00 -1.084955978393554688e+01 0.000000000000000000e+00
9.366733551025390625e+00 -1.447968769073486328e+01 0.000000000000000000e+00
1.741512870788574219e+01 -1.643903851509094238e+00 0.000000000000000000e+00
-6.258615016937255859e+00 -7.652528285980224609e+00 0.000000000000000000e+00
4.300780296325683594e+00 3.561191320419311523e+00 0.000000000000000000e+00
1.707872200012207031e+01 1.863028287887573242e+00 0.000000000000000000e+00
8.882839202880859375e+00 -1.238658800721168518e-01 0.000000000000000000e+00
3.988567352294921875e+00 -1.696775627136230469e+01 0.000000000000000000e+00
-9.887449264526367188e+00 3.278929233551025391e+00 0.000000000000000000e+00
-7.057677268981933594e+00 -1.276008129119873047e+01 0.000000000000000000e+00
1.322017955780029297e+01 -8.894211649894714355e-01 0.000000000000000000e+00
7.775282382965087891e+00 -7.109621524810791016e+00 0.000000000000000000e+00
2.222693443298339844e+00 3.911766529083251953e+00 0.000000000000000000e+00
-4.836162567138671875e+00 7.565219879150390625e+00 0.000000000000000000e+00
7.870104312896728516e+00 8.255152702331542969e+00 0.000000000000000000e+00
-4.877832412719726562e+00 5.889348030090332031e+00 0.000000000000000000e+00
-2.931064553558826447e-02 6.838109970092773438e+00 0.000000000000000000e+00
-4.289098739624023438e+00 -9.016588211059570312e+00 0.000000000000000000e+00
7.961267948150634766e+00 -2.691027164459228516e+00 0.000000000000000000e+00
5.518631458282470703e+00 -8.237314224243164062e+00 0.000000000000000000e+00
-1.538272285461425781e+01 3.794328451156616211e+00 0.000000000000000000e+00
-1.466339588165283203e+01 -4.582890033721923828e+00 0.000000000000000000e+00
5.496276855468750000e+00 -1.656684112548828125e+01 0.000000000000000000e+00
8.918671607971191406e+00 1.479530811309814453e+01 0.000000000000000000e+00
1.167092561721801758e+00 1.518893241882324219e+01 0.000000000000000000e+00
-6.816553115844726562e+00 -1.603806495666503906e+01 0.000000000000000000e+00
1.537116432189941406e+01 -6.215439319610595703e+00 0.000000000000000000e+00
-1.063963603973388672e+01 -2.990118503570556641e+00 0.000000000000000000e+00
-1.323146533966064453e+01 -2.706430435180664062e+00 0.000000000000000000e+00
