1.620882606506347656e+01 -4.650004863739013672e+00 0.000000000000000000e+00
1.404961299896240234e+01 -2.334475755691528320e+00 0.000000000000000000e+00
1.305985927581787109e+01 4.336638450622558594e+00 0.000000000000000000e+00
-4.168698787689208984e+00 -5.279406547546386719e+00 0.000000000000000000e+00
2.139793872833251953e+00 -1.162333965301513672e+01 0.000000000000000000e+00
-5.969002246856689453e+00 -9.397541999816894531e+00 0.000000000000000000e+00
-1.494124317169189453e+01 4.916404247283935547e+00 0.000000000000000000e+00
-7.247948646545410156e+00 -1.338919353485107422e+01 0.000000000000000000e+00
1.266419124603271484e+01 -8.804440498352050781e+00 0.000000000000000000e+00
6.168235778808593750e+00 8.400014877319335938e+00 0.000000000000000000e+00
1.607687187194824219e+01 2.037121057510375977e+00 0.000000000000000000e+00
7.315104961395263672e+00 -4.407960891723632812e+00 0.000000000000000000e+00
-6.106181144714355469e+00 1.220649147033691406e+01 0.000000000000000000e+00
-1.617151618003845215e+00 -4.559917926788330078e+00 0.000000000000000000e+00
5.597557544708251953e+00 3.071473836898803711e+00 0.000000000000000000e+00
1.589343070983886719e+00 1.368062305450439453e+01 0.000000000000000000e+00
-1.594626045227050781e+01 -1.631959557533264160e+00 0.000000000000000000e+00
1.159026622772216797e+01 -1.020101785659790039e+00 0.000000000000000000e+00
-1.136103153228759766e+01 -7.252654552459716797e+00 0.000000000000000000e+00
-1.159752082824707031e+01 -1.092201805114746094e+01 0.000000000000000000e+00
-9.732386589050292969e+00 1.198516488075256348e+00 0.000000000000000000e+00
1.452804756164550781e+01 -8.447332382202148438e+00 0.000000000000000000e+00
-1.195224094390869141e+01 3.543071150779724121e-01 0.000000000000000000e+00
-1.316264533996582031e+01 3.959662437438964844e+00 0.000000000000000000e+00
9.789299011230468750e+00 -1.809713363647460938e+00 0.000000000000000000e+00
-1.020572280883789062e+01 9.671938896179199219e+00 0.000000000000000000e+00
2.796152591705322266e+00 -1.509360980987548828e+01 0.000000000000000000e+00
-1.931847333908081055e+00 5.672170162200927734e+00 0.000000000000000000e+00
2.776437044143676758e+00 1.647342681884765625e+01 0.000000000000000000e+00
-4.879197597503662109e+00 4.198350310325622559e-01 0.000000000000000000e+00
8.770166397094726562e+00 6.038391590118408203e-01 0.000000000000000000e+00
9.924766421318054199e-01 -9.555211067199707031e+00 0.000000000000000000e+00
4.725354194641113281e+00 -1.021258115768432617e+00 0.000000000000000000e+00
6.658018112182617188e+00 -3.058597803115844727e+00 0.000000000000000000e+00
-9.417937278747558594e+00 5.050185680389404297e+00 0.000000000000000000e+00
5.186186313629150391e+00 -6.656972408294677734e+00 0.000000000000000000e+00
-5.193045616149902344e+00 -1.529209041595458984e+01 0.000000000000000000e+00
-6.599047183990478516e+00 -6.564945220947265625e+00 0.000000000000000000e+00
1.378206920623779297e+01 -4.757459640502929688e+00 0.000000000000000000e+00
-1.110841083526611328e+01 -2.492719888687133789e+00 0.000000000000000000e+00
-1.416846942901611328e+01 -7.939496040344238281e-01 0.000000000000000000e+00
-5.355975627899169922e+00 -1.493826866149902344e+00 0.000000000000000000e+00
2.630317211151123047e+00 -7.751984119415283203e+00 0.000000000000000000e+00
3.098821163177490234e+00 1.462620258331298828e+01 0.000000000000000000e+00
-4.122106552124023438e+00 -8.037386894226074219e+00 0.000000000000000000e+00
5.652854442596435547e+00 -1.177103424072265625e+01 0.000000000000000000e+00
-5.694003105163574219e+00 -3.519497156143188477e+00 0.000000000000000000e+00
4.815551280975341797e+00 1.621934700012207031e+01 0.000000000000000000e+00
2.791365385055541992e+00 3.582463741302490234e+00 0.000000000000000000e+00
-1.197469949722290039e+00 -8.963838577270507812e+00 0.000000000000000000e+00
-2.469101667404174805e+00 1.011005687713623047e+01 0.000000000000000000e+00
-1.444087314605712891e+01 -3.372256755828857422e+00 0.000000000000000000e+00
-1.351771354675292969e+01 -6.796827316284179688e+00 0.000000000000000000e+00
-1.766292810440063477e+00 -1.064139938354492188e+01 0.000000000000000000e+00
-8.037416458129882812e+00 -1.164684963226318359e+01 0.000000000000000000e+00
7.621397018432617188e+00 1.545478343963623047e+01 0.000000000000000000e+00
-2.474734544754028320e+00 3.780874311923980713e-01 0.000000000000000000e+00
5.830038189888000488e-01 2.345889091491699219e+00 0.000000000000000000e+00
1.160137557983398438e+01 2.529570341110229492e+00 0.000000000000000000e+00
-9.275995254516601562e+00 -7.333858013153076172e+00 0.000000000000000000e+00
-6.065629005432128906e+00 -1.163454818725585938e+01 0.000000000000000000e+00
-8.782973885536193848e-01 1.046481513977050781e+01 0.000000000000000000e+00
-3.022228002548217773e+00 -1.201217937469482422e+01 0.000000000000000000e+00
1.127794551849365234e+01 7.354798316955566406e+00 0.000000000000000000e+00
5.988698482513427734e+00 -8.334523200988769531e+00 0.000000000000000000e+00
8.257089614868164062e+00 -1.484681797027587891e+01 0.000000000000000000e+00
1.026062583923339844e+01 -8.340260505676269531e+00 0.000000000000000000e+00
5.397146344184875488e-01 -1.271046924591064453e+01 0.000000000000000000e+00
-7.890525817871093750e+00 -9.667589187622070312e+00 0.000000000000000000e+00
-1.608235168457031250e+01 -4.840399742126464844e+00 0.000000000000000000e+00
1.264506816864013672e+01 -1.092867469787597656e+01 0.000000000000000000e+00
1.388439369201660156e+01 7.724860668182373047e+00 0.000000000000000000e+00
-1.704812812805175781e+01 -2.973826646804809570e+00 0.000000000000000000e+00
-8.197770118713378906e+00 -6.233318805694580078e+00 0.000000000000000000e+00
-6.930047988891601562e+00 -1.547228813171386719e+01 0.000000000000000000e+00
4.310542106628417969e+00 5.952098846435546875e+00 0.000000000000000000e+00
1.675464439392089844e+01 -7.307800054550170898e-01 0.000000000000000000e+00
3.243059217929840088e-01 5.661509513854980469e+00 0.000000000000000000e+00
-7.254313826560974121e-01 1.619119071960449219e+01 0.000000000000000000e+00
7.530592918395996094e+00 -9.060032844543457031e+00 0.000000000000000000e+00
-1.051140499114990234e+01 7.642184257507324219e+00 0.000000000000000000e+00
-2.470508337020874023e+00 1.714801788330078125e+01 0.000000000000000000e+00
2.539137125015258789e+00 -9.292779922485351562e+00 0.000000000000000000e+00
-4.262904644012451172e+00 7.066943168640136719e+00 0.000000000000000000e+00
9.123003959655761719e+00 1.492327690124511719e+01 0.000000000000000000e+00
-6.762611389160156250e+00 1.389701175689697266e+01 0.000000000000000000e+00
-7.454777717590332031e+00 2.234471321105957031e+00 0.000000000000000000e+00
7.531475067138671875e+00 5.152627468109130859e+00 0.000000000000000000e+00
-6.732143878936767578e+00 6.334816932678222656e+00 0.000000000000000000e+00
3.038472175598144531e+00 7.346669197082519531e+00 0.000000000000000000e+00
7.213847160339355469e+00 2.050390481948852539e+00 0.000000000000000000e+00
-4.670296013355255127e-01 -3.187267065048217773e+00 0.000000000000000000e+00
-1.433066654205322266e+01 9.135558128356933594e+00 0.000000000000000000e+00
7.880232810974121094e+00 1.311747550964355469e+01 0.000000000000000000e+00
-1.265102577209472656e+01 7.694632530212402344e+00 0.000000000000000000e+00
-3.628604650497436523e+00 4.201909542083740234e+00 0.000000000000000000e+00
-8.563880920410156250e+00 6.761692047119140625e+00 0.000000000000000000e+00
4.548814773559570312e+00 -1.067063808441162109e+01 0.000000000000000000e+00
9.016311645507812500e+00 1.010088348388671875e+01 0.000000000000000000e+00
-8.363922119140625000e+00 1.296081161499023438e+01 0.000000000000000000e+00
1.313019990921020508e+00 -7.546240687370300293e-01 0.000000000000000000e+00
5.165812015533447266e+00 5.497105717658996582e-01 0.000000000000000000e+00
-6.733458995819091797e+00 4.658093929290771484e+00 0.000000000000000000e+00
-1.275608921051025391e+01 -2.729704856872558594e+00 0.000000000000000000e+00
-1.026097583770751953e+01 1.321049308776855469e+01 0.000000000000000000e+00
8.071139335632324219e+00 7.097357749938964844e+00 0.000000000000000000e+00
7.125245571136474609e+00 -1.587344169616699219e+01 0.000000000000000000e+00
1.309524345397949219e+01 6.178542613983154297e+00 0.000000000000000000e+00
9.167325973510742188e+00 -1.362635517120361328e+01 0.000000000000000000e+00
-1.077394390106201172e+01 -9.333630561828613281e+00 0.000000000000000000e+00
-1.529150867462158203e+01 7.730724811553955078e+00 0.000000000000000000e+00
-9.423154830932617188e+00 -2.146965742111206055e+00 0.000000000000000000e+00
1.117310142517089844e+01 -1.268619728088378906e+01 0.000000000000000000e+00
-6.895108699798583984e+00 -1.339977502822875977e+00 0.000000000000000000e+00
1.319004917144775391e+01 8.015458285808563232e-02 0.000000000000000000e+00
-1.088568305969238281e+01 2.785492658615112305e+00 0.000000000000000000e+00
-7.610112190246582031e+00 -3.666888236999511719e+00 0.000000000000000000e+00
3.333304166793823242e+00 -4.736872196197509766e+00 0.000000000000000000e+00
1.129535007476806641e+01 -5.062132835388183594e+00 0.000000000000000000e+00
2.158263206481933594e+00 -1.648054695129394531e+01 0.000000000000000000e+00
-1.690396690368652344e+01 2.202988862991333008e+00 0.000000000000000000e+00
-3.352517366409301758e+00 -1.612513923645019531e+01 0.000000000000000000e+00
1.733245015144348145e+00 -4.769819736480712891e+00 0.000000000000000000e+00
-3.361063718795776367e+00 -1.035202789306640625e+01 0.000000000000000000e+00
3.008325815200805664e+00 9.040053367614746094e+00 0.000000000000000000e+00
1.290275764465332031e+01 1.087500190734863281e+01 0.000000000000000000e+00
-3.674822807312011719e+00 1.307956886291503906e+01 0.000000000000000000e+00
-1.003904700279235840e+00 -1.749794602394104004e+00 0.000000000000000000e+00
-4.625301361083984375e+00 8.930109977722167969e+00 0.000000000000000000e+00
1.468211841583251953e+01 9.394835472106933594e+00 0.000000000000000000e+00
5.446293950080871582e-01 7.342348098754882812e+00 0.000000000000000000e+00
8.410367965698242188e+00 -7.660794258117675781e+00 0.000000000000000000e+00
-4.327888011932373047e+00 1.494416141510009766e+01 0.000000000000000000e+00
-7.744595050811767578e+00 -8.060576438903808594e+00 0.000000000000000000e+00
-1.435467529296875000e+01 2.505987405776977539e+00 0.000000000000000000e+00
1.580093574523925781e+01 -2.315068244934082031e+00 0.000000000000000000e+00
9.129296302795410156e+00 2.980267286300659180e+00 0.000000000000000000e+00
-9.149415493011474609e-01 -1.203300189971923828e+01 0.000000000000000000e+00
2.156642675399780273e+00 1.214101600646972656e+01 0.000000000000000000e+00
-6.483405232429504395e-01 -7.109182834625244141e+00 0.000000000000000000e+00
7.468912601470947266e+00 -1.318740653991699219e+01 0.000000000000000000e+00
1.494432353973388672e+01 8.302160501480102539e-01 0.000000000000000000e+00
9.692661285400390625e+00 7.019191741943359375e+00 0.000000000000000000e+00
1.657308769226074219e+01 4.393020629882812500e+00 0.000000000000000000e+00
1.049761486053466797e+01 3.813668012619018555e+00 0.000000000000000000e+00
1.225859832763671875e+01 -6.772911548614501953e+00 0.000000000000000000e+00
4.364310264587402344e+00 -1.501759147644042969e+01 0.000000000000000000e+00
-1.319592666625976562e+01 -8.936179161071777344e+00 0.000000000000000000e+00
8.764592170715332031e+00 -3.416042566299438477e+00 0.000000000000000000e+00
-2.291383266448974609e+00 1.532273101806640625e+01 0.000000000000000000e+00
-6.792306423187255859e+00 1.020564937591552734e+01 0.000000000000000000e+00
-2.312134355306625366e-01 -1.673758506774902344e+01 0.000000000000000000e+00
9.037022590637207031e+00 4.829139232635498047e+00 0.000000000000000000e+00
1.461415100097656250e+01 5.785458564758300781e+00 0.000000000000000000e+00
-1.493519902229309082e+00 3.454211711883544922e+00 0.000000000000000000e+00
-1.684218978881835938e+01 2.951637208461761475e-01 0.000000000000000000e+00
6.313146591186523438e+00 1.110008239746093750e+01 0.000000000000000000e+00
9.731053352355957031e+00 -1.156959915161132812e+01 0.000000000000000000e+00
-5.855266377329826355e-02 -5.022939205169677734e+00 0.000000000000000000e+00
6.754916667938232422e+00 8.013897389173507690e-02 0.000000000000000000e+00
-2.586018800735473633e+00 -8.261690139770507812e+00 0.000000000000000000e+00
4.596901416778564453e+00 1.348024559020996094e+01 0.000000000000000000e+00
-9.946906089782714844e+00 -5.409964561462402344e+00 0.000000000000000000e+00
7.125318527221679688e+00 3.573143243789672852e+00 0.000000000000000000e+00
-1.168407154083251953e+01 4.565795421600341797e+00 0.000000000000000000e+00
-1.571738868951797485e-01 -1.468808174133300781e+01 0.000000000000000000e+00
4.619928359985351562e+00 7.562451362609863281e+00 0.000000000000000000e+00
1.396880912780761719e+01 2.069578409194946289e+00 0.000000000000000000e+00
-9.568601608276367188e+00 -1.068640518188476562e+01 0.000000000000000000e+00
5.624610900878906250e+00 -5.219646453857421875e+00 0.000000000000000000e+00
1.007736492156982422e+01 -6.038851261138916016e+00 0.000000000000000000e+00
-2.701459646224975586e+00 -2.304044723510742188e+00 0.000000000000000000e+00
-1.040603637695312500e+01 -9.270523786544799805e-01 0.000000000000000000e+00
-1.150648355484008789e+00 1.337998008728027344e+01 0.000000000000000000e+00
3.497384071350097656e+00 -1.313491535186767578e+01 0.000000000000000000e+00
5.741165876388549805e-01 1.005918312072753906e+01 0.000000000000000000e+00
-1.267542362213134766e+01 1.132508373260498047e+01 0.000000000000000000e+00
-1.094628334045410156e+01 -1.248382377624511719e+01 0.000000000000000000e+00
1.666113018989562988e+00 -3.156061649322509766e+00 0.000000000000000000e+00
-1.604851150512695312e+01 -6.715868473052978516e+00 0.000000000000000000e+00
-8.918444514274597168e-01 1.121297240257263184e+00 0.000000000000000000e+00
3.772265911102294922e+00 -2.882252693176269531e+00 0.000000000000000000e+00
-4.977849006652832031e+00 4.938683032989501953e+00 0.000000000000000000e+00
1.154281020164489746e+00 1.638656806945800781e+01 0.000000000000000000e+00
1.079635858535766602e+00 -7.072043895721435547e+00 0.000000000000000000e+00
1.065424919128417969e+01 1.276458263397216797e+01 0.000000000000000000e+00
5.956421852111816406e+00 -1.387501430511474609e+01 0.000000000000000000e+00
-2.051757276058197021e-01 4.231138229370117188e+00 0.000000000000000000e+00
-1.252759361267089844e+01 9.244468688964843750e+00 0.000000000000000000e+00
6.623204350471496582e-01 -1.110242843627929688e+01 0.000000000000000000e+00
7.940492153167724609e+00 -1.884989380836486816e+00 0.000000000000000000e+00
-8.719276428222656250e+00 -1.380051803588867188e+01 0.000000000000000000e+00
6.194721221923828125e+00 6.143497467041015625e+00 0.000000000000000000e+00
2.781183242797851562e+00 1.875892877578735352e+00 0.000000000000000000e+00
3.724149987101554871e-02 1.179446887969970703e+01 0.000000000000000000e+00
-1.346386909484863281e+01 -1.073750400543212891e+01 0.000000000000000000e+00
4.299865245819091797e+00 2.028130054473876953e+00 0.000000000000000000e+00
1.095010662078857422e+01 1.024148273468017578e+01 0.000000000000000000e+00
1.451692008972167969e+01 -6.224101543426513672e+00 0.000000000000000000e+00
-1.195210742950439453e+01 -4.165935993194580078e+00 0.000000000000000000e+00
-9.159321784973144531e+00 1.466240978240966797e+01 0.000000000000000000e+00
-5.761765480041503906e+00 -5.253677368164062500e+00 0.000000000000000000e+00
-5.493439674377441406e+00 1.799389839172363281e+00 0.000000000000000000e+00
-3.915491104125976562e+00 2.038764953613281250e+00 0.000000000000000000e+00
2.674085378646850586e+00 -6.199747562408447266e+00 0.000000000000000000e+00
-1.227394962310791016e+01 6.207746505737304688e+00 0.000000000000000000e+00
-4.491871356964111328e+00 -1.338936042785644531e+01 0.000000000000000000e+00
-2.416016101837158203e+00 8.255459785461425781e+00 0.000000000000000000e+00
-3.722404479980468750e+00 -5.384068489074707031e-01 0.000000000000000000e+00
2.210403203964233398e+00 5.798175811767578125e+00 0.000000000000000000e+00
-1.953840970993041992e+00 -1.390652942657470703e+01 0.000000000000000000e+00
-3.008787631988525391e+00 -6.595659732818603516e+00 0.000000000000000000e+00
-8.594504356384277344e+00 3.317686557769775391e+00 0.000000000000000000e+00
-1.055635643005371094e+01 -1.394397449493408203e+01 0.000000000000000000e+00
8.170919418334960938e+00 8.688447952270507812e+00 0.000000000000000000e+00
9.009562492370605469e+00 1.165914821624755859e+01 0.000000000000000000e+00
-1.784726619720458984e+00 1.170342159271240234e+01 0.000000000000000000e+00
-8.890341758728027344e+00 8.394123077392578125e+00 0.000000000000000000e+00
-6.875931739807128906e+00 1.554734325408935547e+01 0.000000000000000000e+00
-3.385437250137329102e+00 -3.867457389831542969e+00 0.000000000000000000e+00
1.191988363862037659e-01 1.428898715972900391e+01 0.000000000000000000e+00
-8.411253929138183594e+00 -4.409854114055633545e-01 0.000000000000000000e+00
-1.674310684204101562e+01 4.856763362884521484e+00 0.000000000000000000e+00
-5.746910572052001953e-01 8.600219726562500000e+00 0.000000000000000000e+00
-9.549422264099121094e+00 -3.868486166000366211e+00 0.000000000000000000e+00
6.583623886108398438e+00 -1.059315967559814453e+01 0.000000000000000000e+00
1.280488681793212891e+01 -3.184520959854125977e+00 0.000000000000000000e+00
4.544848442077636719e+00 1.116891098022460938e+01 0.000000000000000000e+00
-7.346416473388671875e+00 7.819210529327392578e+00 0.000000000000000000e+00
1.103026103973388672e+01 5.692897796630859375e+00 0.000000000000000000e+00
1.161623764038085938e+01 8.838282585144042969e+00 0.000000000000000000e+00
-3.430106639862060547e+00 1.142787742614746094e+01 0.000000000000000000e+00
1.404171562194824219e+01 -1.012255001068115234e+01 0.000000000000000000e+00
-1.593883514404296875e+00 -1.588023853302001953e+01 0.000000000000000000e+00
-8.434969902038574219e+00 1.050145530700683594e+01 0.000000000000000000e+00
1.117613410949707031e+01 -2.714722633361816406e+00 0.000000000000000000e+00
7.380322456359863281e+00 -6.027964591979980469e+00 0.000000000000000000e+00
1.090638256072998047e+01 1.163358926773071289e+00 0.000000000000000000e+00
4.968911170959472656e+00 -1.644007110595703125e+01 0.000000000000000000e+00
-3.978116035461425781e+00 1.643282508850097656e+01 0.000000000000000000e+00
-1.111256599426269531e+01 1.088245201110839844e+01 0.000000000000000000e+00
-1.436901092529296875e+01 -5.189261913299560547e+00 0.000000000000000000e+00
1.141269397735595703e+01 -9.662545204162597656e+00 0.000000000000000000e+00
-9.737241744995117188e+00 1.166280746459960938e+01 0.000000000000000000e+00
-1.375175285339355469e+01 9.152116775512695312e-01 0.000000000000000000e+00
-1.475222873687744141e+01 -8.521398544311523438e+00 0.000000000000000000e+00
1.711635971069335938e+01 -3.274151563644409180e+00 0.000000000000000000e+00
3.159345149993896484e+00 2.175427675247192383e-01 0.000000000000000000e+00
-5.029595375061035156e+00 1.044447612762451172e+01 0.000000000000000000e+00
1.006021976470947266e+01 8.813484191894531250e+00 0.000000000000000000e+00
1.301078200340270996e+00 8.755894303321838379e-01 0.000000000000000000e+00
1.554429340362548828e+01 7.118471622467041016e+00 0.000000000000000000e+00
8.825064659118652344e+00 -5.191457271575927734e+00 0.000000000000000000e+00
9.009700775146484375e+00 -1.022846412658691406e+01 0.000000000000000000e+00
-1.589821147918701172e+01 6.255360603332519531e+00 0.000000000000000000e+00
4.439898967742919922e+00 4.234652996063232422e+00 0.000000000000000000e+00
