1.144742394918191586e+01 6.427419299454607327e+00 4.758632850530020164e-04
1.303944300904847253e+01 1.528990374261931739e+00 5.818763250236003159e-04
4.958285874230601742e+00 9.732974624024953059e+00 1.080217505151637170e-04
6.549311118163751999e+00 4.834641212887754058e+00 1.418639663284260166e-04
8.141449773049883376e+00 -6.299575873676986626e-02 -3.508768347430836487e-04
9.732475050040827469e+00 -4.960726091780670366e+00 4.806475160177292594e-04
-1.531725395803982259e+00 1.304002039889805076e+01 -1.329902189235454557e-04
6.029267123201540596e-02 8.141591569125104400e+00 -2.704927850150085078e-05
1.651438536015303438e+00 3.244653094235181889e+00 2.057933265688927094e-04
3.243456602995610005e+00 -1.653775735906549471e+00 3.117345458069076258e-04
4.834481847042241043e+00 -6.552109146680519913e+00 3.455764870015087808e-04
6.426620501872711166e+00 -1.144974611811216647e+01 -1.471632923548682470e-04
-6.429838193822171810e+00 1.144784538986839095e+01 3.306918502028466378e-04
-4.837700531766571110e+00 6.550208514225253964e+00 -1.621203075181654185e-04
-3.246674294945100847e+00 1.651875007101114345e+00 -1.282067308581158471e-04
-1.654536600002975755e+00 -3.245158790806398574e+00 1.766635167903540804e-04
-6.351135595634474496e-02 -8.143492201580368572e+00 2.105054579844001239e-04
1.528507703854522060e+00 -1.304192112714182805e+01 3.165187767724120249e-04
-9.735692708990312028e+00 4.959428441074088312e+00 5.005624296812172247e-04
-8.144667464943681878e+00 6.109503030011728675e-02 5.344043708757455213e-04
-6.552529802943771742e+00 -4.836541845711802345e+00 4.159249197055459035e-05
-4.961503566124370934e+00 -9.734875351899944462e+00 7.550652851762151840e-05
-1.304266070094227281e+01 -1.530891102698584305e+00 -3.983487888908898711e-04
-1.145064260096196129e+01 -6.428716854741463038e+00 5.052745610973907731e-04
