-2.475374706561225491e+00 -9.506682187371829906e-01
-1.967139210619877954e+00 1.913460896956198365e-01
-1.458903714678530417e+00 1.333360398128422553e+00
-9.506682187371829906e-01 2.475374706561225491e+00
-1.333360398128422553e+00 -1.458903714678530417e+00
-8.251249021870750155e-01 -3.168894062457276450e-01
-3.168894062457276450e-01 8.251249021870750155e-01
1.913460896956198365e-01 1.967139210619877954e+00
-1.913460896956198365e-01 -1.967139210619877954e+00
3.168894062457276450e-01 -8.251249021870750155e-01
8.251249021870750155e-01 3.168894062457276450e-01
1.333360398128422553e+00 1.458903714678530417e+00
9.506682187371829906e-01 -2.475374706561225491e+00
1.458903714678530417e+00 -1.333360398128422553e+00
1.967139210619877954e+00 -1.913460896956198365e-01
2.475374706561225491e+00 9.506682187371829906e-01
