-1.063099193572998047e+01 7.199437618255615234e+00 0.000000000000000000e+00
-7.637079715728759766e+00 2.524977207183837891e+00 0.000000000000000000e+00
1.037991714477539062e+01 2.029857635498046875e-01 0.000000000000000000e+00
5.197901248931884766e+00 -9.290686607360839844e+00 0.000000000000000000e+00
-9.367469787597656250e+00 6.246866583824157715e-01 0.000000000000000000e+00
-7.157746791839599609e+00 -1.529879570007324219e+01 0.000000000000000000e+00
1.902166604995727539e+00 1.396214866638183594e+01 0.000000000000000000e+00
-5.221364974975585938e+00 -2.760802209377288818e-01 0.000000000000000000e+00
6.488584041595458984e+00 -1.584596824645996094e+01 0.000000000000000000e+00
-1.131042098999023438e+01 9.030136108398437500e+00 0.000000000000000000e+00
-1.400182628631591797e+01 -2.502396106719970703e+00 0.000000000000000000e+00
-8.361679911613464355e-01 2.897130012512207031e+00 0.000000000000000000e+00
-9.939228057861328125e+00 3.036094188690185547e+00 0.000000000000000000e+00
-1.428525161743164062e+01 6.027222156524658203e+00 0.000000000000000000e+00
-9.810009002685546875e+00 -1.211019515991210938e+00 0.000000000000000000e+00
1.286735916137695312e+01 -9.689757347106933594e+00 0.000000000000000000e+00
-1.327893257141113281e+01 -3.829190015792846680e+00 0.000000000000000000e+00
1.274741053581237793e+00 1.141252994537353516e+01 0.000000000000000000e+00
-6.838701248168945312e+00 8.697261810302734375e+00 0.000000000000000000e+00
1.041422462463378906e+01 -1.249114799499511719e+01 0.000000000000000000e+00
-2.474169492721557617e+00 1.525616073608398438e+01 0.000000000000000000e+00
-6.796567440032958984e+00 -1.295499134063720703e+01 0.000000000000000000e+00
-1.665468978881835938e+01 5.138712882995605469e+00 0.000000000000000000e+00
5.100502967834472656e+00 -1.187663555145263672e+01 0.000000000000000000e+00
-7.036311626434326172e+00 -5.577332496643066406e+00 0.000000000000000000e+00
7.260131835937500000e-01 1.261642724275588989e-01 0.000000000000000000e+00
5.610653400421142578e+00 1.625984764099121094e+01 0.000000000000000000e+00
-1.007194638252258301e+00 -1.878702521324157715e+00 0.000000000000000000e+00
2.929125547409057617e+00 -1.662303733825683594e+01 0.000000000000000000e+00
5.057317733764648438e+00 2.951451301574707031e+00 0.000000000000000000e+00
-4.864255428314208984e+00 -5.513178348541259766e+00 0.000000000000000000e+00
-7.091351032257080078e+00 1.480102348327636719e+01 0.000000000000000000e+00
-2.810654401779174805e+00 5.096417903900146484e+00 0.000000000000000000e+00
-4.548586368560791016e+00 -1.678378105163574219e+01 0.000000000000000000e+00
1.006792354583740234e+01 -2.882842302322387695e+00 0.000000000000000000e+00
4.607395455241203308e-02 1.740725135803222656e+01 0.000000000000000000e+00
2.396432012319564819e-01 6.641587257385253906e+00 0.000000000000000000e+00
9.443910598754882812e+00 3.105283975601196289e+00 0.000000000000000000e+00
-2.096260786056518555e+00 -9.046645164489746094e+00 0.000000000000000000e+00
-5.358312606811523438e+00 3.475348949432373047e+00 0.000000000000000000e+00
-1.106992149353027344e+01 1.411263108253479004e+00 0.000000000000000000e+00
1.442213726043701172e+01 -4.625486850738525391e+00 0.000000000000000000e+00
-3.615035295486450195e+00 -1.266110897064208984e+01 0.000000000000000000e+00
3.095133781433105469e+00 -1.233760833740234375e+01 0.000000000000000000e+00
-5.734441280364990234e-01 9.059728622436523438e+00 0.000000000000000000e+00
4.043793201446533203e+00 9.453474044799804688e+00 0.000000000000000000e+00
-9.150115966796875000e+00 -1.053037548065185547e+01 0.000000000000000000e+00
7.815986633300781250e+00 8.258010864257812500e+00 0.000000000000000000e+00
1.971342086791992188e+00 -1.481311798095703125e+01 0.000000000000000000e+00
-5.695773601531982422e+00 1.176081180572509766e+00 0.000000000000000000e+00
-6.228349208831787109e+00 -3.174315690994262695e+00 0.000000000000000000e+00
1.147184848785400391e+01 -1.806107759475708008e+00 0.000000000000000000e+00
3.479455471038818359e+00 7.801216602325439453e+00 0.000000000000000000e+00
1.365189647674560547e+01 1.022574520111083984e+01 0.000000000000000000e+00
1.150544929504394531e+01 3.404645919799804688e+00 0.000000000000000000e+00
1.102562236785888672e+01 -1.066995620727539062e+01 0.000000000000000000e+00
-1.162957191467285156e+01 -6.623134613037109375e+00 0.000000000000000000e+00
2.069589138031005859e+00 1.637618064880371094e+01 0.000000000000000000e+00
6.768007278442382812e+00 -7.156702041625976562e+00 0.000000000000000000e+00
5.882755279541015625e+00 1.292390346527099609e+00 0.000000000000000000e+00
-7.663806915283203125e+00 1.263503646850585938e+01 0.000000000000000000e+00
1.648205375671386719e+01 -9.159615635871887207e-01 0.000000000000000000e+00
-1.571234798431396484e+01 1.016106605529785156e+00 0.000000000000000000e+00
7.646547794342041016e+00 1.495475387573242188e+01 0.000000000000000000e+00
-1.325825572013854980e+00 -3.971127986907958984e+00 0.000000000000000000e+00
-8.299008756875991821e-02 -9.307102203369140625e+00 0.000000000000000000e+00
6.559069633483886719e+00 2.761563539505004883e+00 0.000000000000000000e+00
8.586118698120117188e+00 1.053503513336181641e+01 0.000000000000000000e+00
-1.388439178466796875e+01 3.998509645462036133e+00 0.000000000000000000e+00
-3.786579132080078125e+00 1.955896019935607910e+00 0.000000000000000000e+00
-8.859404563903808594e+00 1.131021976470947266e+01 0.000000000000000000e+00
2.235320806503295898e+00 5.452537536621093750e-01 0.000000000000000000e+00
-5.206921577453613281e+00 7.019243240356445312e+00 0.000000000000000000e+00
1.546396923065185547e+01 3.226311922073364258e+00 0.000000000000000000e+00
-1.508365821838378906e+01 -5.032952308654785156e+00 0.000000000000000000e+00
-3.351189136505126953e+00 -1.435443210601806641e+01 0.000000000000000000e+00
-4.767757892608642578e+00 -8.156641006469726562e+00 0.000000000000000000e+00
-1.088705348968505859e+01 -5.217764854431152344e+00 0.000000000000000000e+00
5.347043514251708984e+00 1.241963863372802734e+01 0.000000000000000000e+00
-1.221574974060058594e+01 -1.030873870849609375e+01 0.000000000000000000e+00
1.455033898353576660e+00 2.159792184829711914e+00 0.000000000000000000e+00
1.329000568389892578e+01 -6.013330459594726562e+00 0.000000000000000000e+00
-4.963753700256347656e+00 -1.482167625427246094e+01 0.000000000000000000e+00
-1.222334766387939453e+01 6.509834766387939453e+00 0.000000000000000000e+00
1.575927925109863281e+01 -3.044673681259155273e+00 0.000000000000000000e+00
1.363832473754882812e+01 7.938600540161132812e+00 0.000000000000000000e+00
2.433202743530273438e+00 4.956061840057373047e+00 0.000000000000000000e+00
-1.895882010459899902e+00 1.074421691894531250e+01 0.000000000000000000e+00
-2.520312666893005371e-01 -1.483610439300537109e+01 0.000000000000000000e+00
-6.128470420837402344e+00 -1.069051647186279297e+01 0.000000000000000000e+00
-2.002666473388671875e+00 1.730156517028808594e+01 0.000000000000000000e+00
8.727301597595214844e+00 5.594528675079345703e+00 0.000000000000000000e+00
-8.656162261962890625e+00 8.369618415832519531e+00 0.000000000000000000e+00
-1.069108486175537109e+01 1.204306125640869141e+01 0.000000000000000000e+00
-1.094516086578369141e+01 -1.159939384460449219e+01 0.000000000000000000e+00
7.706423282623291016e+00 1.291743278503417969e+01 0.000000000000000000e+00
7.918435096740722656e+00 -1.096090030670166016e+01 0.000000000000000000e+00
6.203638076782226562e+00 -4.690552234649658203e+00 0.000000000000000000e+00
6.775091648101806641e+00 1.108856296539306641e+01 0.000000000000000000e+00
-1.441365838050842285e+00 7.614738941192626953e+00 0.000000000000000000e+00
1.972347617149353027e+00 -1.054928779602050781e+01 0.000000000000000000e+00
8.733390808105468750e+00 1.380883932113647461e+00 0.000000000000000000e+00
1.427586460113525391e+01 -7.937320232391357422e+00 0.000000000000000000e+00
-8.775295257568359375e+00 -1.276714324951171875e+01 0.000000000000000000e+00
5.679759979248046875e+00 9.738342285156250000e+00 0.000000000000000000e+00
3.568613290786743164e+00 -7.147831320762634277e-01 0.000000000000000000e+00
-6.123364567756652832e-01 -6.195967197418212891e+00 0.000000000000000000e+00
1.015636825561523438e+01 9.255196571350097656e+00 0.000000000000000000e+00
-2.725808620452880859e+00 1.219836139678955078e+01 0.000000000000000000e+00
-1.689376068115234375e+01 -3.252498865127563477e+00 0.000000000000000000e+00
-9.703143835067749023e-01 -1.205148792266845703e+01 0.000000000000000000e+00
9.614591002464294434e-01 -5.103024482727050781e+00 0.000000000000000000e+00
-1.186651325225830078e+01 4.659584999084472656e+00 0.000000000000000000e+00
7.647713184356689453e+00 -1.147605538368225098e+00 0.000000000000000000e+00
8.225641250610351562e+00 -3.068430662155151367e+00 0.000000000000000000e+00
1.047628879547119141e+01 -4.887814521789550781e+00 0.000000000000000000e+00
8.139967918395996094e-01 8.167537689208984375e+00 0.000000000000000000e+00
-1.486730670928955078e+01 2.484571695327758789e+00 0.000000000000000000e+00
-2.888381958007812500e+00 -5.163542747497558594e+00 0.000000000000000000e+00
9.396323204040527344e+00 -6.302176952362060547e+00 0.000000000000000000e+00
-1.405887413024902344e+01 -8.093120574951171875e+00 0.000000000000000000e+00
8.424473762512207031e+00 -8.064829826354980469e+00 0.000000000000000000e+00
-9.769169807434082031e+00 5.792057037353515625e+00 0.000000000000000000e+00
4.095327854156494141e+00 -3.507195234298706055e+00 0.000000000000000000e+00
-7.703130245208740234e+00 -1.622412204742431641e+00 0.000000000000000000e+00
1.279231071472167969e+01 -3.861433267593383789e+00 0.000000000000000000e+00
1.708341598510742188e+01 9.112624526023864746e-01 0.000000000000000000e+00
-1.241923141479492188e+01 -2.586439132690429688e+00 0.000000000000000000e+00
-3.355062007904052734e+00 -1.033685970306396484e+01 0.000000000000000000e+00
1.479348754882812500e+01 6.404035568237304688e+00 0.000000000000000000e+00
-5.160215377807617188e+00 1.258601284027099609e+01 0.000000000000000000e+00
-4.521732330322265625e+00 8.391222000122070312e+00 0.000000000000000000e+00
-7.128188133239746094e+00 5.930714607238769531e+00 0.000000000000000000e+00
-5.310534000396728516e+00 1.465068340301513672e+01 0.000000000000000000e+00
1.524789571762084961e+00 -1.238903236389160156e+01 0.000000000000000000e+00
2.424413681030273438e+00 -4.473371982574462891e+00 0.000000000000000000e+00
-7.216680526733398438e+00 -7.670404434204101562e+00 0.000000000000000000e+00
-5.840482711791992188e+00 -6.874636173248291016e+00 0.000000000000000000e+00
-1.930413484573364258e+00 -3.210329115390777588e-01 0.000000000000000000e+00
2.508430957794189453e+00 -6.528739452362060547e+00 0.000000000000000000e+00
1.360600471496582031e+01 3.982829809188842773e+00 0.000000000000000000e+00
4.449385643005371094e+00 -1.590888023376464844e+01 0.000000000000000000e+00
1.398024272918701172e+01 -2.869327545166015625e+00 0.000000000000000000e+00
5.276937961578369141e+00 -1.572895526885986328e+00 0.000000000000000000e+00
-3.703609943389892578e+00 1.027783393859863281e+01 0.000000000000000000e+00
-8.551696777343750000e+00 3.911631345748901367e+00 0.000000000000000000e+00
1.510542964935302734e+01 8.638593673706054688e+00 0.000000000000000000e+00
9.203553199768066406e+00 1.408421134948730469e+01 0.000000000000000000e+00
6.208378791809082031e+00 8.279465675354003906e+00 0.000000000000000000e+00
9.293936729431152344e+00 -9.452830553054809570e-01 0.000000000000000000e+00
-8.858554840087890625e+00 1.505004310607910156e+01 0.000000000000000000e+00
-7.137206196784973145e-01 1.504276180267333984e+01 0.000000000000000000e+00
-1.328820896148681641e+01 1.508774042129516602e+00 0.000000000000000000e+00
4.850177764892578125e+00 6.135647296905517578e+00 0.000000000000000000e+00
3.989382982254028320e+00 -1.402169990539550781e+01 0.000000000000000000e+00
-2.280378341674804688e+00 2.155349731445312500e+00 0.000000000000000000e+00
7.026959657669067383e-01 -3.625063419342041016e+00 0.000000000000000000e+00
1.357393169403076172e+01 3.509577512741088867e-01 0.000000000000000000e+00
1.115108394622802734e+01 -8.494106292724609375e+00 0.000000000000000000e+00
6.770527362823486328e+00 4.734497547149658203e+00 0.000000000000000000e+00
-1.285241985321044922e+01 -5.596098899841308594e+00 0.000000000000000000e+00
-1.213607788085937500e+01 1.108392429351806641e+01 0.000000000000000000e+00
-2.133067846298217773e+00 -1.638139915466308594e+01 0.000000000000000000e+00
3.972021818161010742e+00 1.086079001426696777e+00 0.000000000000000000e+00
6.126418113708496094e+00 -1.309457874298095703e+01 0.000000000000000000e+00
8.042454719543457031e+00 -1.311958408355712891e+01 0.000000000000000000e+00
1.579185485839843750e+01 -6.062357425689697266e+00 0.000000000000000000e+00
-1.075064373016357422e+01 -3.387833356857299805e+00 0.000000000000000000e+00
1.232758045196533203e+01 5.090332508087158203e+00 0.000000000000000000e+00
1.089167976379394531e+01 1.741038441658020020e+00 0.000000000000000000e+00
3.326490879058837891e+00 -9.901419639587402344e+00 0.000000000000000000e+00
-7.882760524749755859e+00 -1.152488040924072266e+01 0.000000000000000000e+00
5.048045158386230469e+00 -6.684425830841064453e+00 0.000000000000000000e+00
-1.301310443878173828e+01 9.081182479858398438e+00 0.000000000000000000e+00
-1.251291751861572266e+00 1.328823280334472656e+01 0.000000000000000000e+00
-3.262048721313476562e+00 -1.381910443305969238e+00 0.000000000000000000e+00
1.690820455551147461e-01 4.212203502655029297e+00 0.000000000000000000e+00
-6.108671665191650391e+00 1.612586021423339844e+01 0.000000000000000000e+00
1.640572166442871094e+01 5.626025199890136719e+00 0.000000000000000000e+00
3.358645915985107422e+00 1.292616081237792969e+01 0.000000000000000000e+00
-1.002646827697753906e+01 1.384219264984130859e+01 0.000000000000000000e+00
-7.348867893218994141e+00 -1.378638595342636108e-01 0.000000000000000000e+00
1.397243261337280273e+00 -1.633402061462402344e+01 0.000000000000000000e+00
-8.077649116516113281e+00 -9.395968437194824219e+00 0.000000000000000000e+00
2.677683830261230469e-01 1.275364780426025391e+01 0.000000000000000000e+00
7.215271472930908203e+00 -9.589107513427734375e+00 0.000000000000000000e+00
-3.151093721389770508e+00 -6.837454795837402344e+00 0.000000000000000000e+00
-1.388473033905029297e+01 -3.240555226802825928e-01 0.000000000000000000e+00
1.468075561523437500e+01 -1.331523656845092773e+00 0.000000000000000000e+00
-2.899728059768676758e+00 8.590515136718750000e+00 0.000000000000000000e+00
-9.301906585693359375e+00 -5.481651306152343750e+00 0.000000000000000000e+00
-1.102778339385986328e+01 -8.884749412536621094e+00 0.000000000000000000e+00
1.019982337951660156e+01 6.257598876953125000e+00 0.000000000000000000e+00
8.510783910751342773e-01 1.525919723510742188e+01 0.000000000000000000e+00
-7.753038406372070312e+00 1.029684734344482422e+01 0.000000000000000000e+00
-1.377989292144775391e+01 -1.044672107696533203e+01 0.000000000000000000e+00
2.012581110000610352e+00 -8.840493202209472656e+00 0.000000000000000000e+00
3.079078912734985352e+00 1.089697933197021484e+01 0.000000000000000000e+00
-3.409764528274536133e+00 3.652817726135253906e+00 0.000000000000000000e+00
9.224611282348632812e+00 -9.603400230407714844e+00 0.000000000000000000e+00
3.095434010028839111e-01 -7.526390552520751953e+00 0.000000000000000000e+00
1.326126456260681152e+00 -2.250563621520996094e+00 0.000000000000000000e+00
-1.391687393188476562e+01 7.812624454498291016e+00 0.000000000000000000e+00
-3.947044610977172852e+00 1.556900787353515625e+01 0.000000000000000000e+00
-4.792653083801269531e+00 -1.870490550994873047e+00 0.000000000000000000e+00
8.485320091247558594e+00 -1.485523414611816406e+01 0.000000000000000000e+00
-1.509963631629943848e+00 -1.362797641754150391e+01 0.000000000000000000e+00
-6.400890350341796875e-01 7.845732569694519043e-01 0.000000000000000000e+00
-1.138273143768310547e+01 -1.320702791213989258e+00 0.000000000000000000e+00
-8.430234909057617188e+00 6.767906665802001953e+00 0.000000000000000000e+00
-5.287418842315673828e+00 9.808432579040527344e+00 0.000000000000000000e+00
-3.161083221435546875e+00 -3.324258804321289062e+00 0.000000000000000000e+00
-1.283627033233642578e+01 -1.174374961853027344e+01 0.000000000000000000e+00
-8.770575523376464844e+00 -7.320685863494873047e+00 0.000000000000000000e+00
1.539522171020507812e+01 8.029043674468994141e-01 0.000000000000000000e+00
-6.838050365447998047e+00 4.359036445617675781e+00 0.000000000000000000e+00
-1.036740016937255859e+01 1.034680747985839844e+01 0.000000000000000000e+00
-1.681074523925781250e+01 -1.559176802635192871e+00 0.000000000000000000e+00
-1.599587345123291016e+01 6.728991031646728516e+00 0.000000000000000000e+00
-1.735002517700195312e+01 2.228143453598022461e+00 0.000000000000000000e+00
1.190816974639892578e+01 -6.867797851562500000e+00 0.000000000000000000e+00
3.378787517547607422e+00 3.372659683227539062e+00 0.000000000000000000e+00
-8.634505271911621094e+00 -1.473545360565185547e+01 0.000000000000000000e+00
-1.568551635742187500e+01 -7.506268501281738281e+00 0.000000000000000000e+00
1.060634040832519531e+01 7.729683399200439453e+00 0.000000000000000000e+00
-3.214731931686401367e+00 6.932863712310791016e+00 0.000000000000000000e+00
1.165720272064208984e+01 1.214927005767822266e+01 0.000000000000000000e+00
-6.129151821136474609e+00 -8.850727081298828125e+00 0.000000000000000000e+00
6.827744007110595703e+00 6.860385894775390625e+00 0.000000000000000000e+00
9.700477600097656250e+00 1.247926902770996094e+01 0.000000000000000000e+00
-1.217474746704101562e+01 2.105939686298370361e-01 0.000000000000000000e+00
1.002743339538574219e+01 -1.402854824066162109e+01 0.000000000000000000e+00
5.837189197540283203e+00 1.455986690521240234e+01 0.000000000000000000e+00
-1.168669319152832031e+01 3.152985572814941406e+00 0.000000000000000000e+00
-1.734860610961914062e+01 -5.605182144790887833e-03 0.000000000000000000e+00
6.397338867187500000e+00 -2.840894222259521484e+00 0.000000000000000000e+00
-7.689102172851562500e+00 -3.747399568557739258e+00 0.000000000000000000e+00
-3.283084392547607422e+00 1.398201084136962891e+01 0.000000000000000000e+00
-4.642923831939697266e+00 5.594543933868408203e+00 0.000000000000000000e+00
-3.474526882171630859e+00 1.918397694826126099e-01 0.000000000000000000e+00
7.859273433685302734e+00 -6.055903434753417969e+00 0.000000000000000000e+00
1.223261165618896484e+01 7.186518192291259766e+00 0.000000000000000000e+00
1.659087300300598145e+00 9.531532287597656250e+00 0.000000000000000000e+00
-1.240631580352783203e+01 -8.224977493286132812e+00 0.000000000000000000e+00
3.894625902175903320e+00 -8.055192947387695312e+00 0.000000000000000000e+00
-4.574230015277862549e-01 -1.692305564880371094e+01 0.000000000000000000e+00
1.175223636627197266e+01 1.034804916381835938e+01 0.000000000000000000e+00
-1.261874794960021973e+00 5.719131469726562500e+00 0.000000000000000000e+00
6.250881195068359375e+00 -1.089516162872314453e+01 0.000000000000000000e+00
1.186111927032470703e+01 4.997147023677825928e-01 0.000000000000000000e+00
-5.127832889556884766e+00 -1.313424777984619141e+01 0.000000000000000000e+00
4.221926212310791016e+00 1.489483928680419922e+01 0.000000000000000000e+00
-1.592693614959716797e+01 3.770009279251098633e+00 0.000000000000000000e+00
-1.085546016693115234e+01 -1.357673263549804688e+01 0.000000000000000000e+00
5.475847721099853516e+00 -1.467758750915527344e+01 0.000000000000000000e+00
7.294981002807617188e+00 6.311335563659667969e-01 0.000000000000000000e+00
