1.985095500946044922e+00 -3.787698030471801758e+00 0.000000000000000000e+00
4.669973850250244141e+00 -1.255461978912353516e+01 0.000000000000000000e+00
-8.881923675537109375e+00 -9.953892976045608521e-02 0.000000000000000000e+00
-5.830048561096191406e+00 1.625218582153320312e+01 0.000000000000000000e+00
-4.540327548980712891e+00 1.725451946258544922e+00 0.000000000000000000e+00
8.804453849792480469e+00 -1.469893264770507812e+01 0.000000000000000000e+00
5.042708396911621094e+00 -6.620661258697509766e+00 0.000000000000000000e+00
6.837584495544433594e+00 -1.188275909423828125e+01 0.000000000000000000e+00
-6.163600444793701172e+00 -1.459687328338623047e+01 0.000000000000000000e+00
2.657722949981689453e+00 -1.172848939895629883e+00 0.000000000000000000e+00
1.464654803276062012e+00 4.603995800018310547e+00 0.000000000000000000e+00
-1.255194377899169922e+01 -2.387698888778686523e+00 0.000000000000000000e+00
2.506423473358154297e+00 -1.298975753784179688e+01 0.000000000000000000e+00
-1.464039516448974609e+01 -1.325637340545654297e+00 0.000000000000000000e+00
9.726131439208984375e+00 1.016720294952392578e+01 0.000000000000000000e+00
-1.277276611328125000e+01 -9.071746826171875000e+00 0.000000000000000000e+00
1.067051696777343750e+01 1.215445804595947266e+01 0.000000000000000000e+00
-1.274539947509765625e+01 8.657000541687011719e+00 0.000000000000000000e+00
1.537652492523193359e+01 1.684201359748840332e+00 0.000000000000000000e+00
4.651854038238525391e+00 9.432045936584472656e+00 0.000000000000000000e+00
-2.324694633483886719e+00 8.149648666381835938e+00 0.000000000000000000e+00
-8.670590400695800781e+00 3.980482578277587891e+00 0.000000000000000000e+00
1.420755577087402344e+01 6.434017181396484375e+00 0.000000000000000000e+00
-5.334831237792968750e+00 -3.051003694534301758e+00 0.000000000000000000e+00
-1.339172005653381348e+00 -1.544679069519042969e+01 0.000000000000000000e+00
1.518606090545654297e+01 -8.052543640136718750e+00 0.000000000000000000e+00
8.437457084655761719e+00 -1.310643672943115234e+01 0.000000000000000000e+00
-1.170927238464355469e+01 3.568197965621948242e+00 0.000000000000000000e+00
6.479945182800292969e+00 5.473029613494873047e+00 0.000000000000000000e+00
-4.517888069152832031e+00 1.191996097564697266e+01 0.000000000000000000e+00
1.050308513641357422e+01 -9.097417831420898438e+00 0.000000000000000000e+00
1.049771070480346680e+00 1.479515933990478516e+01 0.000000000000000000e+00
-8.554365158081054688e+00 -2.470577001571655273e+00 0.000000000000000000e+00
1.931050777435302734e+00 9.067459106445312500e+00 0.000000000000000000e+00
2.489060878753662109e+00 1.290022087097167969e+01 0.000000000000000000e+00
-7.189348220825195312e+00 6.250013351440429688e+00 0.000000000000000000e+00
-3.277678489685058594e+00 -1.253782558441162109e+01 0.000000000000000000e+00
-2.816971302032470703e+00 1.961225152015686035e+00 0.000000000000000000e+00
2.364592552185058594e+00 7.554810523986816406e+00 0.000000000000000000e+00
-1.458083748817443848e+00 1.724172973632812500e+01 0.000000000000000000e+00
8.407387733459472656e+00 1.364237689971923828e+01 0.000000000000000000e+00
1.573981475830078125e+01 -1.123558640480041504e+00 0.000000000000000000e+00
1.163045310974121094e+01 -1.073119163513183594e+01 0.000000000000000000e+00
4.413561344146728516e+00 3.199466466903686523e+00 0.000000000000000000e+00
-2.569019079208374023e+00 3.531662523746490479e-01 0.000000000000000000e+00
-2.082660675048828125e+00 3.318990707397460938e+00 0.000000000000000000e+00
7.409823417663574219e+00 -5.397639274597167969e+00 0.000000000000000000e+00
1.711467933654785156e+01 2.267322301864624023e+00 0.000000000000000000e+00
-8.545470237731933594e+00 1.186928939819335938e+01 0.000000000000000000e+00
-1.256054782867431641e+01 6.666019439697265625e+00 0.000000000000000000e+00
-7.504977703094482422e+00 -6.959440708160400391e+00 0.000000000000000000e+00
-3.647586107254028320e+00 -5.723599433898925781e+00 0.000000000000000000e+00
-1.055847549438476562e+01 7.263168811798095703e+00 0.000000000000000000e+00
1.168659973144531250e+01 -6.169063970446586609e-03 0.000000000000000000e+00
7.760959625244140625e+00 2.026340723037719727e+00 0.000000000000000000e+00
6.911677837371826172e+00 1.186531734466552734e+01 0.000000000000000000e+00
6.071941852569580078e+00 7.213814735412597656e+00 0.000000000000000000e+00
-2.953917980194091797e+00 5.666033744812011719e+00 0.000000000000000000e+00
-1.528988075256347656e+01 5.511426925659179688e+00 0.000000000000000000e+00
-4.859544277191162109e+00 3.401313543319702148e+00 0.000000000000000000e+00
-4.187024593353271484e+00 -7.967401027679443359e+00 0.000000000000000000e+00
8.020874977111816406e+00 -9.684509277343750000e+00 0.000000000000000000e+00
-6.583165168762207031e+00 1.359290313720703125e+01 0.000000000000000000e+00
1.950319170951843262e+00 -1.547886371612548828e+01 0.000000000000000000e+00
-1.386609268188476562e+01 2.366962909698486328e+00 0.000000000000000000e+00
1.267054557800292969e+01 -4.170555591583251953e+00 0.000000000000000000e+00
1.585592842102050781e+01 -2.852279663085937500e+00 0.000000000000000000e+00
-6.517776012420654297e+00 4.787357807159423828e+00 0.000000000000000000e+00
-1.598814296722412109e+01 2.190703392028808594e+00 0.000000000000000000e+00
-1.007538604736328125e+01 -7.419095516204833984e+00 0.000000000000000000e+00
1.323332214355468750e+01 1.115029811859130859e+01 0.000000000000000000e+00
2.715231180191040039e+00 1.718358993530273438e+01 0.000000000000000000e+00
5.159215927124023438e-01 -1.155658149719238281e+01 0.000000000000000000e+00
-1.197502374649047852e+00 -1.389513969421386719e+01 0.000000000000000000e+00
-1.010335254669189453e+01 1.155953311920166016e+01 0.000000000000000000e+00
-1.140015220642089844e+01 8.669211864471435547e-01 0.000000000000000000e+00
-1.466333675384521484e+01 3.708661079406738281e+00 0.000000000000000000e+00
-6.443533420562744141e+00 1.637286782264709473e+00 0.000000000000000000e+00
-4.261603951454162598e-01 -4.928008079528808594e+00 0.000000000000000000e+00
-1.181392288208007812e+01 -7.052699565887451172e+00 0.000000000000000000e+00
-9.135142326354980469e+00 5.858017444610595703e+00 0.000000000000000000e+00
-9.749383926391601562e+00 -1.552655339241027832e+00 0.000000000000000000e+00
-1.484959030151367188e+01 7.900344371795654297e+00 0.000000000000000000e+00
1.114205741882324219e+01 5.823608398437500000e+00 0.000000000000000000e+00
5.876533508300781250e+00 -4.445393085479736328e+00 0.000000000000000000e+00
1.578992557525634766e+01 5.530173778533935547e+00 0.000000000000000000e+00
-4.922011375427246094e+00 7.723148345947265625e+00 0.000000000000000000e+00
9.648981094360351562e+00 -5.295560359954833984e+00 0.000000000000000000e+00
-1.105677413940429688e+01 -2.778747797012329102e+00 0.000000000000000000e+00
7.309340953826904297e+00 3.689258813858032227e+00 0.000000000000000000e+00
-1.280583858489990234e+01 4.997002601623535156e+00 0.000000000000000000e+00
-5.961197614669799805e-01 -8.720376968383789062e+00 0.000000000000000000e+00
3.636107921600341797e+00 -4.408805847167968750e+00 0.000000000000000000e+00
-9.279404640197753906e+00 -4.015946388244628906e+00 0.000000000000000000e+00
-1.050869345664978027e+00 9.199440002441406250e+00 0.000000000000000000e+00
-8.467378020286560059e-01 -3.322446823120117188e+00 0.000000000000000000e+00
-1.742530250549316406e+01 -3.979619741439819336e-01 0.000000000000000000e+00
6.006610393524169922e+00 -1.044737339019775391e+01 0.000000000000000000e+00
-8.076747894287109375e+00 1.517625713348388672e+01 0.000000000000000000e+00
-4.507780075073242188e+00 6.256737709045410156e+00 0.000000000000000000e+00
3.430233240127563477e+00 -7.226417064666748047e+00 0.000000000000000000e+00
1.327458763122558594e+01 4.230761528015136719e+00 0.000000000000000000e+00
-8.459426879882812500e+00 -8.901267051696777344e+00 0.000000000000000000e+00
7.729371786117553711e-01 -1.730803680419921875e+01 0.000000000000000000e+00
-7.161969661712646484e+00 2.991130828857421875e+00 0.000000000000000000e+00
-5.392346382141113281e-01 7.091667652130126953e+00 0.000000000000000000e+00
-6.815022945404052734e+00 -4.086287975311279297e+00 0.000000000000000000e+00
-8.933333396911621094e+00 -1.503122043609619141e+01 0.000000000000000000e+00
5.677760124206542969e+00 1.068907070159912109e+01 0.000000000000000000e+00
1.028582191467285156e+01 -7.591965198516845703e+00 0.000000000000000000e+00
-8.759727478027343750e+00 1.343181419372558594e+01 0.000000000000000000e+00
-3.510195761919021606e-02 1.055235290527343750e+01 0.000000000000000000e+00
-1.896194815635681152e+00 -7.187664508819580078e+00 0.000000000000000000e+00
4.114134788513183594e+00 -2.102361202239990234e+00 0.000000000000000000e+00
3.947165727615356445e+00 1.552638053894042969e+01 0.000000000000000000e+00
-1.880749702453613281e+00 1.404899311065673828e+01 0.000000000000000000e+00
4.412495613098144531e+00 5.413238525390625000e+00 0.000000000000000000e+00
-9.531968116760253906e+00 1.014161777496337891e+01 0.000000000000000000e+00
3.114459514617919922e+00 1.085351943969726562e+00 0.000000000000000000e+00
-2.411789655685424805e+00 -8.896180152893066406e+00 0.000000000000000000e+00
8.610682487487792969e+00 9.102873802185058594e+00 0.000000000000000000e+00
1.390664196014404297e+01 -5.464331150054931641e+00 0.000000000000000000e+00
9.030334472656250000e+00 5.562228202819824219e+00 0.000000000000000000e+00
-1.015835285186767578e+01 -1.352031326293945312e+01 0.000000000000000000e+00
4.105493068695068359e+00 1.157367992401123047e+01 0.000000000000000000e+00
1.209348201751708984e+00 -9.120241165161132812e+00 0.000000000000000000e+00
6.065989732742309570e-01 1.224548053741455078e+01 0.000000000000000000e+00
-1.470891380310058594e+01 -3.159148454666137695e+00 0.000000000000000000e+00
-8.585419654846191406e+00 1.550719976425170898e+00 0.000000000000000000e+00
6.168891906738281250e+00 -1.582870960235595703e+01 0.000000000000000000e+00
4.930113792419433594e+00 1.334761524200439453e+01 0.000000000000000000e+00
-9.839758872985839844e+00 -9.924243927001953125e+00 0.000000000000000000e+00
1.400101280212402344e+01 -1.030118370056152344e+01 0.000000000000000000e+00
-4.877035617828369141e+00 -1.013368511199951172e+01 0.000000000000000000e+00
4.291551411151885986e-01 -1.313309288024902344e+01 0.000000000000000000e+00
-6.760916233062744141e+00 -1.074160385131835938e+01 0.000000000000000000e+00
-1.623447036743164062e+01 -5.305714607238769531e+00 0.000000000000000000e+00
1.505131340026855469e+01 3.163783073425292969e+00 0.000000000000000000e+00
-1.181877255439758301e+00 -1.093769073486328125e+01 0.000000000000000000e+00
1.206386184692382812e+01 -2.765388727188110352e+00 0.000000000000000000e+00
-4.433939456939697266e+00 -8.874096274375915527e-01 0.000000000000000000e+00
-6.079405784606933594e+00 -7.654912471771240234e+00 0.000000000000000000e+00
7.726435661315917969e+00 -1.661474108695983887e+00 0.000000000000000000e+00
-1.331680202484130859e+01 1.052203845977783203e+01 0.000000000000000000e+00
5.753530025482177734e+00 1.585191345214843750e+01 0.000000000000000000e+00
9.477126121520996094e+00 -1.768911957740783691e+00 0.000000000000000000e+00
-8.633360862731933594e+00 -1.209005928039550781e+01 0.000000000000000000e+00
-2.602119684219360352e+00 -2.940112590789794922e+00 0.000000000000000000e+00
1.660415291786193848e+00 1.630171418190002441e+00 0.000000000000000000e+00
-1.355751323699951172e+01 -6.915844440460205078e+00 0.000000000000000000e+00
-4.456761360168457031e+00 1.691179084777832031e+01 0.000000000000000000e+00
8.753358840942382812e+00 7.087990760803222656e+00 0.000000000000000000e+00
-1.197116184234619141e+01 1.250782108306884766e+01 0.000000000000000000e+00
1.361026287078857422e+01 2.363324612379074097e-01 0.000000000000000000e+00
-1.821072936058044434e+00 1.159959602355957031e+01 0.000000000000000000e+00
-1.252942466735839844e+01 -1.085038566589355469e+01 0.000000000000000000e+00
-3.851980924606323242e+00 9.935442924499511719e+00 0.000000000000000000e+00
-4.804698228836059570e-01 5.029969692230224609e+00 0.000000000000000000e+00
-2.783700704574584961e+00 -1.438209056854248047e+01 0.000000000000000000e+00
1.534362697601318359e+01 7.434713840484619141e+00 0.000000000000000000e+00
-4.248006939888000488e-01 3.044070243835449219e+00 0.000000000000000000e+00
-7.502811908721923828e+00 8.179407119750976562e+00 0.000000000000000000e+00
8.581544876098632812e+00 -3.671539068222045898e+00 0.000000000000000000e+00
3.557862997055053711e+00 -1.687299156188964844e+01 0.000000000000000000e+00
-8.089674949645996094e+00 -5.374831676483154297e+00 0.000000000000000000e+00
1.388409328460693359e+01 8.640872955322265625e+00 0.000000000000000000e+00
9.502057075500488281e+00 1.490057229995727539e+00 0.000000000000000000e+00
-1.372405624389648438e+01 -5.109102725982666016e+00 0.000000000000000000e+00
1.420275688171386719e+01 -1.978355050086975098e+00 0.000000000000000000e+00
-3.241368055343627930e+00 -1.718575096130371094e+01 0.000000000000000000e+00
-4.849699020385742188e+00 -1.353754520416259766e+01 0.000000000000000000e+00
1.596781826019287109e+01 -5.285836696624755859e+00 0.000000000000000000e+00
-3.863262176513671875e+00 1.433128738403320312e+01 0.000000000000000000e+00
1.043115043640136719e+01 3.416111707687377930e+00 0.000000000000000000e+00
-1.001422023773193359e+01 2.792454957962036133e+00 0.000000000000000000e+00
-6.429620265960693359e+00 -9.212699890136718750e+00 0.000000000000000000e+00
-3.032955229282379150e-01 6.198908686637878418e-01 0.000000000000000000e+00
4.819002628326416016e+00 1.644749641418457031e+00 0.000000000000000000e+00
-1.513858699798583984e+01 -6.610516548156738281e+00 0.000000000000000000e+00
1.017732429504394531e+01 1.456509232521057129e-01 0.000000000000000000e+00
-1.457608604431152344e+01 9.519541740417480469e+00 0.000000000000000000e+00
-1.610824012756347656e+01 -2.453773260116577148e+00 0.000000000000000000e+00
3.988647222518920898e+00 -1.478207588195800781e+01 0.000000000000000000e+00
-1.662111473083496094e+01 4.537665843963623047e+00 0.000000000000000000e+00
1.153859615325927734e+00 -5.945263862609863281e+00 0.000000000000000000e+00
6.634476184844970703e+00 8.877561569213867188e+00 0.000000000000000000e+00
-1.198630619049072266e+01 -5.355587959289550781e+00 0.000000000000000000e+00
-7.161608695983886719e+00 1.007321834564208984e+01 0.000000000000000000e+00
-1.411533451080322266e+01 6.246311664581298828e-01 0.000000000000000000e+00
-3.466958761215209961e+00 3.960206985473632812e+00 0.000000000000000000e+00
6.927794933319091797e+00 6.499723196029663086e-01 0.000000000000000000e+00
1.669718360900878906e+01 3.978792428970336914e+00 0.000000000000000000e+00
-6.007555007934570312e+00 -1.197259902954101562e+00 0.000000000000000000e+00
6.468735218048095703e+00 -8.104184150695800781e+00 0.000000000000000000e+00
9.052603721618652344e+00 1.185548305511474609e+01 0.000000000000000000e+00
-1.105993366241455078e+01 -8.994024276733398438e+00 0.000000000000000000e+00
-4.242736339569091797e+00 -1.499762821197509766e+01 0.000000000000000000e+00
1.180718803405761719e+01 -1.271180438995361328e+01 0.000000000000000000e+00
-1.006879901885986328e+01 4.681314468383789062e+00 0.000000000000000000e+00
7.132880210876464844e+00 -1.444443607330322266e+01 0.000000000000000000e+00
1.194229316711425781e+01 7.321163654327392578e+00 0.000000000000000000e+00
-2.736568927764892578e+00 1.633557891845703125e+01 0.000000000000000000e+00
-1.961808204650878906e+00 -4.419489383697509766e+00 0.000000000000000000e+00
1.287138748168945312e+01 -7.882402896881103516e+00 0.000000000000000000e+00
-8.987793922424316406e+00 7.915189743041992188e+00 0.000000000000000000e+00
1.106386375427246094e+01 -1.546776771545410156e+00 0.000000000000000000e+00
1.728652000427246094e+01 -2.153424501419067383e+00 0.000000000000000000e+00
-5.441399097442626953e+00 -5.909657478332519531e+00 0.000000000000000000e+00
-4.063481986522674561e-01 -6.728755950927734375e+00 0.000000000000000000e+00
-4.635898113250732422e+00 -1.645818328857421875e+01 0.000000000000000000e+00
-7.051981449127197266e+00 -4.959123209118843079e-02 0.000000000000000000e+00
-1.877527356147766113e+00 -1.587651848793029785e+00 0.000000000000000000e+00
-3.070984601974487305e+00 -1.050684070587158203e+01 0.000000000000000000e+00
8.492097854614257812e+00 -7.264347076416015625e+00 0.000000000000000000e+00
-1.131295680999755859e+00 -1.697443580627441406e+01 0.000000000000000000e+00
4.507105827331542969e+00 -1.204471141099929810e-01 0.000000000000000000e+00
4.307044029235839844e+00 7.279411315917968750e+00 0.000000000000000000e+00
8.994417190551757812e+00 -1.138773536682128906e+01 0.000000000000000000e+00
-1.590381717681884766e+01 4.200627803802490234e-01 0.000000000000000000e+00
-1.032169818878173828e+01 1.320148658752441406e+01 0.000000000000000000e+00
6.395407676696777344e+00 1.442644500732421875e+01 0.000000000000000000e+00
3.936140537261962891e+00 -9.361804962158203125e+00 0.000000000000000000e+00
1.695575904846191406e+01 2.555018067359924316e-01 0.000000000000000000e+00
2.051366806030273438e+00 1.121402359008789062e+01 0.000000000000000000e+00
2.456405162811279297e+00 5.855994701385498047e+00 0.000000000000000000e+00
1.135463809967041016e+01 -5.081878185272216797e+00 0.000000000000000000e+00
8.275320053100585938e+00 1.522049999237060547e+01 0.000000000000000000e+00
-5.662257671356201172e+00 1.030490303039550781e+01 0.000000000000000000e+00
1.353369331359863281e+01 2.642068624496459961e+00 0.000000000000000000e+00
-5.558572769165039062e+00 -1.173785018920898438e+01 0.000000000000000000e+00
-3.346726298332214355e-01 -1.817134141921997070e+00 0.000000000000000000e+00
-1.091944503784179688e+01 -1.185275173187255859e+01 0.000000000000000000e+00
5.674371242523193359e+00 -1.069475531578063965e+00 0.000000000000000000e+00
-5.849015712738037109e-01 1.508311080932617188e+01 0.000000000000000000e+00
1.696375161409378052e-01 1.643350791931152344e+01 0.000000000000000000e+00
1.083694076538085938e+01 -3.673341989517211914e+00 0.000000000000000000e+00
-1.072043323516845703e+01 -4.501523017883300781e+00 0.000000000000000000e+00
1.203944778442382812e+01 2.830074310302734375e+00 0.000000000000000000e+00
1.047428250312805176e+00 -2.049487680196762085e-01 0.000000000000000000e+00
3.137890577316284180e+00 -1.092828941345214844e+01 0.000000000000000000e+00
9.849859237670898438e+00 8.215211868286132812e+00 0.000000000000000000e+00
9.629044532775878906e+00 1.455226421356201172e+01 0.000000000000000000e+00
1.253018951416015625e+01 9.407988548278808594e+00 0.000000000000000000e+00
-7.978077411651611328e+00 -1.372469615936279297e+01 0.000000000000000000e+00
6.268697261810302734e+00 -2.831226825714111328e+00 0.000000000000000000e+00
-1.119694614410400391e+01 9.423070907592773438e+00 0.000000000000000000e+00
-7.010204315185546875e+00 1.199463176727294922e+01 0.000000000000000000e+00
1.058152008056640625e+01 -1.358388900756835938e+01 0.000000000000000000e+00
3.380076169967651367e+00 4.304565429687500000e+00 0.000000000000000000e+00
-6.767014503479003906e+00 -2.531628608703613281e+00 0.000000000000000000e+00
-8.407665252685546875e+00 -1.052268505096435547e+01 0.000000000000000000e+00
-4.130764484405517578e+00 -4.174775123596191406e+00 0.000000000000000000e+00
8.473328590393066406e+00 1.829727739095687866e-01 0.000000000000000000e+00
1.283576202392578125e+01 5.785433292388916016e+00 0.000000000000000000e+00
1.181302070617675781e+01 -6.668880462646484375e+00 0.000000000000000000e+00
1.295802211761474609e+01 -1.131476759910583496e+00 0.000000000000000000e+00
