-4.485284328460693359e+00 1.294661712646484375e+01 0.000000000000000000e+00
7.504961013793945312e+00 4.361266613006591797e+00 0.000000000000000000e+00
-1.009598350524902344e+01 -5.614309787750244141e+00 0.000000000000000000e+00
-5.262056827545166016e+00 3.802020072937011719e+00 0.000000000000000000e+00
3.303055524826049805e+00 7.526224136352539062e+00 0.000000000000000000e+00
-8.757479488849639893e-02 -8.918218612670898438e-01 0.000000000000000000e+00
8.971402168273925781e+00 6.059555530548095703e+00 0.000000000000000000e+00
9.859943389892578125e+00 9.312313079833984375e+00 0.000000000000000000e+00
1.241921782493591309e+00 6.391538143157958984e+00 0.000000000000000000e+00
-6.913347244262695312e+00 -1.100294017791748047e+01 0.000000000000000000e+00
8.958745956420898438e+00 -1.157851505279541016e+01 0.000000000000000000e+00
1.502191734313964844e+01 1.791977763175964355e+00 0.000000000000000000e+00
1.064481544494628906e+01 1.302122879028320312e+01 0.000000000000000000e+00
6.452287673950195312e+00 -1.584881019592285156e+01 0.000000000000000000e+00
1.163233470916748047e+01 3.243511199951171875e+00 0.000000000000000000e+00
-1.577840805053710938e+00 2.278802633285522461e+00 0.000000000000000000e+00
6.326178550720214844e+00 1.628809928894042969e+01 0.000000000000000000e+00
-1.347371101379394531e+01 -2.944410800933837891e+00 0.000000000000000000e+00
9.957689285278320312e+00 -3.253358125686645508e+00 0.000000000000000000e+00
5.665755748748779297e+00 3.050097942352294922e+00 0.000000000000000000e+00
-3.665326833724975586e+00 -8.612748146057128906e+00 0.000000000000000000e+00
-1.969467997550964355e+00 7.322294235229492188e+00 0.000000000000000000e+00
-3.393314123153686523e+00 -1.157793712615966797e+01 0.000000000000000000e+00
1.216396999359130859e+01 1.452318906784057617e+00 0.000000000000000000e+00
-9.100513458251953125e+00 4.169533252716064453e+00 0.000000000000000000e+00
1.227426815032958984e+01 -7.666325569152832031e-01 0.000000000000000000e+00
1.168762969970703125e+01 -7.852066516876220703e+00 0.000000000000000000e+00
1.047441291809082031e+01 -1.144149112701416016e+01 0.000000000000000000e+00
-6.736986160278320312e+00 7.442512512207031250e+00 0.000000000000000000e+00
9.600598335266113281e+00 1.437551403045654297e+01 0.000000000000000000e+00
1.617815971374511719e+01 -4.644495010375976562e+00 0.000000000000000000e+00
8.660070419311523438e+00 -9.193644523620605469e+00 0.000000000000000000e+00
-2.287311315536499023e+00 1.112275218963623047e+01 0.000000000000000000e+00
-3.142806142568588257e-02 1.318425893783569336e+00 0.000000000000000000e+00
-1.411750078201293945e+00 5.549235820770263672e+00 0.000000000000000000e+00
-7.198851108551025391e+00 3.479185998439788818e-01 0.000000000000000000e+00
1.283340835571289062e+01 -8.877821922302246094e+00 0.000000000000000000e+00
6.077737808227539062e+00 -1.759684085845947266e+00 0.000000000000000000e+00
6.036757946014404297e+00 -1.280296611785888672e+01 0.000000000000000000e+00
1.196335554122924805e+00 -1.601079940795898438e+01 0.000000000000000000e+00
-1.399949359893798828e+01 9.210373878479003906e+00 0.000000000000000000e+00
1.302476787567138672e+01 5.115716457366943359e+00 0.000000000000000000e+00
6.573582887649536133e-01 -1.441305923461914062e+01 0.000000000000000000e+00
1.083368420600891113e+00 -9.614696502685546875e+00 0.000000000000000000e+00
-8.572127342224121094e+00 -9.312520027160644531e+00 0.000000000000000000e+00
-4.817566648125648499e-02 -7.125342369079589844e+00 0.000000000000000000e+00
5.170702457427978516e+00 1.037381172180175781e+01 0.000000000000000000e+00
2.156723499298095703e+00 -1.284938049316406250e+01 0.000000000000000000e+00
2.603638648986816406e+00 -1.487351131439208984e+01 0.000000000000000000e+00
5.899044990539550781e+00 5.805240154266357422e+00 0.000000000000000000e+00
3.652924776077270508e+00 5.707041740417480469e+00 0.000000000000000000e+00
-1.622834396362304688e+01 -6.647228598594665527e-01 0.000000000000000000e+00
-1.348804235458374023e+00 -1.157101249694824219e+01 0.000000000000000000e+00
-3.777266025543212891e+00 -1.596513843536376953e+01 0.000000000000000000e+00
5.503070354461669922e+00 1.278114318847656250e+01 0.000000000000000000e+00
7.363234043121337891e+00 9.474241256713867188e+00 0.000000000000000000e+00
-6.755406379699707031e+00 -7.238394737243652344e+00 0.000000000000000000e+00
1.277293801307678223e+00 -2.823926210403442383e+00 0.000000000000000000e+00
8.205686569213867188e+00 -7.552055358886718750e+00 0.000000000000000000e+00
-8.921468734741210938e+00 1.396463584899902344e+01 0.000000000000000000e+00
2.697608232498168945e+00 -4.124043464660644531e+00 0.000000000000000000e+00
7.446589469909667969e+00 2.752338647842407227e+00 0.000000000000000000e+00
-7.251807689666748047e+00 9.458734512329101562e+00 0.000000000000000000e+00
-2.232125282287597656e+00 -3.480114936828613281e+00 0.000000000000000000e+00
-1.525715637207031250e+01 -3.642901420593261719e+00 0.000000000000000000e+00
-5.126845836639404297e+00 1.762356758117675781e+00 0.000000000000000000e+00
7.674599647521972656e+00 -5.496998310089111328e+00 0.000000000000000000e+00
-1.067267799377441406e+01 1.232580089569091797e+01 0.000000000000000000e+00
1.400226306915283203e+01 -1.042806982994079590e+00 0.000000000000000000e+00
1.454763793945312500e+01 -3.392290592193603516e+00 0.000000000000000000e+00
-1.014770889282226562e+01 -1.259593296051025391e+01 0.000000000000000000e+00
7.755158424377441406e+00 -1.488097858428955078e+01 0.000000000000000000e+00
-1.451664543151855469e+01 3.593108892440795898e+00 0.000000000000000000e+00
8.305371284484863281e+00 1.349040412902832031e+01 0.000000000000000000e+00
2.343897342681884766e+00 3.291665792465209961e+00 0.000000000000000000e+00
2.370882034301757812e+00 1.252860450744628906e+01 0.000000000000000000e+00
-1.375758552551269531e+01 5.315947532653808594e+00 0.000000000000000000e+00
1.498143482208251953e+01 -8.209237098693847656e+00 0.000000000000000000e+00
-7.997244834899902344e+00 1.153029823303222656e+01 0.000000000000000000e+00
-4.941335678100585938e+00 -1.365154838562011719e+01 0.000000000000000000e+00
-3.154070377349853516e+00 1.609764289855957031e+01 0.000000000000000000e+00
-4.312520980834960938e+00 9.730886459350585938e+00 0.000000000000000000e+00
1.138415813446044922e+01 6.043746948242187500e+00 0.000000000000000000e+00
-8.313295841217041016e-01 -1.313552474975585938e+01 0.000000000000000000e+00
9.087959289550781250e+00 2.933025062084197998e-01 0.000000000000000000e+00
-4.657443523406982422e+00 -2.380529880523681641e+00 0.000000000000000000e+00
-1.416374301910400391e+01 -4.905267238616943359e+00 0.000000000000000000e+00
-1.808844089508056641e+00 -1.729408836364746094e+01 0.000000000000000000e+00
-6.823326110839843750e+00 3.394322156906127930e+00 0.000000000000000000e+00
1.063108801841735840e+00 1.061640834808349609e+01 0.000000000000000000e+00
-1.237074851989746094e+01 9.170237541198730469e+00 0.000000000000000000e+00
-7.871084213256835938e+00 -1.402883815765380859e+01 0.000000000000000000e+00
-6.497868537902832031e+00 1.512680625915527344e+01 0.000000000000000000e+00
-1.003472423553466797e+01 -1.069535732269287109e+01 0.000000000000000000e+00
1.676169395446777344e+01 -8.879761695861816406e-01 0.000000000000000000e+00
-1.525306606292724609e+01 2.108554363250732422e+00 0.000000000000000000e+00
2.343472242355346680e+00 -6.935776233673095703e+00 0.000000000000000000e+00
-1.124956321716308594e+01 4.339688122272491455e-01 0.000000000000000000e+00
1.328105640411376953e+01 1.134182739257812500e+01 0.000000000000000000e+00
-5.725554943084716797e+00 -5.648699760437011719e+00 0.000000000000000000e+00
-1.518798255920410156e+01 7.613732337951660156e+00 0.000000000000000000e+00
4.882912158966064453e+00 -7.819270610809326172e+00 0.000000000000000000e+00
-8.684113621711730957e-01 -4.739115715026855469e+00 0.000000000000000000e+00
-9.920772552490234375e+00 2.832968235015869141e+00 0.000000000000000000e+00
-6.864015460014343262e-01 9.592286109924316406e+00 0.000000000000000000e+00
4.581745147705078125e+00 -6.247021675109863281e+00 0.000000000000000000e+00
-5.759656429290771484e+00 5.976896286010742188e+00 0.000000000000000000e+00
-1.059518432617187500e+01 -2.806237459182739258e+00 0.000000000000000000e+00
-3.032126091420650482e-02 3.513352155685424805e+00 0.000000000000000000e+00
1.708328628540039062e+01 3.034766435623168945e+00 0.000000000000000000e+00
5.154589176177978516e+00 1.456674575805664062e+01 0.000000000000000000e+00
-5.896546363830566406e+00 -1.244255924224853516e+01 0.000000000000000000e+00
1.191018772125244141e+01 -2.891999959945678711e+00 0.000000000000000000e+00
3.756970167160034180e+00 -1.622274208068847656e+01 0.000000000000000000e+00
-1.237055778503417969e+01 -9.256061553955078125e+00 0.000000000000000000e+00
2.827225208282470703e+00 1.334349870681762695e+00 0.000000000000000000e+00
-7.971526145935058594e+00 -1.060577392578125000e+00 0.000000000000000000e+00
9.520608901977539062e+00 1.195135688781738281e+01 0.000000000000000000e+00
1.014539051055908203e+01 -9.606611251831054688e+00 0.000000000000000000e+00
7.683610916137695312e+00 7.606378078460693359e+00 0.000000000000000000e+00
-1.675011253356933594e+01 3.864628553390502930e+00 0.000000000000000000e+00
3.298233985900878906e+00 9.956634521484375000e+00 0.000000000000000000e+00
3.928710222244262695e+00 3.435481786727905273e+00 0.000000000000000000e+00
-7.255679965019226074e-01 1.478580474853515625e+01 0.000000000000000000e+00
-5.619992733001708984e+00 -1.548033332824707031e+01 0.000000000000000000e+00
-1.079763031005859375e+01 -8.809158325195312500e+00 0.000000000000000000e+00
-1.368908882141113281e+01 6.852977752685546875e+00 0.000000000000000000e+00
-1.241119384765625000e+01 2.646289348602294922e+00 0.000000000000000000e+00
3.170771121978759766e+00 -1.633653879165649414e+00 0.000000000000000000e+00
-2.532192230224609375e+00 4.107214450836181641e+00 0.000000000000000000e+00
-4.280138492584228516e+00 7.189055442810058594e+00 0.000000000000000000e+00
-9.852881431579589844e+00 6.869033336639404297e+00 0.000000000000000000e+00
-5.383470535278320312e+00 1.659828758239746094e+01 0.000000000000000000e+00
1.543598747253417969e+01 7.603112697601318359e+00 0.000000000000000000e+00
4.033833026885986328e+00 -1.283317089080810547e+01 0.000000000000000000e+00
3.425494432449340820e+00 -9.683360099792480469e+00 0.000000000000000000e+00
-1.963237047195434570e+00 -1.464136314392089844e+01 0.000000000000000000e+00
8.947319030761718750e+00 3.773124456405639648e+00 0.000000000000000000e+00
2.241015195846557617e+00 1.731112289428710938e+01 0.000000000000000000e+00
-3.281992673873901367e+00 -5.990397930145263672e-01 0.000000000000000000e+00
-6.377368450164794922e+00 1.263633728027343750e+01 0.000000000000000000e+00
-1.907699108123779297e+00 -6.681232452392578125e+00 0.000000000000000000e+00
-9.421926498413085938e+00 -3.010698258876800537e-01 0.000000000000000000e+00
-1.194343471527099609e+01 -5.041419506072998047e+00 0.000000000000000000e+00
1.682618713378906250e+01 -2.899717092514038086e+00 0.000000000000000000e+00
-4.166596412658691406e+00 -6.454201221466064453e+00 0.000000000000000000e+00
5.779501438140869141e+00 -9.767887115478515625e+00 0.000000000000000000e+00
7.267529010772705078e+00 -5.365817546844482422e-01 0.000000000000000000e+00
1.262819957733154297e+01 8.843480110168457031e+00 0.000000000000000000e+00
6.875853061676025391e+00 -6.793769836425781250e+00 0.000000000000000000e+00
-5.515761852264404297e+00 1.457017511129379272e-01 0.000000000000000000e+00
5.289577484130859375e+00 -2.618402540683746338e-01 0.000000000000000000e+00
1.516885280609130859e+01 5.989494323730468750e+00 0.000000000000000000e+00
-1.545473575592041016e+00 1.659523200988769531e+01 0.000000000000000000e+00
-9.990651130676269531e+00 1.082468032836914062e+01 0.000000000000000000e+00
-5.638638019561767578e+00 -9.307495117187500000e+00 0.000000000000000000e+00
-1.684811592102050781e+01 2.118565797805786133e+00 0.000000000000000000e+00
-1.208777141571044922e+01 -1.251665496826171875e+01 0.000000000000000000e+00
3.912654876708984375e+00 1.641708183288574219e+01 0.000000000000000000e+00
9.207987785339355469e+00 -4.927112102508544922e+00 0.000000000000000000e+00
-3.367341518402099609e+00 -1.308751201629638672e+01 0.000000000000000000e+00
-7.111940383911132812e+00 -8.700731277465820312e+00 0.000000000000000000e+00
1.081137752532958984e+01 7.936448574066162109e+00 0.000000000000000000e+00
7.322492003440856934e-01 1.339432048797607422e+01 0.000000000000000000e+00
-1.413477611541748047e+01 -5.902094766497612000e-02 0.000000000000000000e+00
5.461164951324462891e+00 -1.454784393310546875e+01 0.000000000000000000e+00
-8.177376747131347656e+00 -6.231598854064941406e+00 0.000000000000000000e+00
1.400283432006835938e+01 3.547439336776733398e+00 0.000000000000000000e+00
-1.011025667190551758e+00 -8.505173683166503906e+00 0.000000000000000000e+00
9.944236874580383301e-01 8.544449806213378906e+00 0.000000000000000000e+00
-9.404075622558593750e+00 8.596990585327148438e+00 0.000000000000000000e+00
7.188857078552246094e+00 -1.181584644317626953e+01 0.000000000000000000e+00
2.657289743423461914e+00 -1.098146152496337891e+01 0.000000000000000000e+00
-8.470501899719238281e+00 5.891405105590820312e+00 0.000000000000000000e+00
6.578980445861816406e+00 -8.313980102539062500e+00 0.000000000000000000e+00
1.864923596382141113e+00 -6.355296075344085693e-02 0.000000000000000000e+00
8.736845016479492188e+00 -1.322475242614746094e+01 0.000000000000000000e+00
-1.067007350921630859e+01 4.215063571929931641e+00 0.000000000000000000e+00
-1.748122978210449219e+01 2.914433777332305908e-01 0.000000000000000000e+00
9.980150222778320312e+00 -9.710857868194580078e-01 0.000000000000000000e+00
9.665256500244140625e+00 -6.870712757110595703e+00 0.000000000000000000e+00
1.242505073547363281e+01 -1.083341312408447266e+01 0.000000000000000000e+00
1.141836166381835938e+01 -4.835697174072265625e+00 0.000000000000000000e+00
7.332419872283935547e+00 1.122512245178222656e+01 0.000000000000000000e+00
-1.496185016632080078e+01 -8.713003158569335938e+00 0.000000000000000000e+00
-1.598864173889160156e+01 -6.630240917205810547e+00 0.000000000000000000e+00
-1.150398921966552734e+01 1.098915958404541016e+01 0.000000000000000000e+00
-1.674493026733398438e+01 -4.827290058135986328e+00 0.000000000000000000e+00
-1.235432434082031250e+01 1.225565242767333984e+01 0.000000000000000000e+00
8.083144187927246094e+00 -1.939095258712768555e+00 0.000000000000000000e+00
-1.113111209869384766e+01 -7.320412158966064453e+00 0.000000000000000000e+00
-1.348515129089355469e+01 -6.934026718139648438e+00 0.000000000000000000e+00
2.505846023559570312e+00 -1.716117286682128906e+01 0.000000000000000000e+00
6.390560865402221680e-01 1.552491760253906250e+01 0.000000000000000000e+00
4.707525253295898438e+00 -3.229246616363525391e+00 0.000000000000000000e+00
-2.637772560119628906e+00 -9.744031906127929688e+00 0.000000000000000000e+00
-1.090408515930175781e+01 7.949606895446777344e+00 0.000000000000000000e+00
-3.551204919815063477e+00 1.460106945037841797e+01 0.000000000000000000e+00
-2.697921395301818848e-01 -1.673016357421875000e+01 0.000000000000000000e+00
4.880079627037048340e-01 1.746493339538574219e+01 0.000000000000000000e+00
1.017704200744628906e+01 2.291809320449829102e+00 0.000000000000000000e+00
-5.337760925292968750e+00 1.148895359039306641e+01 0.000000000000000000e+00
1.663404655456542969e+01 5.415626525878906250e+00 0.000000000000000000e+00
1.444949913024902344e+01 -6.740354537963867188e+00 0.000000000000000000e+00
5.757731914520263672e+00 -4.328964233398437500e+00 0.000000000000000000e+00
-7.525272965431213379e-01 -2.843626260757446289e+00 0.000000000000000000e+00
-1.375273323059082031e+01 -1.058513832092285156e+01 0.000000000000000000e+00
-1.586101818084716797e+01 -2.140876054763793945e+00 0.000000000000000000e+00
-4.498837947845458984e+00 -4.321057796478271484e+00 0.000000000000000000e+00
1.343559074401855469e+01 -4.537284851074218750e+00 0.000000000000000000e+00
7.083377361297607422e+00 -3.351469516754150391e+00 0.000000000000000000e+00
1.333109617233276367e+00 -8.093417167663574219e+00 0.000000000000000000e+00
-2.947216987609863281e+00 1.248636627197265625e+01 0.000000000000000000e+00
1.085233402252197266e+01 1.087703990936279297e+01 0.000000000000000000e+00
-8.777318000793457031e+00 -3.087047576904296875e+00 0.000000000000000000e+00
1.270402812957763672e+01 -5.981880187988281250e+00 0.000000000000000000e+00
-6.234519481658935547e+00 -3.414800643920898438e+00 0.000000000000000000e+00
-2.298066139221191406e+00 -1.860767245292663574e+00 0.000000000000000000e+00
5.138723373413085938e+00 7.236388206481933594e+00 0.000000000000000000e+00
1.335654163360595703e+01 4.037599861621856689e-01 0.000000000000000000e+00
-8.884687423706054688e+00 1.658860325813293457e+00 0.000000000000000000e+00
-1.388110876083374023e+00 1.245351505279541016e+01 0.000000000000000000e+00
2.747634410858154297e+00 1.402996158599853516e+01 0.000000000000000000e+00
5.422136187553405762e-01 -5.520186901092529297e+00 0.000000000000000000e+00
-1.188716697692871094e+01 -1.099753475189208984e+01 0.000000000000000000e+00
-8.295697212219238281e+00 -1.167848205566406250e+01 0.000000000000000000e+00
1.383402347564697266e+01 6.871881008148193359e+00 0.000000000000000000e+00
-1.357427406311035156e+01 1.088613796234130859e+01 0.000000000000000000e+00
-1.256898212432861328e+01 -1.392564654350280762e+00 0.000000000000000000e+00
-2.511223554611206055e-01 7.378755569458007812e+00 0.000000000000000000e+00
-7.310458183288574219e+00 -1.549133110046386719e+01 0.000000000000000000e+00
-1.166327762603759766e+01 5.566780090332031250e+00 0.000000000000000000e+00
-3.960778236389160156e+00 5.473889827728271484e+00 0.000000000000000000e+00
6.743305206298828125e+00 1.379126167297363281e+01 0.000000000000000000e+00
-6.138487339019775391e+00 -1.778869748115539551e+00 0.000000000000000000e+00
1.159335041046142578e+01 -1.255605697631835938e+01 0.000000000000000000e+00
1.523807334899902344e+01 2.019575983285903931e-01 0.000000000000000000e+00
-2.867641687393188477e+00 9.212683677673339844e+00 0.000000000000000000e+00
1.728500938415527344e+01 1.155022978782653809e+00 0.000000000000000000e+00
-2.879071235656738281e+00 1.515958189964294434e+00 0.000000000000000000e+00
1.410519242286682129e+00 4.522037506103515625e+00 0.000000000000000000e+00
-1.270305752754211426e+00 8.855878561735153198e-02 0.000000000000000000e+00
-1.707954597473144531e+01 -3.049036502838134766e+00 0.000000000000000000e+00
-7.562941551208496094e+00 -4.647282123565673828e+00 0.000000000000000000e+00
4.711853504180908203e+00 8.681728363037109375e+00 0.000000000000000000e+00
-1.556249809265136719e+01 5.305970668792724609e+00 0.000000000000000000e+00
-7.340829372406005859e+00 1.947921752929687500e+00 0.000000000000000000e+00
-5.747316837310791016e+00 9.207514762878417969e+00 0.000000000000000000e+00
1.062374114990234375e+01 5.312466025352478027e-01 0.000000000000000000e+00
1.213003063201904297e+01 1.236338329315185547e+01 0.000000000000000000e+00
4.120340347290039062e+00 1.173386669158935547e+01 0.000000000000000000e+00
-3.007275104522705078e+00 -5.466276168823242188e+00 0.000000000000000000e+00
-2.223435163497924805e+00 1.389736080169677734e+01 0.000000000000000000e+00
5.527673721313476562e+00 -1.125823879241943359e+01 0.000000000000000000e+00
5.263684391975402832e-01 -1.185291099548339844e+01 0.000000000000000000e+00
5.015068054199218750e+00 1.664828777313232422e+00 0.000000000000000000e+00
