-2.575024442830855076e+00 1.287490283243305811e+01 6.362784700586487929e-04
2.574951272130915569e+00 1.287487706897024964e+01 4.406299421813031358e-04
-7.725332784048255519e+00 7.725337010541738714e+00 3.410621602490948590e-04
-2.575358265045590400e+00 7.725303327478628468e+00 1.514012079630866481e-04
2.574615261126513843e+00 7.725269739835244565e+00 -3.833184387236343582e-05
7.724590976088284933e+00 7.725243976372436983e+00 -2.339803717501531821e-04
-1.287476889001293934e+01 2.574883911866245434e+00 7.166263165401254298e-04
-7.724794371010274219e+00 2.574850228803134744e+00 5.269653642541172189e-04
-2.574819852007610432e+00 2.574816545740024054e+00 3.373044119681090081e-04
2.575154666937264025e+00 2.574782862682467144e+00 1.476434554854577641e-04
7.725130381899035115e+00 2.574757099219660006e+00 -4.800507239255402681e-05
1.287510490090170023e+01 2.574723416156549316e+00 -2.376660246783401931e-04
-1.287510370505820312e+01 -2.574715497106797812e+00 2.316776977941970017e-04
-7.725129186055538888e+00 -2.574749180169908946e+00 4.201674550818879084e-05
-2.575154667052874213e+00 -2.574782863233019192e+00 -1.476442067780414646e-04
2.574819852005480580e+00 -2.574816545927347988e+00 -3.373054378801310094e-04
7.724795566967251226e+00 -2.574842309390155126e+00 -5.329539657581428003e-04
1.287477008591212346e+01 -2.574875992447711592e+00 -7.226149222407940442e-04
-7.724589780187029575e+00 -7.725236057889899755e+00 2.279913061626892556e-04
-2.574615261242155562e+00 -7.725269740947456221e+00 3.833034968003801168e-05
2.575358264929949126e+00 -7.725303328590840124e+00 -1.514027021549679830e-04
7.725332783988304364e+00 -7.725337011285168032e+00 -3.410639332570575277e-04
-2.574950076173938562e+00 -1.287486914955727180e+01 -4.466185436848846280e-04
2.575024442828725668e+00 -1.287490283262038204e+01 -6.362794959704487496e-04
