1.223223864621225765e+01 4.773123789011558316e+00 2.963827494673054730e-05
1.312766722821569054e+01 -2.992422403241732920e-01 3.655708043887040404e-05
6.265924164175773470e+00 8.949241786206549421e+00 -3.822460878248890026e-04
7.160359956245566870e+00 3.877574254899091244e+00 3.502563132737890328e-04
8.054916303052008786e+00 -1.193904496722023589e+00 -3.136048832530491381e-04
8.949352095008290320e+00 -6.265572028954371042e+00 4.188970495646593406e-04
2.997293432146253545e-01 1.312735789465950020e+01 2.024811768448486760e-04
1.194165102170902326e+00 8.055087284328301678e+00 1.373009789129575609e-04
2.089713279193970319e+00 2.983513209684040657e+00 -4.545325708391612096e-04
2.983157241047136754e+00 -2.088058998600272886e+00 2.059421834839092469e-04
3.877712595080807123e+00 -7.159537654807215823e+00 -4.579911083952836748e-04
4.772148387037089101e+00 -1.223120518703956350e+01 2.745108244228688932e-04
-4.772029751790251240e+00 1.223260031468240072e+01 -7.565388716734844365e-05
-3.876601169786817902e+00 7.160234285346667171e+00 -6.873508167570818728e-05
-2.983038605800298448e+00 2.089454126243109222e+00 -7.085246229054931177e-06
-2.088601854013430348e+00 -2.982816578946156927e+00 -7.219260171331676190e-05
-1.194046499979759757e+00 -8.054295235153100307e+00 -7.361258935922876390e-04
-2.996107079677864937e-01 -1.312596276701666476e+01 -3.624239591104583269e-06
-8.949233459761451570e+00 6.266967156597207378e+00 -2.200401123100270695e-04
-8.054796707974583470e+00 1.194696451407941007e+00 -2.851474677941778779e-04
-7.160241320940907706e+00 -3.876179126700149080e+00 -1.513986289227720050e-04
-6.265805561984631566e+00 -8.948449737031349827e+00 -2.165788268557733431e-04
-1.312655576997948614e+01 3.005419489680313250e-01 2.343988560436494062e-04
-1.223212001096538870e+01 -4.771728660807061928e+00 1.692194052069773136e-04
