8.902797867074919935e+00 9.651324828352198182e+00 2.456803128199069874e-04
1.193004112507593284e+01 5.485713137355041624e+00 3.589541799060569360e-04
1.708883955015731315e+00 1.079078465122764641e+01 3.157393042449996301e-04
4.736127180074531040e+00 6.624569882126085218e+00 -3.686689552235833389e-04
7.763250810055935425e+00 2.457563158900264888e+00 -4.543241207448645014e-04
1.079037447303737807e+01 -1.708840485665042319e+00 2.577035873836397428e-04
-5.484910361966063519e+00 1.193103642822735289e+01 -2.129547982772095338e-04
-2.456793908937501936e+00 7.763934285997001084e+00 -2.265109603745152356e-04
5.703297540439089541e-01 3.597530640870034269e+00 4.855160048549134189e-04
3.597453384025345535e+00 -5.694760817941255659e-01 3.998615822327633573e-04
6.624697601856913920e+00 -4.735690946309860649e+00 -2.844745818828542383e-04
9.650828408848951767e+00 -8.902602250536702400e+00 -4.422287466319119176e-04
-9.650707820996689890e+00 8.903394108872451085e+00 -1.564519689489785037e-04
-6.623584190957464202e+00 4.736387386202737027e+00 -2.421063873749851325e-04
-3.596340932956449965e+00 5.707756952055806909e-01 -1.288325202891682508e-04
-5.702091331338515756e-01 -3.596135704440987624e+00 -2.865145854893391686e-04
2.456914529903249989e+00 -7.762539349199172989e+00 4.255121009233420182e-04
5.485030982874023131e+00 -1.192964149142397190e+01 4.119559346307255510e-04
-1.078926202191279238e+01 1.710140099445279782e+00 1.332519574392954098e-05
-7.763130222090191879e+00 -2.456771300201288533e+00 -1.443568694561303545e-04
-4.736006592108787494e+00 -6.623778023427108863e+00 -2.300120349776335615e-04
-1.708763334107773257e+00 -1.078938971442426364e+01 -1.167381678914836129e-04
-1.192992050416797589e+01 -5.484318200551658862e+00 -1.599530435525409189e-04
-8.902677246109140796e+00 -9.649929890992709147e+00 -4.667842937156052585e-05
