6.387731552124023438e+00 -1.261341476440429688e+01 0.000000000000000000e+00
9.688822746276855469e+00 -8.207045555114746094e+00 0.000000000000000000e+00
1.289880180358886719e+01 -1.333346486091613770e+00 0.000000000000000000e+00
1.707635307312011719e+01 -1.175309792160987854e-01 0.000000000000000000e+00
-5.565774440765380859e+00 1.303074645996093750e+01 0.000000000000000000e+00
-5.781804084777832031e+00 9.167247772216796875e+00 0.000000000000000000e+00
2.730589628219604492e+00 -1.452348041534423828e+01 0.000000000000000000e+00
8.401127815246582031e+00 -1.402525711059570312e+01 0.000000000000000000e+00
-3.868372201919555664e+00 7.359085083007812500e+00 0.000000000000000000e+00
-8.536705970764160156e+00 -8.038887023925781250e+00 0.000000000000000000e+00
-1.373363685607910156e+01 -4.838887691497802734e+00 0.000000000000000000e+00
1.117848491668701172e+01 -5.113984107971191406e+00 0.000000000000000000e+00
-6.983688831329345703e+00 1.156577229499816895e+00 0.000000000000000000e+00
2.340225458145141602e+00 -6.525613307952880859e+00 0.000000000000000000e+00
3.508902192115783691e-01 7.972019195556640625e+00 0.000000000000000000e+00
1.207780742645263672e+01 1.184062480926513672e+01 0.000000000000000000e+00
-6.478463649749755859e+00 1.457932949066162109e+01 0.000000000000000000e+00
-5.723918914794921875e+00 -5.966463565826416016e+00 0.000000000000000000e+00
8.542340397834777832e-01 -9.743536949157714844e+00 0.000000000000000000e+00
-6.355239868164062500e+00 -9.568628311157226562e+00 0.000000000000000000e+00
-3.726595163345336914e+00 1.335859298706054688e+01 0.000000000000000000e+00
8.267342567443847656e+00 -3.989934206008911133e+00 0.000000000000000000e+00
-9.295788764953613281e+00 1.463261890411376953e+01 0.000000000000000000e+00
1.658031272888183594e+01 -5.193428993225097656e+00 0.000000000000000000e+00
6.296174526214599609e+00 7.034069538116455078e+00 0.000000000000000000e+00
-5.763435363769531250e+00 -1.534556865692138672e+01 0.000000000000000000e+00
9.029787063598632812e+00 8.283088684082031250e+00 0.000000000000000000e+00
-8.100743293762207031e+00 -4.571382522583007812e+00 0.000000000000000000e+00
8.848045349121093750e+00 1.104389858245849609e+01 0.000000000000000000e+00
2.878356933593750000e+00 -1.689612579345703125e+01 0.000000000000000000e+00
-1.027372360229492188e+01 1.288626956939697266e+01 0.000000000000000000e+00
-8.983192443847656250e+00 7.743700504302978516e+00 0.000000000000000000e+00
1.980827331542968750e+00 6.828218460083007812e+00 0.000000000000000000e+00
9.640142917633056641e-01 -1.465669727325439453e+01 0.000000000000000000e+00
-5.556762218475341797e+00 -7.555165290832519531e+00 0.000000000000000000e+00
-5.662789821624755859e+00 3.152778148651123047e-01 0.000000000000000000e+00
4.169625937938690186e-01 1.137913990020751953e+01 0.000000000000000000e+00
-2.196822166442871094e+00 4.560087203979492188e+00 0.000000000000000000e+00
-9.853135794401168823e-02 -8.347530364990234375e+00 0.000000000000000000e+00
-1.089121723175048828e+01 -6.176375865936279297e+00 0.000000000000000000e+00
1.050925350189208984e+01 -1.026346778869628906e+01 0.000000000000000000e+00
8.487553596496582031e+00 -3.940646946430206299e-01 0.000000000000000000e+00
-1.119560909271240234e+01 -1.225307083129882812e+01 0.000000000000000000e+00
-4.234087944030761719e+00 -1.644616699218750000e+01 0.000000000000000000e+00
-1.316976833343505859e+01 1.893472522497177124e-01 0.000000000000000000e+00
-2.203896999359130859e+00 1.380800628662109375e+01 0.000000000000000000e+00
-2.336816549301147461e+00 -1.632997512817382812e+01 0.000000000000000000e+00
-5.218713760375976562e+00 -1.092525672912597656e+01 0.000000000000000000e+00
6.989517211914062500e+00 -1.016253757476806641e+01 0.000000000000000000e+00
1.090163326263427734e+01 -3.042240142822265625e+00 0.000000000000000000e+00
9.697422027587890625e+00 1.251278018951416016e+01 0.000000000000000000e+00
6.695390224456787109e+00 1.451643466949462891e+01 0.000000000000000000e+00
3.249881982803344727e+00 -9.217169761657714844e+00 0.000000000000000000e+00
5.686497688293457031e+00 -2.185481548309326172e+00 0.000000000000000000e+00
3.004701852798461914e+00 3.862040042877197266e+00 0.000000000000000000e+00
1.565326499938964844e+01 -2.965593099594116211e+00 0.000000000000000000e+00
-1.667227363586425781e+01 -2.972867250442504883e+00 0.000000000000000000e+00
2.071603775024414062e+00 -1.148687934875488281e+01 0.000000000000000000e+00
-1.188487625122070312e+01 1.165554141998291016e+01 0.000000000000000000e+00
-1.102438688278198242e+00 -4.963406562805175781e+00 0.000000000000000000e+00
-1.501368236541748047e+01 6.993496417999267578e+00 0.000000000000000000e+00
4.774658977985382080e-01 4.249418258666992188e+00 0.000000000000000000e+00
-5.497145175933837891e+00 1.136444473266601562e+01 0.000000000000000000e+00
-6.176124215126037598e-01 -1.116109943389892578e+01 0.000000000000000000e+00
1.095884895324707031e+01 8.655099868774414062e+00 0.000000000000000000e+00
1.080244541168212891e+00 1.425121879577636719e+01 0.000000000000000000e+00
1.127837276458740234e+01 -1.521703600883483887e-01 0.000000000000000000e+00
-1.144170188903808594e+01 4.790267944335937500e+00 0.000000000000000000e+00
-4.390726089477539062e+00 4.280899047851562500e+00 0.000000000000000000e+00
-8.891592979431152344e+00 5.786940574645996094e+00 0.000000000000000000e+00
-3.287906885147094727e+00 1.054267406463623047e+01 0.000000000000000000e+00
-1.588757610321044922e+01 -1.674877643585205078e+00 0.000000000000000000e+00
4.204793930053710938e+00 5.294486880302429199e-01 0.000000000000000000e+00
4.653570055961608887e-01 -1.523497223854064941e+00 0.000000000000000000e+00
-1.349363327026367188e+01 7.190346240997314453e+00 0.000000000000000000e+00
-1.063469290733337402e+00 2.574283361434936523e+00 0.000000000000000000e+00
-1.105425834655761719e+00 1.250548934936523438e+01 0.000000000000000000e+00
-1.295361900329589844e+01 -8.677614212036132812e+00 0.000000000000000000e+00
-1.553079223632812500e+01 3.095307052135467529e-01 0.000000000000000000e+00
-1.070704078674316406e+01 -3.995113849639892578e+00 0.000000000000000000e+00
1.224622154235839844e+01 2.425988912582397461e+00 0.000000000000000000e+00
5.211373329162597656e+00 -6.660277843475341797e+00 0.000000000000000000e+00
3.488646745681762695e+00 -2.334087848663330078e+00 0.000000000000000000e+00
-3.494477272033691406e+00 -1.090610027313232422e+01 0.000000000000000000e+00
-9.755295753479003906e+00 2.622309446334838867e+00 0.000000000000000000e+00
-1.155016994476318359e+01 1.181287169456481934e+00 0.000000000000000000e+00
6.993598461151123047e+00 -6.692075729370117188e+00 0.000000000000000000e+00
-9.844933509826660156e+00 -9.800249099731445312e+00 0.000000000000000000e+00
-2.539904713630676270e-01 5.997047424316406250e+00 0.000000000000000000e+00
1.432623767852783203e+01 5.600347042083740234e+00 0.000000000000000000e+00
4.426216185092926025e-01 1.598350811004638672e+01 0.000000000000000000e+00
1.220153522491455078e+01 -6.794102191925048828e+00 0.000000000000000000e+00
-2.644747734069824219e+00 -6.595790863037109375e+00 0.000000000000000000e+00
7.873196601867675781e+00 1.258386898040771484e+01 0.000000000000000000e+00
-7.502676010131835938e+00 9.602385520935058594e+00 0.000000000000000000e+00
1.598351478576660156e+01 1.615198373794555664e+00 0.000000000000000000e+00
7.955563545227050781e+00 9.484597206115722656e+00 0.000000000000000000e+00
1.299329662322998047e+01 6.408663749694824219e+00 0.000000000000000000e+00
-7.690754413604736328e+00 2.512135982513427734e+00 0.000000000000000000e+00
-1.537772178649902344e+01 2.844035863876342773e+00 0.000000000000000000e+00
4.139662742614746094e+00 6.628075122833251953e+00 0.000000000000000000e+00
3.582868337631225586e+00 1.080392360687255859e+01 0.000000000000000000e+00
4.932309150695800781e+00 -1.576123332977294922e+01 0.000000000000000000e+00
-1.118149089813232422e+01 3.254304885864257812e+00 0.000000000000000000e+00
4.302100658416748047e+00 -1.195793819427490234e+01 0.000000000000000000e+00
-1.016240692138671875e+01 -1.358686923980712891e+01 0.000000000000000000e+00
-6.654756546020507812e+00 -3.874024391174316406e+00 0.000000000000000000e+00
1.812596201896667480e+00 -8.305061340332031250e+00 0.000000000000000000e+00
-1.104649353027343750e+01 -9.915590286254882812e-01 0.000000000000000000e+00
-7.594575881958007812e+00 -6.568361759185791016e+00 0.000000000000000000e+00
6.209879875183105469e+00 5.317336559295654297e+00 0.000000000000000000e+00
-2.955165863037109375e+00 1.675699424743652344e+01 0.000000000000000000e+00
-8.098678588867187500e+00 1.291251277923583984e+01 0.000000000000000000e+00
1.422757720947265625e+01 -7.478575229644775391e+00 0.000000000000000000e+00
-1.121118736267089844e+01 8.323637008666992188e+00 0.000000000000000000e+00
-7.307775497436523438e+00 -1.099348354339599609e+01 0.000000000000000000e+00
2.587519586086273193e-01 1.129118129611015320e-01 0.000000000000000000e+00
3.664613962173461914e+00 -5.455713748931884766e+00 0.000000000000000000e+00
-2.919249534606933594e+00 2.614688634872436523e+00 0.000000000000000000e+00
1.328625488281250000e+01 9.240302085876464844e+00 0.000000000000000000e+00
5.680366516113281250e+00 -8.906419754028320312e+00 0.000000000000000000e+00
1.087363910675048828e+01 -1.240630435943603516e+01 0.000000000000000000e+00
1.068667984008789062e+01 6.439039230346679688e+00 0.000000000000000000e+00
2.334410190582275391e+00 1.687473177909851074e+00 0.000000000000000000e+00
5.717352390289306641e+00 3.597444534301757812e+00 0.000000000000000000e+00
-6.615302562713623047e+00 3.960205078125000000e+00 0.000000000000000000e+00
3.082638263702392578e+00 1.318191814422607422e+01 0.000000000000000000e+00
9.961975097656250000e+00 3.720953702926635742e+00 0.000000000000000000e+00
7.676684379577636719e+00 3.667274475097656250e+00 0.000000000000000000e+00
-3.637212514877319336e+00 -9.104023933410644531e+00 0.000000000000000000e+00
-4.114875316619873047e+00 -1.357475948333740234e+01 0.000000000000000000e+00
-1.381475448608398438e+01 -3.141425848007202148e+00 0.000000000000000000e+00
8.939435005187988281e+00 -1.952435493469238281e+00 0.000000000000000000e+00
-3.543044328689575195e+00 -2.291430473327636719e+00 0.000000000000000000e+00
5.457293510437011719e+00 8.737907409667968750e+00 0.000000000000000000e+00
-1.703512787818908691e+00 -1.349234962463378906e+01 0.000000000000000000e+00
-8.429069519042968750e+00 -1.377542686462402344e+01 0.000000000000000000e+00
-8.050056457519531250e+00 1.303477096371352673e-03 0.000000000000000000e+00
-1.636870956420898438e+01 5.343347072601318359e+00 0.000000000000000000e+00
5.361057758331298828e+00 -1.085270404815673828e+01 0.000000000000000000e+00
1.622683143615722656e+01 3.647661685943603516e+00 0.000000000000000000e+00
8.115302085876464844e+00 5.739695549011230469e+00 0.000000000000000000e+00
4.009498119354248047e+00 1.535019111633300781e+01 0.000000000000000000e+00
1.425446987152099609e+01 -5.149237155914306641e+00 0.000000000000000000e+00
-1.400975418090820312e+01 1.010920429229736328e+01 0.000000000000000000e+00
9.402080535888671875e+00 -1.269841384887695312e+01 0.000000000000000000e+00
-2.058748960494995117e+00 1.551379776000976562e+01 0.000000000000000000e+00
-2.242790460586547852e+00 7.375191688537597656e+00 0.000000000000000000e+00
1.410862255096435547e+01 -2.527642726898193359e+00 0.000000000000000000e+00
6.770911693572998047e+00 2.263191461563110352e+00 0.000000000000000000e+00
4.748234272003173828e+00 1.298734760284423828e+01 0.000000000000000000e+00
-8.925240516662597656e+00 1.142442893981933594e+01 0.000000000000000000e+00
-6.446470260620117188e+00 -1.722613334655761719e+00 0.000000000000000000e+00
-3.794345140457153320e+00 9.513424038887023926e-01 0.000000000000000000e+00
-5.153606891632080078e+00 2.672435998916625977e+00 0.000000000000000000e+00
1.063414955139160156e+01 1.093769836425781250e+01 0.000000000000000000e+00
4.628532409667968750e+00 2.212147474288940430e+00 0.000000000000000000e+00
6.156644344329833984e+00 -7.047548294067382812e-01 0.000000000000000000e+00
8.952225685119628906e+00 2.550297260284423828e+00 0.000000000000000000e+00
-1.307946109771728516e+01 -1.053317070007324219e+01 0.000000000000000000e+00
-2.677269220352172852e+00 -4.487181186676025391e+00 0.000000000000000000e+00
-9.339556694030761719e+00 -6.677166938781738281e+00 0.000000000000000000e+00
1.263129043579101562e+01 -1.192186164855957031e+01 0.000000000000000000e+00
-1.268555259704589844e+01 5.851915836334228516e+00 0.000000000000000000e+00
-4.216275215148925781e+00 -6.684014797210693359e+00 0.000000000000000000e+00
9.898017883300781250e+00 -1.429004192352294922e+01 0.000000000000000000e+00
-8.964124917984008789e-01 1.677947425842285156e+01 0.000000000000000000e+00
2.414097785949707031e+00 1.681704521179199219e+01 0.000000000000000000e+00
1.340005397796630859e+01 3.634465217590332031e+00 0.000000000000000000e+00
4.642557144165039062e+00 -1.401201915740966797e+01 0.000000000000000000e+00
-5.430966377258300781e+00 6.997691631317138672e+00 0.000000000000000000e+00
-1.368832588195800781e+01 4.357852458953857422e+00 0.000000000000000000e+00
2.436366319656372070e+00 -2.709960639476776123e-01 0.000000000000000000e+00
-1.427061676979064941e+00 -9.122774124145507812e+00 0.000000000000000000e+00
3.037661314010620117e-02 -3.520791769027709961e+00 0.000000000000000000e+00
9.070456504821777344e+00 1.478114414215087891e+01 0.000000000000000000e+00
9.831258773803710938e+00 -5.856454372406005859e+00 0.000000000000000000e+00
-1.561613178253173828e+01 -6.221872806549072266e+00 0.000000000000000000e+00
-9.551145553588867188e+00 -2.665409088134765625e+00 0.000000000000000000e+00
1.521419429779052734e+01 7.761560916900634766e+00 0.000000000000000000e+00
7.551319599151611328e+00 -1.544746303558349609e+01 0.000000000000000000e+00
-5.548299551010131836e-01 -1.601839256286621094e+01 0.000000000000000000e+00
-1.348393082618713379e+00 1.090439796447753906e+01 0.000000000000000000e+00
-7.324304580688476562e+00 -1.554402637481689453e+01 0.000000000000000000e+00
-4.481803178787231445e-01 1.398899269104003906e+01 0.000000000000000000e+00
-5.168319225311279297e+00 1.540030670166015625e+01 0.000000000000000000e+00
7.480207920074462891e+00 -2.389330148696899414e+00 0.000000000000000000e+00
-1.743761634826660156e+01 1.957973837852478027e-02 0.000000000000000000e+00
1.210288143157958984e+01 -8.514694213867187500e+00 0.000000000000000000e+00
4.645425319671630859e+00 5.194687366485595703e+00 0.000000000000000000e+00
-1.472245121002197266e+01 -8.575654029846191406e+00 0.000000000000000000e+00
-1.306617832183837891e+01 -6.228428840637207031e+00 0.000000000000000000e+00
2.311209201812744141e+00 8.787985801696777344e+00 0.000000000000000000e+00
-7.525124073028564453e+00 7.147063732147216797e+00 0.000000000000000000e+00
6.119624137878417969e+00 -3.768026828765869141e+00 0.000000000000000000e+00
1.296776771545410156e+01 -9.788445472717285156e+00 0.000000000000000000e+00
1.062822151184082031e+01 1.740641593933105469e+00 0.000000000000000000e+00
-2.614639043807983398e+00 1.198699760437011719e+01 0.000000000000000000e+00
1.422201061248779297e+01 1.544230580329895020e+00 0.000000000000000000e+00
-7.038914680480957031e+00 5.592384338378906250e+00 0.000000000000000000e+00
5.844306945800781250e+00 1.023208904266357422e+01 0.000000000000000000e+00
-3.550409078598022461e+00 -7.322287559509277344e-01 0.000000000000000000e+00
-5.322984695434570312e+00 -1.262574195861816406e+01 0.000000000000000000e+00
8.487360954284667969e+00 -1.095670223236083984e+01 0.000000000000000000e+00
8.956929206848144531e+00 1.044005751609802246e+00 0.000000000000000000e+00
-7.283378124237060547e+00 1.161947536468505859e+01 0.000000000000000000e+00
3.826249837875366211e+00 8.295320510864257812e+00 0.000000000000000000e+00
-4.512851715087890625e+00 -3.918054103851318359e+00 0.000000000000000000e+00
-1.027200317382812500e+01 6.742790699005126953e+00 0.000000000000000000e+00
1.612181091308593750e+01 5.781852722167968750e+00 0.000000000000000000e+00
-3.469995021820068359e+00 -1.508083248138427734e+01 0.000000000000000000e+00
-1.014795684814453125e+01 9.632772445678710938e+00 0.000000000000000000e+00
-1.410275840759277344e+01 1.762693881988525391e+00 0.000000000000000000e+00
1.229137134552001953e+01 7.902611255645751953e+00 0.000000000000000000e+00
-1.156283092498779297e+01 -1.026538753509521484e+01 0.000000000000000000e+00
-1.665260887145996094e+01 -4.611881256103515625e+00 0.000000000000000000e+00
-1.917419433593750000e+00 -1.207691073417663574e+00 0.000000000000000000e+00
-1.229429721832275391e+01 -2.083039760589599609e+00 0.000000000000000000e+00
-4.284269809722900391e+00 9.067098617553710938e+00 0.000000000000000000e+00
-8.389095306396484375e+00 4.065319538116455078e+00 0.000000000000000000e+00
3.732372045516967773e+00 -7.579503059387207031e+00 0.000000000000000000e+00
1.682345771789550781e+01 -1.650654077529907227e+00 0.000000000000000000e+00
6.207836151123046875e+00 1.205197429656982422e+01 0.000000000000000000e+00
1.515824794769287109e+00 -4.371450424194335938e+00 0.000000000000000000e+00
-1.150344657897949219e+01 -7.987077713012695312e+00 0.000000000000000000e+00
-9.729095458984375000e+00 -1.160393142700195312e+01 0.000000000000000000e+00
5.881585597991943359e+00 1.579387187957763672e+01 0.000000000000000000e+00
-1.205527210235595703e+01 9.932577133178710938e+00 0.000000000000000000e+00
-2.296529710292816162e-02 -1.319468307495117188e+01 0.000000000000000000e+00
1.574607944488525391e+01 -7.132715225219726562e+00 0.000000000000000000e+00
2.388579368591308594e+00 -1.298508834838867188e+01 0.000000000000000000e+00
7.208324909210205078e+00 6.694349646568298340e-01 0.000000000000000000e+00
1.300896048545837402e+00 -1.700601959228515625e+01 0.000000000000000000e+00
1.943083405494689941e+00 -1.979932069778442383e+00 0.000000000000000000e+00
1.355672073364257812e+01 4.691193997859954834e-02 0.000000000000000000e+00
-1.069793105125427246e-01 9.514679908752441406e+00 0.000000000000000000e+00
1.202940940856933594e+01 1.005962467193603516e+01 0.000000000000000000e+00
-3.465420484542846680e+00 1.494415664672851562e+01 0.000000000000000000e+00
8.118631243705749512e-01 -7.022018432617187500e+00 0.000000000000000000e+00
-3.609833478927612305e+00 5.709450244903564453e+00 0.000000000000000000e+00
1.135533428192138672e+01 1.324993705749511719e+01 0.000000000000000000e+00
1.513370704650878906e+01 -4.383402466773986816e-01 0.000000000000000000e+00
-1.701901435852050781e+01 1.482884287834167480e+00 0.000000000000000000e+00
2.142422199249267578e+00 1.148792457580566406e+01 0.000000000000000000e+00
-1.434991455078125000e+01 -1.236404538154602051e+00 0.000000000000000000e+00
1.440728759765625000e+01 -9.255804061889648438e+00 0.000000000000000000e+00
-7.961023330688476562e+00 -2.858028411865234375e+00 0.000000000000000000e+00
-1.356974482536315918e+00 8.672686576843261719e+00 0.000000000000000000e+00
-2.223033189773559570e+00 1.243868708610534668e+00 0.000000000000000000e+00
6.569936275482177734e+00 -1.416800022125244141e+01 0.000000000000000000e+00
5.694585323333740234e+00 8.899193406105041504e-01 0.000000000000000000e+00
4.717001914978027344e+00 1.675039863586425781e+01 0.000000000000000000e+00
8.199389457702636719e+00 -7.848176479339599609e+00 0.000000000000000000e+00
-6.678565502166748047e+00 -1.399466896057128906e+01 0.000000000000000000e+00
8.537612915039062500e+00 -9.388157844543457031e+00 0.000000000000000000e+00
1.340856075286865234e+01 1.074215412139892578e+01 0.000000000000000000e+00
