7.376596450805664062e+00 -7.170670986175537109e+00 0.000000000000000000e+00
8.230252265930175781e+00 -9.265483856201171875e+00 0.000000000000000000e+00
-9.233323097229003906e+00 2.048598527908325195e+00 0.000000000000000000e+00
-8.318643569946289062e+00 -1.211984083056449890e-01 0.000000000000000000e+00
-3.134236097335815430e+00 4.438012599945068359e+00 0.000000000000000000e+00
1.349709320068359375e+01 4.269890487194061279e-01 0.000000000000000000e+00
1.468495941162109375e+01 8.644492149353027344e+00 0.000000000000000000e+00
-4.221324622631072998e-01 4.840734004974365234e+00 0.000000000000000000e+00
-1.268703746795654297e+01 -1.126260638236999512e+00 0.000000000000000000e+00
5.314891815185546875e+00 9.606901168823242188e+00 0.000000000000000000e+00
1.081987857818603516e+01 -7.876396179199218750e+00 0.000000000000000000e+00
-2.282798290252685547e+00 7.296253204345703125e+00 0.000000000000000000e+00
2.655896842479705811e-01 1.197335720062255859e+01 0.000000000000000000e+00
1.331800651550292969e+01 2.975314378738403320e+00 0.000000000000000000e+00
1.292786788940429688e+01 -6.751811504364013672e+00 0.000000000000000000e+00
-5.225870609283447266e+00 -1.102702522277832031e+01 0.000000000000000000e+00
6.991760253906250000e+00 5.908149242401123047e+00 0.000000000000000000e+00
9.515864372253417969e+00 -1.762318611145019531e-01 0.000000000000000000e+00
1.300876522064208984e+01 -1.287230610847473145e+00 0.000000000000000000e+00
3.069863796234130859e+00 -3.140336275100708008e-02 0.000000000000000000e+00
-1.047394633293151855e+00 -1.293623065948486328e+01 0.000000000000000000e+00
1.544242477416992188e+01 -2.176947146654129028e-01 0.000000000000000000e+00
4.549575328826904297e+00 -1.263095664978027344e+01 0.000000000000000000e+00
-5.103200435638427734e+00 8.915849685668945312e+00 0.000000000000000000e+00
6.761579036712646484e+00 -1.021251773834228516e+01 0.000000000000000000e+00
-7.959539890289306641e+00 -1.041545295715332031e+01 0.000000000000000000e+00
-1.145047378540039062e+01 1.172939014434814453e+01 0.000000000000000000e+00
2.189767122268676758e+00 -9.767580032348632812e+00 0.000000000000000000e+00
-9.566135406494140625e+00 -1.425940895080566406e+01 0.000000000000000000e+00
3.251096725463867188e+00 -1.353460121154785156e+01 0.000000000000000000e+00
-8.002244949340820312e+00 8.316197395324707031e+00 0.000000000000000000e+00
1.389118480682373047e+01 1.050302600860595703e+01 0.000000000000000000e+00
-2.679957866668701172e+00 -1.230955886840820312e+01 0.000000000000000000e+00
-5.542253971099853516e+00 1.185707092285156250e+01 0.000000000000000000e+00
9.273265004158020020e-01 6.194920539855957031e+00 0.000000000000000000e+00
-3.994342327117919922e+00 1.430425262451171875e+01 0.000000000000000000e+00
-7.197855710983276367e-01 -7.100707054138183594e+00 0.000000000000000000e+00
5.888638973236083984e+00 1.104878711700439453e+01 0.000000000000000000e+00
-1.104559540748596191e+00 4.440084099769592285e-01 0.000000000000000000e+00
-1.024168395996093750e+01 -6.985692024230957031e+00 0.000000000000000000e+00
3.848482608795166016e+00 1.090380573272705078e+01 0.000000000000000000e+00
1.147837162017822266e+00 1.718088912963867188e+01 0.000000000000000000e+00
1.094751358032226562e+01 2.130288600921630859e+00 0.000000000000000000e+00
1.435602855682373047e+01 1.698987722396850586e+00 0.000000000000000000e+00
-5.567142009735107422e+00 -2.277500152587890625e+00 0.000000000000000000e+00
2.402667999267578125e+00 1.625965309143066406e+01 0.000000000000000000e+00
-1.689745521545410156e+01 1.475094556808471680e+00 0.000000000000000000e+00
2.225611686706542969e+00 1.368228077888488770e+00 0.000000000000000000e+00
-1.139750766754150391e+01 2.941080093383789062e+00 0.000000000000000000e+00
-8.767763137817382812e+00 -3.030071973800659180e+00 0.000000000000000000e+00
-2.770246267318725586e+00 -1.440807151794433594e+01 0.000000000000000000e+00
1.363733386993408203e+01 -2.990245819091796875e+00 0.000000000000000000e+00
-1.074308109283447266e+01 -1.214221096038818359e+01 0.000000000000000000e+00
4.547489166259765625e+00 -5.043432712554931641e+00 0.000000000000000000e+00
6.643801927566528320e-01 -1.065040874481201172e+01 0.000000000000000000e+00
1.085642814636230469e+00 -7.331715583801269531e+00 0.000000000000000000e+00
-8.679764747619628906e+00 -1.265279865264892578e+01 0.000000000000000000e+00
1.320601272583007812e+01 5.105603218078613281e+00 0.000000000000000000e+00
1.014260673522949219e+01 -1.235962486267089844e+01 0.000000000000000000e+00
-1.282599449157714844e+01 1.204060554504394531e+00 0.000000000000000000e+00
1.168993663787841797e+01 5.360390663146972656e+00 0.000000000000000000e+00
-6.829141139984130859e+00 6.821516990661621094e+00 0.000000000000000000e+00
-3.474832296371459961e+00 9.197521209716796875e+00 0.000000000000000000e+00
-5.718778133392333984e+00 -5.452164649963378906e+00 0.000000000000000000e+00
-1.175552368164062500e+01 -1.051623821258544922e+01 0.000000000000000000e+00
1.621632003784179688e+01 -4.102169513702392578e+00 0.000000000000000000e+00
2.330963373184204102e+00 1.378228092193603516e+01 0.000000000000000000e+00
-1.285112619400024414e+00 2.987307548522949219e+00 0.000000000000000000e+00
-4.069889068603515625e+00 -9.390032768249511719e+00 0.000000000000000000e+00
1.083284473419189453e+01 -6.074259757995605469e+00 0.000000000000000000e+00
-7.361605763435363770e-01 6.736004829406738281e+00 0.000000000000000000e+00
6.595096111297607422e+00 3.607631206512451172e+00 0.000000000000000000e+00
-3.701198577880859375e+00 -7.133153915405273438e+00 0.000000000000000000e+00
-6.437297344207763672e+00 -1.284558010101318359e+01 0.000000000000000000e+00
7.961914062500000000e+00 1.379052066802978516e+01 0.000000000000000000e+00
-1.272856140136718750e+01 5.607980251312255859e+00 0.000000000000000000e+00
5.656163692474365234e+00 1.885315060615539551e+00 0.000000000000000000e+00
4.536987781524658203e+00 -1.064877414703369141e+01 0.000000000000000000e+00
-1.618343734741210938e+01 4.610217571258544922e+00 0.000000000000000000e+00
8.652708053588867188e+00 1.109110736846923828e+01 0.000000000000000000e+00
-9.915300369262695312e+00 -5.173216819763183594e+00 0.000000000000000000e+00
-3.951388597488403320e+00 1.136614084243774414e+00 0.000000000000000000e+00
-7.205385208129882812e+00 4.764096736907958984e+00 0.000000000000000000e+00
-1.179605007171630859e+01 9.538300514221191406e+00 0.000000000000000000e+00
1.653940975666046143e-01 9.361457824707031250e+00 0.000000000000000000e+00
3.622508287429809570e+00 -2.338392019271850586e+00 0.000000000000000000e+00
1.217932605743408203e+01 -1.114358329772949219e+01 0.000000000000000000e+00
-3.087450265884399414e+00 1.309603691101074219e+01 0.000000000000000000e+00
3.245312452316284180e+00 -6.075364112854003906e+00 0.000000000000000000e+00
-1.718852424621582031e+01 -2.922772645950317383e+00 0.000000000000000000e+00
-1.443774795532226562e+01 9.567582130432128906e+00 0.000000000000000000e+00
2.933956146240234375e+00 4.365988731384277344e+00 0.000000000000000000e+00
-8.276248931884765625e+00 -8.946424484252929688e+00 0.000000000000000000e+00
-1.279690647125244141e+01 -6.590989589691162109e+00 0.000000000000000000e+00
-1.537642383575439453e+01 7.308605194091796875e+00 0.000000000000000000e+00
-1.563844203948974609e+01 -3.409221649169921875e+00 0.000000000000000000e+00
-4.493342936038970947e-01 1.509222602844238281e+01 0.000000000000000000e+00
-1.149542140960693359e+01 -8.028478622436523438e+00 0.000000000000000000e+00
1.096097564697265625e+01 -3.407786846160888672e+00 0.000000000000000000e+00
1.237237262725830078e+01 -8.697456359863281250e+00 0.000000000000000000e+00
6.463107109069824219e+00 -8.627909660339355469e+00 0.000000000000000000e+00
-1.029194450378417969e+01 -7.884876132011413574e-01 0.000000000000000000e+00
-1.049590396881103516e+01 1.308601951599121094e+01 0.000000000000000000e+00
-1.172552680969238281e+01 7.025679588317871094e+00 0.000000000000000000e+00
6.773911476135253906e+00 6.971279978752136230e-01 0.000000000000000000e+00
6.559368968009948730e-01 2.146625757217407227e+00 0.000000000000000000e+00
-1.477185535430908203e+01 1.819964528083801270e+00 0.000000000000000000e+00
1.195015048980712891e+01 7.276726722717285156e+00 0.000000000000000000e+00
-5.656980991363525391e+00 -1.613496780395507812e+01 0.000000000000000000e+00
7.623540878295898438e+00 -3.350470304489135742e+00 0.000000000000000000e+00
5.903173923492431641e+00 -1.360552120208740234e+01 0.000000000000000000e+00
-2.637922167778015137e-01 -1.496804332733154297e+01 0.000000000000000000e+00
1.716117286682128906e+01 1.391849040985107422e+00 0.000000000000000000e+00
1.552384948730468750e+01 4.257447719573974609e+00 0.000000000000000000e+00
-1.411179637908935547e+01 -7.898190021514892578e+00 0.000000000000000000e+00
-1.321626758575439453e+01 3.099942207336425781e+00 0.000000000000000000e+00
1.575329184532165527e+00 -1.293108463287353516e+01 0.000000000000000000e+00
8.703333854675292969e+00 -1.451907539367675781e+01 0.000000000000000000e+00
2.529913902282714844e+00 -1.580560970306396484e+01 0.000000000000000000e+00
-1.957490108907222748e-02 -2.283463716506958008e+00 0.000000000000000000e+00
-1.461551094055175781e+01 -5.232275128364562988e-01 0.000000000000000000e+00
-1.364560872316360474e-01 -1.693811225891113281e+01 0.000000000000000000e+00
-1.533560371398925781e+01 -6.152894496917724609e+00 0.000000000000000000e+00
1.221892118453979492e+00 -3.637825965881347656e+00 0.000000000000000000e+00
-1.437246227264404297e+01 -4.435751914978027344e+00 0.000000000000000000e+00
1.128695583343505859e+01 1.039925193786621094e+01 0.000000000000000000e+00
-3.851274967193603516e+00 -5.253835678100585938e+00 0.000000000000000000e+00
-3.548985242843627930e+00 2.723817586898803711e+00 0.000000000000000000e+00
1.683245539665222168e+00 -1.673759102821350098e+00 0.000000000000000000e+00
-6.645367145538330078e-01 -5.168414592742919922e+00 0.000000000000000000e+00
-1.267500877380371094e+01 -1.174662685394287109e+01 0.000000000000000000e+00
4.771973133087158203e+00 1.495514488220214844e+01 0.000000000000000000e+00
-7.182250499725341797e+00 1.129327106475830078e+01 0.000000000000000000e+00
-1.898460865020751953e+00 -9.890386581420898438e+00 0.000000000000000000e+00
1.069264411926269531e+01 -1.036235332489013672e+01 0.000000000000000000e+00
1.621705055236816406e+01 5.676365375518798828e+00 0.000000000000000000e+00
6.657471656799316406e+00 -1.603713226318359375e+01 0.000000000000000000e+00
-7.605137348175048828e+00 1.362581634521484375e+01 0.000000000000000000e+00
-3.231860637664794922e+00 -4.776271283626556396e-01 0.000000000000000000e+00
1.140334320068359375e+01 1.195493316650390625e+01 0.000000000000000000e+00
-1.441611194610595703e+01 6.069580078125000000e+00 0.000000000000000000e+00
9.401973724365234375e+00 5.401497840881347656e+00 0.000000000000000000e+00
-7.582925796508789062e+00 1.846063971519470215e+00 0.000000000000000000e+00
7.345873832702636719e+00 9.631164550781250000e+00 0.000000000000000000e+00
-7.881916046142578125e+00 -1.549439525604248047e+01 0.000000000000000000e+00
3.816846370697021484e+00 -1.693293952941894531e+01 0.000000000000000000e+00
-6.219251632690429688e+00 -8.927818298339843750e+00 0.000000000000000000e+00
-1.304549312591552734e+01 7.787214756011962891e+00 0.000000000000000000e+00
7.624557495117187500e+00 -1.184242439270019531e+01 0.000000000000000000e+00
1.175539016723632812e+00 -5.561553001403808594e+00 0.000000000000000000e+00
4.222024917602539062e+00 -1.513316154479980469e+01 0.000000000000000000e+00
-6.936340808868408203e+00 -7.283719062805175781e+00 0.000000000000000000e+00
4.959144592285156250e+00 -1.217814087867736816e+00 0.000000000000000000e+00
-5.231508255004882812e+00 -1.411992359161376953e+01 0.000000000000000000e+00
-1.008103084564208984e+01 8.770844459533691406e+00 0.000000000000000000e+00
-1.197012710571289062e+01 -5.215282917022705078e+00 0.000000000000000000e+00
-1.366484928131103516e+01 -9.657427787780761719e+00 0.000000000000000000e+00
3.708128213882446289e+00 -8.184932708740234375e+00 0.000000000000000000e+00
1.796503901481628418e+00 3.326225996017456055e+00 0.000000000000000000e+00
-5.626504898071289062e+00 1.589039516448974609e+01 0.000000000000000000e+00
-8.406403541564941406e+00 1.019475936889648438e+01 0.000000000000000000e+00
-1.868937253952026367e+00 -2.047548055648803711e+00 0.000000000000000000e+00
2.832641363143920898e+00 8.563387870788574219e+00 0.000000000000000000e+00
4.384957313537597656e+00 1.278860950469970703e+01 0.000000000000000000e+00
-1.004597568511962891e+01 -9.900529861450195312e+00 0.000000000000000000e+00
1.352982139587402344e+01 6.696671962738037109e+00 0.000000000000000000e+00
-4.424923896789550781e+00 5.936934471130371094e+00 0.000000000000000000e+00
9.289654731750488281e+00 -4.639354705810546875e+00 0.000000000000000000e+00
-8.819046020507812500e+00 6.470940589904785156e+00 0.000000000000000000e+00
-2.749758243560791016e+00 1.059532165527343750e+01 0.000000000000000000e+00
5.262005329132080078e+00 7.710723876953125000e+00 0.000000000000000000e+00
9.031753540039062500e+00 3.945510387420654297e+00 0.000000000000000000e+00
9.061810493469238281e+00 -2.868710994720458984e+00 0.000000000000000000e+00
-6.097729206085205078e+00 -1.367858052253723145e-01 0.000000000000000000e+00
6.061461448669433594e+00 -3.824822187423706055e+00 0.000000000000000000e+00
-1.191172409057617188e+01 -3.510716199874877930e+00 0.000000000000000000e+00
9.425925254821777344e+00 1.461237621307373047e+01 0.000000000000000000e+00
-7.906363964080810547e+00 -4.326213836669921875e+00 0.000000000000000000e+00
8.564654350280761719e+00 8.070634841918945312e+00 0.000000000000000000e+00
1.685879135131835938e+01 3.058165550231933594e+00 0.000000000000000000e+00
-1.672568130493164062e+01 -4.656333923339843750e+00 0.000000000000000000e+00
-3.415771245956420898e+00 -1.599501991271972656e+01 0.000000000000000000e+00
-1.513269662857055664e+00 9.712430953979492188e+00 0.000000000000000000e+00
-3.819257736206054688e+00 -2.403182983398437500e+00 0.000000000000000000e+00
1.549757480621337891e+01 -5.671608448028564453e+00 0.000000000000000000e+00
-1.634628677368164062e+01 -1.149164080619812012e+00 0.000000000000000000e+00
1.178180027008056641e+01 8.773073554039001465e-01 0.000000000000000000e+00
6.035232543945312500e+00 1.398894214630126953e+01 0.000000000000000000e+00
-8.070076942443847656e+00 1.534290122985839844e+01 0.000000000000000000e+00
5.373402595520019531e+00 5.216384410858154297e+00 0.000000000000000000e+00
4.922408580780029297e+00 3.261553287506103516e+00 0.000000000000000000e+00
-2.327158212661743164e+00 -3.843806505203247070e+00 0.000000000000000000e+00
-4.975864887237548828e+00 -8.049747467041015625e+00 0.000000000000000000e+00
-3.054714441299438477e+00 1.631391525268554688e+01 0.000000000000000000e+00
8.792156219482421875e+00 -1.082622337341308594e+01 0.000000000000000000e+00
-1.411769390106201172e+00 1.703422546386718750e+01 0.000000000000000000e+00
1.060448741912841797e+01 -1.811059951782226562e+00 0.000000000000000000e+00
4.039663314819335938e+00 1.792490720748901367e+00 0.000000000000000000e+00
5.062667369842529297e+00 4.338800609111785889e-01 0.000000000000000000e+00
4.979509830474853516e+00 1.646618080139160156e+01 0.000000000000000000e+00
1.407794761657714844e+01 -9.885621070861816406e+00 0.000000000000000000e+00
-5.372320652008056641e+00 4.170542240142822266e+00 0.000000000000000000e+00
6.563809871673583984e+00 1.590789794921875000e+01 0.000000000000000000e+00
-1.130717468261718750e+01 4.611211299896240234e+00 0.000000000000000000e+00
9.414417266845703125e+00 9.357318878173828125e+00 0.000000000000000000e+00
7.026198863983154297e+00 -1.128651261329650879e+00 0.000000000000000000e+00
9.878341674804687500e+00 7.099318981170654297e+00 0.000000000000000000e+00
6.942862033843994141e+00 7.490224361419677734e+00 0.000000000000000000e+00
1.274233341217041016e+01 9.112698554992675781e+00 0.000000000000000000e+00
8.668601036071777344e+00 -6.322772979736328125e+00 0.000000000000000000e+00
1.010553359985351562e+01 1.296133136749267578e+01 0.000000000000000000e+00
-4.929823875427246094e+00 -3.954733610153198242e+00 0.000000000000000000e+00
1.309600114822387695e+00 -1.443710041046142578e+01 0.000000000000000000e+00
7.585230827331542969e+00 -5.166491508483886719e+00 0.000000000000000000e+00
1.703974151611328125e+01 -1.390914559364318848e+00 0.000000000000000000e+00
-5.356078147888183594e+00 2.360829830169677734e+00 0.000000000000000000e+00
-1.482580065727233887e+00 1.255768394470214844e+01 0.000000000000000000e+00
-5.779119014739990234e+00 1.033975601196289062e+01 0.000000000000000000e+00
7.499510049819946289e-01 5.484150052070617676e-01 0.000000000000000000e+00
-1.128817653656005859e+01 8.074700832366943359e-01 0.000000000000000000e+00
-2.317627191543579102e+00 -1.710809516906738281e+01 0.000000000000000000e+00
1.362523365020751953e+01 -5.285961151123046875e+00 0.000000000000000000e+00
-2.148581504821777344e+00 -8.367804527282714844e+00 0.000000000000000000e+00
1.442546963691711426e+00 7.635252952575683594e+00 0.000000000000000000e+00
2.698291063308715820e+00 -4.518403053283691406e+00 0.000000000000000000e+00
1.153106403350830078e+01 -1.312320137023925781e+01 0.000000000000000000e+00
-1.607044219970703125e+01 2.777188301086425781e+00 0.000000000000000000e+00
-8.449378013610839844e+00 -7.161781311035156250e+00 0.000000000000000000e+00
-8.811571121215820312e+00 4.173802852630615234e+00 0.000000000000000000e+00
1.754194974899291992e+00 1.117328262329101562e+01 0.000000000000000000e+00
2.982035398483276367e+00 1.222154903411865234e+01 0.000000000000000000e+00
3.547063350677490234e+00 6.326173305511474609e+00 0.000000000000000000e+00
1.099112224578857422e+01 3.930779933929443359e+00 0.000000000000000000e+00
-1.867957115173339844e-01 -9.138371467590332031e+00 0.000000000000000000e+00
1.008400440216064453e+01 -1.390860843658447266e+01 0.000000000000000000e+00
-3.955375194549560547e+00 7.405512332916259766e+00 0.000000000000000000e+00
1.505191707611083984e+01 -7.321393013000488281e+00 0.000000000000000000e+00
-6.502185821533203125e+00 8.344892501831054688e+00 0.000000000000000000e+00
8.150025606155395508e-01 1.392581272125244141e+01 0.000000000000000000e+00
1.499863243103027344e+01 -2.352709531784057617e+00 0.000000000000000000e+00
7.332334041595458984e+00 1.186984920501708984e+01 0.000000000000000000e+00
-1.397997951507568359e+01 4.511056423187255859e+00 0.000000000000000000e+00
-9.939400672912597656e+00 1.062131023406982422e+01 0.000000000000000000e+00
1.079862403869628906e+01 8.445854187011718750e+00 0.000000000000000000e+00
-5.736438274383544922e+00 1.352462673187255859e+01 0.000000000000000000e+00
5.090041637420654297e+00 -7.514353752136230469e+00 0.000000000000000000e+00
5.901283264160156250e+00 -1.156417274475097656e+01 0.000000000000000000e+00
-1.420559406280517578e+01 -2.269603967666625977e+00 0.000000000000000000e+00
-7.112477302551269531e+00 -2.184891462326049805e+00 0.000000000000000000e+00
-1.032150650024414062e+01 -3.411225557327270508e+00 0.000000000000000000e+00
9.258904457092285156e+00 1.957915663719177246e+00 0.000000000000000000e+00
-2.176066637039184570e+00 1.597225546836853027e+00 0.000000000000000000e+00
-1.140019798278808594e+01 -1.943327665328979492e+00 0.000000000000000000e+00
3.236951112747192383e+00 -1.160690784454345703e+01 0.000000000000000000e+00
-2.328061342239379883e+00 -5.707318782806396484e+00 0.000000000000000000e+00
-4.099189758300781250e+00 1.128762435913085938e+01 0.000000000000000000e+00
