-1.068542003631591797e+00 1.319758129119873047e+01 0.000000000000000000e+00
8.853302001953125000e+00 5.970400810241699219e+00 0.000000000000000000e+00
-1.838367432355880737e-01 -1.040519428253173828e+01 0.000000000000000000e+00
7.865817070007324219e+00 1.543244361877441406e+01 0.000000000000000000e+00
2.641298055648803711e+00 7.359113693237304688e+00 0.000000000000000000e+00
-1.455526828765869141e+01 -5.600835800170898438e+00 0.000000000000000000e+00
9.384606361389160156e+00 2.108170032501220703e+00 0.000000000000000000e+00
1.634366035461425781e+01 1.964698672294616699e+00 0.000000000000000000e+00
-8.312285542488098145e-01 9.778806686401367188e+00 0.000000000000000000e+00
7.607761383056640625e+00 -6.200212001800537109e+00 0.000000000000000000e+00
-1.849294185638427734e+00 5.897137165069580078e+00 0.000000000000000000e+00
-1.302395057678222656e+01 -2.010805130004882812e+00 0.000000000000000000e+00
4.840220928192138672e+00 5.723551273345947266e+00 0.000000000000000000e+00
-1.044929325580596924e-01 1.631359672546386719e+01 0.000000000000000000e+00
-9.241008758544921875e+00 1.424849891662597656e+01 0.000000000000000000e+00
-1.707514953613281250e+01 -1.994704604148864746e+00 0.000000000000000000e+00
2.456436395645141602e+00 -1.106309318542480469e+01 0.000000000000000000e+00
-9.908843040466308594e-01 1.142041206359863281e+01 0.000000000000000000e+00
1.101561832427978516e+01 1.281688976287841797e+01 0.000000000000000000e+00
1.186348795890808105e+00 -1.498067378997802734e+01 0.000000000000000000e+00
1.532498359680175781e+01 -8.294319152832031250e+00 0.000000000000000000e+00
-1.157714748382568359e+01 1.186027812957763672e+01 0.000000000000000000e+00
-1.859022140502929688e+00 -2.691453456878662109e+00 0.000000000000000000e+00
-1.430777454376220703e+01 -7.718742847442626953e+00 0.000000000000000000e+00
-3.790261745452880859e+00 -1.177439880371093750e+01 0.000000000000000000e+00
1.134650945663452148e+00 2.186223745346069336e+00 0.000000000000000000e+00
-6.490556240081787109e+00 9.320221900939941406e+00 0.000000000000000000e+00
9.642172813415527344e+00 9.745866775512695312e+00 0.000000000000000000e+00
3.274709701538085938e+00 -1.708905029296875000e+01 0.000000000000000000e+00
1.541564655303955078e+01 -3.848604202270507812e+00 0.000000000000000000e+00
-3.513388872146606445e+00 6.451948165893554688e+00 0.000000000000000000e+00
9.591556549072265625e+00 -1.251306152343750000e+01 0.000000000000000000e+00
-3.792999982833862305e+00 2.206087112426757812e-01 0.000000000000000000e+00
-1.226729488372802734e+01 5.859941959381103516e+00 0.000000000000000000e+00
-2.644178867340087891e+00 8.313497543334960938e+00 0.000000000000000000e+00
1.008348369598388672e+01 1.131229591369628906e+01 0.000000000000000000e+00
5.305402278900146484e+00 1.394904136657714844e+01 0.000000000000000000e+00
-1.689841079711914062e+01 1.843571901321411133e+00 0.000000000000000000e+00
-1.310030078887939453e+01 7.931947231292724609e+00 0.000000000000000000e+00
9.913660049438476562e+00 4.880033731460571289e-01 0.000000000000000000e+00
-1.265258431434631348e+00 1.734461337327957153e-01 0.000000000000000000e+00
1.266039466857910156e+01 -9.293536186218261719e+00 0.000000000000000000e+00
-4.367205142974853516e+00 8.038059234619140625e+00 0.000000000000000000e+00
1.171242713928222656e+01 -1.389540314674377441e+00 0.000000000000000000e+00
-8.690398931503295898e-01 -8.193482398986816406e+00 0.000000000000000000e+00
-6.334437370300292969e+00 -3.753526210784912109e+00 0.000000000000000000e+00
5.519862174987792969e-01 -5.916683673858642578e+00 0.000000000000000000e+00
1.079571247100830078e+01 -1.138410854339599609e+01 0.000000000000000000e+00
1.589950084686279297e+01 -5.301241397857666016e+00 0.000000000000000000e+00
-1.440439605712890625e+01 6.978765487670898438e+00 0.000000000000000000e+00
5.618034839630126953e+00 7.672053337097167969e+00 0.000000000000000000e+00
1.077276897430419922e+01 6.039183616638183594e+00 0.000000000000000000e+00
-4.890935897827148438e+00 1.354969596862792969e+01 0.000000000000000000e+00
-7.844035625457763672e+00 -1.079349613189697266e+01 0.000000000000000000e+00
5.874665737152099609e+00 -5.229313373565673828e+00 0.000000000000000000e+00
-1.725166797637939453e+00 -1.729731750488281250e+01 0.000000000000000000e+00
-1.244392776489257812e+01 -5.351375579833984375e+00 0.000000000000000000e+00
-8.138961791992187500e+00 1.078954410552978516e+01 0.000000000000000000e+00
1.333958625793457031e+01 1.055745983123779297e+01 0.000000000000000000e+00
1.246563553810119629e+00 -1.721434020996093750e+01 0.000000000000000000e+00
-5.780631542205810547e+00 1.636955070495605469e+01 0.000000000000000000e+00
-1.702943801879882812e+01 3.551732063293457031e+00 0.000000000000000000e+00
1.122492313385009766e+01 8.590858459472656250e+00 0.000000000000000000e+00
1.035266780853271484e+01 -6.739034652709960938e+00 0.000000000000000000e+00
7.765029430389404297e+00 1.138370132446289062e+01 0.000000000000000000e+00
3.084091663360595703e+00 -1.507299304008483887e+00 0.000000000000000000e+00
1.162491679191589355e+00 1.110690021514892578e+01 0.000000000000000000e+00
2.464081764221191406e+00 5.507910251617431641e+00 0.000000000000000000e+00
-1.229694175720214844e+01 -1.148375034332275391e+01 0.000000000000000000e+00
-7.613474369049072266e+00 -2.894535541534423828e+00 0.000000000000000000e+00
6.560489177703857422e+00 -9.839775085449218750e+00 0.000000000000000000e+00
-2.182289361953735352e+00 -5.586040973663330078e+00 0.000000000000000000e+00
7.889171600341796875e+00 1.168708682060241699e+00 0.000000000000000000e+00
2.763932704925537109e+00 1.374625205993652344e+01 0.000000000000000000e+00
8.066994667053222656e+00 -1.032884788513183594e+01 0.000000000000000000e+00
6.596336841583251953e+00 4.675957679748535156e+00 0.000000000000000000e+00
1.237974548339843750e+01 4.719636917114257812e+00 0.000000000000000000e+00
5.236505985260009766e+00 -6.228325963020324707e-01 0.000000000000000000e+00
-7.340649127960205078e+00 4.651750087738037109e+00 0.000000000000000000e+00
1.595454120635986328e+01 3.548723936080932617e+00 0.000000000000000000e+00
6.939970970153808594e+00 9.019140243530273438e+00 0.000000000000000000e+00
-1.184198737144470215e+00 -1.360854148864746094e+01 0.000000000000000000e+00
-1.921633958816528320e+00 1.573994636535644531e+01 0.000000000000000000e+00
1.105849933624267578e+01 -1.291335868835449219e+01 0.000000000000000000e+00
-1.469913196563720703e+01 4.396089911460876465e-01 0.000000000000000000e+00
1.416808414459228516e+01 -2.453187704086303711e+00 0.000000000000000000e+00
3.165863513946533203e+00 -8.116315841674804688e+00 0.000000000000000000e+00
1.491931629180908203e+01 6.725622177124023438e+00 0.000000000000000000e+00
-4.020228385925292969e+00 -2.601794719696044922e+00 0.000000000000000000e+00
-7.415594100952148438e+00 -5.698040485382080078e+00 0.000000000000000000e+00
1.631818264722824097e-01 1.442906856536865234e+01 0.000000000000000000e+00
-1.283885192871093750e+01 8.196471929550170898e-01 0.000000000000000000e+00
1.540812253952026367e+00 -4.506680667400360107e-01 0.000000000000000000e+00
-1.124686336517333984e+01 -7.653256416320800781e+00 0.000000000000000000e+00
-3.247648477554321289e+00 -9.131451606750488281e+00 0.000000000000000000e+00
-2.503338575363159180e+00 -1.505742931365966797e+01 0.000000000000000000e+00
-5.214802742004394531e+00 5.016597747802734375e+00 0.000000000000000000e+00
1.376035404205322266e+01 1.532889485359191895e+00 0.000000000000000000e+00
-5.380295276641845703e+00 1.141224002838134766e+01 0.000000000000000000e+00
1.098259568214416504e+00 -7.727922439575195312e+00 0.000000000000000000e+00
-1.270593357086181641e+01 -8.595399856567382812e+00 0.000000000000000000e+00
-8.575703620910644531e+00 2.123980075120925903e-01 0.000000000000000000e+00
1.201116561889648438e+01 8.165335059165954590e-01 0.000000000000000000e+00
7.667482376098632812e+00 -1.184262371063232422e+01 0.000000000000000000e+00
-2.535849094390869141e+00 1.149506473541259766e+01 0.000000000000000000e+00
1.843504190444946289e+00 -3.606332063674926758e+00 0.000000000000000000e+00
1.677404594421386719e+01 -2.113028287887573242e+00 0.000000000000000000e+00
5.348186492919921875e+00 1.086933040618896484e+01 0.000000000000000000e+00
-1.490677833557128906e+01 -3.442190885543823242e+00 0.000000000000000000e+00
-9.413211822509765625e+00 -9.590643882751464844e+00 0.000000000000000000e+00
-4.445805549621582031e+00 2.330367565155029297e+00 0.000000000000000000e+00
9.316493034362792969e+00 -4.906061649322509766e+00 0.000000000000000000e+00
8.491991996765136719e+00 -2.861331939697265625e+00 0.000000000000000000e+00
-9.444160461425781250e+00 3.453141927719116211e+00 0.000000000000000000e+00
-5.177868843078613281e+00 -9.635838508605957031e+00 0.000000000000000000e+00
-1.127868175506591797e+01 -4.347883701324462891e+00 0.000000000000000000e+00
1.361725616455078125e+01 -7.739771842956542969e+00 0.000000000000000000e+00
-1.503605270385742188e+01 8.342047691345214844e+00 0.000000000000000000e+00
-4.707655906677246094e+00 -6.295253753662109375e+00 0.000000000000000000e+00
1.737506270408630371e+00 1.739043617248535156e+01 0.000000000000000000e+00
3.823819875717163086e+00 -3.458804368972778320e+00 0.000000000000000000e+00
-2.645242452621459961e+00 4.380716800689697266e+00 0.000000000000000000e+00
-8.195477485656738281e+00 -1.360847854614257812e+01 0.000000000000000000e+00
1.440339660644531250e+01 -6.050346374511718750e+00 0.000000000000000000e+00
3.470934629440307617e+00 1.124760627746582031e+01 0.000000000000000000e+00
-6.072029590606689453e+00 3.334847927093505859e+00 0.000000000000000000e+00
3.877295017242431641e+00 1.170663595199584961e+00 0.000000000000000000e+00
1.065764999389648438e+01 2.917354583740234375e+00 0.000000000000000000e+00
7.724072933197021484e+00 -1.405811214447021484e+01 0.000000000000000000e+00
-7.084216594696044922e+00 -1.568749523162841797e+01 0.000000000000000000e+00
-1.015146827697753906e+01 -5.972476482391357422e+00 0.000000000000000000e+00
-1.341822528839111328e+01 1.053693771362304688e+01 0.000000000000000000e+00
4.250866413116455078e+00 -6.637881278991699219e+00 0.000000000000000000e+00
1.292001628875732422e+01 -3.639319419860839844e+00 0.000000000000000000e+00
3.793706178665161133e+00 8.351978302001953125e+00 0.000000000000000000e+00
1.448396396636962891e+01 -6.480107903480529785e-01 0.000000000000000000e+00
1.218944263458251953e+01 2.414052248001098633e+00 0.000000000000000000e+00
1.280637168884277344e+01 8.381101608276367188e+00 0.000000000000000000e+00
4.029994964599609375e+00 -1.538801765441894531e+01 0.000000000000000000e+00
6.951812267303466797e+00 -1.589052677154541016e+01 0.000000000000000000e+00
-1.176404094696044922e+01 9.986650466918945312e+00 0.000000000000000000e+00
-9.913643836975097656e+00 8.369881629943847656e+00 0.000000000000000000e+00
5.881803035736083984e+00 -1.407713699340820312e+01 0.000000000000000000e+00
-4.431595325469970703e+00 -1.689215087890625000e+01 0.000000000000000000e+00
-9.914071083068847656e+00 -1.146500873565673828e+01 0.000000000000000000e+00
1.185069179534912109e+01 1.109249019622802734e+01 0.000000000000000000e+00
3.452805042266845703e+00 3.877212285995483398e+00 0.000000000000000000e+00
-1.527112674713134766e+01 2.530177116394042969e+00 0.000000000000000000e+00
5.899348735809326172e+00 1.106075167655944824e+00 0.000000000000000000e+00
6.441278934478759766e+00 1.268831443786621094e+01 0.000000000000000000e+00
-3.974069118499755859e+00 -4.279268741607666016e+00 0.000000000000000000e+00
-1.165750122070312500e+01 1.789678812026977539e+00 0.000000000000000000e+00
-1.287078189849853516e+01 3.297702789306640625e+00 0.000000000000000000e+00
6.239836215972900391e+00 -8.108851432800292969e+00 0.000000000000000000e+00
6.256039619445800781e+00 -2.926795482635498047e+00 0.000000000000000000e+00
4.415979385375976562e+00 -8.963120460510253906e+00 0.000000000000000000e+00
-4.718194007873535156e+00 -1.519144821166992188e+01 0.000000000000000000e+00
-7.136515140533447266e+00 1.814060330390930176e+00 0.000000000000000000e+00
-1.019842433929443359e+01 1.247424221038818359e+01 0.000000000000000000e+00
3.677781522274017334e-01 -1.205268955230712891e+01 0.000000000000000000e+00
-1.095196342468261719e+01 6.678490161895751953e+00 0.000000000000000000e+00
-6.683695316314697266e+00 1.512005329132080078e+01 0.000000000000000000e+00
-8.817155838012695312e+00 6.765571117401123047e+00 0.000000000000000000e+00
-8.210641860961914062e+00 8.396637916564941406e+00 0.000000000000000000e+00
-7.761518955230712891e-01 7.278204917907714844e+00 0.000000000000000000e+00
-4.208413600921630859e+00 1.504775905609130859e+01 0.000000000000000000e+00
-1.537124538421630859e+01 4.824804782867431641e+00 0.000000000000000000e+00
-6.293797969818115234e+00 -7.306856155395507812e+00 0.000000000000000000e+00
9.884312629699707031e+00 -2.059916257858276367e+00 0.000000000000000000e+00
8.130764961242675781e+00 3.771077871322631836e+00 0.000000000000000000e+00
-2.008389234542846680e+00 1.958442807197570801e+00 0.000000000000000000e+00
7.087686061859130859e+00 -8.222423791885375977e-01 0.000000000000000000e+00
-1.009508967399597168e+00 -4.553797245025634766e+00 0.000000000000000000e+00
-3.120198726654052734e+00 -7.455524921417236328e+00 0.000000000000000000e+00
-5.761289000511169434e-01 3.250762939453125000e+00 0.000000000000000000e+00
-1.418920421600341797e+01 -9.460878372192382812e+00 0.000000000000000000e+00
-1.851800799369812012e+00 -1.189979743957519531e+01 0.000000000000000000e+00
-9.062123298645019531e+00 1.822845101356506348e+00 0.000000000000000000e+00
-1.054658699035644531e+01 -1.344797801971435547e+01 0.000000000000000000e+00
1.582393932342529297e+01 5.069990158081054688e+00 0.000000000000000000e+00
-8.066274642944335938e+00 1.276082611083984375e+01 0.000000000000000000e+00
1.646530532836914062e+01 -5.532014966011047363e-01 0.000000000000000000e+00
9.557402729988098145e-01 4.360093116760253906e+00 0.000000000000000000e+00
-1.595994567871093750e+01 -4.983869075775146484e+00 0.000000000000000000e+00
4.894414424896240234e+00 -1.095057010650634766e+01 0.000000000000000000e+00
-1.562163829803466797e+01 -1.377875208854675293e+00 0.000000000000000000e+00
-5.327150821685791016e+00 -1.247064018249511719e+01 0.000000000000000000e+00
7.885190486907958984e+00 1.335242462158203125e+01 0.000000000000000000e+00
5.651178836822509766e+00 3.313865423202514648e+00 0.000000000000000000e+00
5.741152286529541016e+00 -1.238794231414794922e+01 0.000000000000000000e+00
-1.035727787017822266e+01 -3.110575914382934570e+00 0.000000000000000000e+00
1.000334262847900391e+01 -8.692725181579589844e+00 0.000000000000000000e+00
3.572481632232666016e+00 1.698829650878906250e+01 0.000000000000000000e+00
-8.008926510810852051e-01 -1.563813400268554688e+01 0.000000000000000000e+00
9.719148635864257812e+00 8.226307868957519531e+00 0.000000000000000000e+00
-4.964394569396972656e+00 -1.223056554794311523e+00 0.000000000000000000e+00
-8.935100555419921875e+00 5.125285148620605469e+00 0.000000000000000000e+00
1.802557587623596191e+00 1.587535953521728516e+01 0.000000000000000000e+00
-1.063998222351074219e+01 5.644038692116737366e-02 0.000000000000000000e+00
-9.006074905395507812e+00 -4.015651226043701172e+00 0.000000000000000000e+00
-5.803216457366943359e+00 -1.397550010681152344e+01 0.000000000000000000e+00
1.029147267341613770e+00 8.161889076232910156e+00 0.000000000000000000e+00
1.394874191284179688e+01 4.772880077362060547e+00 0.000000000000000000e+00
6.320654392242431641e+00 1.549409484863281250e+01 0.000000000000000000e+00
-1.626556968688964844e+01 6.452626228332519531e+00 0.000000000000000000e+00
1.653058081865310669e-01 9.614004492759704590e-01 0.000000000000000000e+00
-6.402411460876464844e+00 1.323974514007568359e+01 0.000000000000000000e+00
-7.599118709564208984e+00 -8.260244369506835938e+00 0.000000000000000000e+00
-1.587482357025146484e+01 -7.253909587860107422e+00 0.000000000000000000e+00
9.201002120971679688e+00 1.253017807006835938e+01 0.000000000000000000e+00
3.462081670761108398e+00 -1.365056514739990234e+01 0.000000000000000000e+00
-1.332934379577636719e+01 -3.966737031936645508e+00 0.000000000000000000e+00
6.112714856863021851e-02 -2.879492998123168945e+00 0.000000000000000000e+00
-5.545385360717773438e+00 6.998167514801025391e+00 0.000000000000000000e+00
-1.160611534118652344e+01 4.169892787933349609e+00 0.000000000000000000e+00
-3.933449268341064453e+00 1.047597122192382812e+01 0.000000000000000000e+00
1.251931095123291016e+01 -1.188256263732910156e+01 0.000000000000000000e+00
-1.650305747985839844e+01 -3.547684192657470703e+00 0.000000000000000000e+00
1.189274501800537109e+01 -7.101084232330322266e+00 0.000000000000000000e+00
1.117139625549316406e+01 -2.952925920486450195e+00 0.000000000000000000e+00
-1.719691276550292969e+01 -3.084225952625274658e-01 0.000000000000000000e+00
-6.329563617706298828e+00 -1.123252773284912109e+01 0.000000000000000000e+00
6.699553489685058594e+00 6.357676506042480469e+00 0.000000000000000000e+00
-3.605547189712524414e+00 1.651538658142089844e+01 0.000000000000000000e+00
-6.182390689849853516e+00 -2.104961395263671875e+00 0.000000000000000000e+00
1.244398784637451172e+01 6.780501365661621094e+00 0.000000000000000000e+00
-2.072386503219604492e+00 1.735508346557617188e+01 0.000000000000000000e+00
4.013491630554199219e+00 1.507529926300048828e+01 0.000000000000000000e+00
-6.581318855285644531e+00 -3.296368941664695740e-02 0.000000000000000000e+00
-1.169037055969238281e+01 -1.263503551483154297e+00 0.000000000000000000e+00
-3.265778064727783203e+00 -1.335558223724365234e+01 0.000000000000000000e+00
8.333160400390625000e+00 -7.797222614288330078e+00 0.000000000000000000e+00
1.591045856475830078e+01 -6.837617397308349609e+00 0.000000000000000000e+00
-1.667506933212280273e+00 -9.631331443786621094e+00 0.000000000000000000e+00
-9.717369079589843750e+00 1.066614723205566406e+01 0.000000000000000000e+00
1.243887424468994141e+01 -5.274620056152343750e+00 0.000000000000000000e+00
-9.319062232971191406e+00 -7.341228961944580078e+00 0.000000000000000000e+00
2.353151798248291016e+00 -5.063418865203857422e+00 0.000000000000000000e+00
3.939723491668701172e+00 1.271105289459228516e+01 0.000000000000000000e+00
-2.540671825408935547e+00 1.402261352539062500e+01 0.000000000000000000e+00
2.255304574966430664e+00 -1.271619892120361328e+01 0.000000000000000000e+00
1.416260910034179688e+01 -9.674770355224609375e+00 0.000000000000000000e+00
1.375212764739990234e+01 3.069365978240966797e+00 0.000000000000000000e+00
9.826759338378906250e+00 4.595983982086181641e+00 0.000000000000000000e+00
-1.147409725189208984e+01 -9.608439445495605469e+00 0.000000000000000000e+00
1.436473941802978516e+01 8.632448196411132812e+00 0.000000000000000000e+00
1.302234888076782227e+00 6.589164257049560547e+00 0.000000000000000000e+00
-1.269601726531982422e+01 -6.837418079376220703e+00 0.000000000000000000e+00
-4.280452728271484375e+00 3.828243732452392578e+00 0.000000000000000000e+00
-7.146542072296142578e+00 6.935822486877441406e+00 0.000000000000000000e+00
9.868946075439453125e+00 1.404094791412353516e+01 0.000000000000000000e+00
2.762046337127685547e+00 9.739934921264648438e+00 0.000000000000000000e+00
-1.998117864131927490e-01 -1.196258664131164551e+00 0.000000000000000000e+00
9.322559356689453125e+00 -1.438415050506591797e+01 0.000000000000000000e+00
2.499325990676879883e+00 -6.585132122039794922e+00 0.000000000000000000e+00
-1.147703552246093750e+01 8.440108299255371094e+00 0.000000000000000000e+00
