-9.298732757568359375e+00 5.474557876586914062e+00 0.000000000000000000e+00
1.585058975219726562e+01 -6.521783351898193359e+00 0.000000000000000000e+00
-6.438850164413452148e-01 -1.293830585479736328e+01 0.000000000000000000e+00
-1.559989213943481445e+00 2.097792148590087891e+00 0.000000000000000000e+00
1.217621326446533203e+01 8.369045257568359375e+00 0.000000000000000000e+00
-6.124165058135986328e+00 1.335691261291503906e+01 0.000000000000000000e+00
-6.798344135284423828e+00 -1.096823215484619141e+01 0.000000000000000000e+00
2.034325361251831055e+00 -1.093951702117919922e+01 0.000000000000000000e+00
1.516417407989501953e+01 2.041405916213989258e+00 0.000000000000000000e+00
-1.430588245391845703e+01 4.890167713165283203e+00 0.000000000000000000e+00
1.389186382293701172e+01 6.526516437530517578e+00 0.000000000000000000e+00
7.721188545227050781e+00 5.199642658233642578e+00 0.000000000000000000e+00
7.284298896789550781e+00 7.964537620544433594e+00 0.000000000000000000e+00
4.762426614761352539e-01 1.501036357879638672e+01 0.000000000000000000e+00
-1.983058214187622070e+00 1.678845596313476562e+01 0.000000000000000000e+00
5.690603733062744141e+00 -8.897610664367675781e+00 0.000000000000000000e+00
-1.291444587707519531e+01 -6.059130668640136719e+00 0.000000000000000000e+00
-1.013140010833740234e+01 3.673800945281982422e+00 0.000000000000000000e+00
-4.477021694183349609e+00 -1.027777576446533203e+01 0.000000000000000000e+00
-1.226334214210510254e+00 -3.297816991806030273e+00 0.000000000000000000e+00
-9.933095932006835938e+00 -8.712548255920410156e+00 0.000000000000000000e+00
-1.593837451934814453e+01 4.011358737945556641e+00 0.000000000000000000e+00
-5.961182117462158203e+00 1.182813262939453125e+01 0.000000000000000000e+00
-9.898853302001953125e+00 -5.437020063400268555e-01 0.000000000000000000e+00
2.408922910690307617e+00 -2.987290859222412109e+00 0.000000000000000000e+00
1.707425498962402344e+01 1.947763204574584961e+00 0.000000000000000000e+00
2.212134122848510742e+00 5.488966464996337891e+00 0.000000000000000000e+00
-1.518061923980712891e+01 1.890757799148559570e+00 0.000000000000000000e+00
-1.192442321777343750e+01 -1.622997283935546875e+00 0.000000000000000000e+00
-5.736495971679687500e+00 -1.491811156272888184e+00 0.000000000000000000e+00
-5.557698726654052734e+00 -8.309723854064941406e+00 0.000000000000000000e+00
6.180325031280517578e+00 -1.275200843811035156e+01 0.000000000000000000e+00
-1.570015048980712891e+01 6.010805130004882812e+00 0.000000000000000000e+00
1.008121776580810547e+01 -8.388091325759887695e-01 0.000000000000000000e+00
1.079462718963623047e+01 -7.825363159179687500e+00 0.000000000000000000e+00
1.210393714904785156e+01 3.492135286331176758e+00 0.000000000000000000e+00
3.930557489395141602e+00 -1.776182055473327637e+00 0.000000000000000000e+00
-7.912633895874023438e+00 7.517708778381347656e+00 0.000000000000000000e+00
1.309975910186767578e+01 -7.773207664489746094e+00 0.000000000000000000e+00
1.932626724243164062e+00 1.137388944625854492e+00 0.000000000000000000e+00
-3.489023685455322266e+00 7.999304771423339844e+00 0.000000000000000000e+00
4.946879863739013672e+00 6.482741355895996094e+00 0.000000000000000000e+00
-1.408774948120117188e+01 -7.538416862487792969e+00 0.000000000000000000e+00
-5.893607616424560547e+00 -1.425989532470703125e+01 0.000000000000000000e+00
7.623670101165771484e+00 -1.532371997833251953e+01 0.000000000000000000e+00
1.589619731903076172e+01 5.464977264404296875e+00 0.000000000000000000e+00
-8.738833427429199219e+00 1.098167324066162109e+01 0.000000000000000000e+00
8.071328163146972656e+00 -2.695896148681640625e+00 0.000000000000000000e+00
1.730325889587402344e+01 -2.200485467910766602e+00 0.000000000000000000e+00
-5.174432754516601562e+00 7.793447375297546387e-02 0.000000000000000000e+00
1.210815787315368652e+00 4.223093032836914062e+00 0.000000000000000000e+00
-9.384841918945312500e+00 -1.157154846191406250e+01 0.000000000000000000e+00
-1.138183307647705078e+01 -1.035070800781250000e+01 0.000000000000000000e+00
-4.212918758392333984e+00 3.974801778793334961e+00 0.000000000000000000e+00
-3.774199724197387695e+00 -8.462250709533691406e+00 0.000000000000000000e+00
-3.024225711822509766e+00 1.261254119873046875e+01 0.000000000000000000e+00
7.909972667694091797e+00 -6.649843215942382812e+00 0.000000000000000000e+00
1.110340499877929688e+01 5.653524875640869141e+00 0.000000000000000000e+00
-1.129279422760009766e+01 6.535862922668457031e+00 0.000000000000000000e+00
1.197022628784179688e+01 -6.413023948669433594e+00 0.000000000000000000e+00
4.164627552032470703e+00 -9.339146614074707031e+00 0.000000000000000000e+00
-3.303131580352783203e+00 1.045192527770996094e+01 0.000000000000000000e+00
3.725748300552368164e+00 1.392376327514648438e+01 0.000000000000000000e+00
-4.074284076690673828e+00 -1.637825584411621094e+01 0.000000000000000000e+00
-6.156931877136230469e+00 8.667443275451660156e+00 0.000000000000000000e+00
8.090451240539550781e+00 1.655036926269531250e+00 0.000000000000000000e+00
-1.558164501190185547e+01 -5.148947238922119141e+00 0.000000000000000000e+00
-3.245538473129272461e+00 -6.128512382507324219e+00 0.000000000000000000e+00
5.583200931549072266e+00 1.032337379455566406e+01 0.000000000000000000e+00
3.937785148620605469e+00 -1.550024414062500000e+01 0.000000000000000000e+00
-1.002397918701171875e+01 1.748735070228576660e+00 0.000000000000000000e+00
-7.184047698974609375e+00 1.103824257850646973e+00 0.000000000000000000e+00
-3.379688262939453125e+00 -1.484104824066162109e+01 0.000000000000000000e+00
1.051870250701904297e+01 9.030323982238769531e+00 0.000000000000000000e+00
-1.238358116149902344e+01 9.367043495178222656e+00 0.000000000000000000e+00
-3.290927648544311523e+00 1.500658893585205078e+01 0.000000000000000000e+00
1.067120933532714844e+01 1.115933537483215332e+00 0.000000000000000000e+00
1.360115408897399902e+00 1.222664356231689453e+01 0.000000000000000000e+00
6.523388385772705078e+00 -2.125269651412963867e+00 0.000000000000000000e+00
-1.401780319213867188e+01 6.544373512268066406e+00 0.000000000000000000e+00
-2.696861982345581055e+00 -1.714656066894531250e+01 0.000000000000000000e+00
-5.267650604248046875e+00 1.619190979003906250e+01 0.000000000000000000e+00
-1.725514030456542969e+01 1.940142869949340820e+00 0.000000000000000000e+00
-1.690426063537597656e+01 -4.139846265316009521e-01 0.000000000000000000e+00
1.420108985900878906e+01 9.598062515258789062e+00 0.000000000000000000e+00
-4.846408843994140625e+00 9.582292556762695312e+00 0.000000000000000000e+00
1.298609542846679688e+01 -1.043323135375976562e+01 0.000000000000000000e+00
-6.113646984100341797e+00 -1.235814857482910156e+01 0.000000000000000000e+00
-6.647465229034423828e+00 5.793392658233642578e+00 0.000000000000000000e+00
2.042202711105346680e+00 -1.244460773468017578e+01 0.000000000000000000e+00
-7.680161595344543457e-01 -8.502473682165145874e-02 0.000000000000000000e+00
-6.396483421325683594e+00 2.635247468948364258e+00 0.000000000000000000e+00
5.763514518737792969e+00 1.544973373413085938e+01 0.000000000000000000e+00
-8.153007507324218750e+00 -2.073425054550170898e+00 0.000000000000000000e+00
-1.935482144355773926e+00 1.414327526092529297e+01 0.000000000000000000e+00
-6.466644763946533203e+00 1.041183948516845703e+01 0.000000000000000000e+00
-2.494871377944946289e+00 -1.030481147766113281e+01 0.000000000000000000e+00
1.670309448242187500e+01 -4.845195293426513672e+00 0.000000000000000000e+00
1.534830570220947266e+01 -2.959823369979858398e+00 0.000000000000000000e+00
1.324097251892089844e+01 1.598931908607482910e+00 0.000000000000000000e+00
1.246382522583007812e+01 1.189762210845947266e+01 0.000000000000000000e+00
6.451733112335205078e+00 -7.351395606994628906e+00 0.000000000000000000e+00
1.008867263793945312e+01 1.176581954956054688e+01 0.000000000000000000e+00
9.401891708374023438e+00 -1.075110435485839844e+01 0.000000000000000000e+00
-4.474241256713867188e+00 -2.869684696197509766e+00 0.000000000000000000e+00
1.000407695770263672e+00 -6.674177169799804688e+00 0.000000000000000000e+00
-3.141920328140258789e+00 -3.567707061767578125e+00 0.000000000000000000e+00
-2.391759634017944336e+00 4.497269153594970703e+00 0.000000000000000000e+00
8.623917579650878906e+00 -8.136019706726074219e+00 0.000000000000000000e+00
-6.118531227111816406e+00 -6.522679328918457031e+00 0.000000000000000000e+00
8.946349143981933594e+00 1.283072471618652344e+01 0.000000000000000000e+00
1.105288600921630859e+01 -1.289398956298828125e+01 0.000000000000000000e+00
1.555601596832275391e+01 7.547078132629394531e+00 0.000000000000000000e+00
5.779634475708007812e+00 -1.483555412292480469e+01 0.000000000000000000e+00
3.876519799232482910e-01 5.625848770141601562e+00 0.000000000000000000e+00
-1.323808288574218750e+01 -1.041829681396484375e+01 0.000000000000000000e+00
1.088169384002685547e+01 -9.885729789733886719e+00 0.000000000000000000e+00
2.829565525054931641e+00 2.361289024353027344e+00 0.000000000000000000e+00
1.195178866386413574e+00 -9.401237487792968750e+00 0.000000000000000000e+00
-9.227932929992675781e+00 -3.946386337280273438e+00 0.000000000000000000e+00
-7.611169815063476562e+00 -6.245994567871093750e+00 0.000000000000000000e+00
6.705690860748291016e+00 -5.572525501251220703e+00 0.000000000000000000e+00
1.234148883819580078e+01 -2.248634815216064453e+00 0.000000000000000000e+00
-1.097640514373779297e+01 1.226073455810546875e+01 0.000000000000000000e+00
5.746371150016784668e-01 1.659691429138183594e+01 0.000000000000000000e+00
1.260279369354248047e+01 -3.966022014617919922e+00 0.000000000000000000e+00
-1.539770126342773438e+00 6.926599979400634766e+00 0.000000000000000000e+00
5.913051605224609375e+00 1.230647277832031250e+01 0.000000000000000000e+00
7.882573127746582031e+00 1.439560699462890625e+01 0.000000000000000000e+00
-7.448436021804809570e-01 -4.901164531707763672e+00 0.000000000000000000e+00
-1.377358913421630859e+01 -9.751979112625122070e-01 0.000000000000000000e+00
-7.774609565734863281e+00 1.331195449829101562e+01 0.000000000000000000e+00
-3.794898509979248047e+00 6.455904483795166016e+00 0.000000000000000000e+00
-6.244456291198730469e+00 -4.085581779479980469e+00 0.000000000000000000e+00
-9.379629135131835938e+00 7.882230758666992188e+00 0.000000000000000000e+00
2.919884204864501953e+00 -4.790095806121826172e+00 0.000000000000000000e+00
6.449219226837158203e+00 2.453557252883911133e+00 0.000000000000000000e+00
2.161406517028808594e+00 -1.403505444526672363e+00 0.000000000000000000e+00
-1.694841957092285156e+01 -3.028687715530395508e+00 0.000000000000000000e+00
-1.225980949401855469e+01 1.704795479774475098e+00 0.000000000000000000e+00
1.883840203285217285e+00 7.877149581909179688e+00 0.000000000000000000e+00
-1.223010540008544922e+01 -3.138301372528076172e+00 0.000000000000000000e+00
9.498705863952636719e+00 -1.391169071197509766e+01 0.000000000000000000e+00
1.068099784851074219e+01 -2.432641983032226562e+00 0.000000000000000000e+00
-8.744734764099121094e+00 3.024834394454956055e+00 0.000000000000000000e+00
-1.480144500732421875e+01 -3.520491600036621094e+00 0.000000000000000000e+00
-2.748714685440063477e-01 -1.491369056701660156e+01 0.000000000000000000e+00
1.082901763916015625e+01 -3.970480203628540039e+00 0.000000000000000000e+00
2.395163774490356445e+00 -1.662506866455078125e+01 0.000000000000000000e+00
7.458951473236083984e+00 1.100125122070312500e+01 0.000000000000000000e+00
-6.503706455230712891e+00 -1.611014747619628906e+01 0.000000000000000000e+00
3.877258062362670898e+00 -1.329580307006835938e+01 0.000000000000000000e+00
4.594664573669433594e+00 3.685964107513427734e+00 0.000000000000000000e+00
8.689883232116699219e+00 1.007984066009521484e+01 0.000000000000000000e+00
-7.724089145660400391e+00 -3.749200820922851562e+00 0.000000000000000000e+00
8.560761451721191406e+00 -1.022846922278404236e-01 0.000000000000000000e+00
1.254559755325317383e+00 -4.176673412322998047e+00 0.000000000000000000e+00
3.735137224197387695e+00 1.122896862030029297e+01 0.000000000000000000e+00
-1.651129722595214844e-01 2.756807088851928711e+00 0.000000000000000000e+00
-9.045431137084960938e+00 1.425318050384521484e+01 0.000000000000000000e+00
9.706716537475585938e+00 3.271501541137695312e+00 0.000000000000000000e+00
2.126242876052856445e+00 1.556158638000488281e+01 0.000000000000000000e+00
1.553139925003051758e+00 9.913884162902832031e+00 0.000000000000000000e+00
-9.716976165771484375e+00 9.573078155517578125e+00 0.000000000000000000e+00
-1.519964313507080078e+01 -4.376657307147979736e-02 0.000000000000000000e+00
4.889952659606933594e+00 -1.678980255126953125e+01 0.000000000000000000e+00
1.456248283386230469e+01 -7.178205847740173340e-01 0.000000000000000000e+00
7.240973472595214844e+00 -3.984174966812133789e+00 0.000000000000000000e+00
-1.387192344665527344e+01 8.752532005310058594e+00 0.000000000000000000e+00
9.340085983276367188e+00 7.500788688659667969e+00 0.000000000000000000e+00
5.746406078338623047e+00 5.350702404975891113e-01 0.000000000000000000e+00
-1.045061302185058594e+01 -1.307991981506347656e+01 0.000000000000000000e+00
1.048687267303466797e+01 -5.821374893188476562e+00 0.000000000000000000e+00
1.379337787628173828e+01 4.410780429840087891e+00 0.000000000000000000e+00
1.929379999637603760e-01 7.823287487030029297e+00 0.000000000000000000e+00
1.287443161010742188e+01 -4.060290753841400146e-01 0.000000000000000000e+00
-7.889927864074707031e+00 -1.545772933959960938e+01 0.000000000000000000e+00
-1.585338783264160156e+01 -1.853182435035705566e+00 0.000000000000000000e+00
-7.306431293487548828e+00 1.571078586578369141e+01 0.000000000000000000e+00
-1.933838486671447754e+00 -8.637385368347167969e+00 0.000000000000000000e+00
1.699041175842285156e+01 3.473033428192138672e+00 0.000000000000000000e+00
8.103721618652343750e+00 -1.211722469329833984e+01 0.000000000000000000e+00
-9.408451080322265625e+00 -6.395089149475097656e+00 0.000000000000000000e+00
4.119128227233886719e+00 1.147280693054199219e+00 0.000000000000000000e+00
-4.661706447601318359e+00 1.386403083801269531e+01 0.000000000000000000e+00
2.078426837921142578e+00 -1.493790817260742188e+01 0.000000000000000000e+00
-3.290753066539764404e-01 1.214011478424072266e+01 0.000000000000000000e+00
-4.035489559173583984e+00 1.677384495735168457e+00 0.000000000000000000e+00
3.086032629013061523e+00 9.734464645385742188e+00 0.000000000000000000e+00
-9.409356117248535156e+00 -1.427150249481201172e+01 0.000000000000000000e+00
6.634303092956542969e+00 -1.021877002716064453e+01 0.000000000000000000e+00
-9.655230641365051270e-01 8.808987617492675781e+00 0.000000000000000000e+00
1.439117813110351562e+01 -9.403584480285644531e+00 0.000000000000000000e+00
-7.720956802368164062e+00 -9.146939277648925781e+00 0.000000000000000000e+00
8.124085426330566406e+00 -9.738706588745117188e+00 0.000000000000000000e+00
3.610096931457519531e+00 8.083642959594726562e+00 0.000000000000000000e+00
3.724219560623168945e+00 -6.869653224945068359e+00 0.000000000000000000e+00
-3.317728042602539062e+00 -1.220615863800048828e+01 0.000000000000000000e+00
2.031810522079467773e+00 1.719114303588867188e+01 0.000000000000000000e+00
-2.923094511032104492e+00 -2.032728433609008789e+00 0.000000000000000000e+00
-2.009573936462402344e+00 -1.572404861450195312e+01 0.000000000000000000e+00
1.588564682006835938e+01 -1.522389769554138184e+00 0.000000000000000000e+00
-1.290412521362304688e+01 -8.843220710754394531e+00 0.000000000000000000e+00
-1.455480670928955078e+01 3.368433475494384766e+00 0.000000000000000000e+00
-1.202707576751708984e+01 3.241058111190795898e+00 0.000000000000000000e+00
-1.543396115303039551e-01 -1.868957638740539551e+00 0.000000000000000000e+00
-1.058981704711914062e+01 -2.751186609268188477e+00 0.000000000000000000e+00
1.526995372772216797e+01 -8.172878265380859375e+00 0.000000000000000000e+00
5.947535514831542969e+00 4.588621139526367188e+00 0.000000000000000000e+00
5.416409492492675781e+00 8.506936073303222656e+00 0.000000000000000000e+00
-1.164263153076171875e+01 4.965076446533203125e+00 0.000000000000000000e+00
-1.275355070829391479e-01 1.050986576080322266e+01 0.000000000000000000e+00
4.489858150482177734e+00 -1.140760231018066406e+01 0.000000000000000000e+00
-6.108484268188476562e-01 -1.085139083862304688e+01 0.000000000000000000e+00
9.549375534057617188e+00 5.814912796020507812e+00 0.000000000000000000e+00
-1.119636917114257812e+01 -4.633613109588623047e+00 0.000000000000000000e+00
1.153002357482910156e+01 1.056471538543701172e+01 0.000000000000000000e+00
-1.142688846588134766e+01 -8.361291885375976562e+00 0.000000000000000000e+00
-1.218806362152099609e+01 -1.234588050842285156e+01 0.000000000000000000e+00
-3.193752765655517578e+00 -2.719076909124851227e-02 0.000000000000000000e+00
5.322027206420898438e+00 -3.803562402725219727e+00 0.000000000000000000e+00
1.685430717468261719e+01 4.282435774803161621e-01 0.000000000000000000e+00
3.797912597656250000e+00 5.042297363281250000e+00 0.000000000000000000e+00
-1.036387562751770020e+00 -6.700490474700927734e+00 0.000000000000000000e+00
-7.628674030303955078e+00 9.249123573303222656e+00 0.000000000000000000e+00
1.498106670379638672e+01 -5.117794036865234375e+00 0.000000000000000000e+00
5.397614002227783203e+00 -9.398931860923767090e-01 0.000000000000000000e+00
6.466582298278808594e+00 1.387273597717285156e+01 0.000000000000000000e+00
-1.088802051544189453e+01 8.252749443054199219e+00 0.000000000000000000e+00
-7.691187381744384766e+00 -1.277527904510498047e+01 0.000000000000000000e+00
2.304278612136840820e+00 -8.315487861633300781e+00 0.000000000000000000e+00
-7.694978713989257812e+00 -4.156984090805053711e-01 0.000000000000000000e+00
-1.301512336730957031e+01 1.097841548919677734e+01 0.000000000000000000e+00
7.045754790306091309e-01 -1.168414974212646484e+01 0.000000000000000000e+00
7.653345584869384766e+00 -1.365899562835693359e+01 0.000000000000000000e+00
-5.382603168487548828e+00 4.979786396026611328e+00 0.000000000000000000e+00
-1.563225746154785156e+01 7.653569221496582031e+00 0.000000000000000000e+00
-1.258133500814437866e-01 -1.664111900329589844e+01 0.000000000000000000e+00
-1.355359172821044922e+01 9.287905693054199219e-01 0.000000000000000000e+00
-4.533108711242675781e+00 -4.867651462554931641e+00 0.000000000000000000e+00
8.704368591308593750e+00 -5.069884300231933594e+00 0.000000000000000000e+00
1.006411647796630859e+01 1.412099742889404297e+01 0.000000000000000000e+00
-8.611709594726562500e+00 -7.682024002075195312e+00 0.000000000000000000e+00
-1.664602041244506836e+00 1.076535224914550781e+01 0.000000000000000000e+00
-4.383289813995361328e+00 -1.368776130676269531e+01 0.000000000000000000e+00
-7.673050880432128906e+00 4.124352455139160156e+00 0.000000000000000000e+00
1.348947811126708984e+01 -5.411362171173095703e+00 0.000000000000000000e+00
-1.147671031951904297e+01 3.291580080986022949e-01 0.000000000000000000e+00
-2.400259017944335938e+00 9.251323699951171875e+00 0.000000000000000000e+00
-1.187314748764038086e+00 5.424767494201660156e+00 0.000000000000000000e+00
1.384450626373291016e+01 -2.307423114776611328e+00 0.000000000000000000e+00
1.379173851013183594e+01 8.034954071044921875e+00 0.000000000000000000e+00
8.034126281738281250e+00 3.658848285675048828e+00 0.000000000000000000e+00
1.102313041687011719e+01 7.175681591033935547e+00 0.000000000000000000e+00
-1.102555179595947266e+01 1.047216892242431641e+01 0.000000000000000000e+00
2.910045862197875977e+00 1.258720493316650391e+01 0.000000000000000000e+00
