-0.418567
-0.418717
-0.907551
-0.000005
-0.523390
-0.907551
-0.628309
-1.047310
-1.152049
-0.803006
-1.326426
-0.907551
-1.431255
-0.279407
-0.139660
-0.139784
-0.942360
-0.942360
-0.663234
-0.663234
-1.186851
-1.186808
-0.349063
-0.349063
-0.872743
-0.872607
-1.116766
-1.116931
-0.488722
-0.488722
-0.593499
-0.593402
-1.396203
-1.396066
-0.209395
-0.209550
-0.035028
-0.035028
-0.733015
-0.732928
-1.012231
-1.012231
-0.837908
-0.837961
-1.256559
-1.256523
-1.535815
-1.535786
-0.628305
-0.558580
-0.313988
-0.383959
-1.221633
-1.291350
-0.174560
-1.431147
-0.104811
-0.244199
-1.361366
-0.453626
-0.697962
