3826896.235130 460979.454666 5064658.203000
3826979.384140 460897.596673 5064603.189000
3826600.961120 460953.401641 5064881.136000
3826565.594120 460958.109638 5064907.258000
3826471.348110 461000.137630 5064974.201000
3826517.812110 461035.257634 5064936.150000
3826585.626120 460865.843640 5064900.561000
3826579.486120 460917.479639 5064900.502000
3826701.160120 460989.249649 5064802.685000
3826631.194110 461021.814643 5064852.259000
3826653.783100 461136.439645 5064824.943000
3826612.499110 461080.297642 5064861.006000
3826478.715100 461083.719631 5064961.117000
3826538.021100 461169.730636 5064908.827000
3826637.421100 461227.344644 5064829.134000
3826648.961090 461354.240645 5064809.003000
3826318.954110 460856.124617 5065101.850000
3826402.103120 460774.266624 5065046.836000
3826405.095060 461507.459624 5064978.083000
3826499.783060 461552.497632 5064902.938000
3826463.502150 460533.093630 5065022.614000
3826368.813150 460488.056622 5065097.759000
3827218.193110 461403.897693 5064378.790000
3827123.504110 461358.860685 5064453.935000
3826418.227040 461805.836625 5064941.199000
3826335.078030 461887.695618 5064996.213000
3825573.134040 461324.606554 5065619.039000
3825656.283050 461242.748561 5065564.025000
3826041.577150 460323.373594 5065357.614000
3825958.428130 460405.232587 5065412.628000
3826383.037160 460279.342623 5065105.850000
3826477.725160 460324.380631 5065030.705000
3826864.262170 460451.923663 5064730.006000
3826947.411180 460370.065671 5064674.992000
3825899.925020 461698.938581 5065339.217000
3825805.236020 461653.901573 5065414.362000
3826331.589950 462759.073617 5064919.620000
3826248.440940 462840.932610 5064974.634000
3826679.281050 461855.242647 5064741.380000
3826690.821040 461982.138648 5064721.249000
3827442.512150 461050.846712 5064242.403000
3827430.973160 460923.951711 5064262.533000
3827973.226280 459728.623758 5063975.300000
3827890.077270 459810.482750 5064030.313000
3826795.752190 460158.893658 5064808.929000
3826784.211200 460031.992657 5064829.062000
3825568.820100 460647.619554 5065683.028000
3825663.508100 460692.657562 5065607.883000
