-2.561154600002135240e+00 -6.868312128084337331e-01
-1.936380137604234664e+00 3.958307247950892949e-01
-1.311605675206334309e+00 1.478492662398612101e+00
-6.868312128084337331e-01 2.561154600002135240e+00
-1.478492662398612101e+00 -1.311605675206334309e+00
-8.537182000007117466e-01 -2.289437376028112259e-01
-2.289437376028112259e-01 8.537182000007117466e-01
3.958307247950892949e-01 1.936380137604234664e+00
-3.958307247950892949e-01 -1.936380137604234664e+00
2.289437376028112259e-01 -8.537182000007117466e-01
8.537182000007117466e-01 2.289437376028112259e-01
1.478492662398612101e+00 1.311605675206334309e+00
6.868312128084337331e-01 -2.561154600002135240e+00
1.311605675206334309e+00 -1.478492662398612101e+00
1.936380137604234664e+00 -3.958307247950892949e-01
2.561154600002135240e+00 6.868312128084337331e-01
