1.220924091339111328e+01 -1.240810012817382812e+01 0.000000000000000000e+00
1.416320800781250000e+01 4.009881019592285156e+00 0.000000000000000000e+00
-2.264486312866210938e+00 1.111700057983398438e+00 0.000000000000000000e+00
-5.972950935363769531e+00 1.195424914360046387e+00 0.000000000000000000e+00
-1.209001064300537109e+01 -5.409451007843017578e+00 0.000000000000000000e+00
-6.434734821319580078e+00 -1.111633300781250000e+00 0.000000000000000000e+00
-6.599426269531250000e+00 -1.339366340637207031e+01 0.000000000000000000e+00
1.470807456970214844e+01 6.981687068939208984e+00 0.000000000000000000e+00
-1.782205581665039062e+00 -1.510702419281005859e+01 0.000000000000000000e+00
-1.194461727142333984e+01 3.260073423385620117e+00 0.000000000000000000e+00
-1.708964347839355469e+01 -1.513192534446716309e+00 0.000000000000000000e+00
1.374874353408813477e+00 -8.006562232971191406e+00 0.000000000000000000e+00
1.424022197723388672e+01 -5.900686740875244141e+00 0.000000000000000000e+00
2.219659566879272461e+00 -1.211275672912597656e+01 0.000000000000000000e+00
4.351001262664794922e+00 -2.101910829544067383e+00 0.000000000000000000e+00
-9.295661926269531250e+00 3.360690474510192871e-01 0.000000000000000000e+00
-1.069809722900390625e+01 -1.068812847137451172e+01 0.000000000000000000e+00
1.336146068572998047e+01 5.515376091003417969e+00 0.000000000000000000e+00
-8.352750539779663086e-01 7.989843845367431641e+00 0.000000000000000000e+00
4.962959289550781250e-01 2.389730453491210938e+00 0.000000000000000000e+00
2.387605428695678711e+00 3.048696994781494141e+00 0.000000000000000000e+00
3.507596015930175781e+00 5.577322483062744141e+00 0.000000000000000000e+00
7.518362998962402344e+00 -3.139927387237548828e+00 0.000000000000000000e+00
-2.676865816116333008e+00 1.602527999877929688e+01 0.000000000000000000e+00
8.759371757507324219e+00 -7.287897109985351562e+00 0.000000000000000000e+00
-1.272610378265380859e+01 1.453649640083312988e+00 0.000000000000000000e+00
-1.104856300354003906e+01 1.234767627716064453e+01 0.000000000000000000e+00
-4.798567295074462891e+00 -1.089286923408508301e+00 0.000000000000000000e+00
-8.692672729492187500e+00 1.292777156829833984e+01 0.000000000000000000e+00
-3.298443555831909180e+00 -1.672370719909667969e+01 0.000000000000000000e+00
7.734435796737670898e-01 1.077867984771728516e+01 0.000000000000000000e+00
7.222669601440429688e+00 9.760679602622985840e-01 0.000000000000000000e+00
-5.876418590545654297e+00 9.040829658508300781e+00 0.000000000000000000e+00
-1.561968326568603516e+01 -4.813535213470458984e+00 0.000000000000000000e+00
1.714071631431579590e+00 4.597492218017578125e+00 0.000000000000000000e+00
-9.351742744445800781e+00 3.001638412475585938e+00 0.000000000000000000e+00
-3.419745922088623047e+00 -1.150267028808593750e+01 0.000000000000000000e+00
9.046038627624511719e+00 -1.412919616699218750e+01 0.000000000000000000e+00
5.447030067443847656e+00 9.346171379089355469e+00 0.000000000000000000e+00
-1.490917587280273438e+01 1.504380941390991211e+00 0.000000000000000000e+00
-6.255894184112548828e+00 4.593856811523437500e+00 0.000000000000000000e+00
-2.791745662689208984e-01 7.170142531394958496e-01 0.000000000000000000e+00
-1.048325061798095703e+01 -1.311249732971191406e+01 0.000000000000000000e+00
-4.656112194061279297e+00 7.418561935424804688e+00 0.000000000000000000e+00
-9.736973762512207031e+00 -9.098732948303222656e+00 0.000000000000000000e+00
9.037111282348632812e+00 1.062340068817138672e+01 0.000000000000000000e+00
1.219574165344238281e+01 -2.224419116973876953e+00 0.000000000000000000e+00
-7.894007682800292969e+00 7.548552989959716797e+00 0.000000000000000000e+00
1.379206752777099609e+01 -2.858782529830932617e+00 0.000000000000000000e+00
1.646077728271484375e+01 -4.341285705566406250e+00 0.000000000000000000e+00
8.716316819190979004e-01 -4.802682399749755859e+00 0.000000000000000000e+00
-5.019216060638427734e+00 1.306210517883300781e+01 0.000000000000000000e+00
8.655351638793945312e+00 -1.267883968353271484e+01 0.000000000000000000e+00
-6.934648990631103516e+00 -4.065743923187255859e+00 0.000000000000000000e+00
-1.158999443054199219e+00 1.258217334747314453e+01 0.000000000000000000e+00
2.619854927062988281e+00 8.334100723266601562e+00 0.000000000000000000e+00
-4.195403575897216797e+00 -1.517560386657714844e+01 0.000000000000000000e+00
4.323505163192749023e-01 -1.265540409088134766e+01 0.000000000000000000e+00
-6.762516021728515625e+00 1.612138938903808594e+01 0.000000000000000000e+00
-1.345822715759277344e+01 -2.208489179611206055e+00 0.000000000000000000e+00
1.646214962005615234e+00 9.449801445007324219e-01 0.000000000000000000e+00
-4.601871490478515625e+00 -6.250791072845458984e+00 0.000000000000000000e+00
1.293722152709960938e+01 -7.421196460723876953e+00 0.000000000000000000e+00
-7.467587471008300781e+00 -7.210351467132568359e+00 0.000000000000000000e+00
-1.552670478820800781e+01 -7.483515262603759766e+00 0.000000000000000000e+00
-6.141903400421142578e+00 -1.548598480224609375e+01 0.000000000000000000e+00
6.622883796691894531e+00 1.550493812561035156e+01 0.000000000000000000e+00
1.161756420135498047e+01 -2.263289093971252441e-01 0.000000000000000000e+00
9.302413940429687500e+00 -2.237272024154663086e+00 0.000000000000000000e+00
8.551403045654296875e+00 -9.175071716308593750e+00 0.000000000000000000e+00
1.055452060699462891e+01 -1.010588932037353516e+01 0.000000000000000000e+00
1.055211830139160156e+01 4.973616600036621094e+00 0.000000000000000000e+00
-1.201422882080078125e+01 -8.811138153076171875e+00 0.000000000000000000e+00
1.349884796142578125e+01 9.347482681274414062e+00 0.000000000000000000e+00
6.827153682708740234e+00 -1.257002925872802734e+01 0.000000000000000000e+00
5.902390480041503906e+00 2.915749311447143555e+00 0.000000000000000000e+00
1.609886169433593750e+01 3.978052854537963867e+00 0.000000000000000000e+00
-5.677324771881103516e+00 -1.048420906066894531e+01 0.000000000000000000e+00
4.448454856872558594e+00 -9.808043479919433594e+00 0.000000000000000000e+00
1.786941409111022949e+00 -1.449860858917236328e+01 0.000000000000000000e+00
-9.916421890258789062e+00 -4.560919284820556641e+00 0.000000000000000000e+00
4.527844190597534180e-01 1.261141681671142578e+01 0.000000000000000000e+00
1.052767181396484375e+01 -8.524297714233398438e+00 0.000000000000000000e+00
-3.680485248565673828e+00 -1.314328098297119141e+01 0.000000000000000000e+00
4.015655040740966797e+00 -1.400127220153808594e+01 0.000000000000000000e+00
5.015974521636962891e+00 1.497732830047607422e+01 0.000000000000000000e+00
3.534257173538208008e+00 -5.066626071929931641e+00 0.000000000000000000e+00
2.872305393218994141e+00 -3.299056529998779297e+00 0.000000000000000000e+00
2.422103166580200195e+00 -1.038409805297851562e+01 0.000000000000000000e+00
9.064352989196777344e+00 -5.375307559967041016e+00 0.000000000000000000e+00
3.886820077896118164e+00 1.568802118301391602e+00 0.000000000000000000e+00
7.499096393585205078e+00 4.916663169860839844e+00 0.000000000000000000e+00
-2.998869419097900391e+00 -1.454124093055725098e+00 0.000000000000000000e+00
3.395768165588378906e+00 1.295723247528076172e+01 0.000000000000000000e+00
-2.873224258422851562e+00 6.231401920318603516e+00 0.000000000000000000e+00
-1.213153600692749023e+00 -3.569205999374389648e+00 0.000000000000000000e+00
1.021086335182189941e+00 -9.666714668273925781e+00 0.000000000000000000e+00
-4.877976417541503906e+00 -3.399473190307617188e+00 0.000000000000000000e+00
1.446387863159179688e+01 -9.529162406921386719e+00 0.000000000000000000e+00
6.002439498901367188e+00 -1.694735407829284668e+00 0.000000000000000000e+00
4.830955505371093750e+00 -3.847225427627563477e+00 0.000000000000000000e+00
1.591239738464355469e+01 -1.869693040847778320e+00 0.000000000000000000e+00
8.870301246643066406e+00 1.440654945373535156e+01 0.000000000000000000e+00
-1.684957504272460938e+00 -1.046477222442626953e+01 0.000000000000000000e+00
-1.148370742797851562e+01 9.363730430603027344e+00 0.000000000000000000e+00
-4.845273494720458984e+00 -7.752081871032714844e+00 0.000000000000000000e+00
1.031075286865234375e+01 -1.306062793731689453e+01 0.000000000000000000e+00
2.636917233467102051e-01 -1.364074826240539551e+00 0.000000000000000000e+00
2.471129417419433594e+00 1.496363925933837891e+01 0.000000000000000000e+00
-8.562169075012207031e+00 -1.688965320587158203e+00 0.000000000000000000e+00
5.420241832733154297e+00 -1.163719749450683594e+01 0.000000000000000000e+00
1.314412593841552734e+01 2.788439691066741943e-01 0.000000000000000000e+00
-1.080525016784667969e+01 -2.611055970191955566e-01 0.000000000000000000e+00
-1.088935661315917969e+01 -2.929314374923706055e+00 0.000000000000000000e+00
-1.431050109863281250e+01 -9.556571006774902344e+00 0.000000000000000000e+00
9.424466133117675781e+00 1.903051018714904785e+00 0.000000000000000000e+00
9.349869489669799805e-01 1.703558731079101562e+01 0.000000000000000000e+00
6.903518199920654297e+00 1.254319095611572266e+01 0.000000000000000000e+00
-1.562939739227294922e+01 3.781340599060058594e+00 0.000000000000000000e+00
5.968272209167480469e+00 1.117690849304199219e+01 0.000000000000000000e+00
6.153424263000488281e+00 -6.884131908416748047e+00 0.000000000000000000e+00
-3.586378812789916992e+00 1.021640586853027344e+01 0.000000000000000000e+00
1.275604724884033203e+01 2.375755786895751953e+00 0.000000000000000000e+00
5.861173152923583984e+00 -1.611279869079589844e+01 0.000000000000000000e+00
-6.803412437438964844e+00 1.123813247680664062e+01 0.000000000000000000e+00
1.608540344238281250e+01 -6.854850292205810547e+00 0.000000000000000000e+00
1.089065551757812500e+01 1.077660655975341797e+01 0.000000000000000000e+00
9.422752380371093750e+00 7.387225627899169922e+00 0.000000000000000000e+00
1.697348356246948242e+00 1.357447910308837891e+01 0.000000000000000000e+00
3.079119920730590820e+00 -8.890751838684082031e+00 0.000000000000000000e+00
2.069718576967716217e-02 5.029592514038085938e+00 0.000000000000000000e+00
-4.633233547210693359e+00 1.511006355285644531e+01 0.000000000000000000e+00
-1.050581741333007812e+01 4.695369243621826172e+00 0.000000000000000000e+00
-1.361663722991943359e+01 7.145146369934082031e+00 0.000000000000000000e+00
1.022554492950439453e+01 -4.003107547760009766e+00 0.000000000000000000e+00
3.737274706363677979e-01 -1.609143066406250000e+01 0.000000000000000000e+00
-1.318124294281005859e+00 -6.542793512344360352e-01 0.000000000000000000e+00
1.151809978485107422e+01 -6.848335266113281250e+00 0.000000000000000000e+00
-4.979495048522949219e+00 5.669788360595703125e+00 0.000000000000000000e+00
-1.226065254211425781e+01 -1.191699600219726562e+01 0.000000000000000000e+00
4.902682304382324219e+00 1.261148929595947266e+01 0.000000000000000000e+00
-9.483563423156738281e+00 9.744623184204101562e+00 0.000000000000000000e+00
-3.242908716201782227e+00 4.621277332305908203e+00 0.000000000000000000e+00
-8.894694328308105469e+00 6.065651416778564453e+00 0.000000000000000000e+00
-2.401716947555541992e+00 -5.896152973175048828e+00 0.000000000000000000e+00
-8.186377882957458496e-01 -7.505539417266845703e+00 0.000000000000000000e+00
6.717574119567871094e+00 -1.083890151977539062e+01 0.000000000000000000e+00
1.011836624145507812e+01 -8.835912942886352539e-01 0.000000000000000000e+00
4.915081501007080078e+00 1.664781951904296875e+01 0.000000000000000000e+00
-1.396023154258728027e+00 2.522786855697631836e+00 0.000000000000000000e+00
-5.061820507049560547e+00 1.081109428405761719e+01 0.000000000000000000e+00
-9.701776504516601562e+00 1.407671546936035156e+01 0.000000000000000000e+00
-1.334256172180175781e+01 9.007097244262695312e+00 0.000000000000000000e+00
1.159860324859619141e+01 3.458582401275634766e+00 0.000000000000000000e+00
-3.459892988204956055e+00 1.283322143554687500e+01 0.000000000000000000e+00
-1.211713409423828125e+01 1.080188941955566406e+01 0.000000000000000000e+00
-3.969946384429931641e+00 -9.241135597229003906e+00 0.000000000000000000e+00
1.254152011871337891e+01 -4.533790111541748047e+00 0.000000000000000000e+00
1.511901950836181641e+01 1.226056694984436035e+00 0.000000000000000000e+00
-7.376843929290771484e+00 -5.650368213653564453e+00 0.000000000000000000e+00
-8.662399291992187500e+00 -3.484860897064208984e+00 0.000000000000000000e+00
2.705675125122070312e+00 -7.245769500732421875e+00 0.000000000000000000e+00
-1.358220958709716797e+01 -2.949826717376708984e-01 0.000000000000000000e+00
3.420399427413940430e+00 -7.830449938774108887e-01 0.000000000000000000e+00
6.941306114196777344e+00 7.419777393341064453e+00 0.000000000000000000e+00
4.195281028747558594e+00 -1.671332168579101562e+01 0.000000000000000000e+00
-7.979136109352111816e-01 1.488560771942138672e+01 0.000000000000000000e+00
-1.397805094718933105e+00 5.679761409759521484e+00 0.000000000000000000e+00
-3.461813688278198242e+00 -4.744568347930908203e+00 0.000000000000000000e+00
5.840442180633544922e+00 5.527307033538818359e+00 0.000000000000000000e+00
1.730465126037597656e+01 1.355618357658386230e+00 0.000000000000000000e+00
-2.222796201705932617e+00 1.412433052062988281e+01 0.000000000000000000e+00
-1.276412487030029297e+01 5.157085895538330078e+00 0.000000000000000000e+00
1.161228466033935547e+01 7.389211654663085938e+00 0.000000000000000000e+00
-9.362034797668457031e+00 1.134891986846923828e+01 0.000000000000000000e+00
1.256614398956298828e+01 -9.604899406433105469e+00 0.000000000000000000e+00
-1.556954002380371094e+01 7.874587059020996094e+00 0.000000000000000000e+00
9.561258316040039062e+00 9.102204322814941406e+00 0.000000000000000000e+00
-7.580232143402099609e+00 -9.421524047851562500e+00 0.000000000000000000e+00
-3.377526044845581055e+00 2.924906015396118164e+00 0.000000000000000000e+00
-1.370778942108154297e+01 -6.215932846069335938e+00 0.000000000000000000e+00
1.637395668029785156e+01 5.729754447937011719e+00 0.000000000000000000e+00
2.718727111816406250e+00 -1.623418617248535156e+01 0.000000000000000000e+00
-9.441392898559570312e+00 -1.441279029846191406e+01 0.000000000000000000e+00
3.752257823944091797e+00 1.085284900665283203e+01 0.000000000000000000e+00
1.062368273735046387e+00 7.173022270202636719e+00 0.000000000000000000e+00
-5.049447059631347656e+00 3.013508558273315430e+00 0.000000000000000000e+00
1.463076114654541016e+01 -7.707006454467773438e+00 0.000000000000000000e+00
1.318193626403808594e+01 7.596577644348144531e+00 0.000000000000000000e+00
-7.565050601959228516e+00 6.853041052818298340e-01 0.000000000000000000e+00
-1.063609218597412109e+01 6.643121719360351562e+00 0.000000000000000000e+00
-1.695693588256835938e+01 1.101701617240905762e+00 0.000000000000000000e+00
-1.381907367706298828e+01 3.316185951232910156e+00 0.000000000000000000e+00
8.964940071105957031e+00 5.796135425567626953e+00 0.000000000000000000e+00
-1.253830075263977051e+00 -1.224504470825195312e+01 0.000000000000000000e+00
9.152907371520996094e+00 3.475776433944702148e+00 0.000000000000000000e+00
-9.228050231933593750e+00 -7.166333198547363281e+00 0.000000000000000000e+00
-2.255637884140014648e+00 9.263613700866699219e+00 0.000000000000000000e+00
2.947354555130004883e+00 1.683998870849609375e+01 0.000000000000000000e+00
1.231978416442871094e+01 1.029765796661376953e+01 0.000000000000000000e+00
-1.356250000000000000e+01 -7.790225028991699219e+00 0.000000000000000000e+00
4.644519805908203125e+00 -7.740356922149658203e+00 0.000000000000000000e+00
-1.319471168518066406e+01 -3.914921522140502930e+00 0.000000000000000000e+00
-8.618100166320800781e+00 -1.134407615661621094e+01 0.000000000000000000e+00
1.716014289855957031e+01 -2.712701559066772461e+00 0.000000000000000000e+00
-7.073700904846191406e+00 1.431055450439453125e+01 0.000000000000000000e+00
1.039130306243896484e+01 1.290747165679931641e+01 0.000000000000000000e+00
-1.557416152954101562e+01 5.852805614471435547e+00 0.000000000000000000e+00
-2.337704181671142578e+00 -8.663184165954589844e+00 0.000000000000000000e+00
8.034520149230957031e+00 9.041220664978027344e+00 0.000000000000000000e+00
4.894536972045898438e+00 -2.344252616167068481e-01 0.000000000000000000e+00
7.142203330993652344e+00 1.404473114013671875e+01 0.000000000000000000e+00
1.477080821990966797e+01 -2.677381634712219238e-01 0.000000000000000000e+00
-1.266128778457641602e+00 1.693298339843750000e+01 0.000000000000000000e+00
-7.236934661865234375e+00 3.260529041290283203e+00 0.000000000000000000e+00
7.496944904327392578e+00 -5.958449363708496094e+00 0.000000000000000000e+00
6.274030208587646484e+00 -9.047636985778808594e+00 0.000000000000000000e+00
1.009032845497131348e+00 8.683479309082031250e+00 0.000000000000000000e+00
-1.554968929290771484e+01 -1.092929720878601074e+00 0.000000000000000000e+00
2.205130338668823242e+00 1.020112514495849609e+01 0.000000000000000000e+00
8.776486396789550781e+00 -1.094410419464111328e+01 0.000000000000000000e+00
-4.319690704345703125e+00 1.578814864158630371e+00 0.000000000000000000e+00
-7.686295986175537109e+00 -1.558804321289062500e+01 0.000000000000000000e+00
-7.739200592041015625e+00 9.260343551635742188e+00 0.000000000000000000e+00
3.892390966415405273e+00 3.924715995788574219e+00 0.000000000000000000e+00
7.797641277313232422e+00 -9.001415371894836426e-01 0.000000000000000000e+00
3.640017271041870117e+00 -1.137478733062744141e+01 0.000000000000000000e+00
-1.718188095092773438e+01 2.958286285400390625e+00 0.000000000000000000e+00
-6.395664215087890625e+00 -8.482728004455566406e+00 0.000000000000000000e+00
6.275651931762695312e+00 -1.418651866912841797e+01 0.000000000000000000e+00
4.730321884155273438e+00 6.874881267547607422e+00 0.000000000000000000e+00
1.222962856292724609e+01 1.199286937713623047e+01 0.000000000000000000e+00
8.381702899932861328e-01 -1.119077777862548828e+01 0.000000000000000000e+00
-4.538351535797119141e+00 1.670792198181152344e+01 0.000000000000000000e+00
-5.288045406341552734e+00 -1.266474151611328125e+01 0.000000000000000000e+00
1.110069370269775391e+01 1.933896899223327637e+00 0.000000000000000000e+00
7.735634326934814453e+00 -1.540445613861083984e+01 0.000000000000000000e+00
7.659103870391845703e+00 3.331694841384887695e+00 0.000000000000000000e+00
-1.592447376251220703e+01 -2.962853193283081055e+00 0.000000000000000000e+00
-8.581768989562988281e+00 -1.315752124786376953e+01 0.000000000000000000e+00
-3.550915002822875977e+00 1.721005514264106750e-02 0.000000000000000000e+00
-1.924258351325988770e+00 1.128338432312011719e+01 0.000000000000000000e+00
-7.954006195068359375e-01 9.884789466857910156e+00 0.000000000000000000e+00
-1.075580692291259766e+01 2.031188249588012695e+00 0.000000000000000000e+00
-1.048602771759033203e+01 -6.288241386413574219e+00 0.000000000000000000e+00
-5.709633827209472656e+00 -5.222850799560546875e+00 0.000000000000000000e+00
1.928822636604309082e+00 -1.380223631858825684e+00 0.000000000000000000e+00
-1.209753704071044922e+01 -7.030870437622070312e+00 0.000000000000000000e+00
1.700630378723144531e+01 -5.564972162246704102e-01 0.000000000000000000e+00
8.411581993103027344e+00 1.259430408477783203e+01 0.000000000000000000e+00
-6.547654628753662109e+00 6.493913650512695312e+00 0.000000000000000000e+00
-1.402605414390563965e+00 -1.671001052856445312e+01 0.000000000000000000e+00
1.471472549438476562e+01 -4.319255352020263672e+00 0.000000000000000000e+00
2.022557020187377930e+00 1.184933757781982422e+01 0.000000000000000000e+00
1.346111679077148438e+01 -1.086271381378173828e+01 0.000000000000000000e+00
5.444352626800537109e-01 -3.034960508346557617e+00 0.000000000000000000e+00
