-1.121899127960205078e+01 -2.455060958862304688e+00 0.000000000000000000e+00
4.032233715057373047e+00 2.539954423904418945e+00 0.000000000000000000e+00
3.581815242767333984e+00 -1.650866508483886719e+01 0.000000000000000000e+00
-1.114139556884765625e+01 1.146263122558593750e+01 0.000000000000000000e+00
8.871266365051269531e+00 4.669611454010009766e+00 0.000000000000000000e+00
-7.389154434204101562e+00 -3.183856487274169922e+00 0.000000000000000000e+00
1.093782520294189453e+01 -1.012270259857177734e+01 0.000000000000000000e+00
1.060929679870605469e+01 4.952024936676025391e+00 0.000000000000000000e+00
1.639767837524414062e+01 4.308958530426025391e+00 0.000000000000000000e+00
1.374141788482666016e+01 -7.391944408416748047e+00 0.000000000000000000e+00
-2.372271060943603516e+00 1.217856216430664062e+01 0.000000000000000000e+00
4.246327877044677734e+00 -1.048096120357513428e-01 0.000000000000000000e+00
-1.307232761383056641e+01 -5.949316501617431641e+00 0.000000000000000000e+00
6.694046497344970703e+00 1.463481783866882324e+00 0.000000000000000000e+00
-4.498167514801025391e+00 7.568960189819335938e+00 0.000000000000000000e+00
7.999577999114990234e+00 6.500908374786376953e+00 0.000000000000000000e+00
6.808372735977172852e-01 1.360281372070312500e+01 0.000000000000000000e+00
6.492501258850097656e+00 7.306877136230468750e+00 0.000000000000000000e+00
-1.619802594184875488e+00 1.523199379444122314e-01 0.000000000000000000e+00
-6.921457290649414062e+00 5.669073104858398438e+00 0.000000000000000000e+00
1.842126369476318359e+00 1.634573364257812500e+01 0.000000000000000000e+00
9.907859802246093750e+00 -1.298919486999511719e+01 0.000000000000000000e+00
1.146865177154541016e+01 -1.256519603729248047e+01 0.000000000000000000e+00
-1.048211860656738281e+01 1.458388686180114746e+00 0.000000000000000000e+00
7.376518726348876953e+00 -8.420278549194335938e+00 0.000000000000000000e+00
-3.512825071811676025e-01 8.302596092224121094e+00 0.000000000000000000e+00
-6.723051548004150391e+00 -6.983832836151123047e+00 0.000000000000000000e+00
1.338853740692138672e+01 4.693633556365966797e+00 0.000000000000000000e+00
2.459829807281494141e+00 9.114111959934234619e-02 0.000000000000000000e+00
-7.130287647247314453e+00 1.537354946136474609e+01 0.000000000000000000e+00
4.421682655811309814e-02 -1.000594425201416016e+01 0.000000000000000000e+00
5.544767856597900391e+00 -6.377284526824951172e+00 0.000000000000000000e+00
5.760140895843505859e+00 -9.074764251708984375e+00 0.000000000000000000e+00
3.937626723200082779e-03 -1.742836713790893555e+00 0.000000000000000000e+00
-1.618745207786560059e+00 -6.567076206207275391e+00 0.000000000000000000e+00
-1.638078117370605469e+01 -5.288506984710693359e+00 0.000000000000000000e+00
1.224159431457519531e+01 1.068764209747314453e+01 0.000000000000000000e+00
-3.383299112319946289e+00 -5.997016906738281250e+00 0.000000000000000000e+00
2.054587602615356445e+00 -1.356322860717773438e+01 0.000000000000000000e+00
5.516713619232177734e+00 -1.422325992584228516e+01 0.000000000000000000e+00
8.610309600830078125e+00 6.699315905570983887e-01 0.000000000000000000e+00
7.717331409454345703e+00 -1.144346141815185547e+01 0.000000000000000000e+00
1.457725334167480469e+01 -6.125474929809570312e+00 0.000000000000000000e+00
-3.200427293777465820e+00 -1.671806907653808594e+01 0.000000000000000000e+00
-6.533362388610839844e+00 1.196701645851135254e+00 0.000000000000000000e+00
1.321212482452392578e+01 -9.759887695312500000e+00 0.000000000000000000e+00
3.638244628906250000e+00 -5.129666328430175781e+00 0.000000000000000000e+00
-3.528819322586059570e+00 -1.051472091674804688e+01 0.000000000000000000e+00
4.437546432018280029e-01 1.535979652404785156e+01 0.000000000000000000e+00
1.316346073150634766e+01 -4.986962795257568359e+00 0.000000000000000000e+00
8.204317092895507812e+00 -5.842183113098144531e+00 0.000000000000000000e+00
-1.407925224304199219e+01 -9.474998474121093750e+00 0.000000000000000000e+00
1.278423881530761719e+01 8.409937858581542969e+00 0.000000000000000000e+00
1.164347743988037109e+01 -8.724405288696289062e+00 0.000000000000000000e+00
1.318096828460693359e+01 7.870583534240722656e-01 0.000000000000000000e+00
3.446657896041870117e+00 4.162045001983642578e+00 0.000000000000000000e+00
-3.958145618438720703e+00 5.884068012237548828e+00 0.000000000000000000e+00
-4.864690303802490234e-01 -5.409176826477050781e+00 0.000000000000000000e+00
-1.270006561279296875e+01 9.231800079345703125e+00 0.000000000000000000e+00
5.853515625000000000e+00 -3.593202590942382812e+00 0.000000000000000000e+00
1.011650657653808594e+01 1.173641300201416016e+01 0.000000000000000000e+00
-1.006858158111572266e+01 -9.398921012878417969e+00 0.000000000000000000e+00
-6.326935291290283203e+00 1.186662769317626953e+01 0.000000000000000000e+00
-1.382925391197204590e+00 3.163384675979614258e+00 0.000000000000000000e+00
-1.498551750183105469e+01 8.202000617980957031e+00 0.000000000000000000e+00
-3.010674953460693359e+00 -1.210805320739746094e+01 0.000000000000000000e+00
-1.170393085479736328e+01 7.223462581634521484e+00 0.000000000000000000e+00
3.748815298080444336e+00 -1.453474998474121094e+01 0.000000000000000000e+00
2.642469406127929688e+00 -3.368932962417602539e+00 0.000000000000000000e+00
-1.292607879638671875e+01 -2.116793155670166016e+00 0.000000000000000000e+00
-4.014674186706542969e+00 -4.141429901123046875e+00 0.000000000000000000e+00
1.071179771423339844e+01 -1.492826938629150391e-01 0.000000000000000000e+00
5.506571292877197266e+00 -1.604479598999023438e+01 0.000000000000000000e+00
-5.474232196807861328e+00 1.054878425598144531e+01 0.000000000000000000e+00
-9.092757225036621094e+00 -6.849906921386718750e+00 0.000000000000000000e+00
-6.577239036560058594e+00 -9.039603233337402344e+00 0.000000000000000000e+00
-1.112657451629638672e+01 9.848410606384277344e+00 0.000000000000000000e+00
1.669779396057128906e+01 -9.193693995475769043e-01 0.000000000000000000e+00
6.727365970611572266e+00 1.299782276153564453e+01 0.000000000000000000e+00
1.219764423370361328e+01 -1.111719703674316406e+01 0.000000000000000000e+00
-4.394762039184570312e+00 1.202093696594238281e+01 0.000000000000000000e+00
1.598013496398925781e+01 -4.908069610595703125e+00 0.000000000000000000e+00
-1.320366764068603516e+01 7.297145366668701172e+00 0.000000000000000000e+00
-4.767240524291992188e+00 5.286273360252380371e-01 0.000000000000000000e+00
-9.086875915527343750e+00 1.486003875732421875e+01 0.000000000000000000e+00
-3.902885437011718750e+00 1.019369411468505859e+01 0.000000000000000000e+00
1.429422187805175781e+01 -1.138463854789733887e+00 0.000000000000000000e+00
-3.882026076316833496e-01 1.724052238464355469e+01 0.000000000000000000e+00
-9.989857673645019531e+00 -5.326204299926757812e+00 0.000000000000000000e+00
5.736637115478515625e+00 -1.215469837188720703e+01 0.000000000000000000e+00
9.030454635620117188e+00 -2.462343454360961914e+00 0.000000000000000000e+00
-9.752923011779785156e+00 -1.392723560333251953e+01 0.000000000000000000e+00
-1.255694866180419922e+01 3.131139039993286133e+00 0.000000000000000000e+00
1.643067741394042969e+01 8.487770557403564453e-01 0.000000000000000000e+00
5.682808399200439453e+00 1.493307018280029297e+01 0.000000000000000000e+00
-9.564654350280761719e+00 1.255732059478759766e+01 0.000000000000000000e+00
-1.657650184631347656e+01 -1.371636748313903809e+00 0.000000000000000000e+00
-9.101281166076660156e+00 4.521430015563964844e+00 0.000000000000000000e+00
-2.534433603286743164e+00 -7.981856346130371094e+00 0.000000000000000000e+00
1.141291499137878418e+00 -1.173203659057617188e+01 0.000000000000000000e+00
-9.069630622863769531e+00 -1.239315605163574219e+01 0.000000000000000000e+00
1.355002784729003906e+01 7.046835899353027344e+00 0.000000000000000000e+00
-1.238563251495361328e+01 5.885677337646484375e-01 0.000000000000000000e+00
1.928128242492675781e+00 4.603470802307128906e+00 0.000000000000000000e+00
-6.364107608795166016e+00 3.935609340667724609e+00 0.000000000000000000e+00
-4.190379619598388672e+00 -8.987476229667663574e-01 0.000000000000000000e+00
4.473918914794921875e+00 8.086566925048828125e+00 0.000000000000000000e+00
-7.612257957458496094e+00 9.793774783611297607e-02 0.000000000000000000e+00
1.130468654632568359e+01 7.096259593963623047e+00 0.000000000000000000e+00
-1.152129554748535156e+01 -5.086088657379150391e+00 0.000000000000000000e+00
1.108341217041015625e+01 -3.230369329452514648e+00 0.000000000000000000e+00
2.860465764999389648e+00 9.089386940002441406e+00 0.000000000000000000e+00
1.126695871353149414e+00 -5.238572120666503906e+00 0.000000000000000000e+00
2.918107032775878906e+00 -9.333985328674316406e+00 0.000000000000000000e+00
-9.381027221679687500e+00 6.415198326110839844e+00 0.000000000000000000e+00
-1.519717121124267578e+01 -7.398408412933349609e+00 0.000000000000000000e+00
-3.653824806213378906e+00 3.421075105667114258e+00 0.000000000000000000e+00
8.244212150573730469e+00 -1.466979885101318359e+01 0.000000000000000000e+00
-4.936396121978759766e+00 -1.614030075073242188e+01 0.000000000000000000e+00
3.789705634117126465e-01 9.825704574584960938e+00 0.000000000000000000e+00
1.159597516059875488e+00 8.559645414352416992e-01 0.000000000000000000e+00
-7.667187135666608810e-03 1.837903618812561035e+00 0.000000000000000000e+00
-1.389011383056640625e+00 1.375648689270019531e+01 0.000000000000000000e+00
-1.256012916564941406e+00 1.063006019592285156e+01 0.000000000000000000e+00
2.778542518615722656e+00 1.283810234069824219e+01 0.000000000000000000e+00
1.235587406158447266e+01 2.933370351791381836e+00 0.000000000000000000e+00
-6.532940387725830078e+00 8.742625236511230469e+00 0.000000000000000000e+00
1.004013156890869141e+01 9.035146713256835938e+00 0.000000000000000000e+00
-1.822689056396484375e+00 4.760423183441162109e+00 0.000000000000000000e+00
1.483427333831787109e+01 7.999626636505126953e+00 0.000000000000000000e+00
5.431560039520263672e+00 5.475094318389892578e+00 0.000000000000000000e+00
1.809712290763854980e+00 -7.513242244720458984e+00 0.000000000000000000e+00
-1.335210323333740234e+01 -4.183982849121093750e+00 0.000000000000000000e+00
-5.438387870788574219e+00 1.330756950378417969e+01 0.000000000000000000e+00
1.212947249412536621e+00 2.967351198196411133e+00 0.000000000000000000e+00
-1.480444526672363281e+01 3.892811536788940430e+00 0.000000000000000000e+00
2.739751815795898438e+00 1.498560142517089844e+01 0.000000000000000000e+00
-1.657059097290039062e+01 -3.485633134841918945e+00 0.000000000000000000e+00
5.223843827843666077e-02 4.773183345794677734e+00 0.000000000000000000e+00
-2.949605226516723633e+00 -1.940273046493530273e+00 0.000000000000000000e+00
-8.054506301879882812e+00 -1.467788505554199219e+01 0.000000000000000000e+00
-9.561402320861816406e+00 -5.588661432266235352e-01 0.000000000000000000e+00
-9.130893945693969727e-01 -1.725174331665039062e+01 0.000000000000000000e+00
2.122608184814453125e+00 -1.572493553161621094e+00 0.000000000000000000e+00
5.290026664733886719e+00 -1.897104740142822266e+00 0.000000000000000000e+00
1.618536949157714844e+01 -2.745657920837402344e+00 0.000000000000000000e+00
1.078656864166259766e+01 2.795229911804199219e+00 0.000000000000000000e+00
-6.214245796203613281e+00 -1.450096130371093750e+01 0.000000000000000000e+00
6.530109882354736328e+00 9.577259063720703125e+00 0.000000000000000000e+00
-1.072431373596191406e+01 5.291944026947021484e+00 0.000000000000000000e+00
-1.139060115814208984e+01 -1.113629245758056641e+01 0.000000000000000000e+00
1.034931278228759766e+01 1.353262138366699219e+01 0.000000000000000000e+00
-4.237762987613677979e-01 -1.277675533294677734e+01 0.000000000000000000e+00
-1.503644275665283203e+01 1.016672492027282715e+00 0.000000000000000000e+00
7.912535190582275391e+00 1.163596630096435547e+01 0.000000000000000000e+00
4.301011085510253906e+00 -1.262358379364013672e+01 0.000000000000000000e+00
-1.129625320434570312e+00 -1.119963455200195312e+01 0.000000000000000000e+00
8.127730369567871094e+00 8.220748901367187500e+00 0.000000000000000000e+00
-1.249079608917236328e+01 4.998813629150390625e+00 0.000000000000000000e+00
1.550510787963867188e+01 6.308150768280029297e+00 0.000000000000000000e+00
-3.921971082687377930e+00 1.375395679473876953e+01 0.000000000000000000e+00
4.694042205810546875e+00 -1.019389629364013672e+01 0.000000000000000000e+00
5.783506035804748535e-01 -1.418234825134277344e+01 0.000000000000000000e+00
-1.661023902893066406e+01 2.135919570922851562e+00 0.000000000000000000e+00
5.792022228240966797e+00 3.570557355880737305e+00 0.000000000000000000e+00
-4.695582866668701172e+00 -1.168838977813720703e+01 0.000000000000000000e+00
-6.625094413757324219e+00 -5.408514022827148438e+00 0.000000000000000000e+00
1.002580261230468750e+01 -6.604959487915039062e+00 0.000000000000000000e+00
2.849740028381347656e+00 -1.122894001007080078e+01 0.000000000000000000e+00
-1.574622821807861328e+01 5.564212322235107422e+00 0.000000000000000000e+00
9.385695457458496094e+00 2.257061004638671875e+00 0.000000000000000000e+00
2.336624383926391602e+00 6.275686740875244141e+00 0.000000000000000000e+00
-2.132617712020874023e+00 -1.517051219940185547e+01 0.000000000000000000e+00
-8.372251510620117188e+00 -4.798399925231933594e+00 0.000000000000000000e+00
-1.119976615905761719e+01 -7.488241672515869141e+00 0.000000000000000000e+00
1.414989852905273438e+01 1.006376743316650391e+01 0.000000000000000000e+00
-5.810421943664550781e+00 -1.862377524375915527e+00 0.000000000000000000e+00
7.377923488616943359e+00 1.493943691253662109e+01 0.000000000000000000e+00
6.761543273925781250e+00 -1.350641727447509766e+00 0.000000000000000000e+00
1.465925788879394531e+01 2.286867380142211914e+00 0.000000000000000000e+00
-3.485034465789794922e+00 -1.425986385345458984e+01 0.000000000000000000e+00
4.294282436370849609e+00 1.578522682189941406e+01 0.000000000000000000e+00
1.390655612945556641e+01 -2.807093858718872070e+00 0.000000000000000000e+00
-9.029273986816406250e+00 2.026978254318237305e+00 0.000000000000000000e+00
-7.805641651153564453e+00 1.033187770843505859e+01 0.000000000000000000e+00
7.056427001953125000e+00 -1.291900157928466797e+01 0.000000000000000000e+00
4.270270824432373047e+00 1.359098815917968750e+01 0.000000000000000000e+00
-7.615190505981445312e+00 2.878549337387084961e+00 0.000000000000000000e+00
-9.819222450256347656e+00 -3.068320751190185547e+00 0.000000000000000000e+00
-4.908758640289306641e+00 4.654995918273925781e+00 0.000000000000000000e+00
2.186844646930694580e-01 -7.145270824432373047e+00 0.000000000000000000e+00
-3.443579196929931641e+00 1.682184982299804688e+01 0.000000000000000000e+00
-5.626976490020751953e+00 1.514916801452636719e+01 0.000000000000000000e+00
1.510136795043945312e+01 -8.657491683959960938e+00 0.000000000000000000e+00
-1.054570102691650391e+01 1.374122047424316406e+01 0.000000000000000000e+00
1.225125408172607422e+01 -7.065615653991699219e+00 0.000000000000000000e+00
-1.771057248115539551e+00 1.586211395263671875e+01 0.000000000000000000e+00
-1.732533454895019531e+01 3.707058429718017578e-01 0.000000000000000000e+00
-1.207179260253906250e+01 -9.214923858642578125e+00 0.000000000000000000e+00
-7.112589836120605469e+00 7.301212787628173828e+00 0.000000000000000000e+00
1.691826248168945312e+01 2.659173488616943359e+00 0.000000000000000000e+00
-7.979350090026855469e-01 -3.521127223968505859e+00 0.000000000000000000e+00
7.298768520355224609e+00 4.823025703430175781e+00 0.000000000000000000e+00
-4.230365276336669922e+00 -8.568761825561523438e+00 0.000000000000000000e+00
4.550557613372802734e+00 9.644962310791015625e+00 0.000000000000000000e+00
-1.435432338714599609e+01 -1.443527936935424805e+00 0.000000000000000000e+00
9.567888259887695312e+00 -9.480324745178222656e+00 0.000000000000000000e+00
-1.415405368804931641e+01 5.697410106658935547e+00 0.000000000000000000e+00
-8.291003227233886719e+00 -1.038649845123291016e+01 0.000000000000000000e+00
-2.781725406646728516e+00 7.593004703521728516e+00 0.000000000000000000e+00
-6.875006198883056641e+00 -1.105543708801269531e+01 0.000000000000000000e+00
5.877379775047302246e-01 6.509624958038330078e+00 0.000000000000000000e+00
4.127973556518554688e+00 -3.049939870834350586e+00 0.000000000000000000e+00
7.551845550537109375e+00 -3.106129646301269531e+00 0.000000000000000000e+00
8.809969574213027954e-02 1.133129405975341797e+01 0.000000000000000000e+00
8.792943954467773438e+00 -7.515587806701660156e+00 0.000000000000000000e+00
-9.295048713684082031e+00 1.001228713989257812e+01 0.000000000000000000e+00
5.986624360084533691e-01 -1.714580345153808594e+01 0.000000000000000000e+00
-5.734597206115722656e+00 -4.086217403411865234e+00 0.000000000000000000e+00
-1.154606533050537109e+01 -1.273720359802246094e+01 0.000000000000000000e+00
-8.391090393066406250e+00 -1.556908249855041504e+00 0.000000000000000000e+00
8.587064743041992188e+00 1.336605548858642578e+01 0.000000000000000000e+00
-2.229723453521728516e+00 -9.644505500793457031e+00 0.000000000000000000e+00
-1.001941013336181641e+01 8.067392349243164062e+00 0.000000000000000000e+00
-6.438745021820068359e+00 -1.616643333435058594e+01 0.000000000000000000e+00
-5.032990455627441406e+00 2.628066301345825195e+00 0.000000000000000000e+00
-1.096096038818359375e+01 3.330389976501464844e+00 0.000000000000000000e+00
5.224102497100830078e+00 1.104496860504150391e+01 0.000000000000000000e+00
9.801344871520996094e+00 -1.136160087585449219e+01 0.000000000000000000e+00
-1.321854591369628906e+01 1.095168113708496094e+01 0.000000000000000000e+00
8.409785270690917969e+00 9.828817367553710938e+00 0.000000000000000000e+00
1.270803356170654297e+01 -1.834267973899841309e+00 0.000000000000000000e+00
2.340509653091430664e+00 -1.513574695587158203e+01 0.000000000000000000e+00
-3.040124177932739258e+00 2.039163351058959961e+00 0.000000000000000000e+00
-4.869892597198486328e+00 -5.439393043518066406e+00 0.000000000000000000e+00
-6.930399894714355469e+00 1.353388023376464844e+01 0.000000000000000000e+00
6.878182411193847656e+00 -4.911238670349121094e+00 0.000000000000000000e+00
-5.194934844970703125e+00 -7.272192001342773438e+00 0.000000000000000000e+00
-4.880111217498779297e+00 -1.318403339385986328e+01 0.000000000000000000e+00
-1.142076015472412109e+01 -9.546518921852111816e-01 0.000000000000000000e+00
2.225355148315429688e+00 1.085819244384765625e+01 0.000000000000000000e+00
1.082858943939208984e+01 -4.745177745819091797e+00 0.000000000000000000e+00
-3.310786485671997070e+00 1.521186351776123047e+01 0.000000000000000000e+00
4.384507179260253906e+00 -8.150400161743164062e+00 0.000000000000000000e+00
-2.353208065032958984e+00 -3.537815093994140625e+00 0.000000000000000000e+00
-1.291829013824462891e+01 -1.075559139251708984e+01 0.000000000000000000e+00
-7.325817108154296875e+00 -1.296936321258544922e+01 0.000000000000000000e+00
9.686329841613769531e+00 6.600334167480468750e+00 0.000000000000000000e+00
7.585135102272033691e-01 -3.371744871139526367e+00 0.000000000000000000e+00
-1.351771831512451172e+01 -7.515997886657714844e+00 0.000000000000000000e+00
-8.572965621948242188e+00 8.564145088195800781e+00 0.000000000000000000e+00
9.459374427795410156e+00 -4.004769325256347656e+00 0.000000000000000000e+00
-1.894229650497436523e+00 -1.347826290130615234e+01 0.000000000000000000e+00
5.814631938934326172e+00 3.116565197706222534e-02 0.000000000000000000e+00
3.864742040634155273e+00 6.083956718444824219e+00 0.000000000000000000e+00
-5.275534152984619141e+00 -1.015733146667480469e+01 0.000000000000000000e+00
