-4.710894107818603516e+00 -2.126106739044189453e+00 0.000000000000000000e+00
7.730986118316650391e+00 -5.737668514251708984e+00 0.000000000000000000e+00
-1.030799579620361328e+01 -1.292107200622558594e+01 0.000000000000000000e+00
-5.138033628463745117e-01 1.257132816314697266e+01 0.000000000000000000e+00
-1.358154106140136719e+01 -1.560453653335571289e+00 0.000000000000000000e+00
9.541347503662109375e+00 -9.224372863769531250e+00 0.000000000000000000e+00
-9.071955680847167969e+00 4.418334960937500000e+00 0.000000000000000000e+00
6.127644062042236328e+00 1.168645286560058594e+01 0.000000000000000000e+00
-4.057391643524169922e+00 1.534915256500244141e+01 0.000000000000000000e+00
8.244265556335449219e+00 2.367063522338867188e+00 0.000000000000000000e+00
4.118245124816894531e+00 -5.366507053375244141e+00 0.000000000000000000e+00
-4.464350223541259766e+00 1.094876384735107422e+01 0.000000000000000000e+00
1.022533988952636719e+01 -7.012398242950439453e+00 0.000000000000000000e+00
1.116924858093261719e+01 1.155089974403381348e+00 0.000000000000000000e+00
1.142103290557861328e+01 6.703483581542968750e+00 0.000000000000000000e+00
-1.422239971160888672e+01 3.022091150283813477e+00 0.000000000000000000e+00
3.907576560974121094e+00 -1.189442443847656250e+01 0.000000000000000000e+00
-2.400054454803466797e+00 -2.988475799560546875e+00 0.000000000000000000e+00
3.963456392288208008e+00 1.627931022644042969e+01 0.000000000000000000e+00
1.256633853912353516e+01 2.032929182052612305e+00 0.000000000000000000e+00
2.329231023788452148e+00 -7.743163704872131348e-01 0.000000000000000000e+00
3.568164110183715820e+00 -2.656455278396606445e+00 0.000000000000000000e+00
-2.694605350494384766e+00 7.521835327148437500e+00 0.000000000000000000e+00
-1.242326545715332031e+01 -1.055868911743164062e+01 0.000000000000000000e+00
1.511908149719238281e+01 5.695417404174804688e+00 0.000000000000000000e+00
5.505120277404785156e+00 -6.509876728057861328e+00 0.000000000000000000e+00
8.264019012451171875e+00 1.118856906890869141e+01 0.000000000000000000e+00
1.531321239471435547e+01 -2.824442625045776367e+00 0.000000000000000000e+00
-1.361871910095214844e+01 7.985043525695800781e+00 0.000000000000000000e+00
6.779491305351257324e-01 1.660511779785156250e+01 0.000000000000000000e+00
1.371640920639038086e+00 -1.154440212249755859e+01 0.000000000000000000e+00
-4.526795864105224609e+00 1.275370597839355469e+01 0.000000000000000000e+00
8.127643913030624390e-02 -2.613944530487060547e+00 0.000000000000000000e+00
1.394143104553222656e+00 -8.408205986022949219e+00 0.000000000000000000e+00
-1.463033962249755859e+01 4.333492219448089600e-01 0.000000000000000000e+00
-1.715684509277343750e+01 4.523306787014007568e-01 0.000000000000000000e+00
-3.070563793182373047e+00 -8.187903404235839844e+00 0.000000000000000000e+00
1.198628520965576172e+01 -1.263097000122070312e+01 0.000000000000000000e+00
7.313326358795166016e+00 -1.259011459350585938e+01 0.000000000000000000e+00
1.664715957641601562e+01 -4.841676712036132812e+00 0.000000000000000000e+00
-6.655838012695312500e+00 1.083101257681846619e-01 0.000000000000000000e+00
1.086057758331298828e+01 3.370527267456054688e+00 0.000000000000000000e+00
-3.423732891678810120e-02 -1.454388427734375000e+01 0.000000000000000000e+00
7.610012531280517578e+00 -3.085506677627563477e+00 0.000000000000000000e+00
1.923482418060302734e+00 9.294530868530273438e+00 0.000000000000000000e+00
1.269849205017089844e+01 1.127424430847167969e+01 0.000000000000000000e+00
1.218926334381103516e+01 -3.092784881591796875e+00 0.000000000000000000e+00
-7.778086185455322266e+00 -1.565527439117431641e+01 0.000000000000000000e+00
9.079626083374023438e+00 -4.323439598083496094e+00 0.000000000000000000e+00
6.460158348083496094e+00 2.643221139907836914e+00 0.000000000000000000e+00
-3.342291831970214844e+00 1.711487960815429688e+01 0.000000000000000000e+00
6.732701778411865234e+00 -1.047467422485351562e+01 0.000000000000000000e+00
1.397886848449707031e+01 -9.640275955200195312e+00 0.000000000000000000e+00
-9.401016235351562500e+00 -6.597650051116943359e+00 0.000000000000000000e+00
2.144842743873596191e-01 1.351227283477783203e+00 0.000000000000000000e+00
3.601343631744384766e+00 8.559884071350097656e+00 0.000000000000000000e+00
-4.540421009063720703e+00 3.534336328506469727e+00 0.000000000000000000e+00
1.226367568969726562e+01 5.297298908233642578e+00 0.000000000000000000e+00
-1.535419559478759766e+01 8.358282089233398438e+00 0.000000000000000000e+00
1.434706211090087891e+01 -7.634106636047363281e+00 0.000000000000000000e+00
-1.199169063568115234e+01 7.575250148773193359e+00 0.000000000000000000e+00
1.737070846557617188e+01 4.117168784141540527e-01 0.000000000000000000e+00
8.376653671264648438e+00 6.882920742034912109e+00 0.000000000000000000e+00
-2.746686935424804688e+00 -4.759604930877685547e+00 0.000000000000000000e+00
5.057428359985351562e+00 1.386471557617187500e+01 0.000000000000000000e+00
-5.630706310272216797e+00 -1.262415599822998047e+01 0.000000000000000000e+00
3.637790441513061523e+00 1.517265200614929199e+00 0.000000000000000000e+00
1.399390602111816406e+01 4.388641834259033203e+00 0.000000000000000000e+00
-1.653488516807556152e+00 4.264487266540527344e+00 0.000000000000000000e+00
5.685419082641601562e+00 -1.577848434448242188e+01 0.000000000000000000e+00
-1.216720199584960938e+01 1.156755352020263672e+01 0.000000000000000000e+00
-3.039053440093994141e+00 -1.606435203552246094e+01 0.000000000000000000e+00
-5.818505287170410156e-01 -8.157350540161132812e+00 0.000000000000000000e+00
-1.566063785552978516e+01 -4.897996902465820312e+00 0.000000000000000000e+00
8.005868911743164062e+00 8.531107902526855469e+00 0.000000000000000000e+00
-7.134994506835937500e+00 -2.336011648178100586e+00 0.000000000000000000e+00
1.189432621002197266e+00 -1.608155822753906250e+01 0.000000000000000000e+00
1.573761701583862305e+00 1.385722351074218750e+01 0.000000000000000000e+00
-1.378133654594421387e+00 -1.657226562500000000e+01 0.000000000000000000e+00
-1.121648406982421875e+01 -8.463853836059570312e+00 0.000000000000000000e+00
1.362921524047851562e+01 -4.535052776336669922e-01 0.000000000000000000e+00
4.375374794006347656e+00 -1.006029510498046875e+01 0.000000000000000000e+00
-9.529554367065429688e+00 1.121486568450927734e+01 0.000000000000000000e+00
1.481669139862060547e+01 1.723553299903869629e+00 0.000000000000000000e+00
2.511597394943237305e+00 3.828668832778930664e+00 0.000000000000000000e+00
-1.728962135314941406e+01 -1.913660645484924316e+00 0.000000000000000000e+00
-4.678487777709960938e+00 -1.675904083251953125e+01 0.000000000000000000e+00
-1.469476509094238281e+01 -6.746383190155029297e+00 0.000000000000000000e+00
-3.824148178100585938e+00 4.734558165073394775e-01 0.000000000000000000e+00
1.589485931396484375e+01 -9.976067543029785156e-01 0.000000000000000000e+00
-1.131244182586669922e+01 -5.293612480163574219e+00 0.000000000000000000e+00
-1.029938793182373047e+01 8.980978965759277344e+00 0.000000000000000000e+00
-1.201458072662353516e+01 -6.871438503265380859e+00 0.000000000000000000e+00
1.325435161590576172e+01 -4.696194171905517578e+00 0.000000000000000000e+00
-9.867384910583496094e+00 1.410119247436523438e+01 0.000000000000000000e+00
8.059180259704589844e+00 -3.068872690200805664e-01 0.000000000000000000e+00
-2.753880620002746582e-01 1.020753383636474609e+01 0.000000000000000000e+00
6.109296798706054688e+00 7.624281406402587891e+00 0.000000000000000000e+00
-5.795639991760253906e+00 9.586874008178710938e+00 0.000000000000000000e+00
1.290419578552246094e+01 -6.667741298675537109e+00 0.000000000000000000e+00
1.580873107910156250e+01 5.932448506355285645e-01 0.000000000000000000e+00
-1.613061523437500000e+01 4.841299057006835938e+00 0.000000000000000000e+00
1.351138305664062500e+01 7.119799137115478516e+00 0.000000000000000000e+00
-5.096582412719726562e+00 5.959262371063232422e+00 0.000000000000000000e+00
1.526990890502929688e+00 -1.421540164947509766e+01 0.000000000000000000e+00
-1.415077590942382812e+01 -8.546960830688476562e+00 0.000000000000000000e+00
-4.235683917999267578e+00 -1.346045875549316406e+01 0.000000000000000000e+00
-9.964655876159667969e+00 2.880018234252929688e+00 0.000000000000000000e+00
-1.848796844482421875e+00 -1.211938858032226562e+01 0.000000000000000000e+00
6.860319614410400391e+00 9.674676895141601562e+00 0.000000000000000000e+00
-7.097472667694091797e+00 1.254506969451904297e+01 0.000000000000000000e+00
1.547327327728271484e+01 3.680084943771362305e+00 0.000000000000000000e+00
-7.137808799743652344e+00 -7.794442176818847656e+00 0.000000000000000000e+00
1.214990997314453125e+01 9.002594947814941406e+00 0.000000000000000000e+00
4.080078125000000000e+00 1.088903331756591797e+01 0.000000000000000000e+00
-7.795012950897216797e+00 -1.403413009643554688e+01 0.000000000000000000e+00
-3.358538866043090820e+00 1.393238449096679688e+01 0.000000000000000000e+00
1.042149662971496582e+00 6.909104824066162109e+00 0.000000000000000000e+00
7.766738891601562500e+00 1.508606147766113281e+01 0.000000000000000000e+00
2.987174749374389648e+00 -6.468135356903076172e+00 0.000000000000000000e+00
1.884807586669921875e+00 1.231528759002685547e+01 0.000000000000000000e+00
6.149295806884765625e+00 -1.388359785079956055e+00 0.000000000000000000e+00
1.041550064086914062e+01 8.945821762084960938e+00 0.000000000000000000e+00
-5.449417233467102051e-01 -4.721361637115478516e+00 0.000000000000000000e+00
7.859541893005371094e+00 -1.444822978973388672e+01 0.000000000000000000e+00
-4.999154567718505859e+00 -5.749577999114990234e+00 0.000000000000000000e+00
-2.627431154251098633e+00 5.584690093994140625e+00 0.000000000000000000e+00
-9.104186058044433594e+00 -3.937714338302612305e+00 0.000000000000000000e+00
-8.050312042236328125e+00 1.611095666885375977e+00 0.000000000000000000e+00
1.191131973266601562e+01 1.262307167053222656e+01 0.000000000000000000e+00
-9.412910461425781250e+00 7.690021514892578125e+00 0.000000000000000000e+00
-1.134609794616699219e+01 -3.187100589275360107e-01 0.000000000000000000e+00
5.273626804351806641e+00 4.065229892730712891e+00 0.000000000000000000e+00
4.931178569793701172e+00 6.613941192626953125e+00 0.000000000000000000e+00
3.465043067932128906e+00 -1.444634914398193359e+01 0.000000000000000000e+00
7.503531932830810547e+00 -8.915409088134765625e+00 0.000000000000000000e+00
8.063076019287109375e+00 1.283596897125244141e+01 0.000000000000000000e+00
1.230545902252197266e+01 -1.068976497650146484e+01 0.000000000000000000e+00
1.086466503143310547e+01 -5.094678878784179688e+00 0.000000000000000000e+00
-1.597845554351806641e+00 6.395184248685836792e-02 0.000000000000000000e+00
-7.722458362579345703e+00 6.339372158050537109e+00 0.000000000000000000e+00
-1.651436424255371094e+01 3.141240358352661133e+00 0.000000000000000000e+00
-6.907163619995117188e+00 1.599580287933349609e+01 0.000000000000000000e+00
-1.001366233825683594e+01 6.067401409149169922e+00 0.000000000000000000e+00
1.195272350311279297e+01 -5.023223161697387695e-01 0.000000000000000000e+00
2.540701329708099365e-01 4.072755813598632812e+00 0.000000000000000000e+00
-7.467751026153564453e+00 -3.852164030075073242e+00 0.000000000000000000e+00
1.672122383117675781e+01 2.207705736160278320e+00 0.000000000000000000e+00
-8.030923843383789062e+00 9.275777816772460938e+00 0.000000000000000000e+00
-1.103364658355712891e+01 1.313316249847412109e+01 0.000000000000000000e+00
6.224368095397949219e+00 -3.890122652053833008e+00 0.000000000000000000e+00
3.707875967025756836e+00 5.405556678771972656e+00 0.000000000000000000e+00
7.128214836120605469e+00 4.696266651153564453e+00 0.000000000000000000e+00
-6.598823547363281250e+00 5.188485622406005859e+00 0.000000000000000000e+00
1.753678202629089355e+00 5.243001937866210938e+00 0.000000000000000000e+00
-1.407136154174804688e+01 6.147069454193115234e+00 0.000000000000000000e+00
1.542335414886474609e+01 7.907167434692382812e+00 0.000000000000000000e+00
9.495341300964355469e+00 8.690948486328125000e-01 0.000000000000000000e+00
2.215962171554565430e+00 -1.723606681823730469e+01 0.000000000000000000e+00
3.554169654846191406e+00 1.309467887878417969e+01 0.000000000000000000e+00
-1.009640312194824219e+01 -2.450735807418823242e+00 0.000000000000000000e+00
9.568226814270019531e+00 1.433645629882812500e+01 0.000000000000000000e+00
-3.487323045730590820e+00 -1.194666767120361328e+01 0.000000000000000000e+00
-2.033715009689331055e+00 1.709854841232299805e+00 0.000000000000000000e+00
8.762254714965820312e+00 4.774995326995849609e+00 0.000000000000000000e+00
-1.189357089996337891e+01 5.145156383514404297e+00 0.000000000000000000e+00
1.144182205200195312e+00 2.676409006118774414e+00 0.000000000000000000e+00
5.561981201171875000e+00 -8.062993049621582031e+00 0.000000000000000000e+00
-1.593910884857177734e+01 -2.768181562423706055e+00 0.000000000000000000e+00
-1.156366634368896484e+01 -2.779766082763671875e+00 0.000000000000000000e+00
-6.186653137207031250e+00 7.900361061096191406e+00 0.000000000000000000e+00
1.716496467590332031e+01 -2.945417404174804688e+00 0.000000000000000000e+00
-6.799000263214111328e+00 -1.126708412170410156e+01 0.000000000000000000e+00
-7.564524650573730469e+00 3.104259729385375977e+00 0.000000000000000000e+00
-9.324871897697448730e-01 1.727731132507324219e+01 0.000000000000000000e+00
9.664237976074218750e+00 -2.146509647369384766e+00 0.000000000000000000e+00
-2.584721446037292480e-01 5.538265228271484375e+00 0.000000000000000000e+00
-1.274752521514892578e+01 1.589787960052490234e+00 0.000000000000000000e+00
2.558240652084350586e+00 1.717506027221679688e+01 0.000000000000000000e+00
5.111555576324462891e+00 -1.408176708221435547e+01 0.000000000000000000e+00
5.103956699371337891e+00 2.162145525217056274e-01 0.000000000000000000e+00
-9.956797599792480469e+00 -9.424614906311035156e+00 0.000000000000000000e+00
9.759067535400390625e+00 1.149037265777587891e+01 0.000000000000000000e+00
-6.587968468666076660e-01 1.559630584716796875e+01 0.000000000000000000e+00
-7.633595466613769531e+00 -9.461902618408203125e+00 0.000000000000000000e+00
-1.352844357490539551e+00 -1.003736686706542969e+01 0.000000000000000000e+00
1.496709632873535156e+01 -6.194143772125244141e+00 0.000000000000000000e+00
-1.336858391761779785e+00 -6.795469760894775391e+00 0.000000000000000000e+00
-9.787687063217163086e-01 -1.532338738441467285e+00 0.000000000000000000e+00
2.777802944183349609e+00 1.519621086120605469e+01 0.000000000000000000e+00
-8.022423386573791504e-01 -1.323274898529052734e+01 0.000000000000000000e+00
1.410384464263916016e+01 9.446861267089843750e+00 0.000000000000000000e+00
-8.645331382751464844e+00 -1.146418666839599609e+01 0.000000000000000000e+00
-8.230141401290893555e-01 8.787146568298339844e+00 0.000000000000000000e+00
1.384591579437255859e+01 -3.183665990829467773e+00 0.000000000000000000e+00
-1.620359897613525391e+00 1.385841178894042969e+01 0.000000000000000000e+00
-5.706774234771728516e+00 -1.005501461029052734e+01 0.000000000000000000e+00
-4.609974384307861328e+00 -8.660139083862304688e+00 0.000000000000000000e+00
-1.245971679687500000e+01 3.284220695495605469e+00 0.000000000000000000e+00
9.824050903320312500e+00 -1.084384441375732422e+01 0.000000000000000000e+00
1.943743467330932617e+00 -3.385943889617919922e+00 0.000000000000000000e+00
8.633428573608398438e+00 -7.666154861450195312e+00 0.000000000000000000e+00
5.568772792816162109e+00 -1.250540161132812500e+01 0.000000000000000000e+00
2.922340869903564453e+00 -9.146726608276367188e+00 0.000000000000000000e+00
4.217090606689453125e+00 -1.639200782775878906e+01 0.000000000000000000e+00
6.734834194183349609e+00 7.291553616523742676e-01 0.000000000000000000e+00
-5.035044670104980469e+00 -1.507839202880859375e+01 0.000000000000000000e+00
1.128793621063232422e+01 -9.420332908630371094e+00 0.000000000000000000e+00
1.274351000785827637e+00 -5.110756874084472656e+00 0.000000000000000000e+00
1.761164665222167969e-01 -1.023124504089355469e+01 0.000000000000000000e+00
2.454903602600097656e+00 1.084305095672607422e+01 0.000000000000000000e+00
-9.823340177536010742e-01 7.222874641418457031e+00 0.000000000000000000e+00
-6.046778202056884766e+00 1.392599582672119141e+01 0.000000000000000000e+00
-1.314818763732910156e+01 9.876998901367187500e+00 0.000000000000000000e+00
-1.268850326538085938e+01 -3.993534088134765625e+00 0.000000000000000000e+00
-4.514618396759033203e+00 8.641795158386230469e+00 0.000000000000000000e+00
-1.087829494476318359e+01 -1.091103076934814453e+01 0.000000000000000000e+00
-8.628437042236328125e+00 1.498788261413574219e+01 0.000000000000000000e+00
-2.793074131011962891e+00 1.215897083282470703e+01 0.000000000000000000e+00
-4.030535221099853516e+00 -7.020222187042236328e+00 0.000000000000000000e+00
-2.494159221649169922e+00 9.270881652832031250e+00 0.000000000000000000e+00
9.420133590698242188e+00 -1.353881168365478516e+01 0.000000000000000000e+00
1.038108539581298828e+01 4.847309589385986328e+00 0.000000000000000000e+00
5.497642517089843750e+00 9.003143310546875000e+00 0.000000000000000000e+00
-9.631770133972167969e+00 2.693228423595428467e-01 0.000000000000000000e+00
-4.833749294281005859e+00 1.647181153297424316e+00 0.000000000000000000e+00
-2.853976726531982422e+00 -1.054586410522460938e+01 0.000000000000000000e+00
1.503118515014648438e+01 -4.361164569854736328e+00 0.000000000000000000e+00
-7.986077785491943359e+00 -6.019658088684082031e+00 0.000000000000000000e+00
-3.837091445922851562e+00 -3.498182058334350586e+00 0.000000000000000000e+00
5.503973960876464844e+00 1.543477535247802734e+01 0.000000000000000000e+00
-2.554289817810058594e+00 1.551751995086669922e+01 0.000000000000000000e+00
-8.152997016906738281e+00 -1.040143728256225586e+00 0.000000000000000000e+00
-1.557185745239257812e+01 6.527215957641601562e+00 0.000000000000000000e+00
3.366733193397521973e-01 -6.342971801757812500e+00 0.000000000000000000e+00
6.418323516845703125e-01 -5.871443748474121094e-01 0.000000000000000000e+00
-2.153801441192626953e+00 -1.394572353363037109e+01 0.000000000000000000e+00
-4.925236701965332031e+00 1.670227432250976562e+01 0.000000000000000000e+00
4.055271148681640625e+00 -7.656556606292724609e+00 0.000000000000000000e+00
-1.406513881683349609e+01 -1.024075317382812500e+01 0.000000000000000000e+00
-9.081969261169433594e+00 -8.190399169921875000e+00 0.000000000000000000e+00
9.020671844482421875e+00 9.755001068115234375e+00 0.000000000000000000e+00
2.035357236862182617e+00 1.039130568504333496e+00 0.000000000000000000e+00
-1.204095458984375000e+01 -1.228660392761230469e+01 0.000000000000000000e+00
-7.035109996795654297e+00 1.067704963684082031e+01 0.000000000000000000e+00
8.289965629577636719e+00 -1.108830642700195312e+01 0.000000000000000000e+00
-1.551835918426513672e+01 1.921548008918762207e+00 0.000000000000000000e+00
-1.363640594482421875e+01 -5.418545246124267578e+00 0.000000000000000000e+00
1.288028144836425781e+01 -8.229149818420410156e+00 0.000000000000000000e+00
-5.946135044097900391e+00 -4.554582595825195312e+00 0.000000000000000000e+00
-1.430408382415771484e+01 -3.383111476898193359e+00 0.000000000000000000e+00
-1.586124515533447266e+01 -8.315466046333312988e-01 0.000000000000000000e+00
1.028395938873291016e+01 -6.678419709205627441e-01 0.000000000000000000e+00
-1.153086662292480469e+01 9.859701156616210938e+00 0.000000000000000000e+00
1.656799888610839844e+01 4.924742221832275391e+00 0.000000000000000000e+00
-5.564413070678710938e+00 -7.277731895446777344e+00 0.000000000000000000e+00
