-1.939513807465953699e+00 -1.808185883876135103e+00
-1.895737832936014167e+00 -5.589526534287720949e-01
-1.851961858406074635e+00 6.902805770185906908e-01
-1.808185883876135103e+00 1.939513807465953699e+00
-6.902805770185906908e-01 -1.851961858406074635e+00
-6.465046024886511589e-01 -6.027286279587116269e-01
-6.027286279587116269e-01 6.465046024886511589e-01
-5.589526534287720949e-01 1.895737832936014167e+00
5.589526534287720949e-01 -1.895737832936014167e+00
6.027286279587116269e-01 -6.465046024886511589e-01
6.465046024886511589e-01 6.027286279587116269e-01
6.902805770185906908e-01 1.851961858406074635e+00
1.808185883876135103e+00 -1.939513807465953699e+00
1.851961858406074635e+00 -6.902805770185906908e-01
1.895737832936014167e+00 5.589526534287720949e-01
1.939513807465953699e+00 1.808185883876135103e+00
