1.186980230731165342e+01 5.612866939217504125e+00 -4.831475232491833083e-04
1.311586414530286682e+01 6.156919737050519092e-01 3.288499394316080071e-04
5.626908645262970410e+00 9.363902035228221621e+00 -4.341794005853216731e-04
6.872970483311943823e+00 4.366727069148554463e+00 3.778173233928150410e-04
8.118159060333386634e+00 -6.301636013339606546e-01 -2.787194420476035717e-04
9.364341486119041491e+00 -5.626546709066770902e+00 -6.540344204442050113e-05
-6.158663815388739637e-01 1.311633225888177634e+01 -1.863543406663836777e-04
6.300768213210495849e-01 8.117762165153717291e+00 4.267854502533197092e-04
1.876258221331860376e+00 3.120776075672223815e+00 -1.576523159589893197e-04
3.121446831297588265e+00 -1.875511517641881287e+00 -1.650741473246952751e-05
4.366516806129990158e+00 -6.873194237673933671e+00 -7.421898248027858358e-05
5.612698239142873469e+00 -1.186957724999257202e+01 1.390249221699946247e-04
-5.612697245708030636e+00 1.186958921529424416e+01 -1.229995252254312277e-04
-4.366515812639424787e+00 6.873206203906050860e+00 9.024484350872441496e-05
-3.121446830693304975e+00 1.875523578363281541e+00 3.246071212814616302e-05
-1.876257227841326314e+00 -3.120764110001768010e+00 1.736774340876934275e-04
-6.300758278862061967e-01 -8.117750199852043380e+00 -4.107600533087563122e-04
6.158663821431574759e-01 -1.311632019816037342e+01 2.023076380623933801e-04
-9.364341688645405171e+00 5.626550755142476490e+00 8.741613156804106666e-05
-8.118160255632519196e+00 6.301677428238399159e-01 3.006600362192024534e-04
-6.872970685780515510e+00 -4.366723023078401766e+00 -3.558046296725514424e-04
-5.626908847845023764e+00 -9.363897989521296594e+00 4.561923689259117509e-04
-1.311586434777140830e+01 -6.156879270732391607e-01 -3.068365028117692184e-04
-1.186980250983591922e+01 -5.612862893516134655e+00 5.051604957859723299e-04
