-3.004493713378906250e+00 5.736279010772705078e+00 0.000000000000000000e+00
-1.091291332244873047e+01 9.941492080688476562e+00 0.000000000000000000e+00
-1.097369194030761719e+01 5.116044998168945312e+00 0.000000000000000000e+00
1.562902832031250000e+01 7.881522774696350098e-01 0.000000000000000000e+00
-1.358300113677978516e+01 -9.603491425514221191e-01 0.000000000000000000e+00
8.701217651367187500e+00 -8.857202529907226562e+00 0.000000000000000000e+00
-7.332347393035888672e+00 -7.086998939514160156e+00 0.000000000000000000e+00
-2.573879003524780273e+00 -1.696840858459472656e+01 0.000000000000000000e+00
-6.016616344451904297e+00 -1.068111705780029297e+01 0.000000000000000000e+00
1.042531108856201172e+01 -6.944931983947753906e+00 0.000000000000000000e+00
-1.362990736961364746e+00 -7.277535915374755859e+00 0.000000000000000000e+00
6.202835559844970703e+00 -2.252092361450195312e-01 0.000000000000000000e+00
2.020120620727539062e+00 -1.003111076354980469e+01 0.000000000000000000e+00
-8.300294876098632812e+00 1.266814517974853516e+01 0.000000000000000000e+00
-7.245435237884521484e+00 1.383935451507568359e+01 0.000000000000000000e+00
-1.305316543579101562e+01 -2.678063869476318359e+00 0.000000000000000000e+00
-1.293927764892578125e+01 -7.011226177215576172e+00 0.000000000000000000e+00
9.219553947448730469e+00 1.131145954132080078e+01 0.000000000000000000e+00
3.474700450897216797e-01 3.712992429733276367e+00 0.000000000000000000e+00
1.759341478347778320e+00 -5.978629112243652344e+00 0.000000000000000000e+00
-8.637923002243041992e-01 5.486116409301757812e+00 0.000000000000000000e+00
-7.271852493286132812e+00 5.905727744102478027e-01 0.000000000000000000e+00
-1.749061584472656250e+00 -4.071029186248779297e+00 0.000000000000000000e+00
1.319790172576904297e+01 -5.505266666412353516e+00 0.000000000000000000e+00
-3.504443645477294922e+00 9.688411712646484375e+00 0.000000000000000000e+00
2.675875425338745117e+00 1.026420474052429199e+00 0.000000000000000000e+00
2.139568090438842773e+00 1.061989688873291016e+01 0.000000000000000000e+00
-2.115366697311401367e+00 1.699600601196289062e+01 0.000000000000000000e+00
-1.344375967979431152e+00 -1.865409016609191895e+00 0.000000000000000000e+00
5.234629631042480469e+00 -1.285966587066650391e+01 0.000000000000000000e+00
1.579116535186767578e+01 -6.258327484130859375e+00 0.000000000000000000e+00
-7.209928512573242188e+00 -9.373068809509277344e+00 0.000000000000000000e+00
-1.470885753631591797e+01 5.656800270080566406e+00 0.000000000000000000e+00
1.583844423294067383e-01 8.910891532897949219e+00 0.000000000000000000e+00
-5.001611232757568359e+00 -1.304419898986816406e+01 0.000000000000000000e+00
-1.604829072952270508e+00 1.463535881042480469e+01 0.000000000000000000e+00
-1.439091587066650391e+01 -4.176336765289306641e+00 0.000000000000000000e+00
7.783792495727539062e+00 -1.312090206146240234e+01 0.000000000000000000e+00
2.817451000213623047e+00 -2.836025714874267578e+00 0.000000000000000000e+00
1.461552143096923828e+01 -5.915554761886596680e-01 0.000000000000000000e+00
1.382785224914550781e+01 -1.066567611694335938e+01 0.000000000000000000e+00
-1.508633232116699219e+01 8.169704675674438477e-01 0.000000000000000000e+00
-8.228102684020996094e+00 -4.399809360504150391e+00 0.000000000000000000e+00
9.807417869567871094e+00 -1.208694171905517578e+01 0.000000000000000000e+00
1.287296104431152344e+01 1.000174140930175781e+01 0.000000000000000000e+00
1.371291637420654297e+00 -1.704440307617187500e+01 0.000000000000000000e+00
-4.752791404724121094e+00 -8.984478950500488281e+00 0.000000000000000000e+00
-5.093503952026367188e+00 2.097867965698242188e+00 0.000000000000000000e+00
-1.065970420837402344e+01 -1.101840877532958984e+01 0.000000000000000000e+00
1.415036392211914062e+01 -3.026212453842163086e+00 0.000000000000000000e+00
-1.178107708692550659e-01 1.513650035858154297e+01 0.000000000000000000e+00
1.029511356353759766e+01 -1.404395294189453125e+01 0.000000000000000000e+00
1.413701653480529785e+00 -1.537117099761962891e+01 0.000000000000000000e+00
1.081834602355957031e+01 1.135251331329345703e+01 0.000000000000000000e+00
-7.181200027465820312e+00 5.711177349090576172e+00 0.000000000000000000e+00
2.379707098007202148e+00 -1.318526840209960938e+01 0.000000000000000000e+00
5.102785587310791016e+00 2.941041707992553711e+00 0.000000000000000000e+00
-3.338420629501342773e+00 -5.349489688873291016e+00 0.000000000000000000e+00
5.346760749816894531e+00 5.903268814086914062e+00 0.000000000000000000e+00
9.201157689094543457e-01 1.624795722961425781e+01 0.000000000000000000e+00
-8.530913352966308594e+00 9.831856727600097656e+00 0.000000000000000000e+00
2.729971170425415039e+00 -8.176570892333984375e+00 0.000000000000000000e+00
-6.585609912872314453e+00 -5.648168087005615234e+00 0.000000000000000000e+00
3.705333709716796875e+00 -1.492971801757812500e+01 0.000000000000000000e+00
-8.875877380371093750e+00 -1.257965564727783203e+01 0.000000000000000000e+00
4.650984287261962891e+00 -9.034246444702148438e+00 0.000000000000000000e+00
-1.267882919311523438e+01 -4.269567489624023438e+00 0.000000000000000000e+00
1.114892768859863281e+01 2.307482957839965820e+00 0.000000000000000000e+00
7.465289592742919922e+00 1.355754089355468750e+01 0.000000000000000000e+00
-1.350608158111572266e+01 1.038847446441650391e+01 0.000000000000000000e+00
6.551759243011474609e+00 -1.542402362823486328e+01 0.000000000000000000e+00
5.314167499542236328e+00 -5.529185771942138672e+00 0.000000000000000000e+00
-4.945799827575683594e+00 1.236852836608886719e+01 0.000000000000000000e+00
-5.585921287536621094e+00 9.107117652893066406e+00 0.000000000000000000e+00
1.669327354431152344e+01 2.635235786437988281e+00 0.000000000000000000e+00
1.716955184936523438e+01 -1.850239038467407227e+00 0.000000000000000000e+00
6.325180053710937500e+00 7.935780048370361328e+00 0.000000000000000000e+00
-4.606730937957763672e+00 -1.560375976562500000e+01 0.000000000000000000e+00
-1.066135287284851074e+00 -1.679177474975585938e+01 0.000000000000000000e+00
-7.891489028930664062e+00 -1.076403999328613281e+01 0.000000000000000000e+00
-1.034263134002685547e+01 3.552188873291015625e+00 0.000000000000000000e+00
3.389439105987548828e+00 -6.009620666503906250e+00 0.000000000000000000e+00
1.230829334259033203e+01 -8.685906410217285156e+00 0.000000000000000000e+00
1.068356704711914062e+01 5.654311180114746094e-01 0.000000000000000000e+00
-6.846539497375488281e+00 -1.824422359466552734e+00 0.000000000000000000e+00
-1.185769271850585938e+01 1.254921531677246094e+01 0.000000000000000000e+00
-9.694837570190429688e+00 7.096346855163574219e+00 0.000000000000000000e+00
1.587086105346679688e+01 5.040960311889648438e+00 0.000000000000000000e+00
-1.211416482925415039e+00 -9.860389709472656250e+00 0.000000000000000000e+00
5.904300212860107422e+00 -3.099610805511474609e+00 0.000000000000000000e+00
9.400933265686035156e+00 2.988315582275390625e+00 0.000000000000000000e+00
1.032448291778564453e+01 4.410211563110351562e+00 0.000000000000000000e+00
5.203299045562744141e+00 9.313317298889160156e+00 0.000000000000000000e+00
8.454400897026062012e-01 -1.017645239830017090e+00 0.000000000000000000e+00
-1.199233818054199219e+01 -8.288654327392578125e+00 0.000000000000000000e+00
1.571674251556396484e+01 -4.259984970092773438e+00 0.000000000000000000e+00
-1.157759904861450195e+00 -5.558591365814208984e+00 0.000000000000000000e+00
1.356174349784851074e+00 -4.500532150268554688e+00 0.000000000000000000e+00
-9.205291748046875000e+00 -7.133968353271484375e+00 0.000000000000000000e+00
1.364954185485839844e+01 1.119968295097351074e+00 0.000000000000000000e+00
9.466061592102050781e+00 -5.450098514556884766e+00 0.000000000000000000e+00
-9.769337654113769531e+00 1.335780620574951172e+01 0.000000000000000000e+00
-1.398591804504394531e+01 3.117958784103393555e+00 0.000000000000000000e+00
-7.336783885955810547e+00 2.599371910095214844e+00 0.000000000000000000e+00
9.301134109497070312e+00 -1.190254330635070801e+00 0.000000000000000000e+00
4.880402088165283203e+00 -1.067169284820556641e+01 0.000000000000000000e+00
6.911116600036621094e+00 -8.604478836059570312e+00 0.000000000000000000e+00
-2.264888286590576172e+00 7.049802541732788086e-01 0.000000000000000000e+00
1.480058574676513672e+01 -7.852237224578857422e+00 0.000000000000000000e+00
-1.012565898895263672e+01 -3.642926454544067383e+00 0.000000000000000000e+00
-1.187567138671875000e+01 2.940680742263793945e+00 0.000000000000000000e+00
-2.350562572479248047e+00 3.637339115142822266e+00 0.000000000000000000e+00
3.761153221130371094e-01 -9.615258216857910156e+00 0.000000000000000000e+00
-6.454445838928222656e+00 1.107292461395263672e+01 0.000000000000000000e+00
-4.365439414978027344e+00 3.595895767211914062e+00 0.000000000000000000e+00
1.053790330886840820e+00 6.079279899597167969e+00 0.000000000000000000e+00
7.401333332061767578e+00 1.176997280120849609e+01 0.000000000000000000e+00
-1.188604545593261719e+01 -1.191681385040283203e+01 0.000000000000000000e+00
8.409379005432128906e+00 -7.011277198791503906e+00 0.000000000000000000e+00
-1.303683567047119141e+01 -9.571947097778320312e+00 0.000000000000000000e+00
9.281362533569335938e+00 6.797196865081787109e+00 0.000000000000000000e+00
1.312814354896545410e+00 1.425781726837158203e+01 0.000000000000000000e+00
-3.395142078399658203e+00 2.228592634201049805e+00 0.000000000000000000e+00
2.832871913909912109e+00 3.799861907958984375e+00 0.000000000000000000e+00
1.150409889221191406e+01 -1.038770771026611328e+01 0.000000000000000000e+00
-4.082125723361968994e-01 -1.532951831817626953e+01 0.000000000000000000e+00
2.646811246871948242e+00 8.717293739318847656e+00 0.000000000000000000e+00
1.482618045806884766e+01 6.815211296081542969e+00 0.000000000000000000e+00
2.733545064926147461e+00 1.514053058624267578e+01 0.000000000000000000e+00
1.178400325775146484e+01 -1.272588920593261719e+01 0.000000000000000000e+00
-5.277193546295166016e+00 1.568478298187255859e+01 0.000000000000000000e+00
1.017987346649169922e+01 9.972988128662109375e+00 0.000000000000000000e+00
1.393978238105773926e+00 -1.148831653594970703e+01 0.000000000000000000e+00
8.064188003540039062e+00 4.087902069091796875e+00 0.000000000000000000e+00
-8.776021003723144531e+00 -9.001876831054687500e+00 0.000000000000000000e+00
1.255474948883056641e+01 3.585849285125732422e+00 0.000000000000000000e+00
1.375653743743896484e-01 -7.292421817779541016e+00 0.000000000000000000e+00
-2.579787015914916992e+00 -1.063564777374267578e+01 0.000000000000000000e+00
8.497267723083496094e+00 -2.925116777420043945e+00 0.000000000000000000e+00
-3.108246326446533203e+00 7.727337360382080078e+00 0.000000000000000000e+00
4.429738521575927734e+00 -1.769425392150878906e+00 0.000000000000000000e+00
3.491698205471038818e-01 1.126026153564453125e+01 0.000000000000000000e+00
9.512053489685058594e+00 8.498456001281738281e+00 0.000000000000000000e+00
-3.057106971740722656e+00 -1.501527976989746094e+01 0.000000000000000000e+00
1.106333065032958984e+01 -5.482097148895263672e+00 0.000000000000000000e+00
-9.248358011245727539e-01 2.904131174087524414e+00 0.000000000000000000e+00
-2.217365980148315430e+00 1.213995552062988281e+01 0.000000000000000000e+00
-1.303818893432617188e+01 5.415564060211181641e+00 0.000000000000000000e+00
9.666494131088256836e-01 2.165263175964355469e+00 0.000000000000000000e+00
-1.618020057678222656e+01 -2.747388124465942383e+00 0.000000000000000000e+00
-1.106669330596923828e+01 1.033212423324584961e+00 0.000000000000000000e+00
1.731240844726562500e+01 4.539304077625274658e-01 0.000000000000000000e+00
-1.492294502258300781e+01 -8.179781913757324219e+00 0.000000000000000000e+00
-3.383422374725341797e+00 -3.589291095733642578e+00 0.000000000000000000e+00
-1.184282302856445312e+01 -9.420109391212463379e-01 0.000000000000000000e+00
-9.134037017822265625e+00 -1.497058033943176270e+00 0.000000000000000000e+00
-1.676105308532714844e+01 1.024101972579956055e+00 0.000000000000000000e+00
1.201504135131835938e+01 -3.819068193435668945e+00 0.000000000000000000e+00
-4.921613216400146484e+00 2.927279472351074219e-01 0.000000000000000000e+00
7.368789672851562500e+00 7.472954392433166504e-01 0.000000000000000000e+00
4.240218162536621094e+00 1.356976985931396484e+00 0.000000000000000000e+00
1.505707454681396484e+01 3.311454772949218750e+00 0.000000000000000000e+00
7.277349472045898438e+00 -1.114584255218505859e+01 0.000000000000000000e+00
1.239120101928710938e+01 -1.470125675201416016e+00 0.000000000000000000e+00
7.540446281433105469e+00 1.553004360198974609e+01 0.000000000000000000e+00
2.396205186843872070e+00 5.392963886260986328e+00 0.000000000000000000e+00
4.386776924133300781e+00 1.623364067077636719e+01 0.000000000000000000e+00
6.419566631317138672e+00 -6.616511821746826172e+00 0.000000000000000000e+00
-8.705876350402832031e+00 4.955792427062988281e+00 0.000000000000000000e+00
4.732172012329101562e+00 -4.120700836181640625e+00 0.000000000000000000e+00
-7.269220352172851562e+00 -1.312087821960449219e+01 0.000000000000000000e+00
-7.632818222045898438e+00 7.803606510162353516e+00 0.000000000000000000e+00
-1.625248193740844727e+00 8.759264945983886719e+00 0.000000000000000000e+00
-1.363216781616210938e+01 -1.097040081024169922e+01 0.000000000000000000e+00
-1.051694679260253906e+01 -1.302072238922119141e+01 0.000000000000000000e+00
-1.043592643737792969e+01 -8.474680900573730469e+00 0.000000000000000000e+00
-1.600243949890136719e+01 7.026543617248535156e+00 0.000000000000000000e+00
5.379036426544189453e+00 -1.648115539550781250e+01 0.000000000000000000e+00
-1.121363258361816406e+01 -2.540867090225219727e+00 0.000000000000000000e+00
-5.289130687713623047e+00 -3.114238262176513672e+00 0.000000000000000000e+00
-1.573056411743164062e+01 -6.797317028045654297e+00 0.000000000000000000e+00
-1.548208332061767578e+01 -1.234555721282958984e+00 0.000000000000000000e+00
-3.663861036300659180e+00 1.390236377716064453e+01 0.000000000000000000e+00
1.211540794372558594e+01 -6.874254703521728516e+00 0.000000000000000000e+00
-1.643908691406250000e+01 4.767003536224365234e+00 0.000000000000000000e+00
1.455625915527343750e+01 8.405517578125000000e+00 0.000000000000000000e+00
-4.169350147247314453e+00 1.698991966247558594e+01 0.000000000000000000e+00
1.225786399841308594e+01 8.447975158691406250e+00 0.000000000000000000e+00
8.176777839660644531e+00 -1.462824535369873047e+01 0.000000000000000000e+00
4.376163482666015625e+00 1.359423160552978516e+01 0.000000000000000000e+00
1.294815158843994141e+01 6.363858699798583984e+00 0.000000000000000000e+00
-5.056198120117187500e+00 5.110851764678955078e+00 0.000000000000000000e+00
7.394584655761718750e+00 2.426319599151611328e+00 0.000000000000000000e+00
9.386451721191406250e+00 1.375944137573242188e+01 0.000000000000000000e+00
-7.577394485473632812e+00 -1.536980247497558594e+01 0.000000000000000000e+00
-3.875829696655273438e+00 -9.308151006698608398e-01 0.000000000000000000e+00
2.828075885772705078e-01 -3.275916814804077148e+00 0.000000000000000000e+00
4.751561641693115234e+00 1.193835926055908203e+01 0.000000000000000000e+00
-1.351332092285156250e+01 8.748167037963867188e+00 0.000000000000000000e+00
-3.769250810146331787e-01 -1.129859638214111328e+01 0.000000000000000000e+00
-8.961166381835937500e+00 -1.421342182159423828e+01 0.000000000000000000e+00
3.616698265075683594e+00 6.427617073059082031e+00 0.000000000000000000e+00
-1.401758480072021484e+01 -5.827079772949218750e+00 0.000000000000000000e+00
-1.180124282836914062e+01 8.149477005004882812e+00 0.000000000000000000e+00
6.619179248809814453e-01 -1.394506072998046875e+01 0.000000000000000000e+00
9.822701215744018555e-01 1.276928520202636719e+01 0.000000000000000000e+00
-4.671624004840850830e-01 9.113610386848449707e-01 0.000000000000000000e+00
-5.501190662384033203e+00 -7.134623050689697266e+00 0.000000000000000000e+00
-5.474823474884033203e+00 7.399614810943603516e+00 0.000000000000000000e+00
-5.704537034034729004e-01 7.285400390625000000e+00 0.000000000000000000e+00
3.821658134460449219e+00 -1.665307617187500000e+01 0.000000000000000000e+00
1.048309707641601562e+01 -3.614051818847656250e+00 0.000000000000000000e+00
-1.190782642364501953e+01 6.601504325866699219e+00 0.000000000000000000e+00
-1.098249912261962891e+01 -4.912066936492919922e+00 0.000000000000000000e+00
-8.389068603515625000e+00 1.516811275482177734e+01 0.000000000000000000e+00
-1.691135025024414062e+01 2.572757005691528320e+00 0.000000000000000000e+00
-3.263888835906982422e+00 1.568012046813964844e+01 0.000000000000000000e+00
7.763765811920166016e+00 8.864497184753417969e+00 0.000000000000000000e+00
-1.105789756774902344e+01 -6.624696731567382812e+00 0.000000000000000000e+00
-6.831220626831054688e+00 1.533581447601318359e+01 0.000000000000000000e+00
-1.460960102081298828e+01 -2.549143552780151367e+00 0.000000000000000000e+00
1.303147673606872559e+00 7.790126800537109375e+00 0.000000000000000000e+00
1.111064243316650391e+01 6.814749240875244141e+00 0.000000000000000000e+00
4.261102676391601562e+00 4.845114707946777344e+00 0.000000000000000000e+00
1.311898326873779297e+01 1.150028133392333984e+01 0.000000000000000000e+00
-9.083288192749023438e+00 1.004426121711730957e+00 0.000000000000000000e+00
6.023504734039306641e+00 1.555200481414794922e+01 0.000000000000000000e+00
-1.750275611877441406e+00 -1.328790473937988281e+01 0.000000000000000000e+00
-4.769550323486328125e+00 1.084790229797363281e+01 0.000000000000000000e+00
-1.153594112396240234e+01 -9.798632621765136719e+00 0.000000000000000000e+00
-8.272123336791992188e+00 -2.865228414535522461e+00 0.000000000000000000e+00
7.004711627960205078e+00 6.205475330352783203e+00 0.000000000000000000e+00
6.158616065979003906e+00 1.080011272430419922e+01 0.000000000000000000e+00
6.071588993072509766e+00 4.522818565368652344e+00 0.000000000000000000e+00
2.479981422424316406e+00 -4.860617518424987793e-01 0.000000000000000000e+00
-1.658697891235351562e+01 -4.946027278900146484e+00 0.000000000000000000e+00
-2.887636661529541016e+00 -7.883313179016113281e+00 0.000000000000000000e+00
-4.033217430114746094e+00 -1.123742389678955078e+01 0.000000000000000000e+00
1.615044021606445312e+01 -6.338353157043457031e-01 0.000000000000000000e+00
2.384799957275390625e+00 1.665720367431640625e+01 0.000000000000000000e+00
2.505387783050537109e+00 1.217509555816650391e+01 0.000000000000000000e+00
3.121716260910034180e+00 -1.149509239196777344e+01 0.000000000000000000e+00
9.484480857849121094e+00 -1.035701847076416016e+01 0.000000000000000000e+00
1.151274967193603516e+01 1.302014064788818359e+01 0.000000000000000000e+00
-1.319822120666503906e+01 6.512671709060668945e-01 0.000000000000000000e+00
6.711316108703613281e+00 -1.748662471771240234e+00 0.000000000000000000e+00
-1.696225547790527344e+01 -8.815871477127075195e-01 0.000000000000000000e+00
7.464259624481201172e+00 -4.096824169158935547e+00 0.000000000000000000e+00
4.979335784912109375e+00 -7.210489749908447266e+00 0.000000000000000000e+00
-2.171666860580444336e+00 1.037784576416015625e+01 0.000000000000000000e+00
-1.388384151458740234e+01 7.050923824310302734e+00 0.000000000000000000e+00
5.949903488159179688e+00 1.440311074256896973e+00 0.000000000000000000e+00
1.169546699523925781e+01 5.097848892211914062e+00 0.000000000000000000e+00
3.515094041824340820e+00 9.957395553588867188e+00 0.000000000000000000e+00
-1.072821140289306641e+01 1.151712131500244141e+01 0.000000000000000000e+00
-6.116158962249755859e+00 -1.438157844543457031e+01 0.000000000000000000e+00
