5.514761447906494141e+00 -1.652978897094726562e+01 0.000000000000000000e+00
8.988165855407714844e+00 -6.084820747375488281e+00 0.000000000000000000e+00
-1.332315826416015625e+01 9.045372962951660156e+00 0.000000000000000000e+00
8.331504821777343750e+00 -1.431190395355224609e+01 0.000000000000000000e+00
-9.457003593444824219e+00 9.901346206665039062e+00 0.000000000000000000e+00
1.145775985717773438e+01 1.080323791503906250e+01 0.000000000000000000e+00
-1.174020195007324219e+01 -5.913684368133544922e+00 0.000000000000000000e+00
6.792926788330078125e+00 -1.259919643402099609e+01 0.000000000000000000e+00
1.026947879791259766e+01 -8.861238479614257812e+00 0.000000000000000000e+00
7.574772357940673828e+00 1.010457873344421387e+00 0.000000000000000000e+00
9.872632026672363281e+00 8.233544349670410156e+00 0.000000000000000000e+00
-9.647563934326171875e+00 -9.139838218688964844e+00 0.000000000000000000e+00
-1.257052516937255859e+01 -5.306416153907775879e-01 0.000000000000000000e+00
7.686913758516311646e-02 1.430780315399169922e+01 0.000000000000000000e+00
2.510737180709838867e+00 -1.019962310791015625e+00 0.000000000000000000e+00
2.968359708786010742e+00 -6.744726657867431641e+00 0.000000000000000000e+00
-5.682596683502197266e+00 -2.568674325942993164e+00 0.000000000000000000e+00
1.536789226531982422e+01 -7.078828334808349609e+00 0.000000000000000000e+00
-6.743306636810302734e+00 1.032665634155273438e+01 0.000000000000000000e+00
-7.692075729370117188e+00 7.684630393981933594e+00 0.000000000000000000e+00
-1.164390277862548828e+01 1.643734455108642578e+00 0.000000000000000000e+00
-2.730268001556396484e+00 -1.042559432983398438e+01 0.000000000000000000e+00
-1.365863513946533203e+01 -5.685436248779296875e+00 0.000000000000000000e+00
-1.412012004852294922e+01 -3.036079883575439453e+00 0.000000000000000000e+00
1.480234813690185547e+01 2.303123474121093750e-01 0.000000000000000000e+00
9.659667968750000000e+00 -7.050401996821165085e-03 0.000000000000000000e+00
-5.387302398681640625e+00 3.331263542175292969e+00 0.000000000000000000e+00
-1.660308265686035156e+01 1.258296489715576172e+00 0.000000000000000000e+00
5.377057075500488281e+00 -1.186376285552978516e+01 0.000000000000000000e+00
1.576418781280517578e+01 3.293192625045776367e+00 0.000000000000000000e+00
-2.628404140472412109e+00 -3.241188287734985352e+00 0.000000000000000000e+00
-2.908707618713378906e+00 5.684500694274902344e+00 0.000000000000000000e+00
2.378750562667846680e+00 9.610872268676757812e+00 0.000000000000000000e+00
3.352495729923248291e-01 -5.320243835449218750e+00 0.000000000000000000e+00
1.107810211181640625e+01 -4.373455524444580078e+00 0.000000000000000000e+00
6.044485569000244141e-01 1.992665052413940430e+00 0.000000000000000000e+00
5.395047187805175781e+00 -2.979897260665893555e+00 0.000000000000000000e+00
-1.478114604949951172e+00 1.569156551361083984e+01 0.000000000000000000e+00
-1.512030410766601562e+01 5.051214694976806641e+00 0.000000000000000000e+00
4.478634893894195557e-02 -8.200754165649414062e+00 0.000000000000000000e+00
-1.098562717437744141e+01 5.973162651062011719e+00 0.000000000000000000e+00
4.328986167907714844e+00 -5.848581314086914062e+00 0.000000000000000000e+00
3.539893627166748047e+00 1.105558109283447266e+01 0.000000000000000000e+00
1.698929214477539062e+01 -2.731939554214477539e+00 0.000000000000000000e+00
6.413869857788085938e+00 1.501430416107177734e+01 0.000000000000000000e+00
8.049946784973144531e+00 5.430951595306396484e+00 0.000000000000000000e+00
-2.703813076019287109e+00 -7.990311622619628906e+00 0.000000000000000000e+00
1.122871589660644531e+01 4.383982181549072266e+00 0.000000000000000000e+00
1.706959533691406250e+01 -9.350037574768066406e-01 0.000000000000000000e+00
7.970494747161865234e+00 -8.534324645996093750e+00 0.000000000000000000e+00
-4.963609218597412109e+00 4.822760581970214844e+00 0.000000000000000000e+00
-6.352677345275878906e+00 -1.048847961425781250e+01 0.000000000000000000e+00
6.483242988586425781e+00 -9.376954078674316406e+00 0.000000000000000000e+00
-8.279797554016113281e+00 1.250786781311035156e+01 0.000000000000000000e+00
-1.280148506164550781e+01 -7.204522609710693359e+00 0.000000000000000000e+00
-4.426030158996582031e+00 8.613258361816406250e+00 0.000000000000000000e+00
1.273348426818847656e+01 4.959096431732177734e+00 0.000000000000000000e+00
-1.830335021018981934e+00 -1.200812530517578125e+01 0.000000000000000000e+00
1.075015449523925781e+01 -2.891686677932739258e+00 0.000000000000000000e+00
8.068552970886230469e+00 1.333627605438232422e+01 0.000000000000000000e+00
6.382723331451416016e+00 8.351298332214355469e+00 0.000000000000000000e+00
-1.412495613098144531e+00 -1.070267677307128906e+00 0.000000000000000000e+00
1.283002734184265137e+00 -1.483359813690185547e+01 0.000000000000000000e+00
-6.988053321838378906e+00 -8.867749214172363281e+00 0.000000000000000000e+00
-9.643625259399414062e+00 4.114965438842773438e+00 0.000000000000000000e+00
3.422178268432617188e+00 7.240376472473144531e+00 0.000000000000000000e+00
-6.686389446258544922e+00 4.792967319488525391e+00 0.000000000000000000e+00
4.179674625396728516e+00 -1.296239948272705078e+01 0.000000000000000000e+00
-1.917460322380065918e+00 1.374765205383300781e+01 0.000000000000000000e+00
-5.932548999786376953e+00 -7.046770095825195312e+00 0.000000000000000000e+00
1.364358806610107422e+01 2.666428089141845703e+00 0.000000000000000000e+00
-9.856837272644042969e+00 -4.349802494049072266e+00 0.000000000000000000e+00
8.335362434387207031e+00 1.174460315704345703e+01 0.000000000000000000e+00
-7.819634914398193359e+00 1.161595821380615234e+00 0.000000000000000000e+00
-7.065343856811523438e+00 -9.536386132240295410e-01 0.000000000000000000e+00
-1.274807643890380859e+01 1.172310543060302734e+01 0.000000000000000000e+00
1.380888462066650391e+01 -9.749993324279785156e+00 0.000000000000000000e+00
-1.768438458442687988e+00 -1.391328048706054688e+01 0.000000000000000000e+00
-1.173990726470947266e+01 8.026483535766601562e+00 0.000000000000000000e+00
1.011369705200195312e+01 1.190738773345947266e+01 0.000000000000000000e+00
1.559348583221435547e+01 -4.468675613403320312e+00 0.000000000000000000e+00
1.261244392395019531e+01 7.547812938690185547e+00 0.000000000000000000e+00
4.279046535491943359e+00 -9.823068618774414062e+00 0.000000000000000000e+00
-1.146853065490722656e+01 -1.083135509490966797e+01 0.000000000000000000e+00
-1.495097351074218750e+01 7.973335266113281250e+00 0.000000000000000000e+00
1.553245162963867188e+01 7.110673904418945312e+00 0.000000000000000000e+00
1.799440860748291016e+00 4.368244647979736328e+00 0.000000000000000000e+00
4.436866760253906250e+00 -8.231797218322753906e-01 0.000000000000000000e+00
1.248154163360595703e+01 -7.473076343536376953e+00 0.000000000000000000e+00
-2.712368011474609375e+00 -1.642373085021972656e+01 0.000000000000000000e+00
4.679716110229492188e+00 9.592628479003906250e+00 0.000000000000000000e+00
1.421489620208740234e+01 1.008610534667968750e+01 0.000000000000000000e+00
3.380293846130371094e+00 1.705908584594726562e+01 0.000000000000000000e+00
-7.603407382965087891e+00 3.578585863113403320e+00 0.000000000000000000e+00
-1.676749587059020996e+00 6.412138938903808594e-01 0.000000000000000000e+00
-1.988384246826171875e+00 7.029094219207763672e+00 0.000000000000000000e+00
6.462829113006591797e-01 1.228053495287895203e-01 0.000000000000000000e+00
-3.320739746093750000e+00 -1.256485557556152344e+01 0.000000000000000000e+00
4.870300769805908203e+00 4.798530101776123047e+00 0.000000000000000000e+00
-9.676782608032226562e+00 -7.034178733825683594e+00 0.000000000000000000e+00
-1.388294601440429688e+01 6.764936447143554688e+00 0.000000000000000000e+00
-1.023169803619384766e+01 7.451434135437011719e+00 0.000000000000000000e+00
-2.741521835327148438e+00 9.930488586425781250e+00 0.000000000000000000e+00
-4.221755504608154297e+00 -7.781807899475097656e+00 0.000000000000000000e+00
-3.747011184692382812e+00 -9.256083488464355469e+00 0.000000000000000000e+00
8.613558769226074219e+00 -1.226647377014160156e+01 0.000000000000000000e+00
3.698751449584960938e+00 2.506651163101196289e+00 0.000000000000000000e+00
1.647831726074218750e+01 -5.779341697692871094e+00 0.000000000000000000e+00
-1.612206649780273438e+01 -3.951530933380126953e+00 0.000000000000000000e+00
4.015194475650787354e-01 3.575617790222167969e+00 0.000000000000000000e+00
-1.720302581787109375e+01 -4.298602044582366943e-01 0.000000000000000000e+00
1.637089920043945312e+01 4.817317008972167969e+00 0.000000000000000000e+00
1.059983348846435547e+01 2.646613359451293945e+00 0.000000000000000000e+00
-1.491102278232574463e-01 -1.637193870544433594e+01 0.000000000000000000e+00
-1.563827419281005859e+01 -1.144031405448913574e+00 0.000000000000000000e+00
-1.041824150085449219e+01 -2.490457534790039062e+00 0.000000000000000000e+00
8.843279838562011719e+00 -1.684638142585754395e+00 0.000000000000000000e+00
-6.099202632904052734e+00 8.738637924194335938e+00 0.000000000000000000e+00
-4.973082065582275391e+00 -4.302514553070068359e+00 0.000000000000000000e+00
-9.814439773559570312e+00 3.232530951499938965e-01 0.000000000000000000e+00
1.037662476301193237e-01 6.105988025665283203e+00 0.000000000000000000e+00
6.566468715667724609e+00 1.278814125061035156e+01 0.000000000000000000e+00
7.069619178771972656e+00 2.933641672134399414e+00 0.000000000000000000e+00
-6.164009571075439453e+00 -1.471267795562744141e+01 0.000000000000000000e+00
5.209495067596435547e+00 1.653125572204589844e+01 0.000000000000000000e+00
-5.716954231262207031e+00 1.449540901184082031e+01 0.000000000000000000e+00
8.334397315979003906e+00 3.896607160568237305e+00 0.000000000000000000e+00
2.974699974060058594e+00 -4.218522071838378906e+00 0.000000000000000000e+00
-4.011861801147460938e+00 1.677000999450683594e+01 0.000000000000000000e+00
1.290344142913818359e+01 9.355792999267578125e+00 0.000000000000000000e+00
7.817577838897705078e+00 -4.977126419544219971e-01 0.000000000000000000e+00
-3.785944700241088867e+00 -4.949225783348083496e-01 0.000000000000000000e+00
7.509309649467468262e-01 -9.628746032714843750e+00 0.000000000000000000e+00
1.145678162574768066e+00 -3.078639030456542969e+00 0.000000000000000000e+00
-7.763144493103027344e+00 -2.782358646392822266e+00 0.000000000000000000e+00
-7.958828449249267578e+00 5.961124897003173828e+00 0.000000000000000000e+00
1.063689994812011719e+01 -1.378436803817749023e+00 0.000000000000000000e+00
-8.101488113403320312e+00 -5.437783718109130859e+00 0.000000000000000000e+00
-1.533186244964599609e+01 -5.300569534301757812e+00 0.000000000000000000e+00
-9.782676100730895996e-01 1.066916656494140625e+01 0.000000000000000000e+00
-6.407221794128417969e+00 -1.312546348571777344e+01 0.000000000000000000e+00
-9.797044754028320312e+00 -1.343807411193847656e+01 0.000000000000000000e+00
-3.930646419525146484e+00 1.440446090698242188e+01 0.000000000000000000e+00
-5.426579475402832031e+00 -1.195431041717529297e+01 0.000000000000000000e+00
1.164649963378906250e+01 -9.572280883789062500e+00 0.000000000000000000e+00
-1.040051746368408203e+01 1.260010719299316406e+01 0.000000000000000000e+00
-1.545404434204101562e+01 -7.286981105804443359e+00 0.000000000000000000e+00
-1.276651263236999512e+00 3.597676277160644531e+00 0.000000000000000000e+00
-3.845766067504882812e+00 3.512689828872680664e+00 0.000000000000000000e+00
7.052203655242919922e+00 -4.068506240844726562e+00 0.000000000000000000e+00
-5.477428913116455078e+00 -6.030993461608886719e-01 0.000000000000000000e+00
1.314130878448486328e+01 1.091912388801574707e+00 0.000000000000000000e+00
-1.231785392761230469e+01 -2.673807621002197266e+00 0.000000000000000000e+00
1.304332351684570312e+01 -3.056121587753295898e+00 0.000000000000000000e+00
-1.320784282684326172e+01 2.300832033157348633e+00 0.000000000000000000e+00
6.490011692047119141e+00 -1.511046218872070312e+01 0.000000000000000000e+00
8.670739829540252686e-02 -1.114700698852539062e+01 0.000000000000000000e+00
-1.536855578422546387e+00 -6.241510391235351562e+00 0.000000000000000000e+00
1.056271553039550781e+01 -1.377271842956542969e+01 0.000000000000000000e+00
1.477481460571289062e+01 -8.523602485656738281e+00 0.000000000000000000e+00
8.339947700500488281e+00 -1.045985412597656250e+01 0.000000000000000000e+00
-8.176117897033691406e+00 -1.031668567657470703e+01 0.000000000000000000e+00
-1.126104640960693359e+01 1.021824836730957031e+01 0.000000000000000000e+00
-8.919147491455078125e+00 -1.198583507537841797e+01 0.000000000000000000e+00
-1.692283821105957031e+01 3.529541730880737305e+00 0.000000000000000000e+00
-2.571443617343902588e-01 -1.415896511077880859e+01 0.000000000000000000e+00
6.336373329162597656e+00 4.448699951171875000e+00 0.000000000000000000e+00
2.484662771224975586e+00 1.273325634002685547e+01 0.000000000000000000e+00
-1.108408355712890625e+01 3.692832469940185547e+00 0.000000000000000000e+00
1.077816867828369141e+01 6.109916687011718750e+00 0.000000000000000000e+00
-3.832906961441040039e+00 1.904043078422546387e+00 0.000000000000000000e+00
4.260935306549072266e+00 7.424192428588867188e-01 0.000000000000000000e+00
1.496390819549560547e+00 8.195093154907226562e+00 0.000000000000000000e+00
-5.953559398651123047e+00 1.228789138793945312e+01 0.000000000000000000e+00
1.250691127777099609e+01 -1.116090202331542969e+01 0.000000000000000000e+00
-4.762583732604980469e+00 -1.333312797546386719e+01 0.000000000000000000e+00
-5.996155738830566406e+00 -1.629656219482421875e+01 0.000000000000000000e+00
-7.037020683288574219e+00 1.375897121429443359e+01 0.000000000000000000e+00
-8.157367706298828125e+00 -7.290520191192626953e+00 0.000000000000000000e+00
4.712491512298583984e+00 1.439577865600585938e+01 0.000000000000000000e+00
1.784711956977844238e+00 1.730800819396972656e+01 0.000000000000000000e+00
2.138258934020996094e+00 5.595576167106628418e-01 0.000000000000000000e+00
1.147923755645751953e+01 -6.143371582031250000e+00 0.000000000000000000e+00
7.511757373809814453e+00 1.048706531524658203e+01 0.000000000000000000e+00
-4.550267219543457031e+00 -5.779817104339599609e+00 0.000000000000000000e+00
2.160690307617187500e+00 -9.021729469299316406e+00 0.000000000000000000e+00
1.372965049743652344e+01 -1.340770959854125977e+00 0.000000000000000000e+00
-4.538242816925048828e+00 -1.689889526367187500e+01 0.000000000000000000e+00
1.646333122253417969e+01 1.523409485816955566e+00 0.000000000000000000e+00
1.055827045440673828e+01 1.346798133850097656e+01 0.000000000000000000e+00
-4.912892341613769531e+00 1.040177440643310547e+01 0.000000000000000000e+00
1.070164799690246582e+00 1.177880859375000000e+01 0.000000000000000000e+00
-5.085844516754150391e+00 7.109666347503662109e+00 0.000000000000000000e+00
7.131277918815612793e-01 1.024964237213134766e+01 0.000000000000000000e+00
-2.419080436229705811e-01 7.576064586639404297e+00 0.000000000000000000e+00
8.910538673400878906e+00 1.500444507598876953e+01 0.000000000000000000e+00
-3.169635772705078125e+00 -5.006754398345947266e+00 0.000000000000000000e+00
-1.201116943359375000e+01 -1.268427085876464844e+01 0.000000000000000000e+00
-6.216674327850341797e+00 1.593520641326904297e+01 0.000000000000000000e+00
-1.436364173889160156e+01 -9.601902961730957031e+00 0.000000000000000000e+00
1.195113277435302734e+01 1.255674171447753906e+01 0.000000000000000000e+00
-1.287974452972412109e+01 -8.715576171875000000e+00 0.000000000000000000e+00
4.544384956359863281e+00 -7.841791152954101562e+00 0.000000000000000000e+00
-1.272411251068115234e+01 -4.409295082092285156e+00 0.000000000000000000e+00
1.215834617614746094e+01 -4.328244924545288086e-01 0.000000000000000000e+00
1.338979816436767578e+01 -5.539270877838134766e+00 0.000000000000000000e+00
1.490922451019287109e+00 -1.261297512054443359e+01 0.000000000000000000e+00
-1.401138067245483398e+00 -1.740580368041992188e+01 0.000000000000000000e+00
4.154852867126464844e+00 -1.503906059265136719e+01 0.000000000000000000e+00
-5.141205787658691406e-01 1.276861763000488281e+01 0.000000000000000000e+00
6.921276569366455078e+00 -2.128001213073730469e+00 0.000000000000000000e+00
-1.461182403564453125e+01 5.706773400306701660e-01 0.000000000000000000e+00
1.041711711883544922e+01 -1.063604831695556641e+01 0.000000000000000000e+00
6.687502384185791016e+00 -6.315466403961181641e+00 0.000000000000000000e+00
-1.467310237884521484e+01 3.163871049880981445e+00 0.000000000000000000e+00
-9.164589881896972656e+00 1.384456157684326172e+01 0.000000000000000000e+00
5.591343879699707031e+00 6.855470180511474609e+00 0.000000000000000000e+00
9.681778907775878906e+00 1.017856025695800781e+01 0.000000000000000000e+00
-1.658442115783691406e+01 -2.393154859542846680e+00 0.000000000000000000e+00
-4.406817913055419922e+00 1.198275756835937500e+01 0.000000000000000000e+00
3.584452867507934570e+00 -1.689577102661132812e+01 0.000000000000000000e+00
1.755683541297912598e+00 1.419015693664550781e+01 0.000000000000000000e+00
-7.995355129241943359e+00 -1.523555469512939453e+01 0.000000000000000000e+00
1.752243161201477051e+00 6.549631118774414062e+00 0.000000000000000000e+00
2.975869417190551758e+00 1.538465118408203125e+01 0.000000000000000000e+00
3.948736667633056641e+00 -2.375625848770141602e+00 0.000000000000000000e+00
1.443692779541015625e+01 5.663064002990722656e+00 0.000000000000000000e+00
-1.234584999084472656e+01 4.777300357818603516e+00 0.000000000000000000e+00
-3.957101345062255859e+00 -1.538076114654541016e+01 0.000000000000000000e+00
-1.127338981628417969e+01 -9.304737091064453125e+00 0.000000000000000000e+00
-9.630018234252929688e+00 2.012118577957153320e+00 0.000000000000000000e+00
3.476620674133300781e+00 -1.160437488555908203e+01 0.000000000000000000e+00
-1.304785633087158203e+01 -1.061710262298583984e+01 0.000000000000000000e+00
3.377073764801025391e+00 3.983026027679443359e+00 0.000000000000000000e+00
4.963373661041259766e+00 -4.420507907867431641e+00 0.000000000000000000e+00
1.468238592147827148e+00 1.570008277893066406e+01 0.000000000000000000e+00
-3.746890425682067871e-01 -2.830407619476318359e+00 0.000000000000000000e+00
-1.297231197357177734e+00 -4.401821136474609375e+00 0.000000000000000000e+00
-6.764971733093261719e+00 -3.915826559066772461e+00 0.000000000000000000e+00
5.807127952575683594e+00 1.108993434906005859e+01 0.000000000000000000e+00
5.030183792114257812e+00 1.280510425567626953e+01 0.000000000000000000e+00
-1.245552301406860352e+00 1.729856491088867188e+01 0.000000000000000000e+00
-9.469351768493652344e+00 5.867939949035644531e+00 0.000000000000000000e+00
1.410888433456420898e+00 -1.696426010131835938e+01 0.000000000000000000e+00
-1.175461769104003906e+00 -9.706593513488769531e+00 0.000000000000000000e+00
-6.430980682373046875e+00 -5.459000110626220703e+00 0.000000000000000000e+00
1.016155338287353516e+01 -1.232441520690917969e+01 0.000000000000000000e+00
-3.031829595565795898e-01 -1.262242412567138672e+01 0.000000000000000000e+00
-6.387670993804931641e+00 1.617707967758178711e+00 0.000000000000000000e+00
5.819032669067382812e+00 4.283165335655212402e-01 0.000000000000000000e+00
-8.920022964477539062e+00 -1.222377181053161621e+00 0.000000000000000000e+00
1.445099258422851562e+01 4.118340015411376953e+00 0.000000000000000000e+00
-8.144596099853515625e+00 -1.366893005371093750e+01 0.000000000000000000e+00
-2.695483446121215820e+00 1.243041038513183594e+01 0.000000000000000000e+00
-4.309076786041259766e+00 -1.078911590576171875e+01 0.000000000000000000e+00
1.119918918609619141e+01 9.050618171691894531e+00 0.000000000000000000e+00
