-1.110770606994628906e+01 -3.116853952407836914e+00 0.000000000000000000e+00
2.147537231445312500e+00 -1.694161176681518555e+00 0.000000000000000000e+00
1.436155319213867188e+01 -3.656218767166137695e+00 0.000000000000000000e+00
7.147714138031005859e+00 -6.701593875885009766e+00 0.000000000000000000e+00
1.910087347030639648e+00 -6.198822498321533203e+00 0.000000000000000000e+00
-1.605556297302246094e+01 2.936946630477905273e+00 0.000000000000000000e+00
8.748078346252441406e+00 -1.383019447326660156e+01 0.000000000000000000e+00
5.806514263153076172e+00 1.580686378479003906e+01 0.000000000000000000e+00
5.238352298736572266e+00 -1.261223030090332031e+01 0.000000000000000000e+00
3.348167657852172852e+00 -6.484078764915466309e-01 0.000000000000000000e+00
-1.378723430633544922e+01 3.308019638061523438e+00 0.000000000000000000e+00
-8.462066650390625000e+00 2.386545896530151367e+00 0.000000000000000000e+00
3.086757063865661621e-01 7.642481923103332520e-01 0.000000000000000000e+00
6.342928409576416016e+00 1.347288799285888672e+01 0.000000000000000000e+00
-1.077368736267089844e+01 -1.189898204803466797e+01 0.000000000000000000e+00
6.263703346252441406e+00 1.657948732376098633e+00 0.000000000000000000e+00
1.102913188934326172e+01 -8.347760140895843506e-02 0.000000000000000000e+00
1.562969589233398438e+01 -6.706974983215332031e+00 0.000000000000000000e+00
-3.345453739166259766e+00 5.733481884002685547e+00 0.000000000000000000e+00
-3.779475927352905273e+00 7.224486827850341797e+00 0.000000000000000000e+00
-1.245315933227539062e+01 -8.790000915527343750e+00 0.000000000000000000e+00
-2.769216537475585938e+00 -1.407439136505126953e+01 0.000000000000000000e+00
-8.579597473144531250e+00 1.197481250762939453e+01 0.000000000000000000e+00
3.362749814987182617e+00 -3.353541135787963867e+00 0.000000000000000000e+00
-7.532144337892532349e-02 -1.325332927703857422e+01 0.000000000000000000e+00
7.460432052612304688e+00 7.896800518035888672e+00 0.000000000000000000e+00
-7.176887512207031250e+00 1.585030555725097656e+01 0.000000000000000000e+00
-4.566291719675064087e-02 1.127414131164550781e+01 0.000000000000000000e+00
8.295228004455566406e+00 1.084945774078369141e+01 0.000000000000000000e+00
-1.626186966896057129e+00 9.810139656066894531e+00 0.000000000000000000e+00
-4.833914279937744141e+00 -4.621836662292480469e+00 0.000000000000000000e+00
3.819780647754669189e-01 1.365997314453125000e+01 0.000000000000000000e+00
5.012461185455322266e+00 -7.663293361663818359e+00 0.000000000000000000e+00
-6.232883453369140625e+00 -9.566071510314941406e+00 0.000000000000000000e+00
-1.241356277465820312e+01 -6.111643791198730469e+00 0.000000000000000000e+00
4.606743812561035156e+00 1.276271724700927734e+01 0.000000000000000000e+00
-1.229376316070556641e+01 5.344974040985107422e+00 0.000000000000000000e+00
-5.557138919830322266e+00 -1.415653133392333984e+01 0.000000000000000000e+00
7.448659420013427734e+00 -2.275588512420654297e+00 0.000000000000000000e+00
-7.185286045074462891e+00 4.919103384017944336e-01 0.000000000000000000e+00
1.158573818206787109e+01 -8.618659973144531250e+00 0.000000000000000000e+00
-2.485711336135864258e+00 -8.580601692199707031e+00 0.000000000000000000e+00
-9.533753395080566406e+00 -2.995567083358764648e+00 0.000000000000000000e+00
8.171730041503906250e+00 -1.231786632537841797e+01 0.000000000000000000e+00
-9.745235443115234375e+00 2.494953013956546783e-02 0.000000000000000000e+00
-1.069245910644531250e+01 1.373947715759277344e+01 0.000000000000000000e+00
-1.639099478721618652e+00 3.240299940109252930e+00 0.000000000000000000e+00
-6.582044601440429688e+00 1.246819400787353516e+01 0.000000000000000000e+00
9.631131172180175781e+00 -6.784952640533447266e+00 0.000000000000000000e+00
-7.722577571868896484e+00 1.043208885192871094e+01 0.000000000000000000e+00
-1.533857464790344238e+00 1.403706455230712891e+01 0.000000000000000000e+00
1.216556835174560547e+01 -1.890130400657653809e+00 0.000000000000000000e+00
-1.053123760223388672e+01 1.549696922302246094e+00 0.000000000000000000e+00
1.930854439735412598e+00 1.369084954261779785e+00 0.000000000000000000e+00
2.329107284545898438e+00 1.022230339050292969e+01 0.000000000000000000e+00
1.242951393127441406e+01 7.950496673583984375e-01 0.000000000000000000e+00
-1.993953227996826172e+00 -5.835595726966857910e-01 0.000000000000000000e+00
-8.349372863769531250e+00 -5.262584209442138672e+00 0.000000000000000000e+00
1.395240497589111328e+01 -7.292423248291015625e+00 0.000000000000000000e+00
7.622415542602539062e+00 4.906631469726562500e+00 0.000000000000000000e+00
-5.345510005950927734e+00 1.437053585052490234e+01 0.000000000000000000e+00
7.485429286956787109e+00 -9.995395660400390625e+00 0.000000000000000000e+00
4.009139537811279297e+00 -5.273399829864501953e+00 0.000000000000000000e+00
-1.033247566223144531e+01 -1.026644992828369141e+01 0.000000000000000000e+00
2.152490139007568359e+00 -7.977691650390625000e+00 0.000000000000000000e+00
-6.729289531707763672e+00 -3.556531906127929688e+00 0.000000000000000000e+00
2.270363569259643555e+00 -1.579192733764648438e+01 0.000000000000000000e+00
-1.086545276641845703e+01 8.756483078002929688e+00 0.000000000000000000e+00
-5.893849372863769531e+00 1.771438837051391602e+00 0.000000000000000000e+00
-9.210265159606933594e+00 -8.340176582336425781e+00 0.000000000000000000e+00
-1.050551700592041016e+01 4.545382022857666016e+00 0.000000000000000000e+00
-5.936966419219970703e+00 4.238627910614013672e+00 0.000000000000000000e+00
1.495201492309570312e+01 5.257326126098632812e+00 0.000000000000000000e+00
-9.176312446594238281e+00 -1.432799530029296875e+01 0.000000000000000000e+00
-4.774528503417968750e+00 -4.853169023990631104e-01 0.000000000000000000e+00
3.010383248329162598e-01 2.683485031127929688e+00 0.000000000000000000e+00
4.458464145660400391e+00 7.159118652343750000e+00 0.000000000000000000e+00
1.073600292205810547e+01 1.564527034759521484e+00 0.000000000000000000e+00
1.145799517631530762e+00 -1.460012912750244141e+01 0.000000000000000000e+00
4.280805110931396484e+00 -1.026728343963623047e+01 0.000000000000000000e+00
3.860903978347778320e+00 1.128358554840087891e+01 0.000000000000000000e+00
6.174842834472656250e+00 -1.551516151428222656e+01 0.000000000000000000e+00
3.617243766784667969e+00 1.698923873901367188e+01 0.000000000000000000e+00
-1.297257709503173828e+01 1.069124603271484375e+01 0.000000000000000000e+00
9.144471168518066406e+00 5.148877620697021484e+00 0.000000000000000000e+00
-4.255274236202239990e-01 1.548870086669921875e+01 0.000000000000000000e+00
-4.934095382690429688e+00 -1.228649139404296875e+01 0.000000000000000000e+00
-5.828756332397460938e+00 -1.781948447227478027e+00 0.000000000000000000e+00
-5.246887683868408203e+00 1.122072029113769531e+01 0.000000000000000000e+00
1.001706504821777344e+01 1.329905128479003906e+01 0.000000000000000000e+00
-7.427998065948486328e+00 -1.124230027198791504e+00 0.000000000000000000e+00
1.000681495666503906e+01 2.971444845199584961e+00 0.000000000000000000e+00
1.127164077758789062e+01 6.846955299377441406e+00 0.000000000000000000e+00
2.788186073303222656e+00 -9.666240692138671875e+00 0.000000000000000000e+00
-7.372414112091064453e+00 5.207471847534179688e+00 0.000000000000000000e+00
7.241677045822143555e-01 4.600296020507812500e+00 0.000000000000000000e+00
9.683386802673339844e+00 -1.212277126312255859e+01 0.000000000000000000e+00
2.817081689834594727e+00 7.471293926239013672e+00 0.000000000000000000e+00
-3.441538572311401367e+00 1.040207481384277344e+01 0.000000000000000000e+00
-2.434897124767303467e-01 -1.106394863128662109e+01 0.000000000000000000e+00
1.283332705497741699e+00 6.654124736785888672e+00 0.000000000000000000e+00
-4.034329891204833984e+00 -2.694032430648803711e+00 0.000000000000000000e+00
1.218116655945777893e-01 -1.310111522674560547e+00 0.000000000000000000e+00
-1.080305576324462891e+00 -4.518906593322753906e+00 0.000000000000000000e+00
-8.361315727233886719e+00 -1.157468032836914062e+01 0.000000000000000000e+00
-1.545861339569091797e+01 7.139053344726562500e+00 0.000000000000000000e+00
-4.195293903350830078e+00 -7.577154636383056641e+00 0.000000000000000000e+00
-1.641467666625976562e+01 -3.401607513427734375e+00 0.000000000000000000e+00
3.578524827957153320e+00 -1.353349208831787109e+01 0.000000000000000000e+00
-1.428042030334472656e+01 1.290878802537918091e-01 0.000000000000000000e+00
-8.847409486770629883e-01 7.396059036254882812e+00 0.000000000000000000e+00
1.300571155548095703e+01 6.662304401397705078e+00 0.000000000000000000e+00
-1.456276512145996094e+01 -1.670977234840393066e+00 0.000000000000000000e+00
1.211770534515380859e+01 1.249468421936035156e+01 0.000000000000000000e+00
1.656718254089355469e+01 -3.492991209030151367e+00 0.000000000000000000e+00
-1.675091624259948730e+00 -1.189226913452148438e+01 0.000000000000000000e+00
-1.509938335418701172e+01 8.644419670104980469e+00 0.000000000000000000e+00
5.787110328674316406e+00 1.175216960906982422e+01 0.000000000000000000e+00
-2.795836925506591797e+00 -6.546143054962158203e+00 0.000000000000000000e+00
-8.478460311889648438e+00 1.365002346038818359e+01 0.000000000000000000e+00
1.021887969970703125e+01 -5.244862556457519531e+00 0.000000000000000000e+00
-4.471489906311035156e+00 9.063373565673828125e+00 0.000000000000000000e+00
-8.589581489562988281e+00 7.421394824981689453e+00 0.000000000000000000e+00
-1.212519645690917969e+01 7.692432403564453125e+00 0.000000000000000000e+00
-1.644049644470214844e+01 -1.077018976211547852e-01 0.000000000000000000e+00
5.462108135223388672e+00 -2.126763820648193359e+00 0.000000000000000000e+00
-1.199331665039062500e+01 -1.119426012039184570e+00 0.000000000000000000e+00
3.089045524597167969e+00 4.184048652648925781e+00 0.000000000000000000e+00
-3.671465873718261719e+00 4.036375522613525391e+00 0.000000000000000000e+00
7.327273368835449219e+00 -4.647709846496582031e+00 0.000000000000000000e+00
-1.845387339591979980e+00 5.648450374603271484e+00 0.000000000000000000e+00
-4.593624770641326904e-01 -1.496622943878173828e+01 0.000000000000000000e+00
4.644698619842529297e+00 2.491813451051712036e-01 0.000000000000000000e+00
1.525288009643554688e+01 1.039081811904907227e+00 0.000000000000000000e+00
1.219372177124023438e+01 9.402689933776855469e+00 0.000000000000000000e+00
1.106661987304687500e+01 -1.062197780609130859e+01 0.000000000000000000e+00
7.977250576019287109e+00 2.238552570343017578e+00 0.000000000000000000e+00
-1.208265876770019531e+01 2.185698986053466797e+00 0.000000000000000000e+00
2.094133377075195312e+00 1.416960811614990234e+01 0.000000000000000000e+00
-4.776976108551025391e+00 -1.612027740478515625e+01 0.000000000000000000e+00
-2.371185779571533203e+00 -1.647732925415039062e+01 0.000000000000000000e+00
1.288527107238769531e+01 2.692219972610473633e+00 0.000000000000000000e+00
1.454383945465087891e+01 9.700011253356933594e+00 0.000000000000000000e+00
1.454886913299560547e+01 -2.159003257751464844e+00 0.000000000000000000e+00
7.982311248779296875e+00 1.326703453063964844e+01 0.000000000000000000e+00
1.308182811737060547e+01 -5.597478389739990234e+00 0.000000000000000000e+00
1.144120502471923828e+01 -1.280881309509277344e+01 0.000000000000000000e+00
-1.050071811676025391e+01 1.025723934173583984e+01 0.000000000000000000e+00
-1.463132572174072266e+01 -8.916946411132812500e+00 0.000000000000000000e+00
1.020164132118225098e+00 -9.955975532531738281e+00 0.000000000000000000e+00
1.022452449798583984e+01 1.110143661499023438e+01 0.000000000000000000e+00
1.116494750976562500e+01 -6.732128143310546875e+00 0.000000000000000000e+00
8.436070442199707031e+00 6.563961982727050781e+00 0.000000000000000000e+00
1.242713928222656250e+01 -9.942279815673828125e+00 0.000000000000000000e+00
-1.959082603454589844e+00 -2.468507289886474609e+00 0.000000000000000000e+00
1.364789676666259766e+01 -9.016343116760253906e+00 0.000000000000000000e+00
8.733757019042968750e+00 -9.109026908874511719e+00 0.000000000000000000e+00
-1.528431892395019531e+01 4.587733268737792969e+00 0.000000000000000000e+00
-1.960536241531372070e-01 -3.142392635345458984e+00 0.000000000000000000e+00
-4.184170246124267578e+00 1.593775558471679688e+01 0.000000000000000000e+00
3.835289955139160156e+00 1.490589618682861328e+01 0.000000000000000000e+00
-1.067420578002929688e+01 6.527753829956054688e+00 0.000000000000000000e+00
1.001847839355468750e+01 -3.580499172210693359e+00 0.000000000000000000e+00
-3.618618965148925781e+00 2.058492183685302734e+00 0.000000000000000000e+00
-5.825798511505126953e+00 7.371053695678710938e+00 0.000000000000000000e+00
-3.470218479633331299e-01 -7.409358978271484375e+00 0.000000000000000000e+00
1.098293876647949219e+01 5.210176944732666016e+00 0.000000000000000000e+00
-3.274550914764404297e+00 1.714124107360839844e+01 0.000000000000000000e+00
-1.459387969970703125e+01 -5.445699214935302734e+00 0.000000000000000000e+00
3.838562726974487305e+00 -1.587748050689697266e+01 0.000000000000000000e+00
5.623707771301269531e+00 -4.678394794464111328e+00 0.000000000000000000e+00
-3.669122695922851562e+00 -1.081034851074218750e+01 0.000000000000000000e+00
-2.267782211303710938e+00 8.401975631713867188e+00 0.000000000000000000e+00
5.712104797363281250e+00 8.543373107910156250e+00 0.000000000000000000e+00
-1.329216194152832031e+01 -3.783247947692871094e+00 0.000000000000000000e+00
1.612432861328125000e+01 4.028711318969726562e+00 0.000000000000000000e+00
1.646107864379882812e+01 -1.519780516624450684e+00 0.000000000000000000e+00
1.510796666145324707e+00 -4.700110435485839844e+00 0.000000000000000000e+00
-5.896757125854492188e+00 -6.751054763793945312e+00 0.000000000000000000e+00
8.338491439819335938e+00 5.383744835853576660e-03 0.000000000000000000e+00
7.035391330718994141e+00 -8.291047096252441406e+00 0.000000000000000000e+00
-1.055564785003662109e+01 -1.366457080841064453e+01 0.000000000000000000e+00
-1.265640068054199219e+01 -1.062297916412353516e+01 0.000000000000000000e+00
-1.452820587158203125e+01 -6.949251174926757812e+00 0.000000000000000000e+00
4.315206050872802734e+00 9.713975906372070312e+00 0.000000000000000000e+00
-1.651678848266601562e+01 -5.094180107116699219e+00 0.000000000000000000e+00
-1.396763682365417480e+00 1.193869113922119141e+01 0.000000000000000000e+00
1.717687416076660156e+01 1.892176270484924316e+00 0.000000000000000000e+00
-6.581246852874755859e+00 -5.175312519073486328e+00 0.000000000000000000e+00
1.008271598815917969e+01 -1.847390532493591309e+00 0.000000000000000000e+00
6.168700695037841797e+00 1.027205562591552734e+01 0.000000000000000000e+00
-1.494125276803970337e-01 1.734519195556640625e+01 0.000000000000000000e+00
-1.461627840995788574e+00 1.661349105834960938e+01 0.000000000000000000e+00
2.671105146408081055e+00 5.828153610229492188e+00 0.000000000000000000e+00
1.264449238777160645e+00 8.629405021667480469e+00 0.000000000000000000e+00
6.019072055816650391e+00 4.793560028076171875e+00 0.000000000000000000e+00
-1.060421180725097656e+01 1.179039287567138672e+01 0.000000000000000000e+00
1.414769077301025391e+01 7.847146511077880859e+00 0.000000000000000000e+00
-1.091009235382080078e+01 -8.746437072753906250e+00 0.000000000000000000e+00
-1.027077078819274902e+00 1.786085963249206543e+00 0.000000000000000000e+00
1.191883563995361328e+00 1.581886482238769531e+01 0.000000000000000000e+00
5.831265449523925781e+00 -9.204272270202636719e+00 0.000000000000000000e+00
-6.595349311828613281e+00 -1.254754829406738281e+01 0.000000000000000000e+00
-3.031695127487182617e+00 1.246800041198730469e+01 0.000000000000000000e+00
-1.339195537567138672e+01 6.374217987060546875e+00 0.000000000000000000e+00
-1.292235088348388672e+01 7.846978902816772461e-01 0.000000000000000000e+00
6.385045051574707031e+00 3.275558471679687500e+00 0.000000000000000000e+00
-1.004931545257568359e+01 -5.056688785552978516e+00 0.000000000000000000e+00
2.960192918777465820e+00 -1.138298797607421875e+01 0.000000000000000000e+00
5.615453720092773438e-01 -1.719373893737792969e+01 0.000000000000000000e+00
-7.694731235504150391e+00 -1.533211612701416016e+01 0.000000000000000000e+00
-8.525990486145019531e+00 -7.001940250396728516e+00 0.000000000000000000e+00
1.450292587280273438e+01 2.775338172912597656e+00 0.000000000000000000e+00
-6.078370571136474609e+00 9.941723823547363281e+00 0.000000000000000000e+00
1.351172566413879395e+00 1.209053611755371094e+01 0.000000000000000000e+00
-3.759129047393798828e+00 1.413502120971679688e+01 0.000000000000000000e+00
6.749130725860595703e+00 -7.355723977088928223e-01 0.000000000000000000e+00
-1.343227481842041016e+01 9.051033973693847656e+00 0.000000000000000000e+00
3.764389514923095703e+00 2.112502336502075195e+00 0.000000000000000000e+00
1.011722183227539062e+01 8.859911918640136719e+00 0.000000000000000000e+00
1.329195022583007812e+00 -1.230329227447509766e+01 0.000000000000000000e+00
1.581612968444824219e+01 7.401085853576660156e+00 0.000000000000000000e+00
-6.844163417816162109e+00 1.398208618164062500e+01 0.000000000000000000e+00
4.412078380584716797e+00 5.060464859008789062e+00 0.000000000000000000e+00
-1.445080399513244629e+00 -9.903084754943847656e+00 0.000000000000000000e+00
9.213753700256347656e+00 1.478227424621582031e+01 0.000000000000000000e+00
-8.971961975097656250e+00 8.928514480590820312e+00 0.000000000000000000e+00
1.251794815063476562e+01 4.547152042388916016e+00 0.000000000000000000e+00
-4.468419551849365234e+00 -9.128217697143554688e+00 0.000000000000000000e+00
-7.129781246185302734e+00 8.686809539794921875e+00 0.000000000000000000e+00
1.194818305969238281e+01 -3.434262275695800781e+00 0.000000000000000000e+00
7.569390296936035156e+00 1.516218471527099609e+01 0.000000000000000000e+00
-1.538520240783691406e+01 1.398278951644897461e+00 0.000000000000000000e+00
-1.730199623107910156e+01 -1.893562436103820801e+00 0.000000000000000000e+00
-1.659032630920410156e+01 5.447150230407714844e+00 0.000000000000000000e+00
5.933205604553222656e+00 -1.074525547027587891e+01 0.000000000000000000e+00
1.530406355857849121e+00 -1.599926650524139404e-01 0.000000000000000000e+00
6.102459907531738281e+00 6.527572631835937500e+00 0.000000000000000000e+00
-9.126393318176269531e+00 5.704764842987060547e+00 0.000000000000000000e+00
-7.499258995056152344e+00 -8.511269569396972656e+00 0.000000000000000000e+00
3.665864229202270508e+00 -6.951391696929931641e+00 0.000000000000000000e+00
-1.039070892333984375e+01 -6.826196670532226562e+00 0.000000000000000000e+00
-9.038971900939941406e+00 3.976651668548583984e+00 0.000000000000000000e+00
5.372675895690917969e+00 -1.423108768463134766e+01 0.000000000000000000e+00
1.652191925048828125e+01 -5.469191551208496094e+00 0.000000000000000000e+00
1.150869560241699219e+01 3.341093301773071289e+00 0.000000000000000000e+00
-7.900591373443603516e+00 -1.338621234893798828e+01 0.000000000000000000e+00
1.436238574981689453e+01 -2.475930154323577881e-01 0.000000000000000000e+00
-5.324803829193115234e+00 5.755402088165283203e+00 0.000000000000000000e+00
9.529924392700195312e+00 -1.060375976562500000e+01 0.000000000000000000e+00
-3.334018230438232422e+00 -1.254163742065429688e+01 0.000000000000000000e+00
1.726847839355468750e+01 3.602950870990753174e-01 0.000000000000000000e+00
-8.312901496887207031e+00 -9.903475761413574219e+00 0.000000000000000000e+00
1.336826801300048828e+01 1.127398967742919922e+01 0.000000000000000000e+00
-1.697657012939453125e+01 1.734114527702331543e+00 0.000000000000000000e+00
-1.225984668731689453e+01 -1.213916778564453125e+01 0.000000000000000000e+00
