1.223212004369319494e+01 4.772325708355269036e+00 6.204862204497452183e-04
1.312667539772686709e+01 -2.991529478516731233e-01 -4.344707142897585861e-05
6.265925156732006229e+00 8.949235660048854513e+00 -3.901515192810123267e-04
7.159368125698952312e+00 3.877663547377145470e+00 2.702521572091054480e-04
8.054916302721990107e+00 -1.193910527828774937e+00 -3.215821354421999345e-04
8.948360264519466867e+00 -6.265482736481870596e+00 3.388928976968408335e-04
2.997303357151672176e-01 1.312735176813302118e+01 1.945760242056948641e-04
1.194166094727135308e+00 8.055081158170604994e+00 1.293955474568342368e-04
2.088601853741232972e+00 2.982810548395511852e+00 6.421609662021765530e-05
2.983158233547678506e+00 -2.088065125126751020e+00 1.980370308438672566e-04
3.876601169514589440e+00 -7.160240316458972742e+00 6.075783368331144629e-05
4.772149379537663272e+00 -1.223121131300437980e+01 2.666064146819024927e-04
-4.772028759289708155e+00 1.223259418815592170e+01 -8.355903980827861233e-05
-3.877593000277741453e+00 7.160323578193503735e+00 -1.487395165562510613e-04
-2.983037613244035047e+00 2.089448000647073478e+00 -1.498993478610266550e-05
-2.089593684446564126e+00 -2.982727286104874587e+00 -1.521970323974386474e-04
-1.194165102443130566e+00 -8.055093315440608137e+00 -1.452782269053543018e-04
-3.007221334204930319e-01 -1.312666542774353218e+01 5.151251707680160052e-04
-8.949352062280512499e+00 6.266169075940917210e+00 3.708078331934316907e-04
-8.054916303268512934e+00 1.193898466540160408e+00 3.056280993439797200e-04
-7.160359923462068288e+00 -3.876977206982102242e+00 4.394490335675182990e-04
-6.265804569428397919e+00 -8.948455863189044734e+00 -2.244842583118966672e-04
-1.312754760046830960e+01 3.006312414405312161e-01 1.543947041758031435e-04
-1.223211901840915594e+01 -4.771734786964758612e+00 1.613139737508539895e-04
