1.277713851302752346e+01 3.023148517214363729e+00 4.740048659523932173e-04
1.295738936101088790e+01 -2.123317840957775537e+00 1.200686411662044151e-04
7.450894944183591662e+00 7.990243838532169462e+00 8.443983563921619862e-06
7.630034366988545536e+00 2.843080849809470401e+00 1.812339572426768797e-04
7.810285214971909973e+00 -2.303385508362669754e+00 -1.727022675432898779e-04
7.990416467991392047e+00 -7.450643819734178663e+00 7.211506989701632619e-05
2.123659578180829399e+00 1.295803756096642090e+01 2.685375893483055165e-04
2.303791824030870572e+00 7.810779154175183869e+00 5.134270263380535937e-04
2.483923076994631884e+00 2.663520841873232570e+00 7.582438996951434973e-04
2.663181068988623501e+00 -2.483453175398781188e+00 -4.654734550688655048e-04
2.843432942802583518e+00 -7.629316550330135449e+00 -2.165470665627111657e-05
3.023564195879824723e+00 -1.277657486226885908e+01 2.231618920811584417e-04
-3.022451744813060337e+00 1.277787447549298960e+01 4.786614394980404086e-05
-2.843312321952415012e+00 7.630711487139073768e+00 2.206558388122559222e-04
-2.663061473969051463e+00 2.484245128966932725e+00 -1.332803859734887908e-04
-2.483923043994626489e+00 -2.662917763774380830e+00 3.943823105512223037e-05
-2.303671203180702509e+00 -7.809384217366247327e+00 -3.144258941820687880e-04
-2.123539950216942085e+00 -1.295664252966819774e+01 -6.960902082475683983e-05
-7.990296840029573744e+00 7.452038851968396216e+00 1.268139585133276626e-04
-7.810165587008023103e+00 2.304780539660891137e+00 3.716308360672826439e-04
-7.630034333988540141e+00 -2.842477771710618217e+00 6.164481735075888480e-04
-7.450775316163983142e+00 -7.988848806303506578e+00 1.904850490421772236e-04
-1.295726973299130869e+01 2.124712872624779259e+00 7.885964854170701699e-05
-1.277713847997182661e+01 -3.022545438746729651e+00 3.236769859817911765e-04
