5.897713830180011385e+00 1.173124474537839745e+01 -7.404583479431181559e-05
9.956260500222136045e+00 8.560305697404043457e+00 1.644155480358122645e-04
-1.330929500820589917e+00 1.084352569131253219e+01 6.846800281952170053e-04
2.726744933968850315e+00 7.673473920684013905e+00 2.523616878224999027e-04
6.785291603955315054e+00 4.502534872902537622e+00 4.908240923677809064e-04
1.084284541800809798e+01 1.331088166389969851e+00 -1.404949118805065567e-04
-8.560445100018192477e+00 9.956090836862433235e+00 -2.505624158377628419e-05
-4.501898430031726406e+00 6.785151789080957840e+00 2.134061629615047195e-04
-4.443445830346590686e-01 3.614308159736799642e+00 3.797688253797115721e-04
3.614321681971408573e+00 4.441610660851350589e-01 1.947813178196367012e-05
7.672868352015631999e+00 -2.726777982263555167e+00 2.579397976250064062e-04
1.173141502200209629e+01 -5.897717030045031450e+00 4.964022021707314991e-04
-1.173141498900209179e+01 5.898320108143883189e+00 3.012799285797562732e-04
-7.672868319015657690e+00 2.727381059800747298e+00 5.397415902259616871e-04
-3.614321648971403178e+00 -4.435579879862828756e-01 7.782039989683020575e-04
4.443446160346337659e-01 -3.613705082199607510e+00 4.179125624714785658e-04
4.501899455804501571e+00 -6.784548806396278664e+00 5.843480631408937143e-04
8.560446092790961359e+00 -9.956090932276605798e+00 2.512833693568694571e-05
-1.084284541795240564e+01 -1.331088166021187513e+00 1.404946330644252228e-04
-6.785291571013098988e+00 -4.501931794798131214e+00 3.068580341851756543e-04
-2.726624313176502667e+00 -7.672078984431182747e+00 -5.336130276267780914e-05
1.330929533820595312e+00 -1.084292261321368045e+01 1.130021025552707670e-04
-9.956140872202556835e+00 -8.558910665737039736e+00 3.451274167254325675e-05
-5.897594202216094317e+00 -1.172984971351851513e+01 2.729751462178242605e-04
