-6.805760383605957031e+00 7.372082710266113281e+00 0.000000000000000000e+00
-8.054603576660156250e+00 -1.214814472198486328e+01 0.000000000000000000e+00
9.547533035278320312e+00 3.065409421920776367e+00 0.000000000000000000e+00
1.000812816619873047e+01 6.801706314086914062e+00 0.000000000000000000e+00
-1.033901786804199219e+01 5.391054630279541016e+00 0.000000000000000000e+00
8.541053771972656250e+00 1.329863929748535156e+01 0.000000000000000000e+00
8.465115547180175781e+00 -1.189252758026123047e+01 0.000000000000000000e+00
-5.566870570182800293e-01 1.335894107818603516e+01 0.000000000000000000e+00
2.358319282531738281e+00 -4.562022686004638672e-01 0.000000000000000000e+00
1.358986258506774902e+00 1.294844245910644531e+01 0.000000000000000000e+00
1.600357627868652344e+01 6.884839057922363281e+00 0.000000000000000000e+00
5.797055244445800781e+00 5.798316478729248047e+00 0.000000000000000000e+00
8.242809295654296875e+00 -1.375398445129394531e+01 0.000000000000000000e+00
1.248585128784179688e+01 -8.410305976867675781e+00 0.000000000000000000e+00
1.284611988067626953e+01 1.906825900077819824e+00 0.000000000000000000e+00
6.944499492645263672e+00 6.198473572731018066e-01 0.000000000000000000e+00
-1.061699390411376953e+01 1.635615110397338867e+00 0.000000000000000000e+00
8.197579383850097656e+00 5.102375030517578125e+00 0.000000000000000000e+00
-5.897208213806152344e+00 -7.020639419555664062e+00 0.000000000000000000e+00
-8.644045829772949219e+00 1.332279205322265625e+01 0.000000000000000000e+00
-1.021902942657470703e+01 8.433587074279785156e+00 0.000000000000000000e+00
6.029049873352050781e+00 -1.625189590454101562e+01 0.000000000000000000e+00
-1.215499687194824219e+01 -7.945722579956054688e+00 0.000000000000000000e+00
-1.701809883117675781e+00 -1.031417560577392578e+01 0.000000000000000000e+00
9.546530723571777344e+00 -1.043420028686523438e+01 0.000000000000000000e+00
-1.276802539825439453e+01 1.080867099761962891e+01 0.000000000000000000e+00
3.367433309555053711e+00 3.221429347991943359e+00 0.000000000000000000e+00
3.875000238418579102e+00 1.093836879730224609e+01 0.000000000000000000e+00
1.269078731536865234e+01 -1.884028315544128418e-01 0.000000000000000000e+00
-9.658927917480468750e+00 -1.165396213531494141e+01 0.000000000000000000e+00
1.142559814453125000e+01 4.943218708038330078e+00 0.000000000000000000e+00
-3.134990692138671875e+00 -1.368022060394287109e+01 0.000000000000000000e+00
-8.183690071105957031e+00 9.063096046447753906e+00 0.000000000000000000e+00
-9.700807571411132812e+00 -7.790318489074707031e+00 0.000000000000000000e+00
-1.278699493408203125e+01 -2.550723314285278320e+00 0.000000000000000000e+00
1.639686584472656250e+01 -1.658897519111633301e+00 0.000000000000000000e+00
6.224849224090576172e+00 8.669839859008789062e+00 0.000000000000000000e+00
3.605736970901489258e+00 -1.185734462738037109e+01 0.000000000000000000e+00
-2.379934042692184448e-01 1.172969698905944824e+00 0.000000000000000000e+00
-9.146330833435058594e+00 -1.387377738952636719e+00 0.000000000000000000e+00
1.405203437805175781e+01 -7.052951335906982422e+00 0.000000000000000000e+00
-7.150851249694824219e+00 1.303055191040039062e+01 0.000000000000000000e+00
-6.012762546539306641e+00 -1.438614082336425781e+01 0.000000000000000000e+00
-4.916202545166015625e+00 1.886794447898864746e+00 0.000000000000000000e+00
1.545465469360351562e+01 1.848285198211669922e+00 0.000000000000000000e+00
-5.352065086364746094e+00 -1.026450729370117188e+01 0.000000000000000000e+00
2.620977878570556641e+00 9.723612785339355469e+00 0.000000000000000000e+00
-5.098390102386474609e+00 1.027799987792968750e+01 0.000000000000000000e+00
1.679444909095764160e+00 -8.439743995666503906e+00 0.000000000000000000e+00
1.334734916687011719e+01 3.921053647994995117e+00 0.000000000000000000e+00
-3.356124758720397949e-01 1.698757553100585938e+01 0.000000000000000000e+00
2.320882558822631836e+00 1.607150840759277344e+01 0.000000000000000000e+00
-1.146678328514099121e+00 9.555624961853027344e+00 0.000000000000000000e+00
-3.573173046112060547e+00 -1.513706088066101074e+00 0.000000000000000000e+00
1.681738734245300293e+00 -1.440261936187744141e+01 0.000000000000000000e+00
6.539185047149658203e+00 2.133439540863037109e+00 0.000000000000000000e+00
-4.582926750183105469e+00 -3.049453496932983398e+00 0.000000000000000000e+00
-9.005541205406188965e-01 6.976727008819580078e+00 0.000000000000000000e+00
-6.395329952239990234e+00 -2.763361036777496338e-01 0.000000000000000000e+00
2.554991245269775391e+00 -4.213290214538574219e+00 0.000000000000000000e+00
-3.687132596969604492e+00 -1.647597885131835938e+01 0.000000000000000000e+00
-1.425890827178955078e+01 -8.158405303955078125e+00 0.000000000000000000e+00
8.439321517944335938e+00 8.998438835144042969e+00 0.000000000000000000e+00
2.037096500396728516e+00 -1.615980339050292969e+01 0.000000000000000000e+00
4.031893253326416016e+00 1.502562904357910156e+01 0.000000000000000000e+00
3.507030606269836426e-01 5.209995269775390625e+00 0.000000000000000000e+00
-1.457410240173339844e+01 8.265205383300781250e+00 0.000000000000000000e+00
4.375359058380126953e+00 -6.937972545623779297e+00 0.000000000000000000e+00
-1.347364330291748047e+01 1.337308645248413086e+00 0.000000000000000000e+00
4.127142906188964844e+00 1.298176002502441406e+01 0.000000000000000000e+00
1.021849036216735840e+00 -3.782459020614624023e+00 0.000000000000000000e+00
8.299132585525512695e-01 -2.287649869918823242e+00 0.000000000000000000e+00
-1.954290151596069336e+00 -2.375141143798828125e+00 0.000000000000000000e+00
4.281392574310302734e+00 9.054575920104980469e+00 0.000000000000000000e+00
-7.252235412597656250e+00 -2.390078783035278320e+00 0.000000000000000000e+00
5.390100002288818359e+00 -1.254021453857421875e+01 0.000000000000000000e+00
-8.060733795166015625e+00 -8.974486351013183594e+00 0.000000000000000000e+00
-1.735238075256347656e+01 -2.074679851531982422e+00 0.000000000000000000e+00
1.430657386779785156e+01 6.428615093231201172e+00 0.000000000000000000e+00
1.898696303367614746e+00 8.154404640197753906e+00 0.000000000000000000e+00
-1.488649654388427734e+01 5.169678211212158203e+00 0.000000000000000000e+00
1.423484992980957031e+01 -6.749967932701110840e-01 0.000000000000000000e+00
-1.740911602973937988e+00 -1.189897727966308594e+01 0.000000000000000000e+00
3.545223772525787354e-01 -5.548309803009033203e+00 0.000000000000000000e+00
-4.411561489105224609e+00 4.411613464355468750e+00 0.000000000000000000e+00
-1.094143629074096680e+00 -8.118831634521484375e+00 0.000000000000000000e+00
2.006251662969589233e-01 8.822771072387695312e+00 0.000000000000000000e+00
-2.717915773391723633e+00 1.037745189666748047e+01 0.000000000000000000e+00
-1.221064281463623047e+01 -4.513442993164062500e+00 0.000000000000000000e+00
6.613063812255859375e+00 -3.770048379898071289e+00 0.000000000000000000e+00
1.395897626876831055e+00 -1.239199066162109375e+01 0.000000000000000000e+00
2.672268450260162354e-01 1.489364242553710938e+01 0.000000000000000000e+00
1.324563980102539062e+01 -9.794822692871093750e+00 0.000000000000000000e+00
-1.464891052246093750e+01 -2.065591573715209961e+00 0.000000000000000000e+00
1.276120567321777344e+01 -5.648093223571777344e+00 0.000000000000000000e+00
1.161707758903503418e+00 6.508457660675048828e+00 0.000000000000000000e+00
-9.077742695808410645e-01 -1.530592536926269531e+01 0.000000000000000000e+00
1.227508449554443359e+01 7.320323944091796875e+00 0.000000000000000000e+00
-1.576102447509765625e+01 -5.016535758972167969e+00 0.000000000000000000e+00
-1.578587818145751953e+01 -3.097609043121337891e+00 0.000000000000000000e+00
4.310747623443603516e+00 -1.376141834259033203e+01 0.000000000000000000e+00
3.667579963803291321e-02 -1.082965564727783203e+01 0.000000000000000000e+00
1.557336044311523438e+01 -7.770000934600830078e+00 0.000000000000000000e+00
-1.434966850280761719e+01 2.845137119293212891e+00 0.000000000000000000e+00
-6.902907848358154297e+00 2.289394378662109375e+00 0.000000000000000000e+00
-2.093380451202392578e+00 -5.482440471649169922e+00 0.000000000000000000e+00
4.156052112579345703e+00 1.662957763671875000e+01 0.000000000000000000e+00
6.364733219146728516e+00 -7.422889709472656250e+00 0.000000000000000000e+00
-3.629851579666137695e+00 1.361532688140869141e+01 0.000000000000000000e+00
-8.232376098632812500e+00 -1.048439502716064453e+01 0.000000000000000000e+00
1.204291534423828125e+01 1.182647037506103516e+01 0.000000000000000000e+00
1.646637344360351562e+01 3.788014173507690430e+00 0.000000000000000000e+00
1.724687004089355469e+01 -1.513710319995880127e-01 0.000000000000000000e+00
3.696574211120605469e+00 -8.622271537780761719e+00 0.000000000000000000e+00
5.894295692443847656e+00 1.462623500823974609e+01 0.000000000000000000e+00
3.981128215789794922e+00 -5.533884763717651367e-01 0.000000000000000000e+00
3.617458105087280273e+00 6.169291496276855469e+00 0.000000000000000000e+00
1.157855415344238281e+01 -3.610524654388427734e+00 0.000000000000000000e+00
8.376632690429687500e+00 -3.409738063812255859e+00 0.000000000000000000e+00
-1.288245010375976562e+01 6.877734661102294922e+00 0.000000000000000000e+00
5.799478054046630859e+00 -9.020992279052734375e+00 0.000000000000000000e+00
5.111590862274169922e+00 -4.277726650238037109e+00 0.000000000000000000e+00
1.336183738708496094e+01 9.871430397033691406e+00 0.000000000000000000e+00
-3.407918453216552734e+00 1.566693496704101562e+01 0.000000000000000000e+00
1.943215966224670410e+00 3.823153734207153320e+00 0.000000000000000000e+00
-6.233117103576660156e+00 4.061505317687988281e+00 0.000000000000000000e+00
-2.678718566894531250e+00 1.537539839744567871e+00 0.000000000000000000e+00
7.074426174163818359e+00 -1.026430702209472656e+01 0.000000000000000000e+00
9.066131591796875000e+00 -8.207046508789062500e+00 0.000000000000000000e+00
-7.181513309478759766e-01 -1.323103547096252441e+00 0.000000000000000000e+00
4.001755237579345703e+00 -2.928742408752441406e+00 0.000000000000000000e+00
-9.775495529174804688e+00 1.449021816253662109e+01 0.000000000000000000e+00
1.013863277435302734e+01 -1.398285770416259766e+01 0.000000000000000000e+00
1.156059169769287109e+01 -1.280087566375732422e+01 0.000000000000000000e+00
-2.645894527435302734e+00 3.055846929550170898e+00 0.000000000000000000e+00
-1.071375560760498047e+01 -9.245076179504394531e+00 0.000000000000000000e+00
-7.552585601806640625e+00 -4.619129180908203125e+00 0.000000000000000000e+00
6.796534538269042969e+00 -1.491074085235595703e+00 0.000000000000000000e+00
-1.705603218078613281e+01 1.650909066200256348e+00 0.000000000000000000e+00
-1.625712990760803223e+00 -1.725837326049804688e+01 0.000000000000000000e+00
1.049258995056152344e+01 -1.786048412322998047e+00 0.000000000000000000e+00
-2.566998481750488281e+00 1.240719890594482422e+01 0.000000000000000000e+00
-5.363537788391113281e+00 1.207683086395263672e+01 0.000000000000000000e+00
-1.156951427459716797e+01 3.097157478332519531e-01 0.000000000000000000e+00
-8.884492874145507812e+00 -1.425763034820556641e+01 0.000000000000000000e+00
-4.387877941131591797e+00 3.830926418304443359e-01 0.000000000000000000e+00
1.064260005950927734e+01 -7.438811779022216797e+00 0.000000000000000000e+00
1.089537239074707031e+01 -5.740961074829101562e+00 0.000000000000000000e+00
-8.320586204528808594e+00 4.762769699096679688e+00 0.000000000000000000e+00
1.579744219779968262e+00 1.115123939514160156e+01 0.000000000000000000e+00
-1.190911769866943359e+01 5.337565898895263672e+00 0.000000000000000000e+00
-6.363515377044677734e+00 1.591732692718505859e+01 0.000000000000000000e+00
-1.565725135803222656e+01 4.409163296222686768e-01 0.000000000000000000e+00
-8.282610893249511719e+00 -6.565391540527343750e+00 0.000000000000000000e+00
1.438869094848632812e+01 -5.379048347473144531e+00 0.000000000000000000e+00
1.342247724533081055e+00 -1.007211589813232422e+01 0.000000000000000000e+00
4.031476974487304688e+00 -1.529109859466552734e+01 0.000000000000000000e+00
1.930348873138427734e+00 9.833987951278686523e-01 0.000000000000000000e+00
-1.054044151306152344e+01 -5.060269355773925781e+00 0.000000000000000000e+00
-3.270854711532592773e+00 6.556588172912597656e+00 0.000000000000000000e+00
-9.676094055175781250e+00 1.020871734619140625e+01 0.000000000000000000e+00
1.104374504089355469e+01 3.446886539459228516e+00 0.000000000000000000e+00
-1.102830791473388672e+01 -2.407029867172241211e+00 0.000000000000000000e+00
-5.889401435852050781e+00 -1.270501518249511719e+01 0.000000000000000000e+00
-3.792857646942138672e+00 -6.683169841766357422e+00 0.000000000000000000e+00
-1.379302978515625000e+01 -5.799486637115478516e+00 0.000000000000000000e+00
-8.340546488761901855e-01 1.138005256652832031e+01 0.000000000000000000e+00
8.478568077087402344e+00 6.314966082572937012e-01 0.000000000000000000e+00
-1.248291015625000000e+01 2.883571147918701172e+00 0.000000000000000000e+00
-7.410208702087402344e+00 1.038321113586425781e+01 0.000000000000000000e+00
-7.621820926666259766e+00 7.146245837211608887e-01 0.000000000000000000e+00
1.174732208251953125e+01 -1.066026592254638672e+01 0.000000000000000000e+00
-8.429733276367187500e+00 1.532219314575195312e+01 0.000000000000000000e+00
1.560775661468505859e+01 -3.428628921508789062e+00 0.000000000000000000e+00
1.471833229064941406e+01 4.958716392517089844e+00 0.000000000000000000e+00
-2.038611650466918945e+00 1.485229206085205078e+01 0.000000000000000000e+00
-8.857365608215332031e+00 -2.913541555404663086e+00 0.000000000000000000e+00
1.085123825073242188e+01 9.453835487365722656e+00 0.000000000000000000e+00
-4.965732574462890625e+00 1.507498931884765625e+01 0.000000000000000000e+00
8.384905815124511719e+00 -6.514011383056640625e+00 0.000000000000000000e+00
-5.092142581939697266e+00 -4.582376480102539062e+00 0.000000000000000000e+00
-1.345339012145996094e+01 -9.517726898193359375e+00 0.000000000000000000e+00
5.269847869873046875e+00 3.078035831451416016e+00 0.000000000000000000e+00
1.622321510314941406e+01 -5.461027145385742188e+00 0.000000000000000000e+00
-4.176938161253929138e-02 -9.195028305053710938e+00 0.000000000000000000e+00
-4.759445190429687500e+00 7.971996307373046875e+00 0.000000000000000000e+00
-1.354808044433593750e+01 -8.043413758277893066e-01 0.000000000000000000e+00
-1.044825649261474609e+01 1.211236381530761719e+01 0.000000000000000000e+00
-3.754028320312500000e+00 -1.040226268768310547e+01 0.000000000000000000e+00
6.877694606781005859e+00 1.265429496765136719e+01 0.000000000000000000e+00
-1.233448791503906250e+01 -1.161288738250732422e+01 0.000000000000000000e+00
8.772835731506347656e+00 -1.652266740798950195e+00 0.000000000000000000e+00
1.056442356109619141e+01 1.259507179260253906e+01 0.000000000000000000e+00
6.977431297302246094e+00 -1.250800418853759766e+01 0.000000000000000000e+00
-1.410772418975830078e+01 9.941457748413085938e+00 0.000000000000000000e+00
1.341500568389892578e+01 -3.135752677917480469e+00 0.000000000000000000e+00
-7.235120296478271484e+00 -1.575101947784423828e+01 0.000000000000000000e+00
-8.765243530273437500e+00 6.425810337066650391e+00 0.000000000000000000e+00
-1.100780773162841797e+01 -1.335912895202636719e+01 0.000000000000000000e+00
-2.233352184295654297e+00 7.771533489227294922e+00 0.000000000000000000e+00
-6.229675412178039551e-01 -3.303360700607299805e+00 0.000000000000000000e+00
1.855207800865173340e+00 -5.930804252624511719e+00 0.000000000000000000e+00
-3.200008153915405273e+00 -3.638484954833984375e+00 0.000000000000000000e+00
6.327011585235595703e+00 -5.848070144653320312e+00 0.000000000000000000e+00
9.946331977844238281e+00 -4.382935047149658203e+00 0.000000000000000000e+00
-1.564104461669921875e+01 6.728794097900390625e+00 0.000000000000000000e+00
-5.093875408172607422e+00 -1.569586277008056641e+01 0.000000000000000000e+00
1.508250141143798828e+01 8.149008750915527344e+00 0.000000000000000000e+00
1.498280018568038940e-01 -1.662188720703125000e+01 0.000000000000000000e+00
-3.107104897499084473e-01 2.880449295043945312e+00 0.000000000000000000e+00
-1.215738296508789062e+01 8.810184478759765625e+00 0.000000000000000000e+00
-1.078458309173583984e+01 -6.559869289398193359e+00 0.000000000000000000e+00
5.409424304962158203e+00 1.192604923248291016e+01 0.000000000000000000e+00
-2.907643795013427734e+00 -8.376011848449707031e+00 0.000000000000000000e+00
5.480322837829589844e+00 2.903052270412445068e-01 0.000000000000000000e+00
-3.967326164245605469e+00 -1.200025939941406250e+01 0.000000000000000000e+00
-9.235656857490539551e-01 -1.343142318725585938e+01 0.000000000000000000e+00
-8.527990341186523438e+00 2.725468635559082031e+00 0.000000000000000000e+00
3.351895332336425781e+00 -1.706988525390625000e+01 0.000000000000000000e+00
6.977738857269287109e+00 1.569646739959716797e+01 0.000000000000000000e+00
-1.119789218902587891e+01 1.033145427703857422e+01 0.000000000000000000e+00
-5.112967014312744141e+00 6.123378276824951172e+00 0.000000000000000000e+00
8.235703468322753906e+00 1.072056198120117188e+01 0.000000000000000000e+00
1.726848220825195312e+01 2.079126596450805664e+00 0.000000000000000000e+00
-1.428630638122558594e+01 -3.915465116500854492e+00 0.000000000000000000e+00
1.223325729370117188e+01 -2.003574132919311523e+00 0.000000000000000000e+00
1.001600265502929688e+01 1.097558021545410156e+01 0.000000000000000000e+00
2.501743555068969727e+00 -2.638856649398803711e+00 0.000000000000000000e+00
5.793282508850097656e+00 -1.457741451263427734e+01 0.000000000000000000e+00
8.498337745666503906e+00 7.374441623687744141e+00 0.000000000000000000e+00
1.058748435974121094e+01 1.848323106765747070e+00 0.000000000000000000e+00
1.202721223235130310e-01 -7.139364242553710938e+00 0.000000000000000000e+00
-4.441977500915527344e+00 -8.154478073120117188e+00 0.000000000000000000e+00
1.469701957702636719e+01 3.144402265548706055e+00 0.000000000000000000e+00
-1.782606959342956543e+00 5.524519443511962891e+00 0.000000000000000000e+00
8.242061614990234375e+00 -1.541331768035888672e+01 0.000000000000000000e+00
2.348591566085815430e+00 1.421390151977539062e+01 0.000000000000000000e+00
3.957404851913452148e+00 1.347680568695068359e+00 0.000000000000000000e+00
1.071697330474853516e+01 -1.917991936206817627e-01 0.000000000000000000e+00
-2.437182426452636719e+00 1.719925117492675781e+01 0.000000000000000000e+00
5.836898684501647949e-01 -1.887892186641693115e-01 0.000000000000000000e+00
1.161595582962036133e+00 1.720256233215332031e+01 0.000000000000000000e+00
-1.636292648315429688e+01 3.914715290069580078e+00 0.000000000000000000e+00
1.484973049163818359e+01 -2.057743787765502930e+00 0.000000000000000000e+00
4.585000991821289062e+00 7.563777446746826172e+00 0.000000000000000000e+00
7.836895942687988281e+00 3.350667238235473633e+00 0.000000000000000000e+00
-6.217611789703369141e+00 9.214613914489746094e+00 0.000000000000000000e+00
-6.802706241607666016e+00 -1.118091964721679688e+01 0.000000000000000000e+00
-6.615108966827392578e+00 5.645003795623779297e+00 0.000000000000000000e+00
4.929192066192626953e+00 -1.098221206665039062e+01 0.000000000000000000e+00
1.451619529724121094e+01 -8.924131393432617188e+00 0.000000000000000000e+00
6.412063121795654297e+00 4.409519672393798828e+00 0.000000000000000000e+00
-2.801736593246459961e+00 -1.514952564239501953e+01 0.000000000000000000e+00
4.140460491180419922e+00 4.695633888244628906e+00 0.000000000000000000e+00
-5.052571296691894531e+00 -1.049128293991088867e+00 0.000000000000000000e+00
2.843345403671264648e+00 -9.889705657958984375e+00 0.000000000000000000e+00
