4.206954345232214898e+00 1.243748512504666337e+01 9.881022045110654517e-05
8.668360146234043384e+00 9.862930396513716502e+00 -5.152453480761209903e-04
-2.828378420794554593e+00 1.055269109870961763e+01 -9.816243996318974041e-06
1.631914962198273811e+00 7.977439834484178149e+00 -9.721845650734195488e-05
6.093321789030636815e+00 5.403488088068697515e+00 8.647946236584047597e-05
1.055262234903409713e+01 2.828332242842236610e+00 -7.302174937273697708e-05
-9.862717370999328992e+00 8.667801557017872582e+00 -4.627206955376550468e-05
-5.403416810995867792e+00 6.092645711791410790e+00 -2.057732812916768239e-04
-9.431233950030342150e-01 3.517997525664823488e+00 5.045066369475659229e-04
3.518282405998763629e+00 9.434427965702174568e-01 -1.095496744786816912e-04
7.977582966002256804e+00 -1.631713048094583618e+00 -2.690501433179059987e-04
1.243787634899508276e+01 -4.206964312320023325e+00 -3.564523558283738680e-04
-1.243787634899511296e+01 4.206964311758363273e+00 3.564516129292982782e-04
-7.977582966002287002e+00 1.631713047532923344e+00 2.690494004187193866e-04
-3.518282405998794715e+00 -9.434427971318777306e-01 1.095489315794395679e-04
9.431233950030034618e-01 -3.517997526226483540e+00 -5.045073798468635573e-04
5.403416810995836705e+00 -6.092645712353071730e+00 2.057725383926012341e-04
9.862718363829888091e+00 -8.667801652437599813e+00 4.634416910231919928e-05
-1.055262234897843676e+01 -2.828332243035114324e+00 7.302072765735800886e-05
-6.093321788974976450e+00 -5.403488088261575228e+00 -8.648048408099739959e-05
-1.631914962142613668e+00 -7.977439834677054975e+00 9.721743479174094205e-05
2.828378420850245156e+00 -1.055269109834083530e+01 9.815965180237640197e-06
-8.668360146120594578e+00 -9.862930396712147996e+00 5.152443305576070998e-04
-4.206954345118766092e+00 -1.243748512524509486e+01 -9.881123796962043571e-05
