1.485387897491455078e+01 3.539194107055664062e+00 0.000000000000000000e+00
1.247511863708496094e+00 1.218029117584228516e+01 0.000000000000000000e+00
6.295811176300048828e+00 1.631668663024902344e+01 0.000000000000000000e+00
7.054016113281250000e+00 1.095761299133300781e+01 0.000000000000000000e+00
-1.076162719726562500e+01 -7.262093067169189453e+00 0.000000000000000000e+00
-9.596177339553833008e-01 1.318301868438720703e+01 0.000000000000000000e+00
5.551519870758056641e+00 -1.160086822509765625e+01 0.000000000000000000e+00
-1.566234397888183594e+01 7.589170455932617188e+00 0.000000000000000000e+00
7.304299831390380859e+00 -3.315870285034179688e+00 0.000000000000000000e+00
-1.558124828338623047e+01 -7.439104914665222168e-01 0.000000000000000000e+00
-8.081105232238769531e+00 6.233757495880126953e+00 0.000000000000000000e+00
-1.610154914855957031e+01 -3.922649145126342773e+00 0.000000000000000000e+00
-5.375757217407226562e+00 -7.628431320190429688e+00 0.000000000000000000e+00
-1.301209831237792969e+01 1.505974054336547852e+00 0.000000000000000000e+00
8.138881683349609375e+00 6.819502353668212891e+00 0.000000000000000000e+00
-1.493096065521240234e+01 1.828033924102783203e+00 0.000000000000000000e+00
2.203779458999633789e+00 1.503517150878906250e+01 0.000000000000000000e+00
4.494747638702392578e+00 1.081008338928222656e+01 0.000000000000000000e+00
1.443744087219238281e+01 7.120750904083251953e+00 0.000000000000000000e+00
-1.542892098426818848e+00 1.149354696273803711e+00 0.000000000000000000e+00
-1.297686862945556641e+01 -4.294914245605468750e+00 0.000000000000000000e+00
-9.030541419982910156e+00 -1.909661293029785156e+00 0.000000000000000000e+00
-1.726495623588562012e+00 -1.638476490974426270e+00 0.000000000000000000e+00
5.935345649719238281e+00 -5.134732723236083984e-01 0.000000000000000000e+00
-1.623897552490234375e+01 5.475177288055419922e+00 0.000000000000000000e+00
-1.624983787536621094e+01 3.818223953247070312e+00 0.000000000000000000e+00
3.895425081253051758e+00 6.253186702728271484e+00 0.000000000000000000e+00
-5.720757961273193359e+00 -3.706537246704101562e+00 0.000000000000000000e+00
1.340719890594482422e+01 5.733689665794372559e-01 0.000000000000000000e+00
-9.830475807189941406e+00 3.051591873168945312e+00 0.000000000000000000e+00
4.350864589214324951e-01 1.663317680358886719e+01 0.000000000000000000e+00
-6.754313468933105469e+00 1.554950904846191406e+01 0.000000000000000000e+00
1.669301033020019531e+01 2.160058498382568359e+00 0.000000000000000000e+00
-5.247067451477050781e+00 6.035992622375488281e+00 0.000000000000000000e+00
-1.325850582122802734e+01 5.023648262023925781e+00 0.000000000000000000e+00
-4.571507453918457031e+00 7.952960729598999023e-01 0.000000000000000000e+00
-2.035161256790161133e+00 1.129519939422607422e+01 0.000000000000000000e+00
1.866985797882080078e+00 6.157384514808654785e-01 0.000000000000000000e+00
8.578516006469726562e+00 4.572862982749938965e-01 0.000000000000000000e+00
-4.115959644317626953e+00 -1.188914108276367188e+01 0.000000000000000000e+00
8.260945320129394531e+00 -8.089409828186035156e+00 0.000000000000000000e+00
8.924207687377929688e+00 -1.270884418487548828e+01 0.000000000000000000e+00
-2.840315341949462891e+00 -1.533866119384765625e+01 0.000000000000000000e+00
-5.949440002441406250e+00 -1.034586048126220703e+01 0.000000000000000000e+00
-7.947982311248779297e+00 -1.493655395507812500e+01 0.000000000000000000e+00
-1.708446621894836426e+00 -3.339700698852539062e+00 0.000000000000000000e+00
-3.073791980743408203e+00 -4.688781261444091797e+00 0.000000000000000000e+00
9.891890525817871094e+00 -5.929068922996520996e-01 0.000000000000000000e+00
4.184944152832031250e+00 4.249744415283203125e+00 0.000000000000000000e+00
2.886384248733520508e+00 9.248512268066406250e+00 0.000000000000000000e+00
-3.594585418701171875e+00 -3.734454810619354248e-01 0.000000000000000000e+00
1.261697864532470703e+01 -5.894363403320312500e+00 0.000000000000000000e+00
-4.846209526062011719e+00 1.108248805999755859e+01 0.000000000000000000e+00
1.088781356811523438e+00 -1.654899024963378906e+01 0.000000000000000000e+00
7.407176971435546875e+00 4.700854778289794922e+00 0.000000000000000000e+00
-3.759702920913696289e+00 6.710066795349121094e+00 0.000000000000000000e+00
-4.586930274963378906e+00 8.815305709838867188e+00 0.000000000000000000e+00
-7.684139251708984375e+00 -4.250485420227050781e+00 0.000000000000000000e+00
1.429370498657226562e+01 -2.979491233825683594e+00 0.000000000000000000e+00
6.161871910095214844e+00 8.016053199768066406e+00 0.000000000000000000e+00
-1.136445283889770508e+00 -1.127477455139160156e+01 0.000000000000000000e+00
-1.228000831604003906e+01 2.977804183959960938e+00 0.000000000000000000e+00
1.352243423461914062e+01 5.607637405395507812e+00 0.000000000000000000e+00
-8.214564323425292969e+00 1.023832416534423828e+01 0.000000000000000000e+00
-7.332502365112304688e+00 1.262557315826416016e+01 0.000000000000000000e+00
4.486841201782226562e+00 1.567157745361328125e+01 0.000000000000000000e+00
1.020950317382812500e+00 1.060094165802001953e+01 0.000000000000000000e+00
-3.031335830688476562e+00 1.272005271911621094e+01 0.000000000000000000e+00
-1.314291000366210938e+00 1.526129722595214844e+01 0.000000000000000000e+00
1.609688186645507812e+01 6.577782630920410156e+00 0.000000000000000000e+00
-3.394721508026123047e+00 -1.385960006713867188e+01 0.000000000000000000e+00
5.238331794738769531e+00 -4.707796096801757812e+00 0.000000000000000000e+00
-2.389072179794311523e+00 -6.902904510498046875e+00 0.000000000000000000e+00
-2.372273921966552734e+00 5.908199787139892578e+00 0.000000000000000000e+00
-1.251332283020019531e+01 -2.205370903015136719e+00 0.000000000000000000e+00
-1.133179855346679688e+01 -1.330123043060302734e+01 0.000000000000000000e+00
-8.295463562011718750e+00 8.306596755981445312e+00 0.000000000000000000e+00
2.583725214004516602e+00 -1.160092830657958984e+01 0.000000000000000000e+00
-8.984167098999023438e+00 1.180368900299072266e+01 0.000000000000000000e+00
-3.164583921432495117e+00 4.420710086822509766e+00 0.000000000000000000e+00
1.719633293151855469e+01 3.276809751987457275e-01 0.000000000000000000e+00
-5.695150494575500488e-01 6.709086418151855469e+00 0.000000000000000000e+00
1.060555458068847656e+01 7.319995403289794922e+00 0.000000000000000000e+00
-1.155464172363281250e+01 1.079567718505859375e+01 0.000000000000000000e+00
-1.117176890373229980e+00 2.668323993682861328e+00 0.000000000000000000e+00
-8.982442855834960938e+00 -1.130373573303222656e+01 0.000000000000000000e+00
-1.028377056121826172e+01 8.566181182861328125e+00 0.000000000000000000e+00
1.213202476501464844e+01 -2.531952619552612305e+00 0.000000000000000000e+00
6.563848972320556641e+00 -8.178347587585449219e+00 0.000000000000000000e+00
1.299081516265869141e+01 8.199119567871093750e+00 0.000000000000000000e+00
1.311385822296142578e+01 3.275338888168334961e+00 0.000000000000000000e+00
4.042187690734863281e+00 -8.905890464782714844e+00 0.000000000000000000e+00
1.727654647827148438e+01 -1.355913162231445312e+00 0.000000000000000000e+00
1.300427532196044922e+01 -1.112019252777099609e+01 0.000000000000000000e+00
-3.786717176437377930e+00 -1.012347221374511719e+01 0.000000000000000000e+00
-3.501912057399749756e-01 -2.931776940822601318e-01 0.000000000000000000e+00
-1.021520233154296875e+01 1.575906038284301758e+00 0.000000000000000000e+00
-2.114208459854125977e+00 -9.001192092895507812e+00 0.000000000000000000e+00
-9.689080238342285156e+00 5.115628719329833984e+00 0.000000000000000000e+00
7.904782295227050781e+00 2.184982538223266602e+00 0.000000000000000000e+00
-6.859405994415283203e+00 -1.367214298248291016e+01 0.000000000000000000e+00
-1.258958339691162109e+01 -9.755145072937011719e+00 0.000000000000000000e+00
7.480251312255859375e+00 -9.727207183837890625e+00 0.000000000000000000e+00
9.679871797561645508e-01 1.391369533538818359e+01 0.000000000000000000e+00
8.969886779785156250e+00 1.249827194213867188e+01 0.000000000000000000e+00
-2.202892541885375977e+00 1.667383384704589844e+01 0.000000000000000000e+00
9.233463287353515625e+00 -2.360625267028808594e+00 0.000000000000000000e+00
-3.701551556587219238e-01 1.172067451477050781e+01 0.000000000000000000e+00
4.518992424011230469e+00 1.272756004333496094e+01 0.000000000000000000e+00
-5.332621097564697266e+00 -1.644113349914550781e+01 0.000000000000000000e+00
1.102743244171142578e+01 -1.239509677886962891e+01 0.000000000000000000e+00
1.161280632019042969e+01 -9.019167900085449219e+00 0.000000000000000000e+00
9.544058799743652344e+00 8.804403305053710938e+00 0.000000000000000000e+00
1.469684886932373047e+01 -5.134493350982666016e+00 0.000000000000000000e+00
-1.421746921539306641e+01 -1.680691719055175781e+00 0.000000000000000000e+00
-3.261368513107299805e+00 1.461071014404296875e+01 0.000000000000000000e+00
-9.191097021102905273e-01 -5.598693847656250000e+00 0.000000000000000000e+00
1.116198444366455078e+01 9.448819160461425781e+00 0.000000000000000000e+00
-7.585514068603515625e+00 -8.339052200317382812e+00 0.000000000000000000e+00
-6.120266437530517578e+00 8.265212059020996094e+00 0.000000000000000000e+00
-1.338941764831542969e+01 1.112435245513916016e+01 0.000000000000000000e+00
5.787512660026550293e-01 -8.799096107482910156e+00 0.000000000000000000e+00
3.213024377822875977e+00 -4.212839126586914062e+00 0.000000000000000000e+00
1.511487197875976562e+01 -7.986035346984863281e+00 0.000000000000000000e+00
1.604543113708496094e+01 -2.736520767211914062e+00 0.000000000000000000e+00
1.610182642936706543e+00 7.114728450775146484e+00 0.000000000000000000e+00
-7.687188625335693359e+00 -1.229714679718017578e+01 0.000000000000000000e+00
1.334014892578125000e+01 1.063590621948242188e+01 0.000000000000000000e+00
-7.090934753417968750e+00 -6.661662578582763672e+00 0.000000000000000000e+00
2.128542184829711914e+00 -9.733814239501953125e+00 0.000000000000000000e+00
-1.023607730865478516e+01 -3.327846527099609375e+00 0.000000000000000000e+00
1.202091121673583984e+01 -8.075883984565734863e-01 0.000000000000000000e+00
-7.102749824523925781e+00 2.855524539947509766e+00 0.000000000000000000e+00
6.024448871612548828e+00 1.312480068206787109e+01 0.000000000000000000e+00
1.519294738769531250e+01 1.662028193473815918e+00 0.000000000000000000e+00
-4.332445144653320312e+00 -2.897843360900878906e+00 0.000000000000000000e+00
-1.735829925537109375e+01 -9.010276198387145996e-01 0.000000000000000000e+00
1.369715881347656250e+01 -1.164633035659790039e+00 0.000000000000000000e+00
-1.072380161285400391e+01 1.254823207855224609e+01 0.000000000000000000e+00
6.725861549377441406e+00 -1.479673957824707031e+01 0.000000000000000000e+00
6.045248508453369141e+00 3.665362358093261719e+00 0.000000000000000000e+00
-1.497264575958251953e+01 -8.171891212463378906e+00 0.000000000000000000e+00
-1.573894977569580078e+01 -5.572643756866455078e+00 0.000000000000000000e+00
-1.183530449867248535e+00 -1.352780914306640625e+01 0.000000000000000000e+00
1.189038276672363281e+01 4.928382396697998047e+00 0.000000000000000000e+00
1.565831375122070312e+01 -1.140381693840026855e+00 0.000000000000000000e+00
-3.658367395401000977e+00 2.108725309371948242e+00 0.000000000000000000e+00
1.131438732147216797e+01 1.236314582824707031e+01 0.000000000000000000e+00
1.059534454345703125e+01 -5.833018779754638672e+00 0.000000000000000000e+00
4.984106540679931641e+00 -1.364054965972900391e+01 0.000000000000000000e+00
-1.210883903503417969e+01 9.151151657104492188e+00 0.000000000000000000e+00
8.885033607482910156e+00 -5.451165199279785156e+00 0.000000000000000000e+00
7.708235263824462891e+00 8.904583930969238281e+00 0.000000000000000000e+00
2.868591547012329102e+00 2.523849487304687500e+00 0.000000000000000000e+00
1.608176040649414062e+01 5.000587463378906250e+00 0.000000000000000000e+00
-5.346639156341552734e+00 -1.426454925537109375e+01 0.000000000000000000e+00
-1.083440399169921875e+01 1.603467613458633423e-01 0.000000000000000000e+00
2.565245151519775391e+00 -1.441749191284179688e+01 0.000000000000000000e+00
-8.620416641235351562e+00 -6.373315811157226562e+00 0.000000000000000000e+00
1.020680236816406250e+01 3.251649141311645508e+00 0.000000000000000000e+00
-1.771176338195800781e+00 9.631018638610839844e+00 0.000000000000000000e+00
-1.390228462219238281e+01 9.068277359008789062e+00 0.000000000000000000e+00
6.163269519805908203e+00 1.276351809501647949e+00 0.000000000000000000e+00
4.146403312683105469e+00 -1.065513038635253906e+01 0.000000000000000000e+00
3.975338339805603027e-01 4.997001171112060547e+00 0.000000000000000000e+00
1.489874458312988281e+01 8.553833961486816406e+00 0.000000000000000000e+00
-7.251055240631103516e+00 -2.750966787338256836e+00 0.000000000000000000e+00
-1.455265903472900391e+01 -3.506344079971313477e+00 0.000000000000000000e+00
7.444878101348876953e+00 -1.232369422912597656e+01 0.000000000000000000e+00
2.785926103591918945e+00 -1.968088626861572266e+00 0.000000000000000000e+00
3.139933347702026367e+00 1.642806243896484375e+01 0.000000000000000000e+00
8.612505912780761719e+00 -1.516313171386718750e+01 0.000000000000000000e+00
-5.453464984893798828e+00 1.296745014190673828e+01 0.000000000000000000e+00
9.864672660827636719e+00 -8.526620864868164062e+00 0.000000000000000000e+00
2.889042615890502930e+00 1.163379001617431641e+01 0.000000000000000000e+00
3.063804864883422852e+00 -1.656619644165039062e+01 0.000000000000000000e+00
3.805354356765747070e+00 -7.192821502685546875e-01 0.000000000000000000e+00
1.068615341186523438e+01 1.322102308273315430e+00 0.000000000000000000e+00
-8.241741180419921875e+00 3.893940687179565430e+00 0.000000000000000000e+00
4.010879397392272949e-01 -1.462301445007324219e+01 0.000000000000000000e+00
-1.130090332031250000e+01 -1.176572322845458984e+01 0.000000000000000000e+00
-1.241440582275390625e+01 -8.077180862426757812e+00 0.000000000000000000e+00
-8.002464294433593750e+00 6.901162560097873211e-04 0.000000000000000000e+00
3.119331300258636475e-01 -6.575063705444335938e+00 0.000000000000000000e+00
-4.667492389678955078e+00 1.549566459655761719e+01 0.000000000000000000e+00
-1.062346839904785156e+01 -5.245009899139404297e+00 0.000000000000000000e+00
5.386281013488769531e+00 6.452372550964355469e+00 0.000000000000000000e+00
-2.175021648406982422e+00 7.532020568847656250e+00 0.000000000000000000e+00
-1.941078186035156250e+00 -1.737814140319824219e+01 0.000000000000000000e+00
5.668544769287109375e+00 9.800896644592285156e+00 0.000000000000000000e+00
1.875577092170715332e+00 3.770096063613891602e+00 0.000000000000000000e+00
6.178969860076904297e+00 -5.952218055725097656e+00 0.000000000000000000e+00
-7.293394207954406738e-01 -9.821717262268066406e+00 0.000000000000000000e+00
-5.224106788635253906e+00 -5.467004299163818359e+00 0.000000000000000000e+00
7.102623462677001953e+00 1.494474697113037109e+01 0.000000000000000000e+00
-5.209488391876220703e+00 -9.741048812866210938e-01 0.000000000000000000e+00
-1.276810550689697266e+01 6.696076393127441406e+00 0.000000000000000000e+00
1.257169914245605469e+01 -4.131247997283935547e+00 0.000000000000000000e+00
-1.093520259857177734e+01 -1.011214923858642578e+01 0.000000000000000000e+00
1.014041805267333984e+01 -1.385935783386230469e+01 0.000000000000000000e+00
9.728517532348632812e+00 5.456915378570556641e+00 0.000000000000000000e+00
4.863208293914794922e+00 -7.114071846008300781e+00 0.000000000000000000e+00
1.367872357368469238e+00 -2.614625215530395508e+00 0.000000000000000000e+00
7.479563951492309570e-01 2.025375604629516602e+00 0.000000000000000000e+00
-1.705972671508789062e+01 8.491470813751220703e-01 0.000000000000000000e+00
1.779565811157226562e+00 -5.689493179321289062e+00 0.000000000000000000e+00
3.578017234802246094e+00 -5.835064888000488281e+00 0.000000000000000000e+00
8.836592674255371094e+00 1.032433795928955078e+01 0.000000000000000000e+00
-1.379207420349121094e+01 -6.603837490081787109e+00 0.000000000000000000e+00
3.669074177742004395e-01 8.479132652282714844e+00 0.000000000000000000e+00
9.935531616210937500e+00 1.380544853210449219e+01 0.000000000000000000e+00
-9.793240547180175781e+00 -1.307801628112792969e+01 0.000000000000000000e+00
2.447836160659790039e+00 5.502118587493896484e+00 0.000000000000000000e+00
5.593874931335449219e+00 -2.917163133621215820e+00 0.000000000000000000e+00
1.114008808135986328e+01 -1.060780620574951172e+01 0.000000000000000000e+00
-9.835028648376464844e+00 1.038149547576904297e+01 0.000000000000000000e+00
3.785698890686035156e+00 -1.253924369812011719e+01 0.000000000000000000e+00
-1.099699687957763672e+01 -1.527169585227966309e+00 0.000000000000000000e+00
1.333043670654296875e+01 -7.504996299743652344e+00 0.000000000000000000e+00
1.207749080657958984e+01 6.656388282775878906e+00 0.000000000000000000e+00
1.181042003631591797e+01 1.081257724761962891e+01 0.000000000000000000e+00
-8.964773178100585938e+00 1.480142879486083984e+01 0.000000000000000000e+00
1.395718479156494141e+01 -9.298993110656738281e+00 0.000000000000000000e+00
-6.404791355133056641e+00 1.126783752441406250e+01 0.000000000000000000e+00
4.957934379577636719e+00 -1.648848152160644531e+01 0.000000000000000000e+00
-1.426546001434326172e+01 3.537955284118652344e+00 0.000000000000000000e+00
-5.145222663879394531e+00 2.985551118850708008e+00 0.000000000000000000e+00
1.662040901184082031e+01 -4.884359359741210938e+00 0.000000000000000000e+00
1.220709800720214844e+00 -1.283835124969482422e+01 0.000000000000000000e+00
7.709098815917968750e+00 -9.012950658798217773e-01 0.000000000000000000e+00
-8.917023658752441406e+00 -9.764917373657226562e+00 0.000000000000000000e+00
2.918837070465087891e+00 -7.558010101318359375e+00 0.000000000000000000e+00
9.255419731140136719e+00 -1.044733524322509766e+01 0.000000000000000000e+00
-1.415823936462402344e+01 5.380100607872009277e-01 0.000000000000000000e+00
-1.243697929382324219e+01 -4.687160253524780273e-01 0.000000000000000000e+00
-6.289993286132812500e+00 4.447803199291229248e-01 0.000000000000000000e+00
1.048928546905517578e+01 -3.262016773223876953e+00 0.000000000000000000e+00
-1.591335535049438477e+00 4.238244533538818359e+00 0.000000000000000000e+00
-3.465215206146240234e+00 1.002478504180908203e+01 0.000000000000000000e+00
4.312717437744140625e+00 1.817564487457275391e+00 0.000000000000000000e+00
-8.250044822692871094e+00 1.570625901222229004e+00 0.000000000000000000e+00
-9.711826324462890625e+00 6.966382503509521484e+00 0.000000000000000000e+00
-1.125150680541992188e+01 4.139937877655029297e+00 0.000000000000000000e+00
7.609877586364746094e+00 -6.404071331024169922e+00 0.000000000000000000e+00
6.909399628639221191e-01 -1.131023025512695312e+01 0.000000000000000000e+00
-6.317070007324218750e+00 4.362826347351074219e+00 0.000000000000000000e+00
-1.228678584098815918e+00 -1.563280010223388672e+01 0.000000000000000000e+00
1.165398883819580078e+01 -7.259688377380371094e+00 0.000000000000000000e+00
-1.103205966949462891e+01 5.891362667083740234e+00 0.000000000000000000e+00
1.134194374084472656e+00 -7.910284399986267090e-01 0.000000000000000000e+00
-2.480063676834106445e+00 -1.231839752197265625e+01 0.000000000000000000e+00
-5.897736549377441406e+00 -1.186222457885742188e+01 0.000000000000000000e+00
1.218123149871826172e+01 2.004058122634887695e+00 0.000000000000000000e+00
3.271481752395629883e+00 1.367679977416992188e+01 0.000000000000000000e+00
-1.406295776367187500e+01 7.470570087432861328e+00 0.000000000000000000e+00
2.993278391659259796e-02 -4.342021942138671875e+00 0.000000000000000000e+00
