-2.292212009429931641e+00 -6.942741394042968750e+00 0.000000000000000000e+00
-4.783650398254394531e+00 5.275084972381591797e+00 0.000000000000000000e+00
2.633222818374633789e+00 4.328826904296875000e+00 0.000000000000000000e+00
-3.857826709747314453e+00 -7.929782867431640625e+00 0.000000000000000000e+00
-1.087535381317138672e+01 -4.597759246826171875e+00 0.000000000000000000e+00
1.090615653991699219e+01 -5.872464179992675781e+00 0.000000000000000000e+00
3.527756929397583008e+00 1.252800369262695312e+01 0.000000000000000000e+00
1.312248992919921875e+01 9.592856407165527344e+00 0.000000000000000000e+00
-1.466148662567138672e+01 1.273394465446472168e+00 0.000000000000000000e+00
-1.193734169006347656e+01 -3.099537134170532227e+00 0.000000000000000000e+00
7.135095119476318359e+00 2.507182359695434570e+00 0.000000000000000000e+00
-6.577415943145751953e+00 2.198756217956542969e+00 0.000000000000000000e+00
-1.483075714111328125e+01 -1.594216346740722656e+00 0.000000000000000000e+00
-1.073657226562500000e+01 -6.703877449035644531e+00 0.000000000000000000e+00
-6.137757778167724609e+00 1.106392288208007812e+01 0.000000000000000000e+00
-6.200480937957763672e+00 -1.349048042297363281e+01 0.000000000000000000e+00
-4.266782850027084351e-02 -5.186589241027832031e+00 0.000000000000000000e+00
5.394245624542236328e+00 -1.091280078887939453e+01 0.000000000000000000e+00
-8.473010063171386719e+00 1.530115127563476562e+01 0.000000000000000000e+00
8.616381645202636719e+00 4.500019550323486328e+00 0.000000000000000000e+00
9.388763427734375000e+00 9.484513282775878906e+00 0.000000000000000000e+00
1.295783329010009766e+01 -3.725322008132934570e+00 0.000000000000000000e+00
-1.416972827911376953e+01 9.696640968322753906e+00 0.000000000000000000e+00
7.645352363586425781e+00 9.237811088562011719e+00 0.000000000000000000e+00
5.659803867340087891e+00 4.364441871643066406e+00 0.000000000000000000e+00
1.687870383262634277e+00 -1.713442802429199219e+01 0.000000000000000000e+00
-7.361467361450195312e+00 4.517436981201171875e+00 0.000000000000000000e+00
6.930417060852050781e+00 -1.114803886413574219e+01 0.000000000000000000e+00
-2.982922792434692383e+00 -1.237668991088867188e+01 0.000000000000000000e+00
-3.367878913879394531e+00 -5.048196315765380859e+00 0.000000000000000000e+00
4.259187698364257812e+00 1.654626464843750000e+01 0.000000000000000000e+00
-2.360937356948852539e+00 1.570809745788574219e+01 0.000000000000000000e+00
1.148139953613281250e+01 1.655704855918884277e+00 0.000000000000000000e+00
-1.238847160339355469e+01 9.371845722198486328e-01 0.000000000000000000e+00
9.353250265121459961e-01 4.746950626373291016e+00 0.000000000000000000e+00
9.641301155090332031e+00 -8.563582420349121094e+00 0.000000000000000000e+00
-5.737648010253906250e+00 1.508758449554443359e+01 0.000000000000000000e+00
-6.976502418518066406e+00 -1.590707015991210938e+01 0.000000000000000000e+00
-5.538371801376342773e-01 8.552402496337890625e+00 0.000000000000000000e+00
-5.880732059478759766e+00 8.301297187805175781e+00 0.000000000000000000e+00
3.449695825576782227e+00 7.271986007690429688e+00 0.000000000000000000e+00
3.178594350814819336e+00 -5.400347232818603516e+00 0.000000000000000000e+00
-8.649050712585449219e+00 -8.530327796936035156e+00 0.000000000000000000e+00
1.133660435676574707e+00 1.178758069872856140e-01 0.000000000000000000e+00
1.560893154144287109e+01 -2.819822132587432861e-01 0.000000000000000000e+00
-5.311807155609130859e+00 -1.011775016784667969e+01 0.000000000000000000e+00
1.170562267303466797e+00 -7.053014755249023438e+00 0.000000000000000000e+00
-1.546125888824462891e+01 5.544107437133789062e+00 0.000000000000000000e+00
1.418111324310302734e+01 7.187448978424072266e+00 0.000000000000000000e+00
1.265718364715576172e+01 -7.303092002868652344e+00 0.000000000000000000e+00
5.220847606658935547e+00 -1.516562652587890625e+01 0.000000000000000000e+00
-2.888763666152954102e+00 -2.469157457351684570e+00 0.000000000000000000e+00
-3.298410177230834961e+00 9.632460594177246094e+00 0.000000000000000000e+00
-3.666844606399536133e+00 2.931979019194841385e-03 0.000000000000000000e+00
1.627398490905761719e+01 -4.894330501556396484e+00 0.000000000000000000e+00
-5.104086875915527344e+00 -3.607581615447998047e+00 0.000000000000000000e+00
2.418823242187500000e+00 1.493754005432128906e+01 0.000000000000000000e+00
-9.246541023254394531e+00 1.181804943084716797e+01 0.000000000000000000e+00
1.620933651924133301e+00 -3.525071620941162109e+00 0.000000000000000000e+00
3.257163763046264648e+00 -9.984292030334472656e+00 0.000000000000000000e+00
-1.492807102203369141e+01 -3.415688514709472656e+00 0.000000000000000000e+00
1.269529724121093750e+01 3.595883131027221680e+00 0.000000000000000000e+00
-9.487347602844238281e+00 -1.195423603057861328e+01 0.000000000000000000e+00
-1.460255432128906250e+01 -9.237153053283691406e+00 0.000000000000000000e+00
-1.208770084381103516e+01 7.249453067779541016e+00 0.000000000000000000e+00
6.778316497802734375e+00 1.506754112243652344e+01 0.000000000000000000e+00
6.758548259735107422e+00 1.142470359802246094e+01 0.000000000000000000e+00
-9.065541267395019531e+00 -4.762368202209472656e+00 0.000000000000000000e+00
1.629013252258300781e+01 -2.870845556259155273e+00 0.000000000000000000e+00
8.758861541748046875e+00 1.420045566558837891e+01 0.000000000000000000e+00
-1.182188153266906738e+00 1.354575824737548828e+01 0.000000000000000000e+00
2.233798980712890625e+00 9.037795066833496094e+00 0.000000000000000000e+00
-1.326163959503173828e+01 -1.007205486297607422e+01 0.000000000000000000e+00
2.976959943771362305e+00 -8.257075309753417969e+00 0.000000000000000000e+00
-1.047232246398925781e+01 -4.267253577709197998e-01 0.000000000000000000e+00
-4.520534515380859375e+00 -1.160540485382080078e+01 0.000000000000000000e+00
4.127039432525634766e+00 -3.388381481170654297e+00 0.000000000000000000e+00
-6.535831451416015625e+00 -2.763094425201416016e+00 0.000000000000000000e+00
4.674728214740753174e-01 -1.164473438262939453e+01 0.000000000000000000e+00
-1.382084250450134277e+00 -2.261021137237548828e+00 0.000000000000000000e+00
-7.811878919601440430e-01 -8.704521059989929199e-01 0.000000000000000000e+00
8.542745590209960938e+00 7.696451187133789062e+00 0.000000000000000000e+00
-1.034497261047363281e+01 1.304104328155517578e+01 0.000000000000000000e+00
7.259612560272216797e+00 -1.290443420410156250e+01 0.000000000000000000e+00
-9.316424369812011719e+00 3.705889225006103516e+00 0.000000000000000000e+00
1.298276519775390625e+01 4.669687151908874512e-01 0.000000000000000000e+00
8.031008720397949219e+00 7.390010952949523926e-01 0.000000000000000000e+00
-1.393346595764160156e+01 3.600313425064086914e+00 0.000000000000000000e+00
-2.849920034408569336e+00 -1.544276809692382812e+01 0.000000000000000000e+00
7.815404891967773438e+00 1.251240158081054688e+01 0.000000000000000000e+00
-1.076923751831054688e+01 3.281803607940673828e+00 0.000000000000000000e+00
-9.872504234313964844e+00 8.269088745117187500e+00 0.000000000000000000e+00
1.437479782104492188e+01 -1.143288254737854004e+00 0.000000000000000000e+00
-1.179538822174072266e+01 9.533481597900390625e+00 0.000000000000000000e+00
9.799820899963378906e+00 -4.009459972381591797e+00 0.000000000000000000e+00
3.781849384307861328e+00 -1.152647495269775391e+01 0.000000000000000000e+00
7.196955204010009766e+00 -1.521471881866455078e+01 0.000000000000000000e+00
8.414682388305664062e+00 -6.425624847412109375e+00 0.000000000000000000e+00
1.572164058685302734e+00 1.210371398925781250e+01 0.000000000000000000e+00
2.668446779251098633e+00 -1.322360324859619141e+01 0.000000000000000000e+00
9.997162818908691406e+00 9.296993613243103027e-01 0.000000000000000000e+00
6.437448024749755859e+00 -7.666071891784667969e+00 0.000000000000000000e+00
-3.939328432083129883e+00 1.263934326171875000e+01 0.000000000000000000e+00
6.909058570861816406e+00 7.343096256256103516e+00 0.000000000000000000e+00
-2.680995464324951172e+00 7.748189449310302734e+00 0.000000000000000000e+00
-3.472011387348175049e-01 -9.339387893676757812e+00 0.000000000000000000e+00
-1.651339721679687500e+01 9.515239000320434570e-01 0.000000000000000000e+00
-6.826056003570556641e+00 1.405299472808837891e+01 0.000000000000000000e+00
-6.929100751876831055e-01 3.107074975967407227e+00 0.000000000000000000e+00
-1.038695144653320312e+01 -1.382428359985351562e+01 0.000000000000000000e+00
1.526090908050537109e+01 -6.360374450683593750e+00 0.000000000000000000e+00
-1.302642583847045898e+00 5.304639339447021484e+00 0.000000000000000000e+00
1.141440010070800781e+01 -1.233470249176025391e+01 0.000000000000000000e+00
7.885063648223876953e+00 -8.317920684814453125e+00 0.000000000000000000e+00
-5.689240455627441406e+00 7.992290258407592773e-01 0.000000000000000000e+00
-1.688479423522949219e+01 -3.779910564422607422e+00 0.000000000000000000e+00
-2.185031473636627197e-01 1.533043384552001953e+00 0.000000000000000000e+00
-3.226665854454040527e-01 1.610000419616699219e+01 0.000000000000000000e+00
9.193434715270996094e+00 -1.637766480445861816e+00 0.000000000000000000e+00
3.040248394012451172e+00 -1.525948143005371094e+01 0.000000000000000000e+00
-7.252789497375488281e+00 -7.832884311676025391e+00 0.000000000000000000e+00
1.402316665649414062e+01 -9.972140312194824219e+00 0.000000000000000000e+00
3.689096212387084961e+00 9.510510563850402832e-01 0.000000000000000000e+00
7.739986896514892578e+00 -8.979488015174865723e-01 0.000000000000000000e+00
-7.528755664825439453e+00 1.234454822540283203e+01 0.000000000000000000e+00
3.263240098953247070e+00 1.066710090637207031e+01 0.000000000000000000e+00
2.004501819610595703e+00 -1.187071037292480469e+01 0.000000000000000000e+00
1.083585357666015625e+01 3.103184938430786133e+00 0.000000000000000000e+00
7.013674259185791016e+00 -4.807831764221191406e+00 0.000000000000000000e+00
-3.050814151763916016e+00 4.401623725891113281e+00 0.000000000000000000e+00
3.023666143417358398e+00 -6.610651016235351562e-01 0.000000000000000000e+00
-9.491440773010253906e+00 6.522523880004882812e+00 0.000000000000000000e+00
9.128546714782714844e+00 -1.289396286010742188e+01 0.000000000000000000e+00
1.213293647766113281e+01 -1.149514198303222656e+00 0.000000000000000000e+00
-2.569915771484375000e+00 -1.088598918914794922e+01 0.000000000000000000e+00
2.492453813552856445e+00 1.713911056518554688e+01 0.000000000000000000e+00
1.037664794921875000e+01 1.383429050445556641e+01 0.000000000000000000e+00
-8.143804550170898438e+00 -1.055720806121826172e+01 0.000000000000000000e+00
-8.725105285644531250e+00 -1.507136058807373047e+01 0.000000000000000000e+00
-3.447650671005249023e-01 -1.725081253051757812e+01 0.000000000000000000e+00
-1.141106128692626953e+01 -1.061289119720458984e+01 0.000000000000000000e+00
-1.402517318725585938e+01 -6.605373859405517578e+00 0.000000000000000000e+00
-1.189964580535888672e+01 -1.236102581024169922e+01 0.000000000000000000e+00
-7.840795516967773438e+00 6.647390365600585938e+00 0.000000000000000000e+00
5.383194923400878906e+00 8.658690452575683594e+00 0.000000000000000000e+00
4.500985145568847656e+00 3.248970031738281250e+00 0.000000000000000000e+00
1.949417233467102051e+00 6.347846984863281250e+00 0.000000000000000000e+00
-2.476257562637329102e+00 1.181910419464111328e+01 0.000000000000000000e+00
1.254447078704833984e+01 -1.078184032440185547e+01 0.000000000000000000e+00
-1.689602017402648926e+00 1.001870059967041016e+01 0.000000000000000000e+00
4.532972335815429688e+00 -7.480649948120117188e+00 0.000000000000000000e+00
-8.387299537658691406e+00 -1.353519916534423828e+01 0.000000000000000000e+00
1.331989479064941406e+01 5.240014553070068359e+00 0.000000000000000000e+00
1.453778934478759766e+01 -8.519361495971679688e+00 0.000000000000000000e+00
1.133401584625244141e+01 -3.517356157302856445e+00 0.000000000000000000e+00
1.350900053977966309e+00 2.889138460159301758e+00 0.000000000000000000e+00
1.002665805816650391e+01 6.455105781555175781e+00 0.000000000000000000e+00
-1.685260963439941406e+01 2.627992391586303711e+00 0.000000000000000000e+00
1.711294937133789062e+01 5.596733689308166504e-01 0.000000000000000000e+00
8.853350639343261719e+00 -1.044066429138183594e+01 0.000000000000000000e+00
-5.466341495513916016e+00 -5.570336818695068359e+00 0.000000000000000000e+00
-4.689652442932128906e+00 1.062475681304931641e+01 0.000000000000000000e+00
4.340871334075927734e+00 1.406609535217285156e+01 0.000000000000000000e+00
1.028109931945800781e+01 -1.127632141113281250e+01 0.000000000000000000e+00
7.392253875732421875e-01 -1.413032531738281250e+01 0.000000000000000000e+00
-1.613231658935546875e+01 -5.347011566162109375e+00 0.000000000000000000e+00
-8.138551712036132812e+00 1.050453281402587891e+01 0.000000000000000000e+00
1.453822040557861328e+01 3.514596700668334961e+00 0.000000000000000000e+00
1.244366988539695740e-01 1.452542781829833984e+01 0.000000000000000000e+00
4.819067478179931641e+00 1.144653224945068359e+01 0.000000000000000000e+00
1.672592926025390625e+01 5.027398109436035156e+00 0.000000000000000000e+00
1.119204711914062500e+01 -7.667470455169677734e+00 0.000000000000000000e+00
3.664456605911254883e+00 -1.699119567871093750e+01 0.000000000000000000e+00
-7.160905838012695312e+00 -5.666805744171142578e+00 0.000000000000000000e+00
-3.402746915817260742e+00 2.233880519866943359e+00 0.000000000000000000e+00
1.356729412078857422e+01 -5.663961410522460938e+00 0.000000000000000000e+00
-4.106897830963134766e+00 -1.346431541442871094e+01 0.000000000000000000e+00
1.156846237182617188e+01 6.334299087524414062e+00 0.000000000000000000e+00
-1.246213340759277344e+01 -6.843294143676757812e+00 0.000000000000000000e+00
1.439622592926025391e+01 1.625890970230102539e+00 0.000000000000000000e+00
-1.343875408172607422e+01 1.109896183013916016e+01 0.000000000000000000e+00
1.189009952545166016e+01 8.260594367980957031e+00 0.000000000000000000e+00
-1.025464773178100586e+00 -1.123451995849609375e+01 0.000000000000000000e+00
-1.313697338104248047e+00 -4.096289634704589844e+00 0.000000000000000000e+00
5.463229179382324219e+00 -5.107398509979248047e+00 0.000000000000000000e+00
-8.072841644287109375e+00 -2.556595087051391602e+00 0.000000000000000000e+00
-9.606430053710937500e+00 -1.813367128372192383e+00 0.000000000000000000e+00
5.791945934295654297e+00 -1.333612728118896484e+01 0.000000000000000000e+00
-1.453074693679809570e+00 1.710169219970703125e+01 0.000000000000000000e+00
-1.248922538757324219e+01 -1.071438193321228027e+00 0.000000000000000000e+00
1.759234189987182617e+00 -1.560692787170410156e+00 0.000000000000000000e+00
9.002261608839035034e-02 1.161361694335937500e+01 0.000000000000000000e+00
-3.279259920120239258e+00 1.706358528137207031e+01 0.000000000000000000e+00
1.507710456848144531e+00 -9.954853057861328125e+00 0.000000000000000000e+00
-3.252099990844726562e+00 5.920076847076416016e+00 0.000000000000000000e+00
-8.765825033187866211e-01 -1.578785991668701172e+01 0.000000000000000000e+00
3.796222448348999023e+00 8.817540168762207031e+00 0.000000000000000000e+00
-7.257580757141113281e+00 -1.180147838592529297e+01 0.000000000000000000e+00
1.579454231262207031e+01 6.374382019042968750e+00 0.000000000000000000e+00
5.033349037170410156e+00 -4.519462585449218750e-01 0.000000000000000000e+00
-4.814005374908447266e+00 -1.638476252555847168e+00 0.000000000000000000e+00
1.041217517852783203e+01 7.982508182525634766e+00 0.000000000000000000e+00
6.821532726287841797e+00 -3.310788631439208984e+00 0.000000000000000000e+00
1.615140914916992188e+01 3.450689315795898438e+00 0.000000000000000000e+00
-1.099146747589111328e+01 5.433954238891601562e+00 0.000000000000000000e+00
-9.705294370651245117e-01 -1.288135433197021484e+01 0.000000000000000000e+00
1.147793197631835938e+01 1.256154060363769531e+01 0.000000000000000000e+00
7.037861824035644531e+00 5.527549743652343750e+00 0.000000000000000000e+00
-8.733462333679199219e+00 9.683611989021301270e-01 0.000000000000000000e+00
-4.574374675750732422e+00 1.616666603088378906e+01 0.000000000000000000e+00
-2.020815372467041016e+00 1.367706656455993652e+00 0.000000000000000000e+00
-1.049882602691650391e+01 1.541641473770141602e+00 0.000000000000000000e+00
-5.413239479064941406e+00 -7.349595546722412109e+00 0.000000000000000000e+00
1.065203666687011719e+01 4.910996437072753906e+00 0.000000000000000000e+00
1.115032482147216797e+01 1.029838085174560547e+01 0.000000000000000000e+00
-1.180507019162178040e-01 1.010748195648193359e+01 0.000000000000000000e+00
-4.870044231414794922e+00 -1.613594436645507812e+01 0.000000000000000000e+00
-1.300440216064453125e+01 -4.780620098114013672e+00 0.000000000000000000e+00
-1.051032924652099609e+01 1.086836051940917969e+01 0.000000000000000000e+00
9.053899765014648438e+00 1.101668071746826172e+01 0.000000000000000000e+00
-5.072719454765319824e-01 -7.326682090759277344e+00 0.000000000000000000e+00
1.281560802459716797e+01 1.128501605987548828e+01 0.000000000000000000e+00
-1.682334327697753906e+01 -6.427598595619201660e-01 0.000000000000000000e+00
-1.266842079162597656e+01 4.991966724395751953e+00 0.000000000000000000e+00
-7.324552536010742188e+00 8.784277915954589844e+00 0.000000000000000000e+00
4.358969211578369141e+00 5.731205940246582031e+00 0.000000000000000000e+00
-6.401673793792724609e+00 -9.460821747779846191e-01 0.000000000000000000e+00
-9.744968414306640625e-01 7.026515007019042969e+00 0.000000000000000000e+00
-2.784823417663574219e+00 -1.699572944641113281e+01 0.000000000000000000e+00
-5.574555397033691406e+00 1.247279548645019531e+01 0.000000000000000000e+00
-2.249932289123535156e+00 -1.380750465393066406e+01 0.000000000000000000e+00
8.419618606567382812e+00 -2.929759263992309570e+00 0.000000000000000000e+00
-9.970182418823242188e+00 -9.940339088439941406e+00 0.000000000000000000e+00
1.201777648925781250e+01 -8.937960624694824219e+00 0.000000000000000000e+00
-7.153715133666992188e+00 4.078861474990844727e-01 0.000000000000000000e+00
-1.233869647979736328e+01 -8.585385322570800781e+00 0.000000000000000000e+00
-3.241116285324096680e+00 -9.510325431823730469e+00 0.000000000000000000e+00
-5.236981868743896484e+00 3.016466379165649414e+00 0.000000000000000000e+00
-3.970144748687744141e+00 1.458133506774902344e+01 0.000000000000000000e+00
-8.165979385375976562e+00 -8.218887448310852051e-01 0.000000000000000000e+00
-1.019934654235839844e+01 -8.130672454833984375e+00 0.000000000000000000e+00
5.391021728515625000e+00 6.952907562255859375e+00 0.000000000000000000e+00
6.315180301666259766e+00 -9.669445037841796875e+00 0.000000000000000000e+00
6.269165039062500000e+00 4.134133160114288330e-01 0.000000000000000000e+00
-1.492245483398437500e+01 6.992098331451416016e+00 0.000000000000000000e+00
3.280021846294403076e-01 -2.726601362228393555e+00 0.000000000000000000e+00
-8.071402549743652344e+00 2.826563119888305664e+00 0.000000000000000000e+00
-1.918062448501586914e+00 -8.484910964965820312e+00 0.000000000000000000e+00
6.187854766845703125e+00 1.314603328704833984e+01 0.000000000000000000e+00
-6.059401512145996094e+00 6.595409393310546875e+00 0.000000000000000000e+00
2.854687690734863281e+00 2.364350557327270508e+00 0.000000000000000000e+00
8.982204437255859375e+00 2.386109828948974609e+00 0.000000000000000000e+00
1.497099399566650391e+01 8.719130516052246094e+00 0.000000000000000000e+00
1.267515301704406738e+00 1.595938205718994141e+01 0.000000000000000000e+00
-1.521811771392822266e+01 -7.662619590759277344e+00 0.000000000000000000e+00
1.636828541755676270e+00 -5.372774600982666016e+00 0.000000000000000000e+00
