7.730160713195800781e+00 1.131294345855712891e+01 0.000000000000000000e+00
-4.501400470733642578e+00 -1.560263919830322266e+01 0.000000000000000000e+00
6.397852897644042969e+00 8.558450698852539062e+00 0.000000000000000000e+00
3.525569438934326172e+00 -7.811102867126464844e+00 0.000000000000000000e+00
-3.207229375839233398e+00 7.454503059387207031e+00 0.000000000000000000e+00
6.094344854354858398e-01 1.640522766113281250e+01 0.000000000000000000e+00
3.195816278457641602e+00 1.684548950195312500e+01 0.000000000000000000e+00
-2.490778446197509766e+00 -1.717615699768066406e+01 0.000000000000000000e+00
-8.181762099266052246e-01 -4.863383293151855469e+00 0.000000000000000000e+00
4.461492061614990234e+00 -9.081568717956542969e+00 0.000000000000000000e+00
-5.260081768035888672e+00 -4.575006663799285889e-01 0.000000000000000000e+00
6.860826969146728516e+00 -1.021174049377441406e+01 0.000000000000000000e+00
5.556679725646972656e+00 3.878228664398193359e+00 0.000000000000000000e+00
-7.460214138031005859e+00 -1.116313743591308594e+01 0.000000000000000000e+00
-1.630411720275878906e+01 4.884650707244873047e+00 0.000000000000000000e+00
1.221858406066894531e+01 -1.427336692810058594e+00 0.000000000000000000e+00
1.426132106781005859e+01 -1.697950243949890137e+00 0.000000000000000000e+00
2.091178655624389648e+00 -1.413248443603515625e+01 0.000000000000000000e+00
-8.822620391845703125e+00 -2.927890300750732422e+00 0.000000000000000000e+00
-2.224852323532104492e+00 -4.159160614013671875e+00 0.000000000000000000e+00
9.191102981567382812e+00 -5.024317741394042969e+00 0.000000000000000000e+00
-7.074888706207275391e+00 1.227369213104248047e+01 0.000000000000000000e+00
-2.151549100875854492e+00 -6.933187007904052734e+00 0.000000000000000000e+00
-8.894817352294921875e+00 1.241726303100585938e+01 0.000000000000000000e+00
-1.345570087432861328e+01 6.426393032073974609e+00 0.000000000000000000e+00
-1.332847213745117188e+01 -3.575886249542236328e+00 0.000000000000000000e+00
-5.662549495697021484e+00 -1.109564971923828125e+01 0.000000000000000000e+00
-1.451910495758056641e+01 2.928979873657226562e+00 0.000000000000000000e+00
-3.861308336257934570e+00 1.146433734893798828e+01 0.000000000000000000e+00
1.060049724578857422e+01 -1.937303319573402405e-02 0.000000000000000000e+00
-2.819906711578369141e+00 -1.112946701049804688e+01 0.000000000000000000e+00
9.718340873718261719e+00 1.389475154876708984e+01 0.000000000000000000e+00
7.127317428588867188e+00 -2.210569858551025391e+00 0.000000000000000000e+00
6.963684082031250000e+00 -4.221076011657714844e+00 0.000000000000000000e+00
1.917853832244873047e+00 -7.370714187622070312e+00 0.000000000000000000e+00
3.071664094924926758e+00 9.104283332824707031e+00 0.000000000000000000e+00
-2.134669542312622070e+00 1.099907684326171875e+01 0.000000000000000000e+00
7.690368652343750000e+00 -8.049089431762695312e+00 0.000000000000000000e+00
-2.388368844985961914e+00 -1.319594144821166992e+00 0.000000000000000000e+00
4.105491161346435547e+00 -4.879053115844726562e+00 0.000000000000000000e+00
4.118628799915313721e-01 -1.394304394721984863e+00 0.000000000000000000e+00
1.609437751770019531e+01 6.847088336944580078e+00 0.000000000000000000e+00
1.306557369232177734e+01 6.159530162811279297e+00 0.000000000000000000e+00
-1.066805481910705566e+00 2.777401208877563477e+00 0.000000000000000000e+00
5.867204189300537109e+00 1.358068108558654785e+00 0.000000000000000000e+00
-1.056461811065673828e+01 1.752287149429321289e+00 0.000000000000000000e+00
-7.410697937011718750e+00 -9.446289062500000000e+00 0.000000000000000000e+00
1.056965255737304688e+01 9.291984558105468750e+00 0.000000000000000000e+00
-1.430657577514648438e+01 -7.409820556640625000e+00 0.000000000000000000e+00
1.388790130615234375e+01 -6.834312438964843750e+00 0.000000000000000000e+00
-1.223723411560058594e+01 -1.189406299591064453e+01 0.000000000000000000e+00
1.680975407361984253e-01 -6.491825103759765625e+00 0.000000000000000000e+00
-9.250632286071777344e+00 -1.123451709747314453e+01 0.000000000000000000e+00
-6.665544509887695312e+00 -5.717339992523193359e+00 0.000000000000000000e+00
5.900510787963867188e+00 -1.243585395812988281e+01 0.000000000000000000e+00
1.306128406524658203e+01 3.984715938568115234e+00 0.000000000000000000e+00
-4.827317237854003906e+00 6.871757984161376953e+00 0.000000000000000000e+00
-1.566525840759277344e+01 -5.497137308120727539e-01 0.000000000000000000e+00
1.055570507049560547e+01 4.696090698242187500e+00 0.000000000000000000e+00
-3.552314996719360352e+00 5.842289447784423828e+00 0.000000000000000000e+00
-2.764517545700073242e+00 1.401520347595214844e+01 0.000000000000000000e+00
-2.507379531860351562e+00 -1.469986820220947266e+01 0.000000000000000000e+00
2.625296592712402344e+00 7.133637905120849609e+00 0.000000000000000000e+00
8.780548095703125000e+00 1.485665798187255859e+00 0.000000000000000000e+00
1.056290435791015625e+01 6.614876747131347656e+00 0.000000000000000000e+00
7.537181377410888672e+00 4.656100273132324219e+00 0.000000000000000000e+00
-4.712273120880126953e+00 -2.716848850250244141e+00 0.000000000000000000e+00
1.697368431091308594e+01 -1.238761901855468750e+00 0.000000000000000000e+00
-1.473732185363769531e+01 4.915719509124755859e+00 0.000000000000000000e+00
-1.028418540954589844e+01 -6.319231033325195312e+00 0.000000000000000000e+00
-9.260780334472656250e+00 4.194198131561279297e+00 0.000000000000000000e+00
-9.046004295349121094e+00 -1.397433185577392578e+01 0.000000000000000000e+00
-6.568538665771484375e+00 8.689021110534667969e+00 0.000000000000000000e+00
-7.744853019714355469e+00 1.365346908569335938e+01 0.000000000000000000e+00
6.558315277099609375e+00 -6.755172252655029297e+00 0.000000000000000000e+00
-5.516370773315429688e+00 -1.322011852264404297e+01 0.000000000000000000e+00
-1.183338069915771484e+01 -4.162500381469726562e+00 0.000000000000000000e+00
-9.525108337402343750e+00 1.384887313842773438e+01 0.000000000000000000e+00
-2.959358930587768555e+00 3.639998912811279297e+00 0.000000000000000000e+00
-6.639823436737060547e+00 3.354147195816040039e+00 0.000000000000000000e+00
3.524784088134765625e+00 1.306554603576660156e+01 0.000000000000000000e+00
8.894592285156250000e+00 -1.009189009666442871e+00 0.000000000000000000e+00
1.581909465789794922e+01 -4.397284030914306641e+00 0.000000000000000000e+00
-4.173153877258300781e+00 -6.321150779724121094e+00 0.000000000000000000e+00
9.471867561340332031e+00 3.122945308685302734e+00 0.000000000000000000e+00
3.551736116409301758e+00 1.069311809539794922e+01 0.000000000000000000e+00
4.128659248352050781e+00 -1.261826419830322266e+01 0.000000000000000000e+00
4.193600118160247803e-01 -9.990803718566894531e+00 0.000000000000000000e+00
-1.622652626037597656e+01 -4.866798400878906250e+00 0.000000000000000000e+00
-1.119729518890380859e+01 -1.973209857940673828e+00 0.000000000000000000e+00
1.706751585006713867e+00 8.418210029602050781e+00 0.000000000000000000e+00
1.032992172241210938e+01 1.153970146179199219e+01 0.000000000000000000e+00
-1.743932342529296875e+01 9.534685611724853516e-01 0.000000000000000000e+00
1.317968559265136719e+01 1.148805046081542969e+01 0.000000000000000000e+00
-1.716605949401855469e+01 -9.031720161437988281e-01 0.000000000000000000e+00
7.182269573211669922e+00 -4.569313824176788330e-01 0.000000000000000000e+00
2.705061197280883789e+00 -5.504291534423828125e+00 0.000000000000000000e+00
1.713082909584045410e+00 -1.574860668182373047e+01 0.000000000000000000e+00
1.072811794281005859e+01 -5.759027957916259766e+00 0.000000000000000000e+00
1.321339416503906250e+01 -2.776664972305297852e+00 0.000000000000000000e+00
-1.242020502686500549e-01 4.601424217224121094e+00 0.000000000000000000e+00
-5.278375148773193359e+00 1.036431503295898438e+01 0.000000000000000000e+00
5.489679336547851562e+00 -1.678304314613342285e+00 0.000000000000000000e+00
-1.025823402404785156e+01 1.168202877044677734e+01 0.000000000000000000e+00
1.596582889556884766e+00 3.049243211746215820e+00 0.000000000000000000e+00
6.637545108795166016e+00 -1.486995601654052734e+01 0.000000000000000000e+00
-8.169627189636230469e-01 1.313932687044143677e-01 0.000000000000000000e+00
-7.731145620346069336e-01 -1.300699520111083984e+01 0.000000000000000000e+00
1.200982284545898438e+01 1.897549986839294434e+00 0.000000000000000000e+00
1.617490005493164062e+01 8.782995939254760742e-01 0.000000000000000000e+00
8.831929564476013184e-01 1.246674060821533203e+01 0.000000000000000000e+00
-8.656365275382995605e-01 -8.675200462341308594e+00 0.000000000000000000e+00
1.719898605346679688e+01 2.027935743331909180e+00 0.000000000000000000e+00
4.660877585411071777e-01 1.562782764434814453e+00 0.000000000000000000e+00
-9.001908302307128906e+00 -5.178546905517578125e+00 0.000000000000000000e+00
-1.310015964508056641e+01 8.177269935607910156e+00 0.000000000000000000e+00
-8.333280563354492188e+00 6.297422885894775391e+00 0.000000000000000000e+00
-3.825005531311035156e+00 1.637144088745117188e+01 0.000000000000000000e+00
4.391830921173095703e+00 -1.091999053955078125e+01 0.000000000000000000e+00
-5.358079910278320312e+00 -9.021780967712402344e+00 0.000000000000000000e+00
1.116261768341064453e+01 -2.755612611770629883e+00 0.000000000000000000e+00
1.263604354858398438e+01 8.163447380065917969e+00 0.000000000000000000e+00
-7.654888153076171875e+00 -4.352386474609375000e+00 0.000000000000000000e+00
2.388817548751831055e+00 1.447270488739013672e+01 0.000000000000000000e+00
-8.838188171386718750e+00 -1.313262224197387695e+00 0.000000000000000000e+00
-3.173423528671264648e+00 1.421403169631958008e+00 0.000000000000000000e+00
2.031331062316894531e-01 9.971068382263183594e+00 0.000000000000000000e+00
-1.433936119079589844e+00 -2.759125232696533203e+00 0.000000000000000000e+00
3.737098455429077148e+00 -3.777689337730407715e-01 0.000000000000000000e+00
-1.425748538970947266e+01 -4.801843643188476562e+00 0.000000000000000000e+00
1.368786048889160156e+01 -4.593461990356445312e+00 0.000000000000000000e+00
2.175126314163208008e+00 -9.880145072937011719e+00 0.000000000000000000e+00
1.146100425720214844e+01 -1.271187782287597656e+01 0.000000000000000000e+00
-3.067605197429656982e-01 -1.538121128082275391e+01 0.000000000000000000e+00
4.207222461700439453e+00 1.935736894607543945e+00 0.000000000000000000e+00
9.114847183227539062e+00 -7.238400936126708984e+00 0.000000000000000000e+00
-2.015564680099487305e+00 1.257633686065673828e+01 0.000000000000000000e+00
7.469194412231445312e+00 1.467082691192626953e+01 0.000000000000000000e+00
-9.724823951721191406e+00 7.714189052581787109e+00 0.000000000000000000e+00
-1.541683959960937500e+01 7.559680461883544922e+00 0.000000000000000000e+00
1.465225410461425781e+01 -8.471590995788574219e+00 0.000000000000000000e+00
1.319389343261718750e+01 -9.930873870849609375e+00 0.000000000000000000e+00
4.132725238800048828e+00 -1.615956497192382812e+01 0.000000000000000000e+00
-8.500768661499023438e+00 1.511876392364501953e+01 0.000000000000000000e+00
1.421801090240478516e+01 7.998217582702636719e+00 0.000000000000000000e+00
8.876137733459472656e+00 -1.067591667175292969e+01 0.000000000000000000e+00
-6.623156070709228516e-01 1.130380344390869141e+01 0.000000000000000000e+00
-1.310008239746093750e+01 1.105257797241210938e+01 0.000000000000000000e+00
-4.202307224273681641e+00 -1.221008014678955078e+01 0.000000000000000000e+00
-1.742003411054611206e-01 6.350351810455322266e+00 0.000000000000000000e+00
5.712597846984863281e+00 1.144298362731933594e+01 0.000000000000000000e+00
2.390172719955444336e+00 3.214512765407562256e-01 0.000000000000000000e+00
1.145272350311279297e+01 1.291559314727783203e+01 0.000000000000000000e+00
2.360698938369750977e+00 -2.661166191101074219e+00 0.000000000000000000e+00
4.361093521118164062e+00 6.323073863983154297e+00 0.000000000000000000e+00
-1.120609760284423828e+01 8.203789710998535156e+00 0.000000000000000000e+00
-3.677096366882324219e+00 -7.944603443145751953e+00 0.000000000000000000e+00
-3.833982348442077637e-01 7.883636474609375000e+00 0.000000000000000000e+00
1.391764736175537109e+01 2.255443334579467773e+00 0.000000000000000000e+00
-8.948837280273437500e+00 1.064161491394042969e+01 0.000000000000000000e+00
-5.831583023071289062e+00 1.384492397308349609e+01 0.000000000000000000e+00
-1.002443504333496094e+01 -1.262176227569580078e+01 0.000000000000000000e+00
9.508375167846679688e+00 7.732978820800781250e+00 0.000000000000000000e+00
6.956205368041992188e+00 6.170795440673828125e+00 0.000000000000000000e+00
1.225811862945556641e+01 -7.037918567657470703e+00 0.000000000000000000e+00
-1.837499499320983887e+00 5.341884613037109375e+00 0.000000000000000000e+00
3.846446990966796875e+00 -2.337643623352050781e+00 0.000000000000000000e+00
1.180780649185180664e+00 -4.564978599548339844e+00 0.000000000000000000e+00
-8.579751968383789062e+00 1.752912640571594238e+00 0.000000000000000000e+00
5.466936588287353516e+00 -4.008753299713134766e+00 0.000000000000000000e+00
-1.359299659729003906e+01 -9.116595268249511719e+00 0.000000000000000000e+00
-6.189216136932373047e+00 1.582587814331054688e+01 0.000000000000000000e+00
-4.913166999816894531e+00 4.034590244293212891e+00 0.000000000000000000e+00
1.047590065002441406e+01 1.871155381202697754e+00 0.000000000000000000e+00
-1.192355632781982422e+01 -8.659281730651855469e+00 0.000000000000000000e+00
9.842238426208496094e+00 -1.242417716979980469e+01 0.000000000000000000e+00
4.896998405456542969e+00 1.577816200256347656e+01 0.000000000000000000e+00
5.952046394348144531e+00 -1.626538658142089844e+01 0.000000000000000000e+00
-3.602733850479125977e+00 -1.025918349623680115e-01 0.000000000000000000e+00
1.630957031250000000e+01 5.249816417694091797e+00 0.000000000000000000e+00
-6.786458492279052734e+00 8.664829730987548828e-01 0.000000000000000000e+00
6.059994697570800781e+00 1.308423995971679688e+01 0.000000000000000000e+00
1.066921520233154297e+01 -9.849825859069824219e+00 0.000000000000000000e+00
-6.804812431335449219e+00 4.860415458679199219e+00 0.000000000000000000e+00
-1.591193103790283203e+01 -2.688532352447509766e+00 0.000000000000000000e+00
4.587787151336669922e+00 8.847946166992187500e+00 0.000000000000000000e+00
-6.722351074218750000e+00 -1.546923255920410156e+01 0.000000000000000000e+00
-5.687082767486572266e+00 -4.308088779449462891e+00 0.000000000000000000e+00
1.595800518989562988e+00 -1.231792640686035156e+01 0.000000000000000000e+00
-1.544470310211181641e+01 -6.170666217803955078e+00 0.000000000000000000e+00
-4.134777545928955078e+00 -1.002059364318847656e+01 0.000000000000000000e+00
1.658494949340820312e+01 3.495862483978271484e+00 0.000000000000000000e+00
-1.265103435516357422e+01 -5.860790729522705078e+00 0.000000000000000000e+00
3.021953105926513672e+00 4.763324737548828125e+00 0.000000000000000000e+00
-1.215282058715820312e+01 1.712889075279235840e+00 0.000000000000000000e+00
-9.913173675537109375e+00 5.783691406250000000e+00 0.000000000000000000e+00
-1.080953693389892578e+01 -1.091296577453613281e+01 0.000000000000000000e+00
7.823672294616699219e+00 -1.245102787017822266e+01 0.000000000000000000e+00
-1.407761096954345703e+01 6.651175208389759064e-03 0.000000000000000000e+00
1.283853149414062500e+01 -1.171388053894042969e+01 0.000000000000000000e+00
3.854801893234252930e+00 -1.450575256347656250e+01 0.000000000000000000e+00
1.206888484954833984e+01 1.035167694091796875e+01 0.000000000000000000e+00
6.058007478713989258e-01 -1.745610427856445312e+01 0.000000000000000000e+00
-4.662765502929687500e+00 1.066677927970886230e+00 0.000000000000000000e+00
-1.304015159606933594e+00 -1.026543712615966797e+01 0.000000000000000000e+00
9.063936233520507812e+00 6.136654853820800781e+00 0.000000000000000000e+00
8.675909996032714844e+00 -1.407526016235351562e+01 0.000000000000000000e+00
-1.152371501922607422e+01 1.254130077362060547e+01 0.000000000000000000e+00
-5.362399578094482422e+00 1.195823860168457031e+01 0.000000000000000000e+00
-1.278472328186035156e+01 3.533753156661987305e+00 0.000000000000000000e+00
-1.144134807586669922e+01 -8.378613740205764771e-02 0.000000000000000000e+00
-1.119405651092529297e+01 4.652708530426025391e+00 0.000000000000000000e+00
9.479343414306640625e+00 -2.553655862808227539e+00 0.000000000000000000e+00
4.772695541381835938e+00 -6.550666809082031250e+00 0.000000000000000000e+00
1.371551513671875000e+00 5.782923221588134766e+00 0.000000000000000000e+00
-8.113634586334228516e-01 1.701801681518554688e+01 0.000000000000000000e+00
2.477337598800659180e+00 1.181170940399169922e+01 0.000000000000000000e+00
-1.611214256286621094e+01 3.190598011016845703e+00 0.000000000000000000e+00
-1.086063194274902344e+01 9.928004264831542969e+00 0.000000000000000000e+00
-7.382991790771484375e+00 1.062389755249023438e+01 0.000000000000000000e+00
-1.459798622131347656e+01 9.009523391723632812e+00 0.000000000000000000e+00
1.383290958404541016e+01 9.607359886169433594e+00 0.000000000000000000e+00
-9.821452140808105469e+00 -9.764347076416015625e+00 0.000000000000000000e+00
-3.101671673357486725e-02 -1.169921875000000000e+01 0.000000000000000000e+00
-6.571300983428955078e+00 -2.977866649627685547e+00 0.000000000000000000e+00
9.259644508361816406e+00 -8.786570549011230469e+00 0.000000000000000000e+00
-1.727067232131958008e+00 9.281657218933105469e+00 0.000000000000000000e+00
7.984804630279541016e+00 9.359856605529785156e+00 0.000000000000000000e+00
-1.334846305847167969e+01 -1.073767089843750000e+01 0.000000000000000000e+00
1.477388095855712891e+01 3.994367599487304688e+00 0.000000000000000000e+00
-1.814983487129211426e-01 1.481946372985839844e+01 0.000000000000000000e+00
-4.108705520629882812e+00 -4.172212123870849609e+00 0.000000000000000000e+00
-8.103711128234863281e+00 8.462432861328125000e+00 0.000000000000000000e+00
-1.897124052047729492e+00 1.560435867309570312e+01 0.000000000000000000e+00
6.013805866241455078e-01 -3.025253772735595703e+00 0.000000000000000000e+00
-7.540665626525878906e+00 -1.367067146301269531e+01 0.000000000000000000e+00
7.833291530609130859e+00 7.710272312164306641e+00 0.000000000000000000e+00
-8.769409179687500000e+00 -8.551850318908691406e+00 0.000000000000000000e+00
1.210356521606445312e+01 -4.387150287628173828e+00 0.000000000000000000e+00
-1.043669605255126953e+01 -8.300224304199218750e+00 0.000000000000000000e+00
-1.024483680725097656e+01 -3.511768579483032227e+00 0.000000000000000000e+00
-4.508347511291503906e-01 1.317726230621337891e+01 0.000000000000000000e+00
8.497516632080078125e+00 1.289905166625976562e+01 0.000000000000000000e+00
-6.833597660064697266e+00 -7.329190731048583984e+00 0.000000000000000000e+00
-2.641419887542724609e+00 -9.210148811340332031e+00 0.000000000000000000e+00
1.568372344970703125e+01 -2.850902795791625977e+00 0.000000000000000000e+00
1.528979015350341797e+01 -3.614480495452880859e-01 0.000000000000000000e+00
-1.328390312194824219e+01 -1.823395252227783203e+00 0.000000000000000000e+00
1.693763852119445801e+00 1.021499347686767578e+01 0.000000000000000000e+00
-4.682993888854980469e+00 1.492893314361572266e+01 0.000000000000000000e+00
1.271546173095703125e+01 8.142538368701934814e-02 0.000000000000000000e+00
-6.668295860290527344e+00 -1.241464614868164062e+00 0.000000000000000000e+00
1.560858345031738281e+01 2.273319721221923828e+00 0.000000000000000000e+00
5.461801528930664062e+00 -1.648529917001724243e-01 0.000000000000000000e+00
5.984178066253662109e+00 -8.501458168029785156e+00 0.000000000000000000e+00
-3.276731252670288086e+00 9.686263084411621094e+00 0.000000000000000000e+00
