3.988077640533447266e+00 -9.824102401733398438e+00 0.000000000000000000e+00
-1.519084548950195312e+01 -1.485834002494812012e+00 0.000000000000000000e+00
2.457288742065429688e+00 -1.410396575927734375e+01 0.000000000000000000e+00
2.143860578536987305e+00 8.650047302246093750e+00 0.000000000000000000e+00
-1.339657878875732422e+01 2.796437978744506836e+00 0.000000000000000000e+00
8.420275688171386719e+00 5.335137844085693359e+00 0.000000000000000000e+00
8.700944900512695312e+00 -1.448911952972412109e+01 0.000000000000000000e+00
5.730988502502441406e+00 6.503889560699462891e+00 0.000000000000000000e+00
-1.062413024902343750e+01 9.023172378540039062e+00 0.000000000000000000e+00
-6.495643615722656250e+00 -7.305766344070434570e-01 0.000000000000000000e+00
-1.401543617248535156e+01 -1.036307716369628906e+01 0.000000000000000000e+00
-9.887059211730957031e+00 -7.273250102996826172e+00 0.000000000000000000e+00
-5.865080833435058594e+00 8.552260398864746094e+00 0.000000000000000000e+00
-3.140258550643920898e+00 -8.972258567810058594e+00 0.000000000000000000e+00
1.461110401153564453e+01 3.586330890655517578e+00 0.000000000000000000e+00
5.386897087097167969e+00 -5.823503971099853516e+00 0.000000000000000000e+00
7.170142173767089844e+00 -1.065886211395263672e+01 0.000000000000000000e+00
-2.428786039352416992e+00 1.169420146942138672e+01 0.000000000000000000e+00
-1.011367130279541016e+01 7.451938629150390625e+00 0.000000000000000000e+00
8.150405883789062500e+00 1.985880255699157715e+00 0.000000000000000000e+00
-8.397446632385253906e+00 -1.349495601654052734e+01 0.000000000000000000e+00
3.089381217956542969e+00 -5.187446594238281250e+00 0.000000000000000000e+00
-1.082848453521728516e+01 -9.629819869995117188e+00 0.000000000000000000e+00
-2.214096546173095703e+00 8.776336669921875000e+00 0.000000000000000000e+00
6.986177444458007812e+00 -7.858286380767822266e+00 0.000000000000000000e+00
6.122418403625488281e+00 9.765442848205566406e+00 0.000000000000000000e+00
-1.020081281661987305e+00 -2.452194690704345703e+00 0.000000000000000000e+00
9.627869606018066406e+00 -7.621787548065185547e+00 0.000000000000000000e+00
1.304473590850830078e+01 -7.368753433227539062e+00 0.000000000000000000e+00
1.013447189331054688e+01 -1.159784793853759766e+01 0.000000000000000000e+00
3.919259309768676758e-01 -7.954114437103271484e+00 0.000000000000000000e+00
2.527294158935546875e+00 -1.693963813781738281e+01 0.000000000000000000e+00
9.727305412292480469e+00 -2.420104026794433594e+00 0.000000000000000000e+00
1.156824016571044922e+01 1.192102050781250000e+01 0.000000000000000000e+00
-1.489872837066650391e+01 7.770154953002929688e+00 0.000000000000000000e+00
3.980863809585571289e+00 1.429168796539306641e+01 0.000000000000000000e+00
1.566714286804199219e+01 -4.277717590332031250e+00 0.000000000000000000e+00
-3.784397602081298828e+00 1.434595942497253418e+00 0.000000000000000000e+00
1.300189113616943359e+01 -4.167673587799072266e+00 0.000000000000000000e+00
6.970050334930419922e+00 1.108163356781005859e+01 0.000000000000000000e+00
1.481872677803039551e+00 -4.602971076965332031e+00 0.000000000000000000e+00
-7.126757144927978516e+00 -4.340696811676025391e+00 0.000000000000000000e+00
-2.442914962768554688e+00 1.664201736450195312e+01 0.000000000000000000e+00
-3.765196323394775391e+00 1.326280784606933594e+01 0.000000000000000000e+00
-8.475575447082519531e+00 5.554375648498535156e-01 0.000000000000000000e+00
1.110366535186767578e+01 2.357321500778198242e+00 0.000000000000000000e+00
-8.170299530029296875e+00 -6.775681972503662109e+00 0.000000000000000000e+00
-5.287380695343017578e+00 6.252720355987548828e+00 0.000000000000000000e+00
2.188905030488967896e-01 -1.048483753204345703e+01 0.000000000000000000e+00
5.006012916564941406e+00 -1.808822154998779297e+00 0.000000000000000000e+00
-8.876515626907348633e-01 -1.449612045288085938e+01 0.000000000000000000e+00
-1.293202590942382812e+01 7.535016536712646484e+00 0.000000000000000000e+00
1.733266830444335938e+00 7.431328296661376953e-02 0.000000000000000000e+00
3.879800558090209961e+00 1.047803592681884766e+01 0.000000000000000000e+00
1.059625244140625000e+01 -1.000170230865478516e+01 0.000000000000000000e+00
6.525943279266357422e+00 -8.822013437747955322e-02 0.000000000000000000e+00
-4.072453022003173828e+00 -5.372677326202392578e+00 0.000000000000000000e+00
4.089379787445068359e+00 -1.156457614898681641e+01 0.000000000000000000e+00
4.613131999969482422e+00 1.576898956298828125e+01 0.000000000000000000e+00
1.091582489013671875e+01 -3.503391742706298828e+00 0.000000000000000000e+00
1.560005855560302734e+01 5.576700687408447266e+00 0.000000000000000000e+00
-1.291359329223632812e+01 -3.952986955642700195e+00 0.000000000000000000e+00
-9.377512931823730469e+00 -1.039794802665710449e+00 0.000000000000000000e+00
-3.604633092880249023e+00 4.257869720458984375e+00 0.000000000000000000e+00
6.948413848876953125e-01 -1.399898815155029297e+01 0.000000000000000000e+00
-2.013236761093139648e+00 -1.163757514953613281e+01 0.000000000000000000e+00
6.303257346153259277e-01 1.557915568351745605e+00 0.000000000000000000e+00
-4.522552490234375000e+00 1.147613334655761719e+01 0.000000000000000000e+00
-4.684964179992675781e+00 -8.280611038208007812e+00 0.000000000000000000e+00
-8.080701828002929688e+00 4.056120395660400391e+00 0.000000000000000000e+00
2.013847351074218750e+00 -7.077326774597167969e+00 0.000000000000000000e+00
2.635634422302246094e+00 -8.475845336914062500e+00 0.000000000000000000e+00
-5.227999210357666016e+00 2.450999021530151367e+00 0.000000000000000000e+00
2.229425907135009766e+00 6.861079216003417969e+00 0.000000000000000000e+00
-9.531191825866699219e+00 -8.856903076171875000e+00 0.000000000000000000e+00
8.196022033691406250e+00 -6.595609784126281738e-01 0.000000000000000000e+00
9.966482162475585938e+00 3.791987895965576172e+00 0.000000000000000000e+00
-9.213760375976562500e+00 1.397957420349121094e+01 0.000000000000000000e+00
4.122121810913085938e+00 4.458028793334960938e+00 0.000000000000000000e+00
-3.908086776733398438e+00 1.494608688354492188e+01 0.000000000000000000e+00
7.859559059143066406e-01 4.627116680145263672e+00 0.000000000000000000e+00
-4.643447875976562500e+00 -1.660354804992675781e+01 0.000000000000000000e+00
1.341777801513671875e+01 8.154255867004394531e+00 0.000000000000000000e+00
3.078702986240386963e-01 -1.568138718605041504e+00 0.000000000000000000e+00
-1.292954730987548828e+01 -1.230863213539123535e+00 0.000000000000000000e+00
-5.658387660980224609e+00 1.008235454559326172e+01 0.000000000000000000e+00
-1.224463176727294922e+01 4.949575424194335938e+00 0.000000000000000000e+00
-8.341948509216308594e+00 -3.350824594497680664e+00 0.000000000000000000e+00
-1.058325767517089844e+01 1.776557207107543945e+00 0.000000000000000000e+00
6.793282508850097656e+00 -2.625762701034545898e+00 0.000000000000000000e+00
-6.896103858947753906e+00 -1.046094608306884766e+01 0.000000000000000000e+00
-7.667558193206787109e+00 1.311640834808349609e+01 0.000000000000000000e+00
6.716477394104003906e+00 1.355491542816162109e+01 0.000000000000000000e+00
-7.577988505363464355e-01 1.082379722595214844e+01 0.000000000000000000e+00
-1.695272636413574219e+01 1.157368183135986328e+00 0.000000000000000000e+00
1.190974998474121094e+01 1.003068351745605469e+01 0.000000000000000000e+00
2.301008462905883789e+00 -1.194000148773193359e+01 0.000000000000000000e+00
-3.726831436157226562e+00 -8.668169975280761719e-01 0.000000000000000000e+00
-1.685916328430175781e+01 3.769697666168212891e+00 0.000000000000000000e+00
3.389526605606079102e-01 -5.794884681701660156e+00 0.000000000000000000e+00
-7.316136837005615234e+00 -1.227468681335449219e+01 0.000000000000000000e+00
7.931863784790039062e+00 -3.717182874679565430e+00 0.000000000000000000e+00
-8.368350267410278320e-01 3.551870346069335938e+00 0.000000000000000000e+00
1.432481670379638672e+01 -1.219936311244964600e-01 0.000000000000000000e+00
-5.833031654357910156e+00 -1.551621723175048828e+01 0.000000000000000000e+00
5.993812084197998047e+00 -1.297817325592041016e+01 0.000000000000000000e+00
8.275043487548828125e+00 7.571084022521972656e+00 0.000000000000000000e+00
4.889449596405029297e+00 -1.651663970947265625e+01 0.000000000000000000e+00
1.166788959503173828e+01 -8.217994689941406250e+00 0.000000000000000000e+00
-3.957270383834838867e+00 -1.274726486206054688e+01 0.000000000000000000e+00
-1.843224406242370605e+00 5.902638435363769531e+00 0.000000000000000000e+00
-1.509804821014404297e+01 1.017198204994201660e+00 0.000000000000000000e+00
-1.464692878723144531e+01 3.818488836288452148e+00 0.000000000000000000e+00
4.257524490356445312e+00 1.232724475860595703e+01 0.000000000000000000e+00
-1.178379058837890625e+01 -1.152395439147949219e+01 0.000000000000000000e+00
3.785313129425048828e+00 1.240588665008544922e+00 0.000000000000000000e+00
9.358734130859375000e+00 -4.676012992858886719e+00 0.000000000000000000e+00
1.501587009429931641e+01 -8.899745941162109375e+00 0.000000000000000000e+00
2.977080106735229492e+00 -1.686119914054870605e+00 0.000000000000000000e+00
1.104101276397705078e+01 -4.532545804977416992e-01 0.000000000000000000e+00
1.670380020141601562e+01 1.999331355094909668e+00 0.000000000000000000e+00
-2.508029639720916748e-01 -1.585585594177246094e+01 0.000000000000000000e+00
1.137906742095947266e+01 4.836535453796386719e+00 0.000000000000000000e+00
1.386351490020751953e+01 -5.781676292419433594e+00 0.000000000000000000e+00
7.522737979888916016e+00 -6.373980045318603516e+00 0.000000000000000000e+00
1.403059482574462891e+00 1.721499824523925781e+01 0.000000000000000000e+00
1.279456710815429688e+01 -4.600926637649536133e-01 0.000000000000000000e+00
-2.136216163635253906e+00 2.730540037155151367e+00 0.000000000000000000e+00
-4.332488059997558594e+00 8.869825363159179688e+00 0.000000000000000000e+00
5.114303231239318848e-01 6.671877384185791016e+00 0.000000000000000000e+00
-8.054284453392028809e-01 1.434514808654785156e+01 0.000000000000000000e+00
1.564002037048339844e+01 7.084380149841308594e+00 0.000000000000000000e+00
8.569968223571777344e+00 1.253798866271972656e+01 0.000000000000000000e+00
1.601250267028808594e+01 -6.279856681823730469e+00 0.000000000000000000e+00
-7.898250818252563477e-01 -4.865828529000282288e-02 0.000000000000000000e+00
2.402418136596679688e+00 1.475785350799560547e+01 0.000000000000000000e+00
-5.632993221282958984e+00 -1.230778980255126953e+01 0.000000000000000000e+00
3.965770244598388672e+00 7.895894527435302734e+00 0.000000000000000000e+00
-1.180647253990173340e+00 -8.904837608337402344e+00 0.000000000000000000e+00
2.123158931732177734e+00 1.293779563903808594e+01 0.000000000000000000e+00
9.907200813293457031e+00 5.866890430450439453e+00 0.000000000000000000e+00
-4.600001871585845947e-01 1.286928749084472656e+01 0.000000000000000000e+00
1.380701637268066406e+01 -9.914888381958007812e+00 0.000000000000000000e+00
-1.168852233886718750e+01 -5.746758460998535156e+00 0.000000000000000000e+00
7.588483333587646484e+00 -1.315259647369384766e+01 0.000000000000000000e+00
3.142749786376953125e+00 2.679840803146362305e+00 0.000000000000000000e+00
-1.562945365905761719e+01 -3.165028572082519531e+00 0.000000000000000000e+00
-9.154201507568359375e+00 1.142710113525390625e+01 0.000000000000000000e+00
-9.839125633239746094e+00 4.930084705352783203e+00 0.000000000000000000e+00
-6.950987815856933594e+00 7.475150585174560547e+00 0.000000000000000000e+00
-1.161817932128906250e+01 3.574060916900634766e+00 0.000000000000000000e+00
-4.758577346801757812e+00 -1.000754356384277344e+01 0.000000000000000000e+00
1.334348964691162109e+01 1.064313983917236328e+01 0.000000000000000000e+00
1.048804378509521484e+01 8.683382034301757812e+00 0.000000000000000000e+00
-8.829906463623046875e+00 9.134620666503906250e+00 0.000000000000000000e+00
-6.049351692199707031e+00 -7.486712455749511719e+00 0.000000000000000000e+00
-8.787406921386718750e+00 -1.189414691925048828e+01 0.000000000000000000e+00
5.540713787078857422e+00 -1.448382854461669922e+01 0.000000000000000000e+00
-6.921694755554199219e+00 1.574065494537353516e+01 0.000000000000000000e+00
4.012414455413818359e+00 -1.408087635040283203e+01 0.000000000000000000e+00
-7.169412136077880859e+00 5.610661983489990234e+00 0.000000000000000000e+00
-7.874508857727050781e+00 -1.823960304260253906e+00 0.000000000000000000e+00
-5.099605560302734375e+00 -2.855941295623779297e+00 0.000000000000000000e+00
-1.678644561767578125e+01 -8.203780055046081543e-01 0.000000000000000000e+00
-1.942302584648132324e+00 -1.647686958312988281e+01 0.000000000000000000e+00
-7.069440841674804688e+00 1.611458063125610352e+00 0.000000000000000000e+00
-9.489226341247558594e+00 -1.459068298339843750e+01 0.000000000000000000e+00
1.000193119049072266e+01 1.305548191070556641e+01 0.000000000000000000e+00
-1.346043586730957031e+01 -7.044301033020019531e+00 0.000000000000000000e+00
6.772387027740478516e+00 5.360905647277832031e+00 0.000000000000000000e+00
1.166524410247802734e+01 -5.143301486968994141e+00 0.000000000000000000e+00
1.443432617187500000e+01 -3.319001674652099609e+00 0.000000000000000000e+00
-3.461863279342651367e+00 -1.488261127471923828e+01 0.000000000000000000e+00
6.054009914398193359e+00 2.882367849349975586e+00 0.000000000000000000e+00
-2.077884435653686523e+00 -7.468323230743408203e+00 0.000000000000000000e+00
9.602862358093261719e+00 1.076760387420654297e+01 0.000000000000000000e+00
1.694828796386718750e+01 -1.358863353729248047e+00 0.000000000000000000e+00
-5.674693107604980469e+00 1.313848400115966797e+01 0.000000000000000000e+00
-1.310869979858398438e+01 1.304762125015258789e+00 0.000000000000000000e+00
-2.121107816696166992e+00 1.351172065734863281e+01 0.000000000000000000e+00
-1.586919116973876953e+01 -4.956064224243164062e+00 0.000000000000000000e+00
1.274544048309326172e+01 2.989786386489868164e+00 0.000000000000000000e+00
-2.875725269317626953e+00 7.156579971313476562e+00 0.000000000000000000e+00
-6.231461524963378906e+00 -1.378496837615966797e+01 0.000000000000000000e+00
-1.109576034545898438e+01 -1.089065194129943848e+00 0.000000000000000000e+00
1.771344900131225586e+00 -3.053613185882568359e+00 0.000000000000000000e+00
9.489808082580566406e+00 1.450556659698486328e+01 0.000000000000000000e+00
8.244729995727539062e+00 3.652020215988159180e+00 0.000000000000000000e+00
5.403073310852050781e+00 -9.246384620666503906e+00 0.000000000000000000e+00
5.779498100280761719e+00 8.115670204162597656e+00 0.000000000000000000e+00
-2.464201450347900391e+00 -5.504021167755126953e+00 0.000000000000000000e+00
-7.692738056182861328e+00 -8.949386596679687500e+00 0.000000000000000000e+00
4.494697093963623047e+00 -4.483716487884521484e+00 0.000000000000000000e+00
1.268123722076416016e+01 6.559450626373291016e+00 0.000000000000000000e+00
-8.635838508605957031e+00 6.877189159393310547e+00 0.000000000000000000e+00
-1.036725234985351562e+01 -1.253475284576416016e+01 0.000000000000000000e+00
-1.188899803161621094e+01 1.022841739654541016e+01 0.000000000000000000e+00
-7.530916213989257812e+00 1.000397396087646484e+01 0.000000000000000000e+00
1.547518920898437500e+01 -1.724254369735717773e+00 0.000000000000000000e+00
-1.555505371093750000e+01 5.132867336273193359e+00 0.000000000000000000e+00
-7.566844940185546875e+00 -1.492619419097900391e+01 0.000000000000000000e+00
2.678819656372070312e+00 1.635971641540527344e+01 0.000000000000000000e+00
1.488899517059326172e+01 8.503846168518066406e+00 0.000000000000000000e+00
6.697704792022705078e+00 1.580799961090087891e+01 0.000000000000000000e+00
6.074301004409790039e-01 1.589751911163330078e+01 0.000000000000000000e+00
1.162095832824707031e+01 -1.217218303680419922e+01 0.000000000000000000e+00
-9.363947868347167969e+00 3.273687601089477539e+00 0.000000000000000000e+00
5.466338157653808594e+00 1.111907482147216797e+01 0.000000000000000000e+00
-5.170007228851318359e+00 5.749579668045043945e-01 0.000000000000000000e+00
1.088589382171630859e+01 7.060973644256591797e+00 0.000000000000000000e+00
-1.399115085601806641e+01 6.245979309082031250e+00 0.000000000000000000e+00
8.447470664978027344e+00 -1.156958866119384766e+01 0.000000000000000000e+00
-1.496592712402343750e+01 -8.465501785278320312e+00 0.000000000000000000e+00
1.041861152648925781e+01 1.008909225463867188e+00 0.000000000000000000e+00
1.006814575195312500e+01 -1.318465328216552734e+01 0.000000000000000000e+00
1.666395187377929688e+01 1.745936125516891479e-01 0.000000000000000000e+00
1.481572628021240234e+01 1.315739989280700684e+00 0.000000000000000000e+00
5.346868038177490234e-01 8.452912330627441406e+00 0.000000000000000000e+00
-1.017222690582275391e+01 2.452177107334136963e-01 0.000000000000000000e+00
-1.106752490997314453e+01 1.245132732391357422e+01 0.000000000000000000e+00
-6.002070426940917969e+00 -5.904854297637939453e+00 0.000000000000000000e+00
-1.254249286651611328e+01 -8.960298538208007812e+00 0.000000000000000000e+00
-9.622637748718261719e+00 -4.460889339447021484e+00 0.000000000000000000e+00
8.224418640136718750e+00 -9.283373832702636719e+00 0.000000000000000000e+00
8.218099594116210938e+00 9.313509941101074219e+00 0.000000000000000000e+00
-5.253373146057128906e+00 -4.387462139129638672e+00 0.000000000000000000e+00
2.052038192749023438e+00 1.073318386077880859e+01 0.000000000000000000e+00
1.274873447418212891e+01 -2.246736526489257812e+00 0.000000000000000000e+00
-1.121188068389892578e+01 -8.000029563903808594e+00 0.000000000000000000e+00
-1.585160160064697266e+01 2.591059684753417969e+00 0.000000000000000000e+00
5.133135318756103516e+00 5.428900122642517090e-01 0.000000000000000000e+00
1.325070953369140625e+01 4.775186538696289062e+00 0.000000000000000000e+00
-1.378656482696533203e+01 9.324406623840332031e+00 0.000000000000000000e+00
1.672420883178710938e+01 4.063904285430908203e+00 0.000000000000000000e+00
1.678825569152832031e+01 -2.959694385528564453e+00 0.000000000000000000e+00
8.774351477622985840e-01 1.424484062194824219e+01 0.000000000000000000e+00
3.577772974967956543e-01 -1.244350051879882812e+01 0.000000000000000000e+00
-3.391827344894409180e+00 -6.718626022338867188e+00 0.000000000000000000e+00
-3.785126686096191406e+00 -3.727775096893310547e+00 0.000000000000000000e+00
3.692775249481201172e+00 6.378025054931640625e+00 0.000000000000000000e+00
2.643596567213535309e-02 -3.996864318847656250e+00 0.000000000000000000e+00
-1.181095981597900391e+01 -2.510118246078491211e+00 0.000000000000000000e+00
1.867406606674194336e+00 -1.549088191986083984e+01 0.000000000000000000e+00
-2.494572877883911133e+00 3.824303448200225830e-01 0.000000000000000000e+00
-4.903829574584960938e+00 1.624535942077636719e+01 0.000000000000000000e+00
6.134434700012207031e+00 -4.427439212799072266e+00 0.000000000000000000e+00
-5.516025066375732422e+00 4.290609359741210938e+00 0.000000000000000000e+00
-1.370048713684082031e+01 -2.618529319763183594e+00 0.000000000000000000e+00
1.239537811279296875e+01 1.447949409484863281e+00 0.000000000000000000e+00
-2.460242033004760742e+00 -1.357184123992919922e+01 0.000000000000000000e+00
4.579474449157714844e+00 -7.668205738067626953e+00 0.000000000000000000e+00
5.851011753082275391e+00 -1.139718914031982422e+01 0.000000000000000000e+00
-1.174047088623046875e+01 6.350814700126647949e-01 0.000000000000000000e+00
-1.723749542236328125e+01 -2.321203708648681641e+00 0.000000000000000000e+00
-3.169566154479980469e+00 9.951646804809570312e+00 0.000000000000000000e+00
1.213504886627197266e+01 -9.726912498474121094e+00 0.000000000000000000e+00
