2.415555953979492188e+00 -4.381847858428955078e+00 0.000000000000000000e+00
-4.020723342895507812e+00 -9.010262489318847656e+00 0.000000000000000000e+00
-3.245135068893432617e+00 6.850707530975341797e+00 0.000000000000000000e+00
5.222659111022949219e+00 -6.196738243103027344e+00 0.000000000000000000e+00
-7.590036392211914062e+00 7.301476001739501953e+00 0.000000000000000000e+00
3.085488080978393555e+00 3.075062990188598633e+00 0.000000000000000000e+00
-8.676623344421386719e+00 -1.160204029083251953e+01 0.000000000000000000e+00
-3.853420019149780273e+00 -6.475802421569824219e+00 0.000000000000000000e+00
-1.077529525756835938e+01 -1.208152294158935547e+01 0.000000000000000000e+00
1.365533161163330078e+01 -6.832487106323242188e+00 0.000000000000000000e+00
9.859468460083007812e+00 -1.062553501129150391e+01 0.000000000000000000e+00
-4.831056118011474609e+00 2.026444375514984131e-01 0.000000000000000000e+00
3.980173349380493164e+00 -2.416533231735229492e+00 0.000000000000000000e+00
-4.661177158355712891e+00 1.014996337890625000e+01 0.000000000000000000e+00
3.614395618438720703e+00 -1.005385398864746094e+01 0.000000000000000000e+00
-1.180153751373291016e+01 1.912750959396362305e+00 0.000000000000000000e+00
7.441051483154296875e+00 -4.665422439575195312e+00 0.000000000000000000e+00
5.237661838531494141e+00 1.242212772369384766e+00 0.000000000000000000e+00
-1.022681427001953125e+01 5.158976078033447266e+00 0.000000000000000000e+00
4.914357185363769531e+00 -8.459830284118652344e+00 0.000000000000000000e+00
1.207869625091552734e+01 1.055686092376708984e+01 0.000000000000000000e+00
-1.881428956985473633e+00 9.036566734313964844e+00 0.000000000000000000e+00
1.130307674407958984e+01 -9.302500724792480469e+00 0.000000000000000000e+00
1.392719078063964844e+01 -2.267880916595458984e+00 0.000000000000000000e+00
9.759340286254882812e+00 1.136964988708496094e+01 0.000000000000000000e+00
9.257649421691894531e+00 -1.303461742401123047e+01 0.000000000000000000e+00
2.345563650131225586e+00 -3.285391330718994141e-01 0.000000000000000000e+00
5.908892631530761719e+00 -1.234233856201171875e+01 0.000000000000000000e+00
-5.026538848876953125e+00 -1.132867622375488281e+01 0.000000000000000000e+00
-9.144344329833984375e-01 -3.233464479446411133e+00 0.000000000000000000e+00
-7.023138999938964844e+00 1.338793849945068359e+01 0.000000000000000000e+00
-1.438368892669677734e+01 8.918404579162597656e+00 0.000000000000000000e+00
1.477490812540054321e-01 -9.527753829956054688e+00 0.000000000000000000e+00
-1.305609989166259766e+01 -9.870175361633300781e+00 0.000000000000000000e+00
-9.325428009033203125e+00 1.218853569030761719e+01 0.000000000000000000e+00
-5.681323051452636719e+00 3.472616434097290039e+00 0.000000000000000000e+00
7.307353496551513672e+00 -1.532149505615234375e+01 0.000000000000000000e+00
9.967608451843261719e+00 1.388545513153076172e+01 0.000000000000000000e+00
-1.268410778045654297e+01 5.189730167388916016e+00 0.000000000000000000e+00
2.825238466262817383e+00 -7.345388889312744141e+00 0.000000000000000000e+00
9.842554926872253418e-01 9.575618743896484375e+00 0.000000000000000000e+00
-5.899246692657470703e+00 1.136610126495361328e+01 0.000000000000000000e+00
-5.580765724182128906e+00 -2.278732776641845703e+00 0.000000000000000000e+00
1.637858963012695312e+01 -8.612216114997863770e-01 0.000000000000000000e+00
9.419819831848144531e+00 -1.537463426589965820e+00 0.000000000000000000e+00
-1.295388412475585938e+01 -4.443342208862304688e+00 0.000000000000000000e+00
-8.642333030700683594e+00 9.607668876647949219e+00 0.000000000000000000e+00
1.619386291503906250e+01 1.375000119209289551e+00 0.000000000000000000e+00
-1.696609497070312500e+01 1.207846552133560181e-01 0.000000000000000000e+00
2.864983081817626953e+00 6.380325317382812500e+00 0.000000000000000000e+00
-7.750016450881958008e-01 6.475436687469482422e+00 0.000000000000000000e+00
9.713573455810546875e+00 8.278800010681152344e+00 0.000000000000000000e+00
-3.312036514282226562e+00 1.557957649230957031e+01 0.000000000000000000e+00
4.937736392021179199e-01 -1.439582061767578125e+01 0.000000000000000000e+00
-1.156201267242431641e+01 -8.823936462402343750e+00 0.000000000000000000e+00
8.278359413146972656e+00 1.003536319732666016e+01 0.000000000000000000e+00
7.971124649047851562e+00 -9.662924766540527344e+00 0.000000000000000000e+00
-1.529296302795410156e+01 -8.223225593566894531e+00 0.000000000000000000e+00
1.564056682586669922e+01 5.962546825408935547e+00 0.000000000000000000e+00
7.315527915954589844e+00 -7.246807575225830078e+00 0.000000000000000000e+00
-2.811651229858398438e+00 -1.024219226837158203e+01 0.000000000000000000e+00
7.065788269042968750e+00 1.581306648254394531e+01 0.000000000000000000e+00
5.850811481475830078e+00 7.590185642242431641e+00 0.000000000000000000e+00
-9.086574554443359375e+00 -3.419126033782958984e+00 0.000000000000000000e+00
-1.070882225036621094e+01 1.077793121337890625e+01 0.000000000000000000e+00
5.736410140991210938e+00 4.857678890228271484e+00 0.000000000000000000e+00
-1.497755813598632812e+01 3.539177477359771729e-01 0.000000000000000000e+00
8.338610649108886719e+00 1.358441233634948730e+00 0.000000000000000000e+00
-8.211763381958007812e+00 -1.398759007453918457e+00 0.000000000000000000e+00
-8.283868789672851562e+00 -5.897881031036376953e+00 0.000000000000000000e+00
8.585762977600097656e+00 1.259224414825439453e+01 0.000000000000000000e+00
-4.351098537445068359e+00 1.227973651885986328e+01 0.000000000000000000e+00
-1.610787987709045410e+00 -1.669221496582031250e+01 0.000000000000000000e+00
1.429932880401611328e+01 -4.915300369262695312e+00 0.000000000000000000e+00
1.287474346160888672e+01 4.424267292022705078e+00 0.000000000000000000e+00
-2.608953952789306641e+00 -3.682615995407104492e+00 0.000000000000000000e+00
-2.525205016136169434e-01 -6.892426490783691406e+00 0.000000000000000000e+00
2.328316926956176758e+00 1.732110214233398438e+01 0.000000000000000000e+00
1.067921352386474609e+01 6.646442413330078125e+00 0.000000000000000000e+00
3.123432159423828125e+00 1.134088897705078125e+01 0.000000000000000000e+00
-3.573836803436279297e+00 -1.173685264587402344e+01 0.000000000000000000e+00
1.470410633087158203e+01 -5.896803140640258789e-01 0.000000000000000000e+00
1.038437247276306152e+00 5.027549266815185547e+00 0.000000000000000000e+00
-1.470481204986572266e+01 7.006766796112060547e+00 0.000000000000000000e+00
-1.577434897422790527e+00 1.588846683502197266e+01 0.000000000000000000e+00
1.597850894927978516e+01 -5.409913063049316406e+00 0.000000000000000000e+00
4.773352146148681641e+00 1.547068786621093750e+01 0.000000000000000000e+00
-1.228622627258300781e+01 8.130347251892089844e+00 0.000000000000000000e+00
-9.544806480407714844e+00 1.453834819793701172e+01 0.000000000000000000e+00
-1.038815021514892578e+00 -1.099486827850341797e+01 0.000000000000000000e+00
1.605373954772949219e+01 3.705613851547241211e+00 0.000000000000000000e+00
-9.883202552795410156e+00 8.012258529663085938e+00 0.000000000000000000e+00
6.984024524688720703e+00 -1.898379325866699219e+00 0.000000000000000000e+00
2.064208269119262695e+00 -9.518688201904296875e+00 0.000000000000000000e+00
1.709380722045898438e+01 -3.181555747985839844e+00 0.000000000000000000e+00
-1.574399948120117188e+01 -1.678437590599060059e+00 0.000000000000000000e+00
-8.854884147644042969e+00 1.219342231750488281e+00 0.000000000000000000e+00
-4.391523361206054688e+00 -1.301184749603271484e+01 0.000000000000000000e+00
4.648942947387695312e+00 -1.554886817932128906e+01 0.000000000000000000e+00
-7.191127777099609375e+00 -7.042149066925048828e+00 0.000000000000000000e+00
-6.726093888282775879e-01 2.420997381210327148e+00 0.000000000000000000e+00
1.245788097381591797e+01 -5.558849334716796875e+00 0.000000000000000000e+00
4.373737812042236328e+00 -9.097982197999954224e-02 0.000000000000000000e+00
1.112739276885986328e+01 -9.759710431098937988e-01 0.000000000000000000e+00
1.250142097473144531e+01 1.894173026084899902e+00 0.000000000000000000e+00
-1.193772792816162109e+01 -2.585285186767578125e+00 0.000000000000000000e+00
-3.713490009307861328e+00 -2.066359281539916992e+00 0.000000000000000000e+00
-8.018768310546875000e+00 5.428217411041259766e+00 0.000000000000000000e+00
-1.377313137054443359e+01 2.113031148910522461e+00 0.000000000000000000e+00
-5.746519088745117188e+00 -7.492233276367187500e+00 0.000000000000000000e+00
-7.533596038818359375e+00 -1.526878356933593750e+01 0.000000000000000000e+00
9.982178688049316406e+00 1.591646790504455566e+00 0.000000000000000000e+00
-5.579617977142333984e+00 -4.839720726013183594e+00 0.000000000000000000e+00
-1.006165504455566406e+01 -1.005865764617919922e+01 0.000000000000000000e+00
-7.253230571746826172e+00 1.848641872406005859e+00 0.000000000000000000e+00
1.271077251434326172e+01 7.313575267791748047e+00 0.000000000000000000e+00
-2.380500361323356628e-02 1.329618167877197266e+01 0.000000000000000000e+00
-6.302595615386962891e+00 6.246963500976562500e+00 0.000000000000000000e+00
-1.242012083530426025e-01 3.866770505905151367e+00 0.000000000000000000e+00
-1.679207992553710938e+01 3.368673086166381836e+00 0.000000000000000000e+00
-1.168409585952758789e+00 -8.692628860473632812e+00 0.000000000000000000e+00
1.220932292938232422e+01 -7.329039096832275391e+00 0.000000000000000000e+00
2.329399108886718750e+00 -1.615912246704101562e+01 0.000000000000000000e+00
-6.519669055938720703e+00 -1.097282314300537109e+01 0.000000000000000000e+00
1.066892910003662109e+01 -7.529587268829345703e+00 0.000000000000000000e+00
1.068681526184082031e+01 -6.019463539123535156e+00 0.000000000000000000e+00
1.105651283264160156e+01 3.339977979660034180e+00 0.000000000000000000e+00
9.002443313598632812e+00 -3.215654850006103516e+00 0.000000000000000000e+00
2.938452482223510742e+00 -1.295397949218750000e+01 0.000000000000000000e+00
1.095492076873779297e+01 -1.179076671600341797e+01 0.000000000000000000e+00
1.054612159729003906e+00 1.467999076843261719e+01 0.000000000000000000e+00
-2.704491853713989258e+00 1.387955951690673828e+01 0.000000000000000000e+00
-5.894802212715148926e-01 -5.021447181701660156e+00 0.000000000000000000e+00
2.819925546646118164e+00 1.260929942131042480e+00 0.000000000000000000e+00
-8.259757041931152344e+00 -1.374975490570068359e+01 0.000000000000000000e+00
-1.491528415679931641e+01 3.141430377960205078e+00 0.000000000000000000e+00
-1.166788101196289062e+01 -5.709499359130859375e+00 0.000000000000000000e+00
4.084786891937255859e+00 1.338744258880615234e+01 0.000000000000000000e+00
1.220139408111572266e+01 -1.090221309661865234e+01 0.000000000000000000e+00
1.078732585906982422e+01 -3.061416387557983398e+00 0.000000000000000000e+00
6.734639167785644531e+00 1.276605224609375000e+01 0.000000000000000000e+00
-6.032431602478027344e+00 -9.271700859069824219e+00 0.000000000000000000e+00
-4.338128089904785156e+00 5.309533119201660156e+00 0.000000000000000000e+00
-4.261233329772949219e+00 1.991303801536560059e+00 0.000000000000000000e+00
-1.359229183197021484e+01 -6.620595932006835938e+00 0.000000000000000000e+00
-6.165759086608886719e+00 -1.363667678833007812e+01 0.000000000000000000e+00
-1.412379360198974609e+01 5.615261077880859375e+00 0.000000000000000000e+00
-3.829231739044189453e+00 -1.641558074951171875e+01 0.000000000000000000e+00
-1.751083493232727051e+00 7.625095248222351074e-01 0.000000000000000000e+00
-1.074180603027343750e+01 3.139457702636718750e+00 0.000000000000000000e+00
8.299202919006347656e+00 3.583107948303222656e+00 0.000000000000000000e+00
-2.002919197082519531e+00 -1.429880809783935547e+01 0.000000000000000000e+00
5.196065425872802734e+00 -3.312827825546264648e+00 0.000000000000000000e+00
3.796648085117340088e-01 1.731175804138183594e+01 0.000000000000000000e+00
3.291532278060913086e+00 9.168983459472656250e+00 0.000000000000000000e+00
1.364906787872314453e+01 8.609234809875488281e+00 0.000000000000000000e+00
-1.892337799072265625e+00 4.199495315551757812e+00 0.000000000000000000e+00
-8.366013526916503906e+00 -9.966577529907226562e+00 0.000000000000000000e+00
-1.378396129608154297e+01 -6.902254819869995117e-01 0.000000000000000000e+00
-5.074797630310058594e+00 1.372456264495849609e+01 0.000000000000000000e+00
-8.610630035400390625e+00 3.973015546798706055e+00 0.000000000000000000e+00
8.680610060691833496e-01 -1.712568092346191406e+01 0.000000000000000000e+00
1.444814586639404297e+01 4.782413482666015625e+00 0.000000000000000000e+00
7.053211212158203125e+00 -1.338188552856445312e+01 0.000000000000000000e+00
-2.614603757858276367e+00 1.215027618408203125e+01 0.000000000000000000e+00
4.119265556335449219e+00 7.899587154388427734e+00 0.000000000000000000e+00
-1.390966510772705078e+01 -3.061840534210205078e+00 0.000000000000000000e+00
2.105538398027420044e-01 5.939466357231140137e-01 0.000000000000000000e+00
1.162753224372863770e+00 2.390359878540039062e+00 0.000000000000000000e+00
3.111292839050292969e+00 1.457354927062988281e+01 0.000000000000000000e+00
-9.337050437927246094e+00 -2.536038458347320557e-01 0.000000000000000000e+00
9.396165609359741211e-01 6.825815677642822266e+00 0.000000000000000000e+00
-1.105611419677734375e+01 -4.154952049255371094e+00 0.000000000000000000e+00
1.413452434539794922e+01 3.212059974670410156e+00 0.000000000000000000e+00
-2.073216438293457031e+00 -7.490055561065673828e+00 0.000000000000000000e+00
5.658268451690673828e+00 1.419669246673583984e+01 0.000000000000000000e+00
1.360111141204833984e+01 1.019340705871582031e+01 0.000000000000000000e+00
-7.147100448608398438e+00 3.301579356193542480e-01 0.000000000000000000e+00
-1.027466011047363281e+01 -7.337392807006835938e+00 0.000000000000000000e+00
-1.062583351135253906e+01 7.667901515960693359e-01 0.000000000000000000e+00
3.379485130310058594e+00 -5.639681816101074219e+00 0.000000000000000000e+00
-1.479882121086120605e+00 -1.485950231552124023e+00 0.000000000000000000e+00
-1.546064567565917969e+01 -5.426696777343750000e+00 0.000000000000000000e+00
-5.367034435272216797e+00 -1.647899246215820312e+01 0.000000000000000000e+00
5.915866374969482422e+00 1.015382480621337891e+01 0.000000000000000000e+00
-6.491100192070007324e-01 -1.267619419097900391e+01 0.000000000000000000e+00
8.861240386962890625e+00 -7.153428077697753906e+00 0.000000000000000000e+00
1.541985702514648438e+01 -7.796498298645019531e+00 0.000000000000000000e+00
6.676218032836914062e+00 2.814412117004394531e-01 0.000000000000000000e+00
-7.945816516876220703e+00 -8.454352378845214844e+00 0.000000000000000000e+00
-5.994614958763122559e-01 8.231930732727050781e+00 0.000000000000000000e+00
-1.141413211822509766e+01 -5.422721505165100098e-01 0.000000000000000000e+00
5.840886592864990234e+00 -1.647829246520996094e+01 0.000000000000000000e+00
-5.641120433807373047e+00 8.734574317932128906e+00 0.000000000000000000e+00
5.560718059539794922e+00 -9.844086647033691406e+00 0.000000000000000000e+00
1.517872214317321777e+00 -1.185728931427001953e+01 0.000000000000000000e+00
-6.126900196075439453e+00 1.638478660583496094e+01 0.000000000000000000e+00
5.128941059112548828e+00 2.883741378784179688e+00 0.000000000000000000e+00
-2.527329444885253906e+00 2.764769554138183594e+00 0.000000000000000000e+00
1.516875457763671875e+01 -3.596783399581909180e+00 0.000000000000000000e+00
-3.010593175888061523e+00 1.034693717956542969e+01 0.000000000000000000e+00
-7.876460075378417969e+00 1.546221446990966797e+01 0.000000000000000000e+00
-3.869084596633911133e+00 -1.452714920043945312e+01 0.000000000000000000e+00
-1.200668430328369141e+01 -1.100791263580322266e+01 0.000000000000000000e+00
-1.245997524261474609e+01 1.166446971893310547e+01 0.000000000000000000e+00
1.406966209411621094e+01 9.604139924049377441e-01 0.000000000000000000e+00
7.606841325759887695e-01 -3.776054620742797852e+00 0.000000000000000000e+00
4.690323829650878906e+00 -1.398457145690917969e+01 0.000000000000000000e+00
9.574993133544921875e+00 5.440161228179931641e+00 0.000000000000000000e+00
-4.635847568511962891e+00 1.684508132934570312e+01 0.000000000000000000e+00
-3.897198915481567383e+00 3.755508899688720703e+00 0.000000000000000000e+00
1.206900119781494141e+01 8.837063789367675781e+00 0.000000000000000000e+00
-1.006054306030273438e+01 -1.409215641021728516e+01 0.000000000000000000e+00
-1.532018470764160156e+01 -3.924077749252319336e+00 0.000000000000000000e+00
-2.881932556629180908e-01 1.056656360626220703e+01 0.000000000000000000e+00
-1.052944660186767578e+01 1.330648136138916016e+01 0.000000000000000000e+00
7.054829120635986328e+00 9.079383850097656250e+00 0.000000000000000000e+00
8.094543457031250000e+00 1.462190914154052734e+01 0.000000000000000000e+00
9.028850555419921875e+00 -3.284376859664916992e-02 0.000000000000000000e+00
-6.879139423370361328e+00 -4.054347038269042969e+00 0.000000000000000000e+00
7.689407348632812500e+00 6.247669219970703125e+00 0.000000000000000000e+00
1.375145626068115234e+01 -8.617825508117675781e+00 0.000000000000000000e+00
1.292835044860839844e+01 -6.714435219764709473e-01 0.000000000000000000e+00
6.674522399902343750e+00 3.645752191543579102e+00 0.000000000000000000e+00
4.641615867614746094e+00 1.101957607269287109e+01 0.000000000000000000e+00
1.176780128479003906e+01 1.220568847656250000e+01 0.000000000000000000e+00
-1.628168106079101562e+01 1.625504970550537109e+00 0.000000000000000000e+00
1.245653724670410156e+01 -3.644472599029541016e+00 0.000000000000000000e+00
4.407915115356445312e+00 6.017469406127929688e+00 0.000000000000000000e+00
-1.110718917846679688e+01 9.165927886962890625e+00 0.000000000000000000e+00
-7.790832996368408203e+00 1.153652191162109375e+01 0.000000000000000000e+00
-1.588217163085937500e+01 5.291059970855712891e+00 0.000000000000000000e+00
4.651734352111816406e+00 -1.129359912872314453e+01 0.000000000000000000e+00
-1.334903240203857422e+01 -8.103730201721191406e+00 0.000000000000000000e+00
-1.129329490661621094e+01 6.659734249114990234e+00 0.000000000000000000e+00
6.177293658256530762e-01 -1.241936683654785156e+00 0.000000000000000000e+00
-4.496683597564697266e+00 -3.440465927124023438e+00 0.000000000000000000e+00
-1.680530738830566406e+01 -4.214292049407958984e+00 0.000000000000000000e+00
7.408089637756347656e+00 -1.123188018798828125e+01 0.000000000000000000e+00
1.997244119644165039e+00 8.196849822998046875e+00 0.000000000000000000e+00
-1.339353561401367188e+01 3.679628849029541016e+00 0.000000000000000000e+00
1.235264539718627930e+00 -7.996803760528564453e+00 0.000000000000000000e+00
9.076510429382324219e+00 -5.454794883728027344e+00 0.000000000000000000e+00
7.775553464889526367e-01 -5.770458221435546875e+00 0.000000000000000000e+00
1.066839790344238281e+01 9.702594757080078125e+00 0.000000000000000000e+00
-1.036366462707519531e+01 -2.139090299606323242e+00 0.000000000000000000e+00
2.356794595718383789e+00 -2.283056259155273438e+00 0.000000000000000000e+00
2.285149574279785156e+00 -1.450502014160156250e+01 0.000000000000000000e+00
1.414534187316894531e+01 6.460910797119140625e+00 0.000000000000000000e+00
5.798243999481201172e+00 -4.716576576232910156e+00 0.000000000000000000e+00
1.889175653457641602e+00 1.318886184692382812e+01 0.000000000000000000e+00
1.074575042724609375e+01 -1.335100078582763672e+01 0.000000000000000000e+00
4.016886234283447266e+00 4.345756053924560547e+00 0.000000000000000000e+00
1.511222171783447266e+01 7.922337532043457031e+00 0.000000000000000000e+00
-9.774217605590820312e+00 -5.712409496307373047e+00 0.000000000000000000e+00
9.549107551574707031e+00 -8.810099601745605469e+00 0.000000000000000000e+00
