1.524071311950683594e+01 -2.150229215621948242e+00 0.000000000000000000e+00
-4.157379150390625000e+00 2.381095170974731445e+00 0.000000000000000000e+00
4.619597911834716797e+00 1.679656600952148438e+01 0.000000000000000000e+00
-6.595620155334472656e+00 -3.136860609054565430e+00 0.000000000000000000e+00
1.012371444702148438e+01 -1.545114994049072266e+00 0.000000000000000000e+00
-7.320981979370117188e+00 -1.153466343879699707e+00 0.000000000000000000e+00
1.044210720062255859e+01 1.255827713012695312e+01 0.000000000000000000e+00
1.190706729888916016e+01 -1.250720691680908203e+01 0.000000000000000000e+00
-4.874093055725097656e+00 3.755728483200073242e+00 0.000000000000000000e+00
-1.767791390419006348e+00 9.792407989501953125e+00 0.000000000000000000e+00
9.172090530395507812e+00 2.531346797943115234e+00 0.000000000000000000e+00
8.044527053833007812e+00 1.268735504150390625e+01 0.000000000000000000e+00
-5.457094192504882812e+00 -5.163903236389160156e+00 0.000000000000000000e+00
-4.268465340137481689e-01 1.418426609039306641e+01 0.000000000000000000e+00
2.688678026199340820e+00 1.464306354522705078e+01 0.000000000000000000e+00
-1.178540945053100586e+00 4.227635860443115234e-01 0.000000000000000000e+00
-4.327478885650634766e+00 -1.605136299133300781e+01 0.000000000000000000e+00
-9.014375686645507812e+00 9.064731597900390625e+00 0.000000000000000000e+00
-7.367568492889404297e+00 9.159780502319335938e+00 0.000000000000000000e+00
6.418948173522949219e+00 -1.589678478240966797e+01 0.000000000000000000e+00
1.424930453300476074e+00 -1.611435127258300781e+01 0.000000000000000000e+00
1.299192190170288086e+00 -3.050825834274291992e+00 0.000000000000000000e+00
4.241017818450927734e+00 -6.379822731018066406e+00 0.000000000000000000e+00
-6.703592777252197266e+00 6.164800643920898438e+00 0.000000000000000000e+00
-3.484238147735595703e+00 -4.196299552917480469e+00 0.000000000000000000e+00
-1.134345245361328125e+01 -6.961885452270507812e+00 0.000000000000000000e+00
-5.019832774996757507e-02 1.077860832214355469e+01 0.000000000000000000e+00
-1.251312732696533203e+01 -8.438739776611328125e+00 0.000000000000000000e+00
-1.486992073059082031e+01 -1.841096639633178711e+00 0.000000000000000000e+00
-1.174104690551757812e+01 1.485213398933410645e+00 0.000000000000000000e+00
-1.642443275451660156e+01 5.435900211334228516e+00 0.000000000000000000e+00
7.718024253845214844e+00 -5.796453952789306641e+00 0.000000000000000000e+00
5.956404209136962891e+00 -9.469623565673828125e+00 0.000000000000000000e+00
-9.851604461669921875e+00 -8.840602874755859375e+00 0.000000000000000000e+00
1.284950923919677734e+01 -7.474780082702636719e+00 0.000000000000000000e+00
-6.669649600982666016e+00 -1.443510437011718750e+01 0.000000000000000000e+00
-7.620622634887695312e+00 1.511566925048828125e+01 0.000000000000000000e+00
-3.561138153076171875e+00 -9.257290840148925781e+00 0.000000000000000000e+00
-4.979904174804687500e+00 -7.969038009643554688e+00 0.000000000000000000e+00
1.070527744293212891e+01 9.523947715759277344e+00 0.000000000000000000e+00
-1.324354457855224609e+01 -3.147076368331909180e+00 0.000000000000000000e+00
6.311189174652099609e+00 -4.034066200256347656e+00 0.000000000000000000e+00
1.129406166076660156e+01 -8.833050727844238281e+00 0.000000000000000000e+00
1.648507237434387207e+00 9.025873184204101562e+00 0.000000000000000000e+00
1.617369651794433594e+00 3.085699558258056641e+00 0.000000000000000000e+00
4.206613540649414062e+00 -1.352661800384521484e+01 0.000000000000000000e+00
-2.640762090682983398e+00 -5.455970764160156250e+00 0.000000000000000000e+00
9.219568252563476562e+00 -1.915762722492218018e-01 0.000000000000000000e+00
-9.153727531433105469e+00 -4.164904057979583740e-01 0.000000000000000000e+00
-8.632587432861328125e+00 -1.343938064575195312e+01 0.000000000000000000e+00
1.118226432800292969e+01 7.225477218627929688e+00 0.000000000000000000e+00
-1.406151294708251953e+01 -6.198064327239990234e+00 0.000000000000000000e+00
-1.150067424774169922e+01 9.243328094482421875e+00 0.000000000000000000e+00
9.921887397766113281e+00 -5.628008842468261719e+00 0.000000000000000000e+00
-4.647873401641845703e+00 5.246451377868652344e+00 0.000000000000000000e+00
5.315286159515380859e+00 1.120727825164794922e+01 0.000000000000000000e+00
-6.135717391967773438e+00 1.452572536468505859e+01 0.000000000000000000e+00
3.831606388092041016e+00 -1.100734519958496094e+01 0.000000000000000000e+00
-1.028843879699707031e+01 -4.623281478881835938e+00 0.000000000000000000e+00
1.118903064727783203e+01 4.159158706665039062e+00 0.000000000000000000e+00
-1.190897178649902344e+01 5.468480110168457031e+00 0.000000000000000000e+00
1.812887787818908691e+00 1.129607772827148438e+01 0.000000000000000000e+00
7.443530559539794922e+00 2.659997224807739258e+00 0.000000000000000000e+00
-8.493038177490234375e+00 6.929440021514892578e+00 0.000000000000000000e+00
-1.471573066711425781e+01 7.853127956390380859e+00 0.000000000000000000e+00
1.250766277313232422e+01 5.672669887542724609e+00 0.000000000000000000e+00
-1.355260944366455078e+01 5.403898715972900391e+00 0.000000000000000000e+00
1.385951900482177734e+01 8.598517417907714844e+00 0.000000000000000000e+00
-2.963608264923095703e+00 1.386244893074035645e+00 0.000000000000000000e+00
-7.898008346557617188e+00 -5.759476184844970703e+00 0.000000000000000000e+00
7.252034664154052734e+00 9.264671206474304199e-01 0.000000000000000000e+00
4.097322940826416016e+00 3.107053995132446289e+00 0.000000000000000000e+00
9.873276710510253906e+00 -1.070635890960693359e+01 0.000000000000000000e+00
-1.374725055694580078e+01 3.403900623321533203e+00 0.000000000000000000e+00
5.388707160949707031e+00 5.169270038604736328e+00 0.000000000000000000e+00
-9.009803771972656250e+00 -7.346024036407470703e+00 0.000000000000000000e+00
3.389508724212646484e+00 -4.128189563751220703e+00 0.000000000000000000e+00
1.483029460906982422e+01 1.336870670318603516e+00 0.000000000000000000e+00
-3.155981540679931641e+00 -1.476641368865966797e+01 0.000000000000000000e+00
-3.622595548629760742e+00 8.148965835571289062e+00 0.000000000000000000e+00
-1.018684482574462891e+01 3.927371263504028320e+00 0.000000000000000000e+00
-3.002049684524536133e+00 5.250257968902587891e+00 0.000000000000000000e+00
-1.009044551849365234e+01 7.283287048339843750e+00 0.000000000000000000e+00
1.375814628601074219e+01 -5.074673175811767578e+00 0.000000000000000000e+00
-1.214739131927490234e+01 1.117550659179687500e+01 0.000000000000000000e+00
1.293373870849609375e+01 -1.028222846984863281e+01 0.000000000000000000e+00
1.447948646545410156e+01 4.302958011627197266e+00 0.000000000000000000e+00
-7.643229007720947266e+00 -9.220076560974121094e+00 0.000000000000000000e+00
2.587592840194702148e+00 -1.060885190963745117e+00 0.000000000000000000e+00
-1.242921543121337891e+01 7.260896205902099609e+00 0.000000000000000000e+00
4.462300777435302734e+00 -6.910354495048522949e-01 0.000000000000000000e+00
-1.984692364931106567e-01 -1.099340343475341797e+01 0.000000000000000000e+00
-7.429148674011230469e+00 1.686684846878051758e+00 0.000000000000000000e+00
-7.507360458374023438e+00 1.300379753112792969e+01 0.000000000000000000e+00
4.147899448871612549e-01 1.665583038330078125e+01 0.000000000000000000e+00
8.305492401123046875e+00 -3.242388486862182617e+00 0.000000000000000000e+00
-1.488633871078491211e+00 -1.259875869750976562e+01 0.000000000000000000e+00
9.212315559387207031e+00 -1.304460811614990234e+01 0.000000000000000000e+00
3.252190351486206055e+00 -8.391206741333007812e+00 0.000000000000000000e+00
-8.511451721191406250e+00 -3.426635503768920898e+00 0.000000000000000000e+00
1.402020549774169922e+01 6.148110389709472656e+00 0.000000000000000000e+00
-1.849339008331298828e+00 1.216641902923583984e+01 0.000000000000000000e+00
-3.002969741821289062e+00 -9.200023412704467773e-01 0.000000000000000000e+00
1.247221678495407104e-01 -1.075625777244567871e+00 0.000000000000000000e+00
-7.447439193725585938e+00 4.372920513153076172e+00 0.000000000000000000e+00
9.482536315917968750e+00 6.640085220336914062e+00 0.000000000000000000e+00
-3.269901037216186523e+00 -2.531982183456420898e+00 0.000000000000000000e+00
-1.672173309326171875e+01 -1.674846053123474121e+00 0.000000000000000000e+00
-7.887780189514160156e+00 -1.076643276214599609e+01 0.000000000000000000e+00
8.907771855592727661e-02 -8.593712806701660156e+00 0.000000000000000000e+00
8.285799980163574219e+00 -8.341760635375976562e+00 0.000000000000000000e+00
-4.701686859130859375e+00 -1.096876811981201172e+01 0.000000000000000000e+00
-1.094184780120849609e+01 -1.125587844848632812e+01 0.000000000000000000e+00
-1.190949678421020508e+00 6.484348297119140625e+00 0.000000000000000000e+00
1.418898963928222656e+01 -8.313279151916503906e+00 0.000000000000000000e+00
-5.397870540618896484e+00 1.140396881103515625e+01 0.000000000000000000e+00
-1.242675876617431641e+01 -1.050454616546630859e+00 0.000000000000000000e+00
9.139082431793212891e-01 -4.733392238616943359e+00 0.000000000000000000e+00
3.325432062149047852e+00 1.115963554382324219e+01 0.000000000000000000e+00
-5.195321083068847656e+00 6.775211334228515625e+00 0.000000000000000000e+00
-3.325731277465820312e+00 1.420128631591796875e+01 0.000000000000000000e+00
-1.061844825744628906e+01 -1.275652217864990234e+01 0.000000000000000000e+00
-1.159850502014160156e+01 -3.368575811386108398e+00 0.000000000000000000e+00
-6.780446052551269531e+00 7.760423183441162109e+00 0.000000000000000000e+00
-7.733228802680969238e-01 -2.977571487426757812e+00 0.000000000000000000e+00
1.666440200805664062e+01 -3.964726686477661133e+00 0.000000000000000000e+00
1.166069316864013672e+01 -2.366109490394592285e-01 0.000000000000000000e+00
-1.640277671813964844e+01 -5.629937171936035156e+00 0.000000000000000000e+00
-6.319891929626464844e+00 -9.935991287231445312e+00 0.000000000000000000e+00
1.213391494750976562e+01 1.056906795501708984e+01 0.000000000000000000e+00
-1.627906417846679688e+01 2.292220354080200195e+00 0.000000000000000000e+00
8.836213946342468262e-01 -7.001474857330322266e+00 0.000000000000000000e+00
7.384330272674560547e+00 1.498395252227783203e+01 0.000000000000000000e+00
-1.385140037536621094e+01 1.802047014236450195e+00 0.000000000000000000e+00
1.401110363006591797e+01 -3.153893232345581055e+00 0.000000000000000000e+00
6.473483562469482422e+00 -2.478194236755371094e+00 0.000000000000000000e+00
-1.384921264648437500e+01 1.064285755157470703e+01 0.000000000000000000e+00
1.227905559539794922e+01 -3.685767889022827148e+00 0.000000000000000000e+00
-9.109801650047302246e-01 -1.470037937164306641e+01 0.000000000000000000e+00
-5.866164684295654297e+00 -1.274471569061279297e+01 0.000000000000000000e+00
1.283283591270446777e+00 -1.224420261383056641e+01 0.000000000000000000e+00
-1.487745404243469238e+00 3.317506313323974609e+00 0.000000000000000000e+00
4.259765625000000000e+00 1.166195631027221680e+00 0.000000000000000000e+00
1.732689094543457031e+01 -2.387588977813720703e+00 0.000000000000000000e+00
-8.236063003540039062e+00 1.098961544036865234e+01 0.000000000000000000e+00
1.473582744598388672e+00 6.713210105895996094e+00 0.000000000000000000e+00
-9.465147018432617188e+00 2.079245090484619141e+00 0.000000000000000000e+00
4.273518562316894531e+00 9.652768135070800781e+00 0.000000000000000000e+00
-1.800588607788085938e+00 -9.607975006103515625e+00 0.000000000000000000e+00
7.888451099395751953e+00 -9.797186851501464844e+00 0.000000000000000000e+00
2.707942724227905273e+00 1.028167366981506348e+00 0.000000000000000000e+00
-1.219784259796142578e+00 -6.391617774963378906e+00 0.000000000000000000e+00
9.776469230651855469e+00 -8.949972152709960938e+00 0.000000000000000000e+00
-1.346034109592437744e-01 -1.598762226104736328e+01 0.000000000000000000e+00
-6.050781250000000000e+00 2.686161398887634277e-01 0.000000000000000000e+00
8.654737472534179688e+00 9.625580787658691406e+00 0.000000000000000000e+00
7.783145427703857422e+00 4.253055572509765625e+00 0.000000000000000000e+00
-9.788234531879425049e-02 2.185577630996704102e+00 0.000000000000000000e+00
-1.553905487060546875e+01 5.759360194206237793e-01 0.000000000000000000e+00
4.338105678558349609e+00 6.570385456085205078e+00 0.000000000000000000e+00
2.002057075500488281e+00 1.654433059692382812e+01 0.000000000000000000e+00
1.616803932189941406e+01 3.595081567764282227e+00 0.000000000000000000e+00
1.123990631103515625e+01 1.616209149360656738e+00 0.000000000000000000e+00
-1.496573925018310547e+01 6.247733592987060547e+00 0.000000000000000000e+00
3.980584859848022461e+00 1.327178192138671875e+01 0.000000000000000000e+00
-5.015415668487548828e+00 -2.970120429992675781e+00 0.000000000000000000e+00
7.483252525329589844e+00 6.999579906463623047e+00 0.000000000000000000e+00
-3.259978055953979492e+00 1.021525478363037109e+01 0.000000000000000000e+00
6.165148258209228516e+00 -3.952749967575073242e-01 0.000000000000000000e+00
-1.588175010681152344e+01 -3.454356908798217773e+00 0.000000000000000000e+00
-6.646646022796630859e+00 -1.617726135253906250e+01 0.000000000000000000e+00
-1.322407722473144531e+01 -9.920326232910156250e+00 0.000000000000000000e+00
2.480882644653320312e+00 5.422631263732910156e+00 0.000000000000000000e+00
-1.007047557830810547e+01 1.059803676605224609e+01 0.000000000000000000e+00
-9.852808952331542969e+00 1.393357658386230469e+01 0.000000000000000000e+00
-1.117035865783691406e+01 1.244372653961181641e+01 0.000000000000000000e+00
1.553437423706054688e+01 -5.918547153472900391e+00 0.000000000000000000e+00
9.177384376525878906e-01 8.585039973258972168e-01 0.000000000000000000e+00
4.750185012817382812e+00 -1.518292999267578125e+01 0.000000000000000000e+00
7.670366764068603516e+00 -1.248759937286376953e+01 0.000000000000000000e+00
-1.551810550689697266e+01 -7.692463397979736328e+00 0.000000000000000000e+00
5.474559307098388672e+00 -1.140792655944824219e+01 0.000000000000000000e+00
-5.055818080902099609e+00 8.995615005493164062e+00 0.000000000000000000e+00
6.676941394805908203e+00 9.307394027709960938e+00 0.000000000000000000e+00
-9.707774162292480469e+00 -2.451070308685302734e+00 0.000000000000000000e+00
6.476078987121582031e+00 1.231521511077880859e+01 0.000000000000000000e+00
9.408733367919921875e+00 4.064013957977294922e+00 0.000000000000000000e+00
-1.257762718200683594e+01 -4.572755813598632812e+00 0.000000000000000000e+00
1.154381465911865234e+01 -5.195491790771484375e+00 0.000000000000000000e+00
3.361921906471252441e-01 -1.350183773040771484e+01 0.000000000000000000e+00
-4.690546035766601562e+00 1.682209014892578125e+01 0.000000000000000000e+00
7.968095302581787109e+00 -1.440435123443603516e+01 0.000000000000000000e+00
1.532044315338134766e+01 8.193122863769531250e+00 0.000000000000000000e+00
-3.975775003433227539e+00 -1.269710922241210938e+01 0.000000000000000000e+00
1.105529308319091797e+00 1.340949726104736328e+01 0.000000000000000000e+00
1.182351303100585938e+01 -1.867594361305236816e+00 0.000000000000000000e+00
-4.638006210327148438e+00 -1.334199428558349609e+00 0.000000000000000000e+00
5.500575542449951172e+00 -7.254324436187744141e+00 0.000000000000000000e+00
-1.499260902404785156e+01 -4.732653141021728516e+00 0.000000000000000000e+00
-6.767404556274414062e+00 1.065539169311523438e+01 0.000000000000000000e+00
1.331326484680175781e+01 1.822241663932800293e+00 0.000000000000000000e+00
8.466135859489440918e-01 4.954424381256103516e+00 0.000000000000000000e+00
-9.057211875915527344e+00 -1.189461803436279297e+01 0.000000000000000000e+00
-2.208070993423461914e+00 -1.712743186950683594e+01 0.000000000000000000e+00
2.407366514205932617e+00 -1.035449123382568359e+01 0.000000000000000000e+00
1.022609901428222656e+01 -3.701046943664550781e+00 0.000000000000000000e+00
2.913725852966308594e+00 -1.244738674163818359e+01 0.000000000000000000e+00
-3.529084205627441406e+00 -7.470530509948730469e+00 0.000000000000000000e+00
3.196844339370727539e+00 -1.497873878479003906e+01 0.000000000000000000e+00
5.865508556365966797e+00 1.513497066497802734e+01 0.000000000000000000e+00
7.622297286987304688e+00 -1.360689878463745117e+00 0.000000000000000000e+00
1.257140254974365234e+01 3.474295616149902344e+00 0.000000000000000000e+00
-1.619573354721069336e+00 -8.025203704833984375e+00 0.000000000000000000e+00
1.649525451660156250e+01 2.100839614868164062e+00 0.000000000000000000e+00
-9.353155136108398438e+00 5.524372100830078125e+00 0.000000000000000000e+00
1.619435882568359375e+01 6.172161102294921875e+00 0.000000000000000000e+00
-6.320707798004150391e+00 3.289166927337646484e+00 0.000000000000000000e+00
-5.370488643646240234e+00 1.321471977233886719e+01 0.000000000000000000e+00
-4.943196773529052734e-01 7.978389263153076172e+00 0.000000000000000000e+00
1.689217185974121094e+01 -3.565222620964050293e-01 0.000000000000000000e+00
9.047947883605957031e+00 1.441825199127197266e+01 0.000000000000000000e+00
-2.928538084030151367e+00 -1.118446922302246094e+01 0.000000000000000000e+00
4.804518222808837891e+00 -1.675409317016601562e+01 0.000000000000000000e+00
5.607654094696044922e+00 7.764777183532714844e+00 0.000000000000000000e+00
7.510089397430419922e+00 1.094632244110107422e+01 0.000000000000000000e+00
1.030390644073486328e+01 -1.407366752624511719e+01 0.000000000000000000e+00
-1.328569602966308594e+01 3.659123480319976807e-01 0.000000000000000000e+00
-1.562629508972167969e+01 4.023951530456542969e+00 0.000000000000000000e+00
1.304429435729980469e+01 -9.141356348991394043e-01 0.000000000000000000e+00
-1.234783530235290527e+00 1.697189521789550781e+01 0.000000000000000000e+00
2.824072122573852539e+00 -2.678409337997436523e+00 0.000000000000000000e+00
1.218414211273193359e+01 8.466585159301757812e+00 0.000000000000000000e+00
-2.052932024002075195e+00 1.502206230163574219e+01 0.000000000000000000e+00
-6.118894219398498535e-01 -1.743150520324707031e+01 0.000000000000000000e+00
-1.738029289245605469e+01 1.393158286809921265e-01 0.000000000000000000e+00
9.683105468750000000e+00 1.098465538024902344e+01 0.000000000000000000e+00
-6.145993709564208984e+00 -6.986229419708251953e+00 0.000000000000000000e+00
6.561215877532958984e+00 -1.377570247650146484e+01 0.000000000000000000e+00
-5.190752506256103516e+00 -1.409075450897216797e+01 0.000000000000000000e+00
-2.762763261795043945e+00 1.695742416381835938e+01 0.000000000000000000e+00
1.793437004089355469e+00 -8.811149597167968750e+00 0.000000000000000000e+00
9.589773178100585938e+00 -7.096806049346923828e+00 0.000000000000000000e+00
1.100662994384765625e+01 5.726367473602294922e+00 0.000000000000000000e+00
-1.174623489379882812e+01 3.104542016983032227e+00 0.000000000000000000e+00
2.070159912109375000e+00 -5.757309436798095703e+00 0.000000000000000000e+00
5.624357223510742188e+00 2.713774442672729492e+00 0.000000000000000000e+00
5.669898509979248047e+00 -5.680477619171142578e+00 0.000000000000000000e+00
6.915771007537841797e+00 -1.098410320281982422e+01 0.000000000000000000e+00
1.233874320983886719e+01 1.206787395477294922e+01 0.000000000000000000e+00
-4.500351428985595703e+00 2.205849885940551758e-01 0.000000000000000000e+00
8.962485313415527344e+00 8.075586318969726562e+00 0.000000000000000000e+00
9.147068262100219727e-01 1.494589900970458984e+01 0.000000000000000000e+00
-6.499672532081604004e-01 -4.515060424804687500e+00 0.000000000000000000e+00
-3.929929733276367188e+00 1.191511535644531250e+01 0.000000000000000000e+00
-7.501898288726806641e+00 -1.239541053771972656e+01 0.000000000000000000e+00
3.087080955505371094e+00 -1.675111770629882812e+01 0.000000000000000000e+00
