4.875791549682617188e+00 6.643128871917724609e+00 0.000000000000000000e+00
1.464798545837402344e+01 2.924005746841430664e+00 0.000000000000000000e+00
4.538769721984863281e+00 1.085202813148498535e+00 0.000000000000000000e+00
-1.595402812957763672e+01 9.380607008934020996e-01 0.000000000000000000e+00
-4.874106884002685547e+00 -3.112902879714965820e+00 0.000000000000000000e+00
-9.654077529907226562e+00 4.794578075408935547e+00 0.000000000000000000e+00
-1.047408199310302734e+01 1.318270492553710938e+01 0.000000000000000000e+00
-1.051933670043945312e+01 -7.572036266326904297e+00 0.000000000000000000e+00
7.861536979675292969e+00 5.267781257629394531e+00 0.000000000000000000e+00
-1.253610134124755859e+01 -5.870999813079833984e+00 0.000000000000000000e+00
1.243662929534912109e+01 1.053447842597961426e+00 0.000000000000000000e+00
2.711049318313598633e+00 -1.631680107116699219e+01 0.000000000000000000e+00
-7.128380775451660156e+00 -3.102865815162658691e-02 0.000000000000000000e+00
6.387390136718750000e+00 -8.438629150390625000e+00 0.000000000000000000e+00
1.296301078796386719e+01 -5.283707976341247559e-01 0.000000000000000000e+00
4.189517021179199219e+00 -9.808591842651367188e+00 0.000000000000000000e+00
7.511915206909179688e+00 1.305030250549316406e+01 0.000000000000000000e+00
-1.647736430168151855e+00 1.219995784759521484e+01 0.000000000000000000e+00
1.461579895019531250e+01 7.963122367858886719e+00 0.000000000000000000e+00
-1.201563835144042969e+01 -4.041598796844482422e+00 0.000000000000000000e+00
6.878825187683105469e+00 9.387411117553710938e+00 0.000000000000000000e+00
-1.325870609283447266e+01 -7.371777057647705078e+00 0.000000000000000000e+00
-3.285310745239257812e+00 1.439287281036376953e+01 0.000000000000000000e+00
-5.123178958892822266e-01 -3.759614467620849609e+00 0.000000000000000000e+00
1.579802703857421875e+01 -5.267242789268493652e-01 0.000000000000000000e+00
-1.100276565551757812e+01 -1.143520545959472656e+01 0.000000000000000000e+00
2.803185582160949707e-01 -2.100201845169067383e+00 0.000000000000000000e+00
3.875874757766723633e+00 -3.615936756134033203e+00 0.000000000000000000e+00
-1.353483486175537109e+01 1.271190404891967773e+00 0.000000000000000000e+00
-3.603613853454589844e+00 4.206567704677581787e-01 0.000000000000000000e+00
1.115683746337890625e+01 -1.041025066375732422e+01 0.000000000000000000e+00
4.822201251983642578e+00 1.668103408813476562e+01 0.000000000000000000e+00
-3.332851648330688477e+00 -1.650714111328125000e+01 0.000000000000000000e+00
-1.733034515380859375e+01 -1.796255230903625488e+00 0.000000000000000000e+00
1.574595928192138672e+01 -6.245572090148925781e+00 0.000000000000000000e+00
-7.889008522033691406e+00 -5.116315364837646484e+00 0.000000000000000000e+00
1.199038696289062500e+01 -6.302738666534423828e+00 0.000000000000000000e+00
2.262880802154541016e+00 -1.885839462280273438e+00 0.000000000000000000e+00
1.186302542686462402e+00 -1.685099411010742188e+01 0.000000000000000000e+00
-7.344445705413818359e+00 1.130639839172363281e+01 0.000000000000000000e+00
-3.402855396270751953e+00 3.028420686721801758e+00 0.000000000000000000e+00
-9.325830459594726562e+00 8.861653327941894531e+00 0.000000000000000000e+00
-1.453121757507324219e+01 -4.992538452148437500e+00 0.000000000000000000e+00
-3.238713026046752930e+00 6.166614532470703125e+00 0.000000000000000000e+00
5.790559291839599609e+00 -1.220822906494140625e+01 0.000000000000000000e+00
-2.594246387481689453e+00 -9.730245590209960938e+00 0.000000000000000000e+00
1.268334865570068359e+01 -8.883447647094726562e+00 0.000000000000000000e+00
9.708208084106445312e+00 -2.796553134918212891e+00 0.000000000000000000e+00
-7.029799938201904297e+00 4.013813972473144531e+00 0.000000000000000000e+00
-6.755517959594726562e+00 7.485635757446289062e+00 0.000000000000000000e+00
7.672960758209228516e+00 -1.196426486968994141e+01 0.000000000000000000e+00
2.190026521682739258e+00 3.374917268753051758e+00 0.000000000000000000e+00
1.243056178092956543e+00 -1.501263618469238281e+01 0.000000000000000000e+00
2.665830373764038086e+00 1.204142665863037109e+01 0.000000000000000000e+00
-5.122391700744628906e+00 -7.009557247161865234e+00 0.000000000000000000e+00
5.630003929138183594e+00 -4.215369701385498047e+00 0.000000000000000000e+00
-1.651233673095703125e+00 -5.903119087219238281e+00 0.000000000000000000e+00
7.400997161865234375e+00 -7.200620651245117188e+00 0.000000000000000000e+00
1.542369174957275391e+01 -3.939485549926757812e+00 0.000000000000000000e+00
1.482707977294921875e+01 1.118249893188476562e+00 0.000000000000000000e+00
1.065733432769775391e+01 1.319938182830810547e+01 0.000000000000000000e+00
7.205934524536132812e+00 -1.009036540985107422e+01 0.000000000000000000e+00
-4.350664138793945312e+00 1.188560485839843750e+01 0.000000000000000000e+00
-1.036642456054687500e+01 -4.317613124847412109e+00 0.000000000000000000e+00
1.007147789001464844e+01 1.112317085266113281e+01 0.000000000000000000e+00
6.317080020904541016e+00 1.469611835479736328e+01 0.000000000000000000e+00
5.868651866912841797e+00 -3.813844025135040283e-01 0.000000000000000000e+00
-6.116497516632080078e+00 -1.607967948913574219e+01 0.000000000000000000e+00
-1.029965019226074219e+01 -9.991079330444335938e+00 0.000000000000000000e+00
-1.228005695343017578e+01 -3.226712346076965332e-01 0.000000000000000000e+00
-8.013892173767089844e+00 -8.688847541809082031e+00 0.000000000000000000e+00
-2.645795822143554688e+00 -7.413551330566406250e+00 0.000000000000000000e+00
1.651004672050476074e+00 5.774524211883544922e+00 0.000000000000000000e+00
6.087578535079956055e-01 8.847499847412109375e+00 0.000000000000000000e+00
-9.116876602172851562e+00 1.423861694335937500e+01 0.000000000000000000e+00
-7.557729721069335938e+00 1.400608539581298828e+01 0.000000000000000000e+00
1.087589645385742188e+01 -1.314443111419677734e+01 0.000000000000000000e+00
6.948317050933837891e+00 -1.425021553039550781e+01 0.000000000000000000e+00
4.470097541809082031e+00 4.426006793975830078e+00 0.000000000000000000e+00
-4.837983131408691406e+00 -9.148177146911621094e+00 0.000000000000000000e+00
2.704081296920776367e+00 1.402469921112060547e+01 0.000000000000000000e+00
-6.371206283569335938e+00 -2.144098520278930664e+00 0.000000000000000000e+00
-1.269925689697265625e+01 4.041485786437988281e+00 0.000000000000000000e+00
3.974066019058227539e+00 7.976321697235107422e+00 0.000000000000000000e+00
1.540726572275161743e-01 1.532571792602539062e+01 0.000000000000000000e+00
-6.138417720794677734e+00 -1.160508346557617188e+01 0.000000000000000000e+00
-9.703854322433471680e-01 -1.630905151367187500e+01 0.000000000000000000e+00
-9.585983306169509888e-02 1.110795116424560547e+01 0.000000000000000000e+00
-8.522834777832031250e+00 3.508232831954956055e+00 0.000000000000000000e+00
1.444588851928710938e+01 -1.245396494865417480e+00 0.000000000000000000e+00
6.597332954406738281e-01 -1.290871524810791016e+01 0.000000000000000000e+00
-5.718098163604736328e+00 1.007713413238525391e+01 0.000000000000000000e+00
6.447040557861328125e+00 1.181248950958251953e+01 0.000000000000000000e+00
6.210564136505126953e+00 7.522614479064941406e+00 0.000000000000000000e+00
-5.486610531806945801e-02 6.428386211395263672e+00 0.000000000000000000e+00
3.795797109603881836e+00 1.037242698669433594e+01 0.000000000000000000e+00
1.353194952011108398e+00 -1.160346269607543945e-01 0.000000000000000000e+00
-4.462325096130371094e+00 -1.092292547225952148e+00 0.000000000000000000e+00
5.074856758117675781e+00 -1.462351131439208984e+01 0.000000000000000000e+00
-6.120689392089843750e+00 5.477488040924072266e+00 0.000000000000000000e+00
1.530948996543884277e+00 -9.171534538269042969e+00 0.000000000000000000e+00
7.965719699859619141e+00 -5.639912605285644531e+00 0.000000000000000000e+00
1.296415901184082031e+01 7.310081958770751953e+00 0.000000000000000000e+00
1.070081043243408203e+01 8.053040504455566406e+00 0.000000000000000000e+00
-2.518163204193115234e+00 9.185684204101562500e+00 0.000000000000000000e+00
1.397077083587646484e+01 5.445512771606445312e+00 0.000000000000000000e+00
-2.118924856185913086e+00 4.284931182861328125e+00 0.000000000000000000e+00
1.260111713409423828e+01 2.546953916549682617e+00 0.000000000000000000e+00
-1.385235881805419922e+01 7.892394542694091797e+00 0.000000000000000000e+00
3.198255062103271484e+00 -5.934779644012451172e+00 0.000000000000000000e+00
-1.717503547668457031e+01 2.526192188262939453e+00 0.000000000000000000e+00
1.519168663024902344e+01 -8.651059150695800781e+00 0.000000000000000000e+00
-1.378508567810058594e+01 -1.312510728836059570e+00 0.000000000000000000e+00
7.047273635864257812e+00 7.579802870750427246e-01 0.000000000000000000e+00
-1.643966794013977051e+00 -2.763036727905273438e+00 0.000000000000000000e+00
-1.316072344779968262e+00 -1.391020679473876953e+01 0.000000000000000000e+00
-8.703707456588745117e-01 1.711925506591796875e+01 0.000000000000000000e+00
1.135622882843017578e+01 5.866709709167480469e+00 0.000000000000000000e+00
-3.071967840194702148e+00 1.714093780517578125e+01 0.000000000000000000e+00
8.502465248107910156e+00 8.109908103942871094e+00 0.000000000000000000e+00
7.087817668914794922e+00 -3.104305267333984375e+00 0.000000000000000000e+00
-1.454404067993164062e+01 -8.465282440185546875e+00 0.000000000000000000e+00
3.102969408035278320e+00 -7.577596187591552734e+00 0.000000000000000000e+00
-1.216181087493896484e+01 9.702712059020996094e+00 0.000000000000000000e+00
-3.213512897491455078e-01 2.862509489059448242e+00 0.000000000000000000e+00
1.031071281433105469e+01 1.315251350402832031e+00 0.000000000000000000e+00
1.253993511199951172e+01 1.096246242523193359e+01 0.000000000000000000e+00
-1.726520299911499023e+00 4.537793695926666260e-01 0.000000000000000000e+00
1.605537414550781250e+01 5.188128948211669922e+00 0.000000000000000000e+00
6.701950550079345703e+00 2.235377550125122070e+00 0.000000000000000000e+00
9.389163970947265625e+00 -1.724204421043395996e-01 0.000000000000000000e+00
-1.193502426147460938e+01 1.146925258636474609e+01 0.000000000000000000e+00
9.682677268981933594e+00 5.080751895904541016e+00 0.000000000000000000e+00
-7.023681163787841797e+00 -6.643902301788330078e+00 0.000000000000000000e+00
-1.583820629119873047e+01 -1.232001066207885742e+00 0.000000000000000000e+00
-1.075731849670410156e+01 8.267797470092773438e+00 0.000000000000000000e+00
-9.833280563354492188e+00 2.634871959686279297e+00 0.000000000000000000e+00
-1.113552856445312500e+01 4.012766361236572266e+00 0.000000000000000000e+00
-8.451384544372558594e+00 -1.371347332000732422e+01 0.000000000000000000e+00
-8.318186759948730469e+00 6.348515987396240234e+00 0.000000000000000000e+00
-5.570450782775878906e+00 1.573190879821777344e+01 0.000000000000000000e+00
3.466187000274658203e+00 -1.468409538269042969e+01 0.000000000000000000e+00
1.365302181243896484e+01 9.791914939880371094e+00 0.000000000000000000e+00
1.642673110961914062e+01 3.044448852539062500e+00 0.000000000000000000e+00
1.425516414642333984e+01 -6.964046955108642578e+00 0.000000000000000000e+00
-1.399355030059814453e+01 5.855652332305908203e+00 0.000000000000000000e+00
-4.679823875427246094e+00 7.283756256103515625e+00 0.000000000000000000e+00
-1.207177639007568359e+01 -8.622749328613281250e+00 0.000000000000000000e+00
-9.821681976318359375e+00 9.730976819992065430e-01 0.000000000000000000e+00
-1.205057430267333984e+01 1.580853343009948730e+00 0.000000000000000000e+00
-6.059235095977783203e+00 1.704187035560607910e+00 0.000000000000000000e+00
1.641510963439941406e+01 -2.295051813125610352e+00 0.000000000000000000e+00
9.897143244743347168e-01 -7.388523578643798828e+00 0.000000000000000000e+00
-6.942854404449462891e+00 -1.381018543243408203e+01 0.000000000000000000e+00
-9.474775314331054688e+00 1.088312244415283203e+01 0.000000000000000000e+00
5.066842555999755859e+00 9.416115760803222656e+00 0.000000000000000000e+00
-3.274040460586547852e+00 -5.022819995880126953e+00 0.000000000000000000e+00
-6.460278630256652832e-01 -8.810175895690917969e+00 0.000000000000000000e+00
8.810787200927734375e+00 -1.013230323791503906e+01 0.000000000000000000e+00
9.548424720764160156e+00 1.443746948242187500e+01 0.000000000000000000e+00
-1.265535354614257812e+01 -1.046153736114501953e+01 0.000000000000000000e+00
-1.186337757110595703e+01 6.634939670562744141e+00 0.000000000000000000e+00
-1.686792564392089844e+01 4.544402599334716797e+00 0.000000000000000000e+00
6.326969623565673828e+00 5.381301879882812500e+00 0.000000000000000000e+00
1.297792911529541016e+01 -3.769698858261108398e+00 0.000000000000000000e+00
-2.525722503662109375e+00 -1.284818744659423828e+01 0.000000000000000000e+00
1.674449920654296875e+01 -4.693799972534179688e+00 0.000000000000000000e+00
-4.950591564178466797e+00 -1.422163105010986328e+01 0.000000000000000000e+00
1.209567832946777344e+01 9.440846443176269531e+00 0.000000000000000000e+00
-1.115677642822265625e+01 -1.847049713134765625e+00 0.000000000000000000e+00
2.215327501296997070e+00 8.834473609924316406e+00 0.000000000000000000e+00
-7.800930500030517578e+00 -1.096424961090087891e+01 0.000000000000000000e+00
1.373966097831726074e+00 1.305549144744873047e+01 0.000000000000000000e+00
7.991181850433349609e+00 1.519959354400634766e+01 0.000000000000000000e+00
-1.706017017364501953e+00 6.637084007263183594e+00 0.000000000000000000e+00
4.292986869812011719e+00 -6.016438007354736328e-01 0.000000000000000000e+00
-2.658092498779296875e+00 -1.468512821197509766e+01 0.000000000000000000e+00
-1.053922748565673828e+01 -1.379006290435791016e+01 0.000000000000000000e+00
1.484790802001953125e+00 1.824393630027770996e+00 0.000000000000000000e+00
2.392163991928100586e+00 -1.228222179412841797e+01 0.000000000000000000e+00
-9.786959648132324219e+00 -1.214373111724853516e+00 0.000000000000000000e+00
1.116457223892211914e+00 1.716468048095703125e+01 0.000000000000000000e+00
9.067918777465820312e+00 -1.284278964996337891e+01 0.000000000000000000e+00
1.149305629730224609e+01 -1.468144178390502930e+00 0.000000000000000000e+00
8.468424797058105469e+00 9.990063667297363281e+00 0.000000000000000000e+00
1.096038627624511719e+01 -3.694730520248413086e+00 0.000000000000000000e+00
-2.840194463729858398e+00 -1.128897953033447266e+01 0.000000000000000000e+00
-1.410738229751586914e+00 -1.074292564392089844e+01 0.000000000000000000e+00
-5.220339298248291016e+00 1.324102210998535156e+01 0.000000000000000000e+00
1.262970352172851562e+01 4.145211696624755859e+00 0.000000000000000000e+00
-8.796864509582519531e+00 -6.696131706237792969e+00 0.000000000000000000e+00
-4.792710781097412109e+00 -4.731343746185302734e+00 0.000000000000000000e+00
5.521521091461181641e+00 -5.920485496520996094e+00 0.000000000000000000e+00
1.655126190185546875e+01 8.377951383590698242e-01 0.000000000000000000e+00
-2.523599147796630859e+00 -1.418841481208801270e+00 0.000000000000000000e+00
1.415829372406005859e+01 -9.756222724914550781e+00 0.000000000000000000e+00
-1.919950485229492188e+00 1.551401805877685547e+01 0.000000000000000000e+00
1.543704509735107422e+00 -4.385178089141845703e+00 0.000000000000000000e+00
2.022888660430908203e-01 -1.016963577270507812e+01 0.000000000000000000e+00
-9.145680665969848633e-01 8.367173194885253906e+00 0.000000000000000000e+00
-9.243579864501953125e+00 -1.229785442352294922e+01 0.000000000000000000e+00
3.109908342361450195e+00 3.394376337528228760e-01 0.000000000000000000e+00
-1.664444732666015625e+01 -5.343764305114746094e+00 0.000000000000000000e+00
5.931279659271240234e+00 3.608625411987304688e+00 0.000000000000000000e+00
-1.452847385406494141e+01 4.353102207183837891e+00 0.000000000000000000e+00
9.267716407775878906e+00 -4.647566795349121094e+00 0.000000000000000000e+00
9.370245933532714844e+00 -1.462272930145263672e+01 0.000000000000000000e+00
-1.584119319915771484e+01 -3.833232164382934570e+00 0.000000000000000000e+00
-4.517010971903800964e-02 1.269113898277282715e+00 0.000000000000000000e+00
1.542244315147399902e+00 1.082274055480957031e+01 0.000000000000000000e+00
-1.517274570465087891e+01 -6.763471603393554688e+00 0.000000000000000000e+00
-7.999735832214355469e+00 -3.557763814926147461e+00 0.000000000000000000e+00
8.339707851409912109e-01 4.163835048675537109e+00 0.000000000000000000e+00
-3.243938684463500977e+00 1.061077022552490234e+01 0.000000000000000000e+00
1.101533412933349609e+01 -7.690531730651855469e+00 0.000000000000000000e+00
-7.726582527160644531e+00 8.723376274108886719e+00 0.000000000000000000e+00
-1.575810337066650391e+01 6.101779937744140625e+00 0.000000000000000000e+00
5.496038436889648438e+00 -2.678736209869384766e+00 0.000000000000000000e+00
1.746876716613769531e+01 -9.338604807853698730e-01 0.000000000000000000e+00
4.496795654296875000e+00 1.194946479797363281e+01 0.000000000000000000e+00
3.058070421218872070e+00 1.704752731323242188e+01 0.000000000000000000e+00
1.103252601623535156e+01 3.881959915161132812e+00 0.000000000000000000e+00
1.019777011871337891e+01 -9.047235488891601562e+00 0.000000000000000000e+00
-1.327848911285400391e+01 -2.906377315521240234e+00 0.000000000000000000e+00
-8.536235809326171875e+00 1.223968219757080078e+01 0.000000000000000000e+00
1.359759426116943359e+01 -5.266345977783203125e+00 0.000000000000000000e+00
-5.083865165710449219e+00 3.377036571502685547e+00 0.000000000000000000e+00
4.102871417999267578e+00 -1.284237861633300781e+01 0.000000000000000000e+00
-1.461828327178955078e+01 2.482102870941162109e+00 0.000000000000000000e+00
-3.208334445953369141e-01 1.387497043609619141e+01 0.000000000000000000e+00
9.066754341125488281e+00 3.658537149429321289e+00 0.000000000000000000e+00
7.759317874908447266e+00 -9.780179262161254883e-01 0.000000000000000000e+00
-7.336786746978759766e+00 1.562969303131103516e+01 0.000000000000000000e+00
-4.731750011444091797e+00 -1.229864788055419922e+01 0.000000000000000000e+00
6.371511459350585938e+00 -1.622126197814941406e+01 0.000000000000000000e+00
-3.020645856857299805e+00 -3.452603340148925781e+00 0.000000000000000000e+00
3.131679058074951172e+00 6.590314388275146484e+00 0.000000000000000000e+00
4.409936428070068359e+00 1.386217021942138672e+01 0.000000000000000000e+00
-4.122401714324951172e+00 9.229168891906738281e+00 0.000000000000000000e+00
-6.222607612609863281e+00 -3.863756418228149414e+00 0.000000000000000000e+00
4.613946914672851562e+00 -7.658145427703857422e+00 0.000000000000000000e+00
-1.794364690780639648e+00 2.523621559143066406e+00 0.000000000000000000e+00
9.865046501159667969e+00 -6.340469837188720703e+00 0.000000000000000000e+00
1.286273288726806641e+01 -2.124337911605834961e+00 0.000000000000000000e+00
-3.826684474945068359e+00 4.746715068817138672e+00 0.000000000000000000e+00
1.290070533752441406e+01 -1.091146659851074219e+01 0.000000000000000000e+00
-6.780077219009399414e-01 -6.975281238555908203e-01 0.000000000000000000e+00
2.270147323608398438e+00 1.576737403869628906e+01 0.000000000000000000e+00
8.380055427551269531e+00 1.161219787597656250e+01 0.000000000000000000e+00
1.595303726196289062e+01 6.867931842803955078e+00 0.000000000000000000e+00
-6.756922602653503418e-01 4.754557132720947266e+00 0.000000000000000000e+00
3.453954935073852539e+00 2.464398145675659180e+00 0.000000000000000000e+00
-5.181945800781250000e+00 4.514395296573638916e-01 0.000000000000000000e+00
8.351607322692871094e+00 1.675880432128906250e+00 0.000000000000000000e+00
-1.003250217437744141e+01 6.252368450164794922e+00 0.000000000000000000e+00
1.198102951049804688e+01 1.247417354583740234e+01 0.000000000000000000e+00
