-6.985199928283691406e+00 1.581066322326660156e+01 0.000000000000000000e+00
1.418985366821289062e+01 -7.028707504272460938e+00 0.000000000000000000e+00
-1.993221402168273926e+00 1.066106319427490234e+01 0.000000000000000000e+00
8.834206581115722656e+00 -3.194230794906616211e+00 0.000000000000000000e+00
3.915587425231933594e+00 -6.257282733917236328e+00 0.000000000000000000e+00
-5.618564605712890625e+00 8.887439727783203125e+00 0.000000000000000000e+00
-1.333939456939697266e+01 -6.127971172332763672e+00 0.000000000000000000e+00
6.831323623657226562e+00 1.307335758209228516e+01 0.000000000000000000e+00
-8.869710922241210938e+00 -2.984958887100219727e-01 0.000000000000000000e+00
1.378794860839843750e+01 -4.039930343627929688e+00 0.000000000000000000e+00
7.713787555694580078e+00 4.194467067718505859e+00 0.000000000000000000e+00
-3.160156250000000000e+00 -1.361282444000244141e+01 0.000000000000000000e+00
3.207062721252441406e+00 2.171963214874267578e+00 0.000000000000000000e+00
1.588180160522460938e+01 -7.146893024444580078e+00 0.000000000000000000e+00
-1.017147254943847656e+01 -5.555849552154541016e+00 0.000000000000000000e+00
-7.963128685951232910e-01 4.556413650512695312e+00 0.000000000000000000e+00
5.312141895294189453e+00 -8.282271385192871094e+00 0.000000000000000000e+00
1.575032424926757812e+01 6.712140083312988281e+00 0.000000000000000000e+00
1.778710246086120605e+00 1.729643821716308594e+01 0.000000000000000000e+00
-1.181636905670166016e+01 -1.288444805145263672e+01 0.000000000000000000e+00
-2.198579788208007812e+00 1.631151580810546875e+01 0.000000000000000000e+00
8.634853363037109375e+00 1.166343307495117188e+01 0.000000000000000000e+00
-5.043777942657470703e+00 1.542467594146728516e+01 0.000000000000000000e+00
-3.718605756759643555e+00 6.472121715545654297e+00 0.000000000000000000e+00
1.121656894683837891e+01 2.169576406478881836e+00 0.000000000000000000e+00
3.939712285995483398e+00 1.236537170410156250e+01 0.000000000000000000e+00
7.489334583282470703e+00 8.407981872558593750e+00 0.000000000000000000e+00
-9.203318595886230469e+00 -7.588516235351562500e+00 0.000000000000000000e+00
3.303603410720825195e+00 -1.508542895317077637e+00 0.000000000000000000e+00
-4.567214012145996094e+00 -6.121132850646972656e+00 0.000000000000000000e+00
9.365460395812988281e+00 -2.935318350791931152e-01 0.000000000000000000e+00
4.826900959014892578e-01 -2.912173032760620117e+00 0.000000000000000000e+00
1.025676250457763672e+01 5.635202407836914062e+00 0.000000000000000000e+00
-7.638057231903076172e+00 -5.211575984954833984e+00 0.000000000000000000e+00
2.761055946350097656e+00 7.573519706726074219e+00 0.000000000000000000e+00
4.445724964141845703e+00 -1.271836948394775391e+01 0.000000000000000000e+00
1.122309494018554688e+01 -7.840449810028076172e+00 0.000000000000000000e+00
2.830176353454589844e-01 -6.364524841308593750e+00 0.000000000000000000e+00
-1.209646701812744141e+01 -9.391995429992675781e+00 0.000000000000000000e+00
-1.313010406494140625e+01 9.514867782592773438e+00 0.000000000000000000e+00
-7.570841312408447266e+00 1.257221794128417969e+01 0.000000000000000000e+00
9.138648986816406250e+00 -5.658173561096191406e+00 0.000000000000000000e+00
5.365134239196777344e+00 -4.340550899505615234e+00 0.000000000000000000e+00
-9.925432205200195312e+00 -9.493854522705078125e+00 0.000000000000000000e+00
4.722143173217773438e+00 1.370300674438476562e+01 0.000000000000000000e+00
-5.030693411827087402e-01 -1.498308944702148438e+01 0.000000000000000000e+00
-1.602166938781738281e+01 3.931704461574554443e-01 0.000000000000000000e+00
-1.261620044708251953e+01 5.834447383880615234e+00 0.000000000000000000e+00
-6.799940586090087891e+00 -1.351333522796630859e+01 0.000000000000000000e+00
-1.169376659393310547e+01 3.182312726974487305e+00 0.000000000000000000e+00
-3.708925485610961914e+00 1.692878341674804688e+01 0.000000000000000000e+00
9.388133883476257324e-01 4.475034236907958984e+00 0.000000000000000000e+00
4.160176753997802734e+00 -9.704718589782714844e+00 0.000000000000000000e+00
-1.340268135070800781e+01 1.391478896141052246e+00 0.000000000000000000e+00
-2.451352357864379883e+00 1.398288917541503906e+01 0.000000000000000000e+00
-7.499011039733886719e+00 -1.216149139404296875e+01 0.000000000000000000e+00
-4.416758537292480469e+00 -1.547128963470458984e+01 0.000000000000000000e+00
1.666698455810546875e+01 8.587420582771301270e-01 0.000000000000000000e+00
-1.739514589309692383e+00 -1.258885097503662109e+01 0.000000000000000000e+00
1.383929538726806641e+01 1.233470082283020020e+00 0.000000000000000000e+00
-6.644186973571777344e+00 -1.508442115783691406e+01 0.000000000000000000e+00
-5.434143066406250000e+00 5.359199047088623047e+00 0.000000000000000000e+00
6.381627082824707031e+00 -1.071500110626220703e+01 0.000000000000000000e+00
-1.180450916290283203e+01 -7.732973098754882812e+00 0.000000000000000000e+00
5.228029727935791016e+00 -7.915955185890197754e-01 0.000000000000000000e+00
-6.085188865661621094e+00 -1.411552429199218750e+00 0.000000000000000000e+00
-1.060777950286865234e+01 1.311568260192871094e+01 0.000000000000000000e+00
2.564038932323455811e-01 -8.116127014160156250e+00 0.000000000000000000e+00
6.545033454895019531e+00 3.188355922698974609e+00 0.000000000000000000e+00
-6.997579097747802734e+00 3.574691295623779297e+00 0.000000000000000000e+00
6.818809986114501953e+00 -1.583632373809814453e+01 0.000000000000000000e+00
-5.983962535858154297e+00 1.262322187423706055e+00 0.000000000000000000e+00
-5.012959480285644531e+00 -9.359908103942871094e+00 0.000000000000000000e+00
-1.482088756561279297e+01 -3.474993944168090820e+00 0.000000000000000000e+00
1.537065124511718750e+01 -7.726169228553771973e-01 0.000000000000000000e+00
-9.921631813049316406e+00 -1.146168422698974609e+01 0.000000000000000000e+00
-6.965311050415039062e+00 1.117363643646240234e+01 0.000000000000000000e+00
-4.138126373291015625e+00 9.160474777221679688e+00 0.000000000000000000e+00
1.244567513465881348e+00 1.179464221000671387e+00 0.000000000000000000e+00
1.378814792633056641e+01 -6.979311704635620117e-01 0.000000000000000000e+00
-2.035440444946289062e+00 -2.007338047027587891e+00 0.000000000000000000e+00
-6.456182956695556641e+00 -7.968337535858154297e+00 0.000000000000000000e+00
-1.418532943725585938e+01 -7.480367660522460938e+00 0.000000000000000000e+00
1.378166913986206055e+00 6.737441539764404297e+00 0.000000000000000000e+00
1.408329582214355469e+01 9.232967376708984375e+00 0.000000000000000000e+00
-7.772554397583007812e+00 9.732821464538574219e+00 0.000000000000000000e+00
4.966114044189453125e+00 3.256867170333862305e+00 0.000000000000000000e+00
1.858681201934814453e+00 -7.397764682769775391e+00 0.000000000000000000e+00
1.006145763397216797e+01 1.109287738800048828e+01 0.000000000000000000e+00
-7.775123596191406250e+00 1.979361653327941895e+00 0.000000000000000000e+00
5.419612884521484375e+00 1.021862149238586426e+00 0.000000000000000000e+00
-1.072317695617675781e+01 -2.674073696136474609e+00 0.000000000000000000e+00
1.625397920608520508e+00 1.205682563781738281e+01 0.000000000000000000e+00
-1.462947130203247070e+00 5.928115844726562500e+00 0.000000000000000000e+00
1.277227401733398438e+01 7.681735515594482422e+00 0.000000000000000000e+00
-1.268803501129150391e+01 -2.783624410629272461e+00 0.000000000000000000e+00
-1.150515899062156677e-01 1.365283679962158203e+01 0.000000000000000000e+00
-1.652068853378295898e+00 -8.894875526428222656e+00 0.000000000000000000e+00
8.461285591125488281e+00 6.859567642211914062e+00 0.000000000000000000e+00
4.400849342346191406e+00 7.657139778137207031e+00 0.000000000000000000e+00
1.106855630874633789e+00 -1.354409694671630859e+01 0.000000000000000000e+00
-6.752004623413085938e+00 6.761381626129150391e+00 0.000000000000000000e+00
-2.317247390747070312e+00 1.072588682174682617e+00 0.000000000000000000e+00
6.124082565307617188e+00 -1.233500289916992188e+01 0.000000000000000000e+00
-3.090173482894897461e+00 4.311730861663818359e+00 0.000000000000000000e+00
-1.656406021118164062e+01 2.007914543151855469e+00 0.000000000000000000e+00
4.648867130279541016e+00 1.066166019439697266e+01 0.000000000000000000e+00
6.496411800384521484e+00 5.347547054290771484e+00 0.000000000000000000e+00
-2.096781969070434570e+00 -6.526863574981689453e+00 0.000000000000000000e+00
-1.491574478149414062e+01 7.928322315216064453e+00 0.000000000000000000e+00
8.626626968383789062e+00 -1.410170078277587891e+01 0.000000000000000000e+00
7.714132308959960938e+00 -4.364319324493408203e+00 0.000000000000000000e+00
-4.547042250633239746e-01 -2.584299445152282715e-01 0.000000000000000000e+00
-1.041500949859619141e+01 4.486007213592529297e+00 0.000000000000000000e+00
5.405268669128417969e+00 -1.510996913909912109e+01 0.000000000000000000e+00
7.990687370300292969e+00 9.833858489990234375e+00 0.000000000000000000e+00
1.088139563798904419e-01 -1.021638488769531250e+01 0.000000000000000000e+00
1.382580089569091797e+01 4.594753265380859375e+00 0.000000000000000000e+00
-4.340116977691650391e+00 -1.668506860733032227e-01 0.000000000000000000e+00
5.441440105438232422e+00 1.630288887023925781e+01 0.000000000000000000e+00
1.102513694763183594e+01 3.659025669097900391e+00 0.000000000000000000e+00
8.397339820861816406e+00 -1.182209396362304688e+01 0.000000000000000000e+00
1.570829677581787109e+01 -3.154349088668823242e+00 0.000000000000000000e+00
-4.359429359436035156e+00 3.437964677810668945e+00 0.000000000000000000e+00
-1.490336894989013672e+01 5.334105968475341797e+00 0.000000000000000000e+00
-7.250676155090332031e+00 8.261661529541015625e+00 0.000000000000000000e+00
-1.101788139343261719e+01 1.107228088378906250e+01 0.000000000000000000e+00
-1.628285026550292969e+01 -3.115879058837890625e+00 0.000000000000000000e+00
2.556962251663208008e+00 4.699516296386718750e+00 0.000000000000000000e+00
-9.557222366333007812e+00 7.090903282165527344e+00 0.000000000000000000e+00
-6.887393593788146973e-01 -4.524087429046630859e+00 0.000000000000000000e+00
-3.528602123260498047e+00 1.113091278076171875e+01 0.000000000000000000e+00
2.120973110198974609e+00 -5.517599105834960938e+00 0.000000000000000000e+00
1.038168144226074219e+01 -2.989697933197021484e+00 0.000000000000000000e+00
-2.141458988189697266e+00 -3.640078783035278320e+00 0.000000000000000000e+00
-6.499176025390625000e+00 -4.067443370819091797e+00 0.000000000000000000e+00
7.499917030334472656e+00 -7.120150566101074219e+00 0.000000000000000000e+00
-8.974871635437011719e+00 -2.140939950942993164e+00 0.000000000000000000e+00
-9.224004745483398438e+00 3.253945589065551758e+00 0.000000000000000000e+00
3.578899145126342773e+00 1.550446701049804688e+01 0.000000000000000000e+00
2.945843935012817383e+00 -3.282499313354492188e+00 0.000000000000000000e+00
-1.222589302062988281e+01 7.288240432739257812e+00 0.000000000000000000e+00
-3.264168024063110352e+00 -1.649023818969726562e+01 0.000000000000000000e+00
1.315647029876708984e+01 -8.826839447021484375e+00 0.000000000000000000e+00
-1.048616504669189453e+01 1.572972774505615234e+00 0.000000000000000000e+00
-9.646686553955078125e+00 1.184907817840576172e+01 0.000000000000000000e+00
-1.610396003723144531e+01 -5.660665988922119141e+00 0.000000000000000000e+00
-3.460977792739868164e+00 -4.369347572326660156e+00 0.000000000000000000e+00
8.440916061401367188e+00 -9.540089607238769531e+00 0.000000000000000000e+00
7.647637367248535156e+00 1.549649143218994141e+01 0.000000000000000000e+00
1.191219997406005859e+01 -3.864537715911865234e+00 0.000000000000000000e+00
-4.741932392120361328e+00 -1.261019325256347656e+01 0.000000000000000000e+00
3.607107639312744141e+00 -1.442452526092529297e+01 0.000000000000000000e+00
-1.229194450378417969e+01 -2.711631357669830322e-01 0.000000000000000000e+00
7.943527221679687500e+00 2.537192106246948242e+00 0.000000000000000000e+00
-1.620949554443359375e+01 6.194537639617919922e+00 0.000000000000000000e+00
-1.612177848815917969e+01 3.668118238449096680e+00 0.000000000000000000e+00
-3.568470478057861328e+00 -7.408117771148681641e+00 0.000000000000000000e+00
1.543350315093994141e+01 2.786216020584106445e+00 0.000000000000000000e+00
1.087416839599609375e+01 1.308897018432617188e+01 0.000000000000000000e+00
1.251381587982177734e+01 1.025593090057373047e+01 0.000000000000000000e+00
-5.884330272674560547e+00 1.343447399139404297e+01 0.000000000000000000e+00
-8.802448272705078125e+00 -1.339520359039306641e+01 0.000000000000000000e+00
1.088773632049560547e+01 2.769545018672943115e-01 0.000000000000000000e+00
9.081837654113769531e+00 1.513655185699462891e+00 0.000000000000000000e+00
5.697037696838378906e+00 -5.917631149291992188e+00 0.000000000000000000e+00
1.020892524719238281e+01 -1.193540096282958984e+01 0.000000000000000000e+00
1.991183996200561523e+00 -1.119373130798339844e+01 0.000000000000000000e+00
-1.459449481964111328e+01 -2.529106736183166504e-01 0.000000000000000000e+00
-1.295930004119873047e+01 -1.162098598480224609e+01 0.000000000000000000e+00
-7.493057727813720703e+00 5.356270790100097656e+00 0.000000000000000000e+00
3.508621215820312500e+00 -1.623630523681640625e+01 0.000000000000000000e+00
-1.350732994079589844e+01 4.116272926330566406e+00 0.000000000000000000e+00
1.704426407814025879e-01 1.705061912536621094e+01 0.000000000000000000e+00
6.881309509277343750e+00 -3.140492439270019531e-01 0.000000000000000000e+00
1.335470676422119141e+00 1.481501007080078125e+01 0.000000000000000000e+00
2.467548847198486328e+00 -9.154663085937500000e+00 0.000000000000000000e+00
2.766935348510742188e+00 -1.268580055236816406e+01 0.000000000000000000e+00
2.744903326034545898e+00 1.360626029968261719e+01 0.000000000000000000e+00
-9.341374635696411133e-01 1.544144821166992188e+01 0.000000000000000000e+00
-4.656174182891845703e+00 -2.203854560852050781e+00 0.000000000000000000e+00
-7.716898918151855469e+00 -9.335695266723632812e+00 0.000000000000000000e+00
-4.192047595977783203e+00 -1.073625755310058594e+01 0.000000000000000000e+00
1.219057178497314453e+01 -1.114640903472900391e+01 0.000000000000000000e+00
1.333589935302734375e+01 -2.307951688766479492e+00 0.000000000000000000e+00
-1.699725341796875000e+01 -9.828657507896423340e-01 0.000000000000000000e+00
1.678525733947753906e+01 4.855452060699462891e+00 0.000000000000000000e+00
-3.615685701370239258e-01 1.891565799713134766e+00 0.000000000000000000e+00
-8.812936782836914062e+00 1.393056774139404297e+01 0.000000000000000000e+00
1.534804940223693848e+00 2.973858833312988281e+00 0.000000000000000000e+00
-6.333549022674560547e-01 1.193958950042724609e+01 0.000000000000000000e+00
1.148411512374877930e+00 -1.537514686584472656e+01 0.000000000000000000e+00
9.154115676879882812e+00 1.426279067993164062e+01 0.000000000000000000e+00
-7.196278572082519531e+00 -2.083415836095809937e-01 0.000000000000000000e+00
-1.156257820129394531e+01 -4.299279212951660156e+00 0.000000000000000000e+00
6.199908733367919922e+00 7.121635913848876953e+00 0.000000000000000000e+00
1.189714527130126953e+01 -1.273844814300537109e+01 0.000000000000000000e+00
9.956120491027832031e+00 8.437593460083007812e+00 0.000000000000000000e+00
-2.397312879562377930e+00 7.776466846466064453e+00 0.000000000000000000e+00
1.393737435340881348e+00 1.024102497100830078e+01 0.000000000000000000e+00
-1.813448429107666016e+00 -1.088959693908691406e+01 0.000000000000000000e+00
1.532463169097900391e+01 8.275799751281738281e+00 0.000000000000000000e+00
2.615695476531982422e+00 -5.750043317675590515e-02 0.000000000000000000e+00
-4.595945835113525391e+00 1.248446941375732422e+01 0.000000000000000000e+00
-1.107989883422851562e+01 8.297686576843261719e+00 0.000000000000000000e+00
-4.297586381435394287e-01 8.764421463012695312e+00 0.000000000000000000e+00
1.165496540069580078e+01 -2.114030838012695312e+00 0.000000000000000000e+00
3.303999662399291992e+00 9.836717605590820312e+00 0.000000000000000000e+00
-1.391066169738769531e+01 -9.443944931030273438e+00 0.000000000000000000e+00
-1.385158598423004150e-01 7.248735427856445312e+00 0.000000000000000000e+00
1.388928145170211792e-01 -1.227974128723144531e+01 0.000000000000000000e+00
4.268113136291503906e+00 5.893380641937255859e+00 0.000000000000000000e+00
1.262049007415771484e+01 5.732859134674072266e+00 0.000000000000000000e+00
6.216482639312744141e+00 9.677773475646972656e+00 0.000000000000000000e+00
1.561403942108154297e+01 -5.107091903686523438e+00 0.000000000000000000e+00
-4.123843669891357422e+00 1.318849802017211914e+00 0.000000000000000000e+00
1.695736503601074219e+01 3.143921136856079102e+00 0.000000000000000000e+00
7.890940666198730469e+00 -1.944308519363403320e+00 0.000000000000000000e+00
-1.179543113708496094e+01 -6.001949310302734375e+00 0.000000000000000000e+00
-1.062268829345703125e+01 -1.126923561096191406e+00 0.000000000000000000e+00
1.022686576843261719e+01 -4.613559246063232422e+00 0.000000000000000000e+00
9.662418365478515625e+00 -8.465234756469726562e+00 0.000000000000000000e+00
3.991905689239501953e+00 1.701985549926757812e+01 0.000000000000000000e+00
1.695439720153808594e+01 -1.354940772056579590e+00 0.000000000000000000e+00
1.468528747558593750e+00 -1.386498093605041504e+00 0.000000000000000000e+00
-8.793824195861816406e+00 -1.512873458862304688e+01 0.000000000000000000e+00
7.028430938720703125e+00 1.128365707397460938e+01 0.000000000000000000e+00
1.104101467132568359e+01 -9.838383674621582031e+00 0.000000000000000000e+00
1.316099262237548828e+01 -5.827372074127197266e+00 0.000000000000000000e+00
-9.279517173767089844e+00 -4.038812637329101562e+00 0.000000000000000000e+00
-4.922617912292480469e+00 1.046901416778564453e+01 0.000000000000000000e+00
-1.406472110748291016e+01 -2.125826597213745117e+00 0.000000000000000000e+00
1.261089801788330078e+01 3.285106420516967773e+00 0.000000000000000000e+00
8.921231627464294434e-01 -1.699613189697265625e+01 0.000000000000000000e+00
-5.812174320220947266e+00 -1.091201591491699219e+01 0.000000000000000000e+00
6.337368011474609375e+00 -2.036560297012329102e+00 0.000000000000000000e+00
-1.762603759765625000e+00 -1.679368782043457031e+01 0.000000000000000000e+00
1.486423969268798828e+01 -9.185504913330078125e+00 0.000000000000000000e+00
-1.647808074951171875e+00 3.018232345581054688e+00 0.000000000000000000e+00
-1.032858180999755859e+01 -1.334381771087646484e+01 0.000000000000000000e+00
1.212773704528808594e+01 1.188171577453613281e+01 0.000000000000000000e+00
-2.920459985733032227e+00 -7.268517613410949707e-01 0.000000000000000000e+00
3.697773694992065430e+00 -8.015974998474121094e+00 0.000000000000000000e+00
7.123375892639160156e+00 -1.372496414184570312e+01 0.000000000000000000e+00
1.076642608642578125e+01 -6.401507854461669922e+00 0.000000000000000000e+00
9.365894317626953125e+00 3.178319692611694336e+00 0.000000000000000000e+00
-1.396946144104003906e+01 6.594327449798583984e+00 0.000000000000000000e+00
1.054542636871337891e+01 -1.385969448089599609e+01 0.000000000000000000e+00
-9.304485321044921875e+00 9.769842147827148438e+00 0.000000000000000000e+00
1.219454669952392578e+01 -6.555821895599365234e-01 0.000000000000000000e+00
-5.084418773651123047e+00 7.225757598876953125e+00 0.000000000000000000e+00
-1.291491699218750000e+01 1.107907962799072266e+01 0.000000000000000000e+00
-3.352975606918334961e+00 -9.481032371520996094e+00 0.000000000000000000e+00
-3.089986443519592285e-01 1.042157077789306641e+01 0.000000000000000000e+00
-1.485926532745361328e+01 1.841424703598022461e+00 0.000000000000000000e+00
8.116369843482971191e-01 -4.526728630065917969e+00 0.000000000000000000e+00
