-1.939513807663037159e+00 -1.808185883664737315e+00
-1.895737832996937211e+00 -5.589526532221457122e-01
-1.851961858330837263e+00 6.902805772204457790e-01
-1.808185883664737315e+00 1.939513807663037159e+00
-6.902805772204457790e-01 -1.851961858330837263e+00
-6.465046025543457198e-01 -6.027286278882457715e-01
-6.027286278882457715e-01 6.465046025543457198e-01
-5.589526532221457122e-01 1.895737832996937211e+00
5.589526532221457122e-01 -1.895737832996937211e+00
6.027286278882457715e-01 -6.465046025543457198e-01
6.465046025543457198e-01 6.027286278882457715e-01
6.902805772204457790e-01 1.851961858330837263e+00
1.808185883664737315e+00 -1.939513807663037159e+00
1.851961858330837263e+00 -6.902805772204457790e-01
1.895737832996937211e+00 5.589526532221457122e-01
1.939513807663037159e+00 1.808185883664737315e+00
