-3.457410335540771484e+00 -1.161795043945312500e+01 0.000000000000000000e+00
1.820936918258666992e+00 1.273101615905761719e+01 0.000000000000000000e+00
-1.155449295043945312e+01 1.262651634216308594e+01 0.000000000000000000e+00
-1.570800399780273438e+01 2.192464828491210938e+00 0.000000000000000000e+00
1.327397060394287109e+01 -4.637825489044189453e+00 0.000000000000000000e+00
2.804795801639556885e-01 1.322537708282470703e+01 0.000000000000000000e+00
-1.694331884384155273e+00 1.291232299804687500e+01 0.000000000000000000e+00
-6.932765007019042969e+00 5.124703884124755859e+00 0.000000000000000000e+00
-5.187314987182617188e+00 2.353939294815063477e+00 0.000000000000000000e+00
4.264358043670654297e+00 -3.254340648651123047e+00 0.000000000000000000e+00
-8.897650718688964844e+00 7.881977558135986328e+00 0.000000000000000000e+00
3.994586467742919922e+00 1.683192825317382812e+01 0.000000000000000000e+00
-1.274983787536621094e+01 -3.251189708709716797e+00 0.000000000000000000e+00
1.196356010437011719e+01 4.828684329986572266e+00 0.000000000000000000e+00
-1.438094854354858398e+00 -1.266340827941894531e+01 0.000000000000000000e+00
1.891760945320129395e+00 -1.513013839721679688e+01 0.000000000000000000e+00
1.595521926879882812e+01 -6.674205303192138672e+00 0.000000000000000000e+00
7.041202783584594727e-01 1.170189189910888672e+01 0.000000000000000000e+00
1.640292549133300781e+01 -2.155403614044189453e+00 0.000000000000000000e+00
-6.432558536529541016e+00 9.707032203674316406e+00 0.000000000000000000e+00
-3.986952006816864014e-01 -1.413224887847900391e+01 0.000000000000000000e+00
4.351795196533203125e+00 1.188144207000732422e+01 0.000000000000000000e+00
6.042770385742187500e+00 1.070234107971191406e+01 0.000000000000000000e+00
-1.405232238769531250e+01 -1.618627667427062988e+00 0.000000000000000000e+00
1.441915321350097656e+01 -5.845757007598876953e+00 0.000000000000000000e+00
1.034969568252563477e+00 -2.856749773025512695e+00 0.000000000000000000e+00
1.648068308830261230e+00 9.951500892639160156e+00 0.000000000000000000e+00
5.466455936431884766e+00 6.351983547210693359e+00 0.000000000000000000e+00
-6.724945068359375000e+00 -1.290431308746337891e+01 0.000000000000000000e+00
-1.285672378540039062e+01 -6.406550884246826172e+00 0.000000000000000000e+00
3.357348203659057617e+00 -5.365161299705505371e-01 0.000000000000000000e+00
-1.463230490684509277e+00 -1.113527488708496094e+01 0.000000000000000000e+00
1.639609932899475098e+00 1.524520111083984375e+01 0.000000000000000000e+00
-7.409162521362304688e+00 -1.521401214599609375e+01 0.000000000000000000e+00
-3.893584012985229492e-01 6.791705608367919922e+00 0.000000000000000000e+00
-5.667187690734863281e+00 7.572180747985839844e+00 0.000000000000000000e+00
-4.382197260856628418e-01 1.481800079345703125e+01 0.000000000000000000e+00
-1.102559089660644531e+01 2.754685878753662109e+00 0.000000000000000000e+00
-1.489607810974121094e+01 -3.179234981536865234e+00 0.000000000000000000e+00
-2.080641537904739380e-01 -1.589914035797119141e+01 0.000000000000000000e+00
-9.118955612182617188e+00 -1.209390163421630859e+01 0.000000000000000000e+00
4.992327690124511719e+00 1.569548988342285156e+01 0.000000000000000000e+00
-6.550325393676757812e+00 -9.025384902954101562e+00 0.000000000000000000e+00
-9.947770118713378906e+00 -4.789941310882568359e+00 0.000000000000000000e+00
-1.128992748260498047e+01 -9.357723236083984375e+00 0.000000000000000000e+00
-2.081881046295166016e+00 -8.786126136779785156e+00 0.000000000000000000e+00
7.219867706298828125e+00 3.580646991729736328e+00 0.000000000000000000e+00
-2.492419481277465820e+00 1.308800935745239258e+00 0.000000000000000000e+00
5.691061496734619141e+00 4.834805011749267578e+00 0.000000000000000000e+00
-3.946400880813598633e+00 -7.854750633239746094e+00 0.000000000000000000e+00
-1.164109039306640625e+01 -7.588304996490478516e+00 0.000000000000000000e+00
3.910115242004394531e+00 -1.444619178771972656e+01 0.000000000000000000e+00
-4.440019130706787109e+00 1.073613834381103516e+01 0.000000000000000000e+00
3.519612789154052734e+00 -1.242285346984863281e+01 0.000000000000000000e+00
-1.359743309020996094e+01 3.794006347656250000e+00 0.000000000000000000e+00
-1.307688808441162109e+01 -9.089566230773925781e+00 0.000000000000000000e+00
-7.913651943206787109e+00 2.121474981307983398e+00 0.000000000000000000e+00
-6.551668167114257812e+00 1.368665409088134766e+01 0.000000000000000000e+00
6.853295326232910156e+00 -1.566726398468017578e+01 0.000000000000000000e+00
9.333503723144531250e+00 1.092642307281494141e+01 0.000000000000000000e+00
-5.046700477600097656e+00 1.296948528289794922e+01 0.000000000000000000e+00
4.982408523559570312e+00 -1.696448564529418945e+00 0.000000000000000000e+00
5.615692615509033203e+00 -9.646706581115722656e+00 0.000000000000000000e+00
7.722508430480957031e+00 -5.692228317260742188e+00 0.000000000000000000e+00
-4.483763694763183594e+00 -1.594621658325195312e+01 0.000000000000000000e+00
-5.085595130920410156e+00 -5.305109024047851562e-01 0.000000000000000000e+00
1.381242656707763672e+01 7.202400207519531250e+00 0.000000000000000000e+00
9.891103744506835938e+00 8.830970764160156250e+00 0.000000000000000000e+00
9.211498260498046875e+00 2.721659421920776367e+00 0.000000000000000000e+00
1.210150909423828125e+01 -7.537888050079345703e+00 0.000000000000000000e+00
-2.240071773529052734e+00 6.010383605957031250e+00 0.000000000000000000e+00
-1.036524415016174316e+00 8.743613958358764648e-01 0.000000000000000000e+00
-9.074078559875488281e+00 -7.874382019042968750e+00 0.000000000000000000e+00
9.553268432617187500e+00 -7.007625102996826172e+00 0.000000000000000000e+00
-1.133823966979980469e+01 7.369573593139648438e+00 0.000000000000000000e+00
7.369031906127929688e+00 5.627481937408447266e+00 0.000000000000000000e+00
-1.472422981262207031e+01 8.728086471557617188e+00 0.000000000000000000e+00
8.483016967773437500e+00 1.376552939414978027e+00 0.000000000000000000e+00
4.044730663299560547e+00 4.525909900665283203e+00 0.000000000000000000e+00
6.081386804580688477e-01 1.742926025390625000e+01 0.000000000000000000e+00
-8.136298179626464844e+00 -3.242762327194213867e+00 0.000000000000000000e+00
-5.714920043945312500e+00 -4.199319839477539062e+00 0.000000000000000000e+00
-8.990991592407226562e+00 1.331335449218750000e+01 0.000000000000000000e+00
-2.987784445285797119e-01 3.303346395492553711e+00 0.000000000000000000e+00
-5.015544414520263672e+00 -1.389301395416259766e+01 0.000000000000000000e+00
7.517966270446777344e+00 8.042692184448242188e+00 0.000000000000000000e+00
-1.363545322418212891e+01 1.003160762786865234e+01 0.000000000000000000e+00
2.963894128799438477e+00 2.655832052230834961e+00 0.000000000000000000e+00
3.286557912826538086e+00 9.463532447814941406e+00 0.000000000000000000e+00
8.588408470153808594e+00 -1.388773918151855469e+01 0.000000000000000000e+00
-1.277011108398437500e+01 5.181277275085449219e+00 0.000000000000000000e+00
-1.553086185455322266e+01 -7.320857524871826172e+00 0.000000000000000000e+00
-1.684956848621368408e-01 -9.560360908508300781e+00 0.000000000000000000e+00
8.921196937561035156e+00 -1.835460066795349121e+00 0.000000000000000000e+00
1.216837692260742188e+01 -1.072293376922607422e+01 0.000000000000000000e+00
2.799388885498046875e+00 -6.862199783325195312e+00 0.000000000000000000e+00
3.680309057235717773e+00 -1.059612464904785156e+01 0.000000000000000000e+00
-2.120242834091186523e+00 1.691825103759765625e+01 0.000000000000000000e+00
-8.128273963928222656e+00 -9.482517242431640625e+00 0.000000000000000000e+00
-1.991769671440124512e+00 4.337144374847412109e+00 0.000000000000000000e+00
-6.312874317169189453e+00 3.743939638137817383e+00 0.000000000000000000e+00
-1.118963050842285156e+01 -2.115485906600952148e+00 0.000000000000000000e+00
-9.532557487487792969e+00 1.001018238067626953e+01 0.000000000000000000e+00
-1.631639289855957031e+01 -3.811941862106323242e+00 0.000000000000000000e+00
1.171203517913818359e+01 -2.229178905487060547e+00 0.000000000000000000e+00
7.583507061004638672e+00 1.085177040100097656e+01 0.000000000000000000e+00
-3.565310955047607422e+00 4.776136875152587891e+00 0.000000000000000000e+00
-2.591561317443847656e+00 -6.129736423492431641e+00 0.000000000000000000e+00
4.609202861785888672e+00 -6.085162639617919922e+00 0.000000000000000000e+00
1.346202850341796875e+01 -2.229816317558288574e-01 0.000000000000000000e+00
-5.807043552398681641e+00 -1.982447147369384766e+00 0.000000000000000000e+00
-1.210649585723876953e+01 7.912386655807495117e-01 0.000000000000000000e+00
9.451154708862304688e+00 5.244137287139892578e+00 0.000000000000000000e+00
1.396792125701904297e+01 1.677675247192382812e+00 0.000000000000000000e+00
3.922464132308959961e+00 1.443752574920654297e+01 0.000000000000000000e+00
2.350805282592773438e+00 1.023928165435791016e+00 0.000000000000000000e+00
1.661903381347656250e+00 -7.960493087768554688e+00 0.000000000000000000e+00
-1.015225219726562500e+01 6.735143661499023438e-01 0.000000000000000000e+00
1.620875740051269531e+01 4.663117408752441406e+00 0.000000000000000000e+00
-3.618407964706420898e+00 7.793317794799804688e+00 0.000000000000000000e+00
-7.335279941558837891e+00 1.510095214843750000e+01 0.000000000000000000e+00
-5.477683544158935547e+00 -1.086641025543212891e+01 0.000000000000000000e+00
1.063731002807617188e+01 -1.000199985504150391e+01 0.000000000000000000e+00
-3.512484073638916016e+00 -1.404280757904052734e+01 0.000000000000000000e+00
1.709768104553222656e+01 -7.144434452056884766e-01 0.000000000000000000e+00
2.866854369640350342e-01 -8.556010127067565918e-01 0.000000000000000000e+00
-3.302510261535644531e+00 -9.886195182800292969e+00 0.000000000000000000e+00
7.281630992889404297e+00 -5.155257582664489746e-01 0.000000000000000000e+00
-1.533368015289306641e+01 1.506444811820983887e-01 0.000000000000000000e+00
1.468998193740844727e+00 -1.024602699279785156e+01 0.000000000000000000e+00
-1.308291149139404297e+01 8.036126136779785156e+00 0.000000000000000000e+00
1.412587833404541016e+01 4.897052288055419922e+00 0.000000000000000000e+00
-1.767519712448120117e+00 -1.578846168518066406e+01 0.000000000000000000e+00
1.048324966430664062e+01 -4.120610713958740234e+00 0.000000000000000000e+00
-1.181036758422851562e+01 -4.885923385620117188e+00 0.000000000000000000e+00
-5.469886302947998047e+00 -6.768079280853271484e+00 0.000000000000000000e+00
-7.925236701965332031e+00 9.878080368041992188e+00 0.000000000000000000e+00
1.212723255157470703e+01 2.462270259857177734e+00 0.000000000000000000e+00
8.999793052673339844e+00 -9.307565689086914062e+00 0.000000000000000000e+00
-5.467368364334106445e-01 -6.407163619995117188e+00 0.000000000000000000e+00
-1.170095539093017578e+01 -1.088346195220947266e+01 0.000000000000000000e+00
3.823412895202636719e+00 6.343167781829833984e+00 0.000000000000000000e+00
-1.126483345031738281e+01 -1.259237861633300781e+01 0.000000000000000000e+00
5.753177642822265625e+00 -1.253698158264160156e+01 0.000000000000000000e+00
6.799192905426025391e+00 -7.928911685943603516e+00 0.000000000000000000e+00
-1.848024487495422363e+00 -4.804989337921142578e+00 0.000000000000000000e+00
-9.236515998840332031e+00 4.497513771057128906e+00 0.000000000000000000e+00
-6.566266059875488281e+00 1.154567813873291016e+01 0.000000000000000000e+00
5.292009830474853516e+00 -1.629446601867675781e+01 0.000000000000000000e+00
1.067589187622070312e+01 8.191479444503784180e-01 0.000000000000000000e+00
4.205652713775634766e+00 -8.165203094482421875e+00 0.000000000000000000e+00
1.332590961456298828e+01 -2.664351701736450195e+00 0.000000000000000000e+00
1.075043010711669922e+01 7.214144706726074219e+00 0.000000000000000000e+00
-1.484537601470947266e+01 4.818386554718017578e+00 0.000000000000000000e+00
1.682805824279785156e+01 1.962252736091613770e+00 0.000000000000000000e+00
-1.378970527648925781e+01 6.697943210601806641e+00 0.000000000000000000e+00
-1.650958251953125000e+01 -1.920838475227355957e+00 0.000000000000000000e+00
1.532499790191650391e+01 7.966273307800292969e+00 0.000000000000000000e+00
8.579521775245666504e-01 6.407740712165832520e-01 0.000000000000000000e+00
-1.146533298492431641e+01 1.021724414825439453e+01 0.000000000000000000e+00
-3.962880849838256836e+00 1.659274482727050781e+01 0.000000000000000000e+00
-2.689274549484252930e+00 1.464045333862304688e+01 0.000000000000000000e+00
-1.059877395629882812e+01 5.266807556152343750e+00 0.000000000000000000e+00
1.085143756866455078e+01 -1.150072288513183594e+01 0.000000000000000000e+00
6.116133689880371094e+00 -5.967805862426757812e+00 0.000000000000000000e+00
-1.936935305595397949e+00 9.467956542968750000e+00 0.000000000000000000e+00
1.361567211151123047e+01 -7.581233501434326172e+00 0.000000000000000000e+00
-2.389729976654052734e+00 -5.597385168075561523e-01 0.000000000000000000e+00
1.135794734954833984e+01 1.179639911651611328e+01 0.000000000000000000e+00
9.286511421203613281e+00 -5.035096168518066406e+00 0.000000000000000000e+00
6.971704959869384766e+00 1.371070003509521484e+01 0.000000000000000000e+00
7.321712017059326172e+00 -1.077378368377685547e+01 0.000000000000000000e+00
-9.972673416137695312e+00 -1.342869186401367188e+01 0.000000000000000000e+00
1.333161640167236328e+01 9.743668556213378906e+00 0.000000000000000000e+00
6.562857627868652344e-01 5.238018035888671875e+00 0.000000000000000000e+00
-1.651097297668457031e+01 5.069033622741699219e+00 0.000000000000000000e+00
-8.519308090209960938e+00 6.466068029403686523e-01 0.000000000000000000e+00
1.392059564590454102e+00 -1.249274921417236328e+01 0.000000000000000000e+00
2.235836088657379150e-01 8.600983619689941406e+00 0.000000000000000000e+00
-1.372713279724121094e+01 3.874266147613525391e-01 0.000000000000000000e+00
-5.085732460021972656e+00 -9.417386054992675781e+00 0.000000000000000000e+00
-7.980082988739013672e+00 -5.529678821563720703e+00 0.000000000000000000e+00
-9.479028701782226562e+00 -1.672658801078796387e+00 0.000000000000000000e+00
4.891768455505371094e+00 1.698355674743652344e+00 0.000000000000000000e+00
2.636102437973022461e+00 -2.394504070281982422e+00 0.000000000000000000e+00
6.071908473968505859e+00 4.602397978305816650e-01 0.000000000000000000e+00
1.485035991668701172e+01 -8.955726623535156250e+00 0.000000000000000000e+00
-3.776195764541625977e+00 -1.481536865234375000e+00 0.000000000000000000e+00
1.488619518280029297e+01 -1.931829810142517090e+00 0.000000000000000000e+00
6.613628387451171875e+00 2.064180612564086914e+00 0.000000000000000000e+00
5.478922843933105469e+00 1.292994689941406250e+01 0.000000000000000000e+00
-6.057468652725219727e-01 -2.125530958175659180e+00 0.000000000000000000e+00
-5.749238967895507812e+00 1.503485298156738281e+01 0.000000000000000000e+00
-8.175526261329650879e-01 1.126536273956298828e+01 0.000000000000000000e+00
8.584262847900390625e+00 1.292462158203125000e+01 0.000000000000000000e+00
2.439187765121459961e+00 -1.683073806762695312e+01 0.000000000000000000e+00
1.185755157470703125e+01 -5.252877235412597656e+00 0.000000000000000000e+00
-3.155618667602539062e+00 1.166973495483398438e+01 0.000000000000000000e+00
-6.597060561180114746e-01 -3.626148939132690430e+00 0.000000000000000000e+00
8.597946166992187500e+00 1.449672603607177734e+01 0.000000000000000000e+00
6.548868179321289062e+00 -4.127888679504394531e+00 0.000000000000000000e+00
7.390527248382568359e+00 -2.016692638397216797e+00 0.000000000000000000e+00
2.370635509490966797e+00 4.288405418395996094e+00 0.000000000000000000e+00
-3.376356124877929688e+00 1.318711662292480469e+01 0.000000000000000000e+00
-1.503337097167968750e+01 -5.684442520141601562e+00 0.000000000000000000e+00
-1.050764465332031250e+01 1.389447307586669922e+01 0.000000000000000000e+00
1.586969184875488281e+01 6.192526817321777344e+00 0.000000000000000000e+00
-1.689069175720214844e+01 5.888895392417907715e-01 0.000000000000000000e+00
1.105506515502929688e+01 -1.313404369354248047e+01 0.000000000000000000e+00
1.644862174987792969e+01 -4.858900547027587891e+00 0.000000000000000000e+00
1.567816734313964844e+01 9.344961643218994141e-01 0.000000000000000000e+00
-8.913581848144531250e+00 -1.488113021850585938e+01 0.000000000000000000e+00
1.182850170135498047e+01 8.436581611633300781e+00 0.000000000000000000e+00
1.010497283935546875e+01 1.349355220794677734e+01 0.000000000000000000e+00
2.336574316024780273e+00 1.715411376953125000e+01 0.000000000000000000e+00
-4.302514553070068359e+00 -3.313174009323120117e+00 0.000000000000000000e+00
1.033795452117919922e+01 3.890952825546264648e+00 0.000000000000000000e+00
2.580124855041503906e+00 -5.181358337402343750e+00 0.000000000000000000e+00
1.423198127746582031e+01 3.225404262542724609e+00 0.000000000000000000e+00
8.957427024841308594e+00 -1.193711853027343750e+01 0.000000000000000000e+00
-6.937404632568359375e+00 -7.406000614166259766e+00 0.000000000000000000e+00
-4.666126728057861328e+00 6.368171215057373047e+00 0.000000000000000000e+00
-6.233454704284667969e+00 -1.628220939636230469e+01 0.000000000000000000e+00
-1.313920593261718750e+01 -1.152476119995117188e+01 0.000000000000000000e+00
-5.800876140594482422e+00 8.836360573768615723e-01 0.000000000000000000e+00
-9.923005104064941406e+00 1.175347900390625000e+01 0.000000000000000000e+00
7.038718700408935547e+00 1.539795684814453125e+01 0.000000000000000000e+00
1.302883529663085938e+01 -9.407329559326171875e+00 0.000000000000000000e+00
1.783745765686035156e+00 7.806732654571533203e+00 0.000000000000000000e+00
-1.711733436584472656e+01 3.104315519332885742e+00 0.000000000000000000e+00
3.062087774276733398e+00 1.097833442687988281e+01 0.000000000000000000e+00
-3.233579874038696289e+00 -1.691103363037109375e+01 0.000000000000000000e+00
-1.059947490692138672e+01 8.734710693359375000e+00 0.000000000000000000e+00
4.634776592254638672e+00 8.408844947814941406e+00 0.000000000000000000e+00
-1.016705989837646484e+01 -1.056352901458740234e+01 0.000000000000000000e+00
6.132174491882324219e+00 -1.413868808746337891e+01 0.000000000000000000e+00
-7.416493415832519531e+00 -4.560520648956298828e-01 0.000000000000000000e+00
1.156171917915344238e+00 2.821735858917236328e+00 0.000000000000000000e+00
7.274177670478820801e-02 -7.932991981506347656e+00 0.000000000000000000e+00
-1.399304008483886719e+01 2.161450147628784180e+00 0.000000000000000000e+00
-8.215817809104919434e-01 -1.731130599975585938e+01 0.000000000000000000e+00
6.484650969505310059e-01 -4.950418472290039062e+00 0.000000000000000000e+00
-1.787078142166137695e+00 2.746786117553710938e+00 0.000000000000000000e+00
-1.416609287261962891e+01 -1.026382637023925781e+01 0.000000000000000000e+00
-8.870830535888671875e+00 1.483515644073486328e+01 0.000000000000000000e+00
-1.570449948310852051e+00 7.938890933990478516e+00 0.000000000000000000e+00
-7.345596790313720703e+00 7.263822555541992188e+00 0.000000000000000000e+00
-8.308880805969238281e+00 1.196880149841308594e+01 0.000000000000000000e+00
9.042398929595947266e-01 -1.741289138793945312e+01 0.000000000000000000e+00
8.686750411987304688e+00 7.078199863433837891e+00 0.000000000000000000e+00
-1.532851696014404297e+01 6.802106857299804688e+00 0.000000000000000000e+00
-6.473615020513534546e-02 -1.193141937255859375e+01 0.000000000000000000e+00
7.451564311981201172e+00 -1.274447250366210938e+01 0.000000000000000000e+00
-8.353448867797851562e+00 6.117906093597412109e+00 0.000000000000000000e+00
-1.042042064666748047e+01 -6.496774673461914062e+00 0.000000000000000000e+00
1.186805820465087891e+01 -1.535566300153732300e-01 0.000000000000000000e+00
