8.902797866961439155e+00 9.651324827988968735e+00 2.456805874393452882e-04
1.193004112502024228e+01 5.485713136986259286e+00 3.589544587221382699e-04
1.708883954960040752e+00 1.079078465085886407e+01 3.157395830610809639e-04
4.736127179961079570e+00 6.624569882324516712e+00 -3.686679377050694484e-04
7.763131214978573169e+00 2.456771205337668018e+00 1.444297161012908504e-04
1.078938164999022220e+01 -1.708745066660510403e+00 1.856045839591091706e-04
-5.485029956985666644e+00 1.193024447409754174e+01 3.857982998658471274e-04
-2.456913504014864191e+00 7.763142332434404658e+00 3.722428764718621608e-04
5.693369309967831748e-01 3.597626060436226680e+00 4.134177443295694587e-04
3.596460560978188781e+00 -5.693806627895934280e-01 3.277625788082327851e-04
6.623704778809757165e+00 -4.735595527305328289e+00 -3.565735853072737882e-04
9.650828408848981965e+00 -8.902602249975041460e+00 -4.422280037328363278e-04
-9.651700643986025341e+00 8.903489528433087941e+00 -2.285502252776794307e-04
-6.624577014004620956e+00 4.736482805207268498e+00 -3.142053907994046824e-04
-3.597453351023209400e+00 5.700791600803014614e-01 3.978215744296353940e-04
-5.703287282112138312e-01 -3.596927658003584938e+00 3.122392513565941385e-04
2.456914529789800294e+00 -7.762539349000741495e+00 4.255131184422999979e-04
5.485030982818361878e+00 -1.192964149123109330e+01 4.119569563458824746e-04
-1.079037444003524193e+01 1.709443563951218437e+00 5.399795692787590085e-04
-7.763130222203643349e+00 -2.456771300002856595e+00 -1.443558519376164639e-04
-4.736006592222237188e+00 -6.623778023228675593e+00 -2.300110174586755818e-04
-1.708763334163433401e+00 -1.078938971423138682e+01 -1.167371461763266893e-04
-1.192992050422363626e+01 -5.484318200358780260e+00 -1.599520218373839953e-04
-8.903789664175899787e+00 -9.650626426117987933e+00 4.799756653470765855e-04
