-2.117755854056963649e+00 -1.595731851724298878e+00
-1.943747853279408799e+00 -3.579026164638779983e-01
-1.769739852501853727e+00 8.799266187965429920e-01
-1.595731851724298878e+00 2.117755854056963649e+00
-8.799266187965429920e-01 -1.769739852501853727e+00
-7.059186180189880311e-01 -5.319106172414329592e-01
-5.319106172414329592e-01 7.059186180189880311e-01
-3.579026164638779983e-01 1.943747853279408799e+00
3.579026164638779983e-01 -1.943747853279408799e+00
5.319106172414329592e-01 -7.059186180189880311e-01
7.059186180189880311e-01 5.319106172414329592e-01
8.799266187965429920e-01 1.769739852501853727e+00
1.595731851724298878e+00 -2.117755854056963649e+00
1.769739852501853727e+00 -8.799266187965429920e-01
1.943747853279408799e+00 3.579026164638779983e-01
2.117755854056963649e+00 1.595731851724298878e+00
