1.264155197143554688e+01 -2.791478633880615234e-01 0.000000000000000000e+00
8.313915252685546875e+00 5.376426219940185547e+00 0.000000000000000000e+00
-7.717093944549560547e+00 9.573831558227539062e+00 0.000000000000000000e+00
-6.326254844665527344e+00 1.602630376815795898e+00 0.000000000000000000e+00
-6.779710769653320312e+00 -8.856049776077270508e-01 0.000000000000000000e+00
6.783858299255371094e+00 1.150536251068115234e+01 0.000000000000000000e+00
-5.903789997100830078e+00 4.356938362121582031e+00 0.000000000000000000e+00
4.644438743591308594e+00 7.849182605743408203e+00 0.000000000000000000e+00
1.249307823181152344e+01 -1.139135265350341797e+01 0.000000000000000000e+00
9.181680679321289062e+00 -1.515862345695495605e+00 0.000000000000000000e+00
-9.293957710266113281e+00 -1.408524417877197266e+01 0.000000000000000000e+00
6.068387031555175781e-01 1.388952732086181641e+01 0.000000000000000000e+00
-5.759535312652587891e+00 -6.424923419952392578e+00 0.000000000000000000e+00
1.029700565338134766e+01 -4.405149936676025391e+00 0.000000000000000000e+00
1.518330001831054688e+01 -2.053056240081787109e+00 0.000000000000000000e+00
-1.144773101806640625e+01 9.082937240600585938e+00 0.000000000000000000e+00
-5.552361011505126953e+00 -1.403855800628662109e+01 0.000000000000000000e+00
-1.212902450561523438e+01 1.238358116149902344e+01 0.000000000000000000e+00
-9.153150558471679688e+00 -9.884163856506347656e+00 0.000000000000000000e+00
-8.618530273437500000e+00 -5.750741004943847656e+00 0.000000000000000000e+00
1.504779243469238281e+01 -3.471687138080596924e-01 0.000000000000000000e+00
-1.208198904991149902e+00 2.465023517608642578e+00 0.000000000000000000e+00
-2.049167871475219727e+00 1.166755676269531250e+01 0.000000000000000000e+00
1.135514259338378906e+01 -3.052165269851684570e+00 0.000000000000000000e+00
-1.397411537170410156e+01 6.149234294891357422e+00 0.000000000000000000e+00
-1.045945930480957031e+01 4.254921913146972656e+00 0.000000000000000000e+00
2.952965497970581055e+00 8.425311088562011719e+00 0.000000000000000000e+00
9.371975898742675781e+00 -1.039166641235351562e+01 0.000000000000000000e+00
1.124291658401489258e+00 -1.491657543182373047e+01 0.000000000000000000e+00
1.359713172912597656e+01 3.330013275146484375e+00 0.000000000000000000e+00
4.266678810119628906e+00 -1.329371452331542969e+01 0.000000000000000000e+00
2.123508453369140625e+00 1.421266269683837891e+01 0.000000000000000000e+00
5.434297561645507812e+00 3.350071668624877930e+00 0.000000000000000000e+00
7.588483333587646484e+00 -1.387477874755859375e+01 0.000000000000000000e+00
-6.246046543121337891e+00 -8.264879226684570312e+00 0.000000000000000000e+00
3.662315607070922852e-01 -2.498029232025146484e+00 0.000000000000000000e+00
8.804069519042968750e+00 -6.198921203613281250e+00 0.000000000000000000e+00
-9.369861602783203125e+00 -1.136990356445312500e+01 0.000000000000000000e+00
-3.557594060897827148e+00 -7.994730949401855469e+00 0.000000000000000000e+00
3.716645538806915283e-01 -1.263052272796630859e+01 0.000000000000000000e+00
-1.570222377777099609e+00 1.359491539001464844e+01 0.000000000000000000e+00
1.430548954010009766e+01 5.462393283843994141e+00 0.000000000000000000e+00
-1.647372055053710938e+01 4.503173828125000000e+00 0.000000000000000000e+00
-1.361780834197998047e+01 -8.101675033569335938e+00 0.000000000000000000e+00
1.548944091796875000e+01 -5.739153861999511719e+00 0.000000000000000000e+00
3.259697914123535156e+00 1.622735023498535156e+01 0.000000000000000000e+00
5.324501037597656250e+00 -1.513555812835693359e+01 0.000000000000000000e+00
-5.011138439178466797e+00 -4.631482660770416260e-01 0.000000000000000000e+00
-8.343043327331542969e+00 5.126668453216552734e+00 0.000000000000000000e+00
8.794245719909667969e-01 -1.730685997009277344e+01 0.000000000000000000e+00
6.758653163909912109e+00 1.305938529968261719e+01 0.000000000000000000e+00
1.072623348236083984e+01 8.806213378906250000e+00 0.000000000000000000e+00
3.084463596343994141e+00 -1.455167007446289062e+01 0.000000000000000000e+00
-1.200622200965881348e+00 -1.861080050468444824e+00 0.000000000000000000e+00
-7.905984401702880859e+00 -2.341766357421875000e+00 0.000000000000000000e+00
6.243348598480224609e+00 -1.887196898460388184e+00 0.000000000000000000e+00
-4.310195922851562500e+00 3.166605472564697266e+00 0.000000000000000000e+00
-1.192786502838134766e+01 -7.574194908142089844e+00 0.000000000000000000e+00
-1.165907096862792969e+01 -1.198109054565429688e+01 0.000000000000000000e+00
1.294774055480957031e+01 -9.906833648681640625e+00 0.000000000000000000e+00
4.186717987060546875e+00 5.544239997863769531e+00 0.000000000000000000e+00
-3.440412044525146484e+00 -5.645439147949218750e+00 0.000000000000000000e+00
-1.544967269897460938e+01 -5.510337829589843750e+00 0.000000000000000000e+00
-8.908658981323242188e+00 1.247693896293640137e+00 0.000000000000000000e+00
-1.390920734405517578e+01 -5.856877565383911133e-02 0.000000000000000000e+00
1.344796466827392578e+01 1.053520202636718750e+01 0.000000000000000000e+00
1.166194677352905273e+00 -4.395359039306640625e+00 0.000000000000000000e+00
2.848025083541870117e+00 -1.022327423095703125e+01 0.000000000000000000e+00
-6.501358985900878906e+00 1.092093563079833984e+01 0.000000000000000000e+00
-2.789995670318603516e+00 4.949504375457763672e+00 0.000000000000000000e+00
1.413449001312255859e+01 -3.894812107086181641e+00 0.000000000000000000e+00
-1.853616595268249512e+00 -1.068560028076171875e+01 0.000000000000000000e+00
6.204460620880126953e+00 5.076594352722167969e+00 0.000000000000000000e+00
-1.520847988128662109e+01 -1.245917320251464844e+00 0.000000000000000000e+00
1.738432312011718750e+01 -4.232906699180603027e-01 0.000000000000000000e+00
-3.576298713684082031e+00 -1.518714809417724609e+01 0.000000000000000000e+00
-9.489615440368652344e+00 1.377883911132812500e+01 0.000000000000000000e+00
1.116837215423583984e+01 1.235325145721435547e+01 0.000000000000000000e+00
6.614728927612304688e+00 -8.743076324462890625e+00 0.000000000000000000e+00
1.573768138885498047e+00 1.194191932678222656e+01 0.000000000000000000e+00
-2.333037137985229492e+00 1.570277881622314453e+01 0.000000000000000000e+00
1.078553962707519531e+01 -1.642823696136474609e+00 0.000000000000000000e+00
-1.015726947784423828e+01 -2.828779697418212891e+00 0.000000000000000000e+00
-4.109253406524658203e+00 -2.764414310455322266e+00 0.000000000000000000e+00
1.489180564880371094e+00 1.698256111145019531e+01 0.000000000000000000e+00
6.416759967803955078e+00 -2.347688972949981689e-01 0.000000000000000000e+00
-1.317747974395751953e+01 1.457439661026000977e+00 0.000000000000000000e+00
1.311990642547607422e+01 1.172408461570739746e+00 0.000000000000000000e+00
-6.977872848510742188e+00 1.391383934020996094e+01 0.000000000000000000e+00
-2.912389278411865234e+00 9.442811012268066406e+00 0.000000000000000000e+00
-4.545316696166992188e+00 6.192173004150390625e+00 0.000000000000000000e+00
-8.930846214294433594e+00 -1.093978881835937500e+00 0.000000000000000000e+00
-8.226339340209960938e+00 2.881759881973266602e+00 0.000000000000000000e+00
-9.471092224121093750e+00 1.031304645538330078e+01 0.000000000000000000e+00
-1.161308765411376953e+01 -5.754620552062988281e+00 0.000000000000000000e+00
6.613852024078369141e+00 2.256194829940795898e+00 0.000000000000000000e+00
-2.054274559020996094e+00 2.639311254024505615e-01 0.000000000000000000e+00
1.085979461669921875e+00 -1.101955509185791016e+01 0.000000000000000000e+00
5.186469078063964844e+00 -4.245276451110839844e+00 0.000000000000000000e+00
-1.487875342369079590e+00 -7.579115867614746094e+00 0.000000000000000000e+00
-1.040073394775390625e+01 8.720194101333618164e-01 0.000000000000000000e+00
8.461287021636962891e-01 1.011274337768554688e+01 0.000000000000000000e+00
1.706031227111816406e+01 3.733284711837768555e+00 0.000000000000000000e+00
1.698746299743652344e+01 -3.653015136718750000e+00 0.000000000000000000e+00
8.066289901733398438e+00 -4.105138778686523438e+00 0.000000000000000000e+00
-2.298559188842773438e+00 7.288248062133789062e+00 0.000000000000000000e+00
8.476738929748535156e+00 -1.199671840667724609e+01 0.000000000000000000e+00
8.645046234130859375e+00 -8.952133178710937500e+00 0.000000000000000000e+00
-2.583205699920654297e+00 -1.259177303314208984e+01 0.000000000000000000e+00
8.468669891357421875e+00 2.078372001647949219e+00 0.000000000000000000e+00
-5.894469738006591797e+00 -4.281844615936279297e+00 0.000000000000000000e+00
2.159828424453735352e+00 2.064619302749633789e+00 0.000000000000000000e+00
6.210291862487792969e+00 1.009210777282714844e+01 0.000000000000000000e+00
-1.641139221191406250e+01 2.240806818008422852e+00 0.000000000000000000e+00
1.193647384643554688e+01 -1.279314041137695312e+01 0.000000000000000000e+00
1.046313285827636719e+00 4.795660972595214844e+00 0.000000000000000000e+00
8.374734878540039062e+00 1.197176647186279297e+01 0.000000000000000000e+00
-1.321030259132385254e-01 1.519685363769531250e+01 0.000000000000000000e+00
-8.114214897155761719e+00 1.204967689514160156e+01 0.000000000000000000e+00
-8.523672103881835938e+00 -8.116512298583984375e+00 0.000000000000000000e+00
-1.618543815612792969e+01 -3.548288822174072266e+00 0.000000000000000000e+00
3.723687171936035156e+00 9.820161819458007812e+00 0.000000000000000000e+00
1.626963806152343750e+01 5.090904712677001953e+00 0.000000000000000000e+00
8.719409942626953125e+00 2.526756525039672852e-01 0.000000000000000000e+00
-7.489603519439697266e+00 7.172641277313232422e+00 0.000000000000000000e+00
-4.920422554016113281e+00 1.126034736633300781e+01 0.000000000000000000e+00
1.102876091003417969e+01 -9.090320587158203125e+00 0.000000000000000000e+00
1.364279556274414062e+01 7.369441986083984375e+00 0.000000000000000000e+00
2.730799913406372070e+00 -3.860642671585083008e+00 0.000000000000000000e+00
-9.149734497070312500e+00 6.886188030242919922e+00 0.000000000000000000e+00
1.053076362609863281e+01 4.725208759307861328e+00 0.000000000000000000e+00
4.792338371276855469e+00 1.648341059684753418e+00 0.000000000000000000e+00
3.547184944152832031e+00 -5.784571170806884766e-01 0.000000000000000000e+00
-1.452592468261718750e+01 9.558872222900390625e+00 0.000000000000000000e+00
1.465816211700439453e+01 -7.964232921600341797e+00 0.000000000000000000e+00
1.290308856964111328e+01 -7.837479114532470703e+00 0.000000000000000000e+00
-1.009700298309326172e+00 1.676340103149414062e+01 0.000000000000000000e+00
1.065705204010009766e+01 2.342994928359985352e+00 0.000000000000000000e+00
-3.240585565567016602e+00 1.356935501098632812e+01 0.000000000000000000e+00
1.564073371887207031e+01 2.677556276321411133e+00 0.000000000000000000e+00
-7.286550521850585938e+00 -1.559576320648193359e+01 0.000000000000000000e+00
-1.244409847259521484e+01 7.451349258422851562e+00 0.000000000000000000e+00
-9.963785171508789062e+00 -4.793403625488281250e+00 0.000000000000000000e+00
1.690373420715332031e+01 1.484549641609191895e+00 0.000000000000000000e+00
4.951560497283935547e+00 -6.610542774200439453e+00 0.000000000000000000e+00
9.409597396850585938e+00 7.040961742401123047e+00 0.000000000000000000e+00
-1.043681383132934570e+00 4.609087944030761719e+00 0.000000000000000000e+00
2.878590106964111328e+00 4.109499454498291016e+00 0.000000000000000000e+00
-3.257888793945312500e+00 1.865914583206176758e+00 0.000000000000000000e+00
4.765893459320068359e+00 -1.183269596099853516e+01 0.000000000000000000e+00
1.983203291893005371e+00 6.560016632080078125e+00 0.000000000000000000e+00
-1.422955036163330078e+01 -1.007420730590820312e+01 0.000000000000000000e+00
1.213319015502929688e+01 -6.267101764678955078e+00 0.000000000000000000e+00
-8.499016761779785156e+00 1.507247352600097656e+01 0.000000000000000000e+00
-1.418147277832031250e+01 -3.138939142227172852e+00 0.000000000000000000e+00
2.162720918655395508e+00 2.191000133752822876e-01 0.000000000000000000e+00
-1.356713414192199707e+00 -6.022840976715087891e+00 0.000000000000000000e+00
1.497361564636230469e+01 9.038724899291992188e+00 0.000000000000000000e+00
-2.089902639389038086e+00 -1.714697265625000000e+01 0.000000000000000000e+00
-1.798785448074340820e+00 -1.555583190917968750e+01 0.000000000000000000e+00
-1.410983657836914062e+01 7.752032756805419922e+00 0.000000000000000000e+00
-1.556132316589355469e+01 6.071714401245117188e+00 0.000000000000000000e+00
-4.598649978637695312e+00 -9.994906425476074219e+00 0.000000000000000000e+00
-4.881128311157226562e+00 9.613276481628417969e+00 0.000000000000000000e+00
3.773820400238037109e+00 1.259610843658447266e+01 0.000000000000000000e+00
3.932297825813293457e-01 -9.163019180297851562e+00 0.000000000000000000e+00
7.989118099212646484e+00 9.569134712219238281e+00 0.000000000000000000e+00
9.244089126586914062e+00 1.396711921691894531e+01 0.000000000000000000e+00
2.497663259506225586e+00 -1.679477882385253906e+01 0.000000000000000000e+00
-1.440077972412109375e+01 3.473327636718750000e+00 0.000000000000000000e+00
6.564532756805419922e+00 -1.258630752563476562e+01 0.000000000000000000e+00
4.920231342315673828e+00 1.510901260375976562e+01 0.000000000000000000e+00
9.416769027709960938e+00 1.047811317443847656e+01 0.000000000000000000e+00
-2.792111873626708984e+00 1.714913749694824219e+01 0.000000000000000000e+00
-1.288496303558349609e+01 4.333621025085449219e+00 0.000000000000000000e+00
1.187088298797607422e+01 5.841443061828613281e+00 0.000000000000000000e+00
-2.273533821105957031e+00 -4.111882209777832031e+00 0.000000000000000000e+00
-4.808368980884552002e-01 -3.559805825352668762e-02 0.000000000000000000e+00
1.068916702270507812e+01 5.452846288681030273e-01 0.000000000000000000e+00
-1.202067565917968750e+01 -3.192358016967773438e+00 0.000000000000000000e+00
-1.118455028533935547e+01 -1.184348225593566895e+00 0.000000000000000000e+00
1.302994728088378906e+01 -2.542360544204711914e+00 0.000000000000000000e+00
9.845131039619445801e-01 -7.331165790557861328e+00 0.000000000000000000e+00
6.186092853546142578e+00 1.631479835510253906e+01 0.000000000000000000e+00
-1.193960285186767578e+01 5.804934501647949219e-01 0.000000000000000000e+00
-5.900005340576171875e+00 -1.201735210418701172e+01 0.000000000000000000e+00
-1.412669754028320312e+01 -6.419120788574218750e+00 0.000000000000000000e+00
7.494895458221435547e+00 -7.065687656402587891e+00 0.000000000000000000e+00
-1.335054016113281250e+01 -4.555373668670654297e+00 0.000000000000000000e+00
-1.113211917877197266e+01 5.963323116302490234e+00 0.000000000000000000e+00
7.124181747436523438e+00 7.791730403900146484e+00 0.000000000000000000e+00
8.149115562438964844e+00 -1.543990325927734375e+01 0.000000000000000000e+00
2.037714242935180664e+00 -8.451113700866699219e+00 0.000000000000000000e+00
4.330024719238281250e+00 -9.657981872558593750e+00 0.000000000000000000e+00
-1.094275856018066406e+01 -1.026724910736083984e+01 0.000000000000000000e+00
1.049043083190917969e+01 -1.164764785766601562e+01 0.000000000000000000e+00
-4.575997352600097656e+00 1.602946281433105469e+01 0.000000000000000000e+00
-7.796041488647460938e+00 -1.055960273742675781e+01 0.000000000000000000e+00
4.865982532501220703e+00 1.091823863983154297e+01 0.000000000000000000e+00
2.517490386962890625e+00 -6.104657173156738281e+00 0.000000000000000000e+00
1.173011398315429688e+01 7.355263233184814453e+00 0.000000000000000000e+00
2.734489202499389648e+00 -1.217170524597167969e+01 0.000000000000000000e+00
3.959405899047851562e+00 -2.997940778732299805e+00 0.000000000000000000e+00
-2.497075796127319336e-01 7.016445159912109375e+00 0.000000000000000000e+00
6.628239631652832031e+00 -1.600688934326171875e+01 0.000000000000000000e+00
-5.255793571472167969e+00 -1.574330806732177734e+01 0.000000000000000000e+00
-1.070268630981445312e+01 -1.350898933410644531e+01 0.000000000000000000e+00
1.029462528228759766e+01 -7.088018894195556641e+00 0.000000000000000000e+00
-2.448124885559082031e-01 8.994159698486328125e+00 0.000000000000000000e+00
-1.011737442016601562e+01 2.722418546676635742e+00 0.000000000000000000e+00
-1.025716304779052734e+01 -7.818238735198974609e+00 0.000000000000000000e+00
-9.379322052001953125e+00 8.489498138427734375e+00 0.000000000000000000e+00
-1.275773906707763672e+01 -9.486312866210937500e+00 0.000000000000000000e+00
-5.507089138031005859e+00 1.276348495483398438e+01 0.000000000000000000e+00
-4.326164245605468750e+00 -1.193919086456298828e+01 0.000000000000000000e+00
-8.747980117797851562e+00 -3.839433670043945312e+00 0.000000000000000000e+00
1.533297061920166016e+01 1.196579694747924805e+00 0.000000000000000000e+00
-6.413085937500000000e+00 6.009743213653564453e+00 0.000000000000000000e+00
3.924979209899902344e+00 -1.584586143493652344e+01 0.000000000000000000e+00
-4.013604223728179932e-01 -4.198401451110839844e+00 0.000000000000000000e+00
4.870739936828613281e+00 -8.237597465515136719e+00 0.000000000000000000e+00
-1.692111015319824219e+01 -1.980245828628540039e+00 0.000000000000000000e+00
-1.467330455780029297e-01 1.211929798126220703e+01 0.000000000000000000e+00
-1.158158111572265625e+01 1.064852523803710938e+01 0.000000000000000000e+00
4.414041638374328613e-01 1.448295474052429199e+00 0.000000000000000000e+00
1.676972198486328125e+01 -2.030586481094360352e+00 0.000000000000000000e+00
-1.628954696655273438e+01 1.977434456348419189e-01 0.000000000000000000e+00
9.718647003173828125e+00 -1.350502872467041016e+01 0.000000000000000000e+00
-3.456459760665893555e+00 -1.396173119544982910e+00 0.000000000000000000e+00
-7.435292720794677734e+00 5.470784902572631836e-01 0.000000000000000000e+00
1.370326137542724609e+01 -5.551098823547363281e+00 0.000000000000000000e+00
1.104881095886230469e+01 1.042695426940917969e+01 0.000000000000000000e+00
-8.070590972900390625e+00 -1.269020271301269531e+01 0.000000000000000000e+00
-5.860780239105224609e+00 -2.107825517654418945e+00 0.000000000000000000e+00
-8.466557264328002930e-01 -1.390072345733642578e+01 0.000000000000000000e+00
-6.050126075744628906e+00 1.565796470642089844e+01 0.000000000000000000e+00
-6.306108832359313965e-01 1.050675201416015625e+01 0.000000000000000000e+00
1.233518505096435547e+01 -4.361652374267578125e+00 0.000000000000000000e+00
-1.300018882751464844e+01 -1.794264793395996094e+00 0.000000000000000000e+00
-4.796777725219726562e+00 1.412098765373229980e+00 0.000000000000000000e+00
-4.913231432437896729e-01 -1.132735538482666016e+01 0.000000000000000000e+00
6.070284843444824219e+00 -1.055390548706054688e+01 0.000000000000000000e+00
-3.910531520843505859e+00 8.311866760253906250e+00 0.000000000000000000e+00
-1.020274257659912109e+01 1.194646835327148438e+01 0.000000000000000000e+00
1.393683075904846191e+00 8.473654747009277344e+00 0.000000000000000000e+00
8.157025337219238281e+00 3.840118169784545898e+00 0.000000000000000000e+00
5.012530684471130371e-01 3.191525459289550781e+00 0.000000000000000000e+00
7.757393836975097656e+00 -1.053460693359375000e+01 0.000000000000000000e+00
-6.415038585662841797e+00 8.746217727661132812e+00 0.000000000000000000e+00
1.098753690719604492e+00 -1.174925446510314941e+00 0.000000000000000000e+00
2.621810436248779297e-01 -5.769113063812255859e+00 0.000000000000000000e+00
-1.553076934814453125e+01 -7.292509078979492188e+00 0.000000000000000000e+00
6.737451553344726562e+00 -5.047058582305908203e+00 0.000000000000000000e+00
-1.500279045104980469e+01 1.535656809806823730e+00 0.000000000000000000e+00
-3.025022029876708984e+00 -9.610983848571777344e+00 0.000000000000000000e+00
1.549126052856445312e+01 7.327293395996093750e+00 0.000000000000000000e+00
