2.593979120254516602e+00 7.701019763946533203e+00 0.000000000000000000e+00
9.224220275878906250e+00 9.051643371582031250e+00 0.000000000000000000e+00
-1.247449016571044922e+01 -1.145617485046386719e+01 0.000000000000000000e+00
-9.169637680053710938e+00 3.793825149536132812e+00 0.000000000000000000e+00
-1.385224819183349609e+01 -4.315299987792968750e+00 0.000000000000000000e+00
2.347504138946533203e+00 -1.250429534912109375e+01 0.000000000000000000e+00
9.975220680236816406e+00 -4.061556339263916016e+00 0.000000000000000000e+00
-9.680257797241210938e+00 -1.268301248550415039e+00 0.000000000000000000e+00
1.678878021240234375e+01 -2.285329103469848633e+00 0.000000000000000000e+00
7.847289562225341797e+00 -9.950986862182617188e+00 0.000000000000000000e+00
1.289008998870849609e+01 1.084437370300292969e+01 0.000000000000000000e+00
-6.708855152130126953e+00 1.503617858886718750e+01 0.000000000000000000e+00
-3.529121637344360352e+00 -2.099506378173828125e+00 0.000000000000000000e+00
4.861859321594238281e+00 1.132869815826416016e+01 0.000000000000000000e+00
-6.347861766815185547e+00 9.222114562988281250e+00 0.000000000000000000e+00
9.573514938354492188e+00 1.222240257263183594e+01 0.000000000000000000e+00
1.580853760242462158e-01 -1.144178390502929688e+01 0.000000000000000000e+00
8.877770423889160156e+00 -1.522793889045715332e+00 0.000000000000000000e+00
1.720508813858032227e+00 -8.402819633483886719e+00 0.000000000000000000e+00
1.218568515777587891e+01 -2.707073986530303955e-01 0.000000000000000000e+00
-1.439325332641601562e+01 7.671994686126708984e+00 0.000000000000000000e+00
9.733601570129394531e+00 5.244644165039062500e+00 0.000000000000000000e+00
6.607348442077636719e+00 -1.373912239074707031e+01 0.000000000000000000e+00
1.338931369781494141e+01 -1.766660213470458984e+00 0.000000000000000000e+00
-4.888865351676940918e-01 7.955773353576660156e+00 0.000000000000000000e+00
9.069005966186523438e+00 1.439487266540527344e+01 0.000000000000000000e+00
-7.395330905914306641e+00 1.211121845245361328e+01 0.000000000000000000e+00
-1.377040576934814453e+01 -5.347965955734252930e-01 0.000000000000000000e+00
7.685946464538574219e+00 8.772028923034667969e+00 0.000000000000000000e+00
-1.113877964019775391e+01 -7.244896411895751953e+00 0.000000000000000000e+00
-1.529732608795166016e+01 -6.054391384124755859e+00 0.000000000000000000e+00
-8.869263648986816406e+00 1.160198974609375000e+01 0.000000000000000000e+00
2.270190954208374023e+00 1.251902675628662109e+01 0.000000000000000000e+00
-1.684577345848083496e+00 1.639901733398437500e+01 0.000000000000000000e+00
-1.258202195167541504e+00 1.470319366455078125e+01 0.000000000000000000e+00
1.357308006286621094e+01 2.379606246948242188e+00 0.000000000000000000e+00
1.517746639251708984e+01 5.007532835006713867e-01 0.000000000000000000e+00
-1.170590591430664062e+01 1.029398918151855469e+01 0.000000000000000000e+00
4.327652454376220703e+00 -1.017417240142822266e+01 0.000000000000000000e+00
-3.667454242706298828e+00 9.049962997436523438e+00 0.000000000000000000e+00
-3.238646268844604492e+00 2.754852771759033203e+00 0.000000000000000000e+00
-1.623727416992187500e+01 -4.607899188995361328e+00 0.000000000000000000e+00
1.286252307891845703e+01 8.162183761596679688e+00 0.000000000000000000e+00
1.095093154907226562e+01 -8.299060821533203125e+00 0.000000000000000000e+00
-1.305216789245605469e+01 4.578717708587646484e+00 0.000000000000000000e+00
4.009412765502929688e+00 5.216833114624023438e+00 0.000000000000000000e+00
3.443498611450195312e+00 1.016500568389892578e+01 0.000000000000000000e+00
5.096550464630126953e+00 3.810772418975830078e+00 0.000000000000000000e+00
-1.344404697418212891e+01 9.385363578796386719e+00 0.000000000000000000e+00
-1.223521900177001953e+01 3.040395021438598633e+00 0.000000000000000000e+00
-1.090687370300292969e+01 8.809700965881347656e+00 0.000000000000000000e+00
5.200195789337158203e+00 -3.192018747329711914e+00 0.000000000000000000e+00
2.112093210220336914e+00 2.921690464019775391e+00 0.000000000000000000e+00
5.579596161842346191e-01 -2.551525592803955078e+00 0.000000000000000000e+00
8.084799349308013916e-02 5.840102195739746094e+00 0.000000000000000000e+00
1.342194652557373047e+01 4.478658199310302734e+00 0.000000000000000000e+00
-1.275118446350097656e+01 -3.229823112487792969e+00 0.000000000000000000e+00
1.092428779602050781e+01 6.853152751922607422e+00 0.000000000000000000e+00
-6.890184879302978516e+00 -1.567003726959228516e+01 0.000000000000000000e+00
-1.612834692001342773e+00 -1.718385314941406250e+01 0.000000000000000000e+00
7.621234059333801270e-01 -1.712014389038085938e+01 0.000000000000000000e+00
-4.446248054504394531e+00 -9.053913116455078125e+00 0.000000000000000000e+00
-7.807597160339355469e+00 1.572896480560302734e+00 0.000000000000000000e+00
-9.961608886718750000e+00 6.025569915771484375e+00 0.000000000000000000e+00
5.016135215759277344e+00 1.302423381805419922e+01 0.000000000000000000e+00
-7.972398757934570312e+00 -2.787318468093872070e+00 0.000000000000000000e+00
3.130073070526123047e+00 -9.096499443054199219e+00 0.000000000000000000e+00
9.761340141296386719e+00 -6.443217754364013672e+00 0.000000000000000000e+00
-8.441057205200195312e-01 -4.804204940795898438e+00 0.000000000000000000e+00
-8.506269454956054688e+00 -6.113875865936279297e+00 0.000000000000000000e+00
1.010284805297851562e+01 -1.454525440931320190e-01 0.000000000000000000e+00
6.929573535919189453e+00 6.174473762512207031e+00 0.000000000000000000e+00
-4.702112197875976562e+00 -1.468263339996337891e+01 0.000000000000000000e+00
1.088894271850585938e+01 -2.304636240005493164e+00 0.000000000000000000e+00
1.667701601982116699e+00 -1.263993740081787109e+00 0.000000000000000000e+00
6.198368549346923828e+00 -6.868951320648193359e+00 0.000000000000000000e+00
-7.463656902313232422e+00 -1.223416519165039062e+01 0.000000000000000000e+00
-4.691659212112426758e-01 -1.527840423583984375e+01 0.000000000000000000e+00
-4.226148128509521484e+00 -1.072051811218261719e+01 0.000000000000000000e+00
-1.547236251831054688e+01 4.566557407379150391e+00 0.000000000000000000e+00
-1.057878398895263672e+01 2.456740379333496094e+00 0.000000000000000000e+00
-7.528217792510986328e+00 5.211173534393310547e+00 0.000000000000000000e+00
-1.382603836059570312e+01 2.047054529190063477e+00 0.000000000000000000e+00
-6.628101348876953125e+00 -1.024751377105712891e+01 0.000000000000000000e+00
-1.215081977844238281e+01 -9.899994850158691406e+00 0.000000000000000000e+00
5.145038127899169922e+00 -1.135151982307434082e+00 0.000000000000000000e+00
1.199090099334716797e+01 -3.914172887802124023e+00 0.000000000000000000e+00
2.514055490493774414e+00 -1.497513580322265625e+01 0.000000000000000000e+00
6.506800651550292969e+00 -8.351102828979492188e+00 0.000000000000000000e+00
8.427948951721191406e+00 3.014924526214599609e+00 0.000000000000000000e+00
2.576770074665546417e-02 9.392368316650390625e+00 0.000000000000000000e+00
4.363583087921142578e+00 -7.053091526031494141e+00 0.000000000000000000e+00
-1.360853481292724609e+01 -7.980976581573486328e+00 0.000000000000000000e+00
-8.494449257850646973e-01 -9.854595184326171875e+00 0.000000000000000000e+00
-1.262066173553466797e+01 7.815014362335205078e+00 0.000000000000000000e+00
3.112389564514160156e+00 1.516568374633789062e+01 0.000000000000000000e+00
1.567953300476074219e+01 3.559241533279418945e+00 0.000000000000000000e+00
-5.115795612335205078e+00 8.303844451904296875e+00 0.000000000000000000e+00
-4.265935420989990234e+00 1.284500026702880859e+01 0.000000000000000000e+00
1.495878887176513672e+01 -7.886164188385009766e+00 0.000000000000000000e+00
-3.076032161712646484e+00 1.436138343811035156e+01 0.000000000000000000e+00
3.027514457702636719e+00 -5.013739466667175293e-01 0.000000000000000000e+00
4.095317840576171875e+00 -1.459176445007324219e+01 0.000000000000000000e+00
-2.547656059265136719e+00 -5.403457880020141602e-01 0.000000000000000000e+00
1.120762062072753906e+01 1.168041133880615234e+01 0.000000000000000000e+00
4.968565940856933594e+00 8.527576446533203125e+00 0.000000000000000000e+00
4.442631900310516357e-01 3.360914230346679688e+00 0.000000000000000000e+00
-1.103146743774414062e+01 -3.753081709146499634e-02 0.000000000000000000e+00
-6.473231315612792969e+00 -4.309520244598388672e+00 0.000000000000000000e+00
-1.974155902862548828e+00 5.180734634399414062e+00 0.000000000000000000e+00
-5.058178901672363281e+00 1.587605571746826172e+01 0.000000000000000000e+00
6.693087577819824219e+00 -1.531321430206298828e+01 0.000000000000000000e+00
1.168233585357666016e+01 9.190814018249511719e+00 0.000000000000000000e+00
-9.673985838890075684e-02 -1.113699555397033691e+00 0.000000000000000000e+00
8.804749488830566406e+00 -1.159850502014160156e+01 0.000000000000000000e+00
5.534454822540283203e+00 7.000959396362304688e+00 0.000000000000000000e+00
1.036145496368408203e+01 -1.374717140197753906e+01 0.000000000000000000e+00
7.910980224609375000e+00 -4.120555400848388672e+00 0.000000000000000000e+00
1.492934799194335938e+01 -5.458319187164306641e+00 0.000000000000000000e+00
-5.767647743225097656e+00 -1.342130374908447266e+01 0.000000000000000000e+00
-2.118723392486572266e+00 7.166284084320068359e+00 0.000000000000000000e+00
9.928814768791198730e-01 1.435362625122070312e+01 0.000000000000000000e+00
6.404583454132080078e+00 1.699944972991943359e+00 0.000000000000000000e+00
3.263642549514770508e+00 -3.243087291717529297e+00 0.000000000000000000e+00
1.784151077270507812e+00 5.693723201751708984e+00 0.000000000000000000e+00
6.044702053070068359e+00 -5.037476062774658203e+00 0.000000000000000000e+00
1.126791238784790039e+00 -1.370316505432128906e+01 0.000000000000000000e+00
-8.521965026855468750e+00 1.456643867492675781e+01 0.000000000000000000e+00
1.147977352142333984e+01 3.088840961456298828e+00 0.000000000000000000e+00
4.827412605285644531e+00 -8.572424888610839844e+00 0.000000000000000000e+00
4.139160156250000000e+00 2.010539293289184570e+00 0.000000000000000000e+00
-1.683606505393981934e+00 -2.510920524597167969e+00 0.000000000000000000e+00
1.065924453735351562e+01 -1.167999076843261719e+01 0.000000000000000000e+00
1.398553562164306641e+01 -9.069615364074707031e+00 0.000000000000000000e+00
1.484673690795898438e+01 -2.545820236206054688e+00 0.000000000000000000e+00
5.033251285552978516e+00 -1.230728244781494141e+01 0.000000000000000000e+00
-1.176054859161376953e+01 -4.917895317077636719e+00 0.000000000000000000e+00
-6.436923503875732422e+00 -1.849869370460510254e+00 0.000000000000000000e+00
1.521858501434326172e+01 7.678856849670410156e+00 0.000000000000000000e+00
-2.351638525724411011e-01 1.408918976783752441e+00 0.000000000000000000e+00
-9.380979537963867188e+00 1.444259881973266602e+00 0.000000000000000000e+00
-2.856163024902343750e+00 -1.374112319946289062e+01 0.000000000000000000e+00
-9.874720573425292969e+00 -1.375193500518798828e+01 0.000000000000000000e+00
-5.346984386444091797e+00 4.462286829948425293e-01 0.000000000000000000e+00
-3.785396575927734375e+00 -1.692043113708496094e+01 0.000000000000000000e+00
-1.178293800354003906e+01 1.328616738319396973e+00 0.000000000000000000e+00
-1.436119747161865234e+01 -2.656037330627441406e+00 0.000000000000000000e+00
-2.562383890151977539e+00 1.133638191223144531e+01 0.000000000000000000e+00
-3.191181421279907227e+00 -8.015809059143066406e+00 0.000000000000000000e+00
5.996232986450195312e+00 1.016539382934570312e+01 0.000000000000000000e+00
-1.193733787536621094e+01 6.129867553710937500e+00 0.000000000000000000e+00
1.184042930603027344e+01 -6.534711837768554688e+00 0.000000000000000000e+00
1.526675891876220703e+01 5.343441009521484375e+00 0.000000000000000000e+00
-7.233066558837890625e+00 7.903488636016845703e+00 0.000000000000000000e+00
-4.765070915222167969e+00 1.831744670867919922e+00 0.000000000000000000e+00
-5.306135177612304688e+00 -7.636262416839599609e+00 0.000000000000000000e+00
-1.003342437744140625e+01 -9.245986938476562500e+00 0.000000000000000000e+00
-2.578929662704467773e+00 -1.106723785400390625e+01 0.000000000000000000e+00
-9.394242286682128906e+00 -1.078861427307128906e+01 0.000000000000000000e+00
-1.203274965286254883e+00 1.278321647644042969e+01 0.000000000000000000e+00
1.696467399597167969e+01 7.066928148269653320e-01 0.000000000000000000e+00
7.387757301330566406e+00 1.552978229522705078e+01 0.000000000000000000e+00
7.257951736450195312e+00 -1.150038051605224609e+01 0.000000000000000000e+00
1.684581398963928223e+00 -1.072172260284423828e+01 0.000000000000000000e+00
8.263849258422851562e+00 -8.074627876281738281e+00 0.000000000000000000e+00
-6.396424770355224609e+00 -6.257649898529052734e+00 0.000000000000000000e+00
7.244959831237792969e+00 1.378933620452880859e+01 0.000000000000000000e+00
-8.588726997375488281e+00 8.674785614013671875e+00 0.000000000000000000e+00
8.151523590087890625e+00 1.131334304809570312e+01 0.000000000000000000e+00
1.285568624734878540e-01 1.729427909851074219e+01 0.000000000000000000e+00
5.286603927612304688e+00 -1.620789718627929688e+01 0.000000000000000000e+00
-1.678126907348632812e+01 1.681993842124938965e+00 0.000000000000000000e+00
1.261352252960205078e+01 5.902690410614013672e+00 0.000000000000000000e+00
-1.613374900817871094e+01 -2.538271903991699219e+00 0.000000000000000000e+00
-1.734230041503906250e+01 -1.243283390998840332e+00 0.000000000000000000e+00
-4.208313941955566406e+00 -6.293526649475097656e+00 0.000000000000000000e+00
1.314736604690551758e+00 1.110268497467041016e+01 0.000000000000000000e+00
5.937151908874511719e-01 1.262515544891357422e+01 0.000000000000000000e+00
-1.307597446441650391e+01 1.117451667785644531e+01 0.000000000000000000e+00
6.149082183837890625e+00 -9.914948463439941406e+00 0.000000000000000000e+00
-8.159158706665039062e+00 -1.396274566650390625e+01 0.000000000000000000e+00
-4.807639122009277344e+00 6.442041873931884766e+00 0.000000000000000000e+00
4.207029819488525391e+00 -5.366559505462646484e+00 0.000000000000000000e+00
2.504185676574707031e+00 -4.590741634368896484e+00 0.000000000000000000e+00
7.384870529174804688e+00 4.109960079193115234e+00 0.000000000000000000e+00
-1.524574375152587891e+01 3.075046539306640625e+00 0.000000000000000000e+00
-9.100542068481445312e+00 -4.224502563476562500e+00 0.000000000000000000e+00
-9.984157562255859375e+00 1.315851497650146484e+01 0.000000000000000000e+00
1.303661727905273438e+01 -1.059308719635009766e+01 0.000000000000000000e+00
-1.044208431243896484e+01 -3.409387350082397461e+00 0.000000000000000000e+00
-5.400244235992431641e+00 -2.975616216659545898e+00 0.000000000000000000e+00
2.500358819961547852e+00 1.393350243568420410e+00 0.000000000000000000e+00
-9.067341804504394531e+00 -8.081835746765136719e+00 0.000000000000000000e+00
-3.213413953781127930e+00 1.183480381965637207e+00 0.000000000000000000e+00
-5.361607670783996582e-01 -1.351038932800292969e+01 0.000000000000000000e+00
7.037150382995605469e+00 -2.364017248153686523e+00 0.000000000000000000e+00
4.915947914123535156e+00 1.614444351196289062e+01 0.000000000000000000e+00
-4.125839233398437500e+00 1.053091716766357422e+01 0.000000000000000000e+00
-1.365361785888671875e+01 -1.022407054901123047e+01 0.000000000000000000e+00
-9.693892002105712891e-01 -6.899631023406982422e+00 0.000000000000000000e+00
1.072319793701171875e+01 1.370664787292480469e+01 0.000000000000000000e+00
7.575265407562255859e+00 -4.783750772476196289e-01 0.000000000000000000e+00
-1.589699077606201172e+01 -7.476577162742614746e-02 0.000000000000000000e+00
-3.392085075378417969e+00 4.607291698455810547e+00 0.000000000000000000e+00
-1.076896786689758301e+00 3.086297035217285156e+00 0.000000000000000000e+00
-4.091054916381835938e+00 -5.512465834617614746e-01 0.000000000000000000e+00
-7.661175251007080078e+00 1.010650825500488281e+01 0.000000000000000000e+00
-3.941888332366943359e+00 -4.307229995727539062e+00 0.000000000000000000e+00
-7.551434993743896484e+00 -2.110604792833328247e-01 0.000000000000000000e+00
-1.128840541839599609e+01 -1.777151107788085938e+00 0.000000000000000000e+00
-1.093194580078125000e+01 -1.178598880767822266e+01 0.000000000000000000e+00
8.513962745666503906e+00 -1.396036624908447266e+01 0.000000000000000000e+00
7.118543386459350586e-01 -4.882406234741210938e+00 0.000000000000000000e+00
1.841880917549133301e+00 1.675171661376953125e+01 0.000000000000000000e+00
-7.402452945709228516e+00 -8.677550315856933594e+00 0.000000000000000000e+00
-1.131595897674560547e+01 1.222836685180664062e+01 0.000000000000000000e+00
-6.472057342529296875e+00 4.025728225708007812e+00 0.000000000000000000e+00
9.338927268981933594e+00 -9.310822486877441406e+00 0.000000000000000000e+00
-2.153515815734863281e+00 9.261891365051269531e+00 0.000000000000000000e+00
8.553002357482910156e+00 6.265427589416503906e+00 0.000000000000000000e+00
-1.310449409484863281e+01 -5.918878078460693359e+00 0.000000000000000000e+00
3.587549924850463867e+00 -1.637123870849609375e+01 0.000000000000000000e+00
1.395887565612792969e+01 9.747473716735839844e+00 0.000000000000000000e+00
-9.595295906066894531e+00 9.965486526489257812e+00 0.000000000000000000e+00
-2.826468229293823242e+00 -1.545124244689941406e+01 0.000000000000000000e+00
-5.506336212158203125e+00 1.378099536895751953e+01 0.000000000000000000e+00
1.566945648193359375e+01 -4.106211185455322266e+00 0.000000000000000000e+00
6.748656272888183594e+00 1.218993949890136719e+01 0.000000000000000000e+00
9.900342941284179688e+00 2.399629592895507812e+00 0.000000000000000000e+00
-5.720139026641845703e+00 1.202560806274414062e+01 0.000000000000000000e+00
1.636141967773437500e+01 -6.030075550079345703e+00 0.000000000000000000e+00
-3.376197576522827148e+00 1.698216819763183594e+01 0.000000000000000000e+00
9.202013611793518066e-01 -6.538755893707275391e+00 0.000000000000000000e+00
-1.085275077819824219e+01 3.934555053710937500e+00 0.000000000000000000e+00
1.685374832153320312e+01 2.290060281753540039e+00 0.000000000000000000e+00
-1.546240997314453125e+01 -7.797330856323242188e+00 0.000000000000000000e+00
-1.016597270965576172e+01 -5.915909767150878906e+00 0.000000000000000000e+00
1.470826387405395508e+00 8.742177009582519531e+00 0.000000000000000000e+00
8.458662033081054688e+00 -5.619061470031738281e+00 0.000000000000000000e+00
4.782474994659423828e+00 4.175305068492889404e-01 0.000000000000000000e+00
1.141930580139160156e+00 7.061976909637451172e+00 0.000000000000000000e+00
1.227174377441406250e+01 -1.234312248229980469e+01 0.000000000000000000e+00
1.140561962127685547e+01 1.479438304901123047e+00 0.000000000000000000e+00
1.114608287811279297e+01 -1.023981571197509766e+01 0.000000000000000000e+00
1.369372844696044922e+01 2.126390673220157623e-02 0.000000000000000000e+00
-4.515376567840576172e+00 -1.232431316375732422e+01 0.000000000000000000e+00
2.827564001083374023e+00 -6.495872020721435547e+00 0.000000000000000000e+00
-2.790032386779785156e+00 -9.539235115051269531e+00 0.000000000000000000e+00
8.811132431030273438e+00 1.109819412231445312e+00 0.000000000000000000e+00
-2.458907127380371094e+00 -6.679151058197021484e+00 0.000000000000000000e+00
9.812893867492675781e+00 1.046428394317626953e+01 0.000000000000000000e+00
-3.632431030273437500e+00 7.505084037780761719e+00 0.000000000000000000e+00
-1.710948181152343750e+01 3.482716083526611328e+00 0.000000000000000000e+00
1.177325439453125000e+01 4.637632846832275391e+00 0.000000000000000000e+00
-1.529021167755126953e+01 6.176393985748291016e+00 0.000000000000000000e+00
-2.937647886574268341e-02 -8.123254776000976562e+00 0.000000000000000000e+00
