-1.458388805389404297e+01 -4.171608924865722656e+00 0.000000000000000000e+00
-1.047541975975036621e+00 -1.664022254943847656e+01 0.000000000000000000e+00
1.208367156982421875e+01 -2.132752656936645508e+00 0.000000000000000000e+00
-2.378366708755493164e+00 -1.315346908569335938e+01 0.000000000000000000e+00
-1.492443370819091797e+01 2.117934450507164001e-02 0.000000000000000000e+00
1.174430656433105469e+01 3.689549446105957031e+00 0.000000000000000000e+00
-6.615005493164062500e+00 2.905976772308349609e+00 0.000000000000000000e+00
-1.501642799377441406e+01 -8.974642753601074219e+00 0.000000000000000000e+00
-4.147282600402832031e+00 -3.884047985076904297e+00 0.000000000000000000e+00
-3.877746105194091797e+00 -1.201521903276443481e-01 0.000000000000000000e+00
3.585238695144653320e+00 -1.657505154609680176e+00 0.000000000000000000e+00
5.899614334106445312e+00 -3.536483526229858398e+00 0.000000000000000000e+00
1.567254257202148438e+01 -8.780543208122253418e-01 0.000000000000000000e+00
-8.254622459411621094e+00 1.368443679809570312e+01 0.000000000000000000e+00
-1.041536998748779297e+01 -1.261950874328613281e+01 0.000000000000000000e+00
-1.373204326629638672e+01 2.389502525329589844e+00 0.000000000000000000e+00
-1.251271820068359375e+01 -3.369808435440063477e+00 0.000000000000000000e+00
4.921342372894287109e+00 1.228248405456542969e+01 0.000000000000000000e+00
-4.528860747814178467e-01 5.150711536407470703e+00 0.000000000000000000e+00
7.479317188262939453e+00 -6.915789127349853516e+00 0.000000000000000000e+00
3.876005649566650391e+00 8.115712165832519531e+00 0.000000000000000000e+00
3.181509971618652344e+00 -1.524777030944824219e+01 0.000000000000000000e+00
-8.277307510375976562e+00 1.171866703033447266e+01 0.000000000000000000e+00
-2.780736207962036133e+00 1.640563011169433594e+01 0.000000000000000000e+00
-9.119941711425781250e+00 4.929541110992431641e+00 0.000000000000000000e+00
-1.111940670013427734e+01 1.275302696228027344e+01 0.000000000000000000e+00
-1.192015171051025391e+01 9.316482543945312500e+00 0.000000000000000000e+00
3.015046358108520508e+00 3.335574865341186523e+00 0.000000000000000000e+00
-3.608820438385009766e+00 -1.427267265319824219e+01 0.000000000000000000e+00
1.302575778961181641e+01 7.885970115661621094e+00 0.000000000000000000e+00
-5.213878154754638672e+00 -8.824951171875000000e+00 0.000000000000000000e+00
7.332715988159179688e+00 -4.474939405918121338e-01 0.000000000000000000e+00
-1.382817363739013672e+01 -1.324415087699890137e+00 0.000000000000000000e+00
9.471902847290039062e+00 5.797910213470458984e+00 0.000000000000000000e+00
-1.323845577239990234e+01 8.165221214294433594e+00 0.000000000000000000e+00
1.099624061584472656e+01 8.682641983032226562e+00 0.000000000000000000e+00
4.567090511322021484e+00 2.600968182086944580e-01 0.000000000000000000e+00
1.273507404327392578e+01 -5.191057205200195312e+00 0.000000000000000000e+00
-1.047075080871582031e+01 5.099228024482727051e-01 0.000000000000000000e+00
1.029686927795410156e+01 -1.028904628753662109e+01 0.000000000000000000e+00
4.624362468719482422e+00 -8.337745666503906250e+00 0.000000000000000000e+00
1.842443823814392090e+00 -9.519623756408691406e+00 0.000000000000000000e+00
1.416304492950439453e+01 9.109784126281738281e+00 0.000000000000000000e+00
1.177181625366210938e+01 -9.213897705078125000e+00 0.000000000000000000e+00
2.419114828109741211e+00 9.015035629272460938e+00 0.000000000000000000e+00
1.447875618934631348e+00 1.212434959411621094e+01 0.000000000000000000e+00
9.423542022705078125e+00 8.703434467315673828e-02 0.000000000000000000e+00
-1.855578660964965820e+00 -4.043172836303710938e+00 0.000000000000000000e+00
4.094612121582031250e+00 1.030945301055908203e+01 0.000000000000000000e+00
-8.251233100891113281e+00 8.477689743041992188e+00 0.000000000000000000e+00
1.135705471038818359e+01 -4.573976039886474609e+00 0.000000000000000000e+00
8.033699035644531250e+00 4.900973320007324219e+00 0.000000000000000000e+00
-6.046986579895019531e+00 9.539944648742675781e+00 0.000000000000000000e+00
6.524683952331542969e+00 -8.979687690734863281e+00 0.000000000000000000e+00
-6.073419570922851562e+00 -3.828365325927734375e+00 0.000000000000000000e+00
-3.650152683258056641e+00 -8.709887504577636719e+00 0.000000000000000000e+00
-1.025397872924804688e+01 -8.193438529968261719e+00 0.000000000000000000e+00
7.901984691619873047e+00 -3.406817674636840820e+00 0.000000000000000000e+00
-5.911109447479248047e-01 -1.203277111053466797e+01 0.000000000000000000e+00
-7.294038772583007812e+00 -5.714085102081298828e+00 0.000000000000000000e+00
-1.153992271423339844e+01 4.423724174499511719e+00 0.000000000000000000e+00
2.036415100097656250e+00 -7.502429008483886719e+00 0.000000000000000000e+00
-2.357776403427124023e+00 7.402402400970458984e+00 0.000000000000000000e+00
-4.975553035736083984e+00 4.803389549255371094e+00 0.000000000000000000e+00
-8.216087222099304199e-01 9.216096878051757812e+00 0.000000000000000000e+00
1.695919990539550781e+01 -3.398732662200927734e+00 0.000000000000000000e+00
8.119752883911132812e+00 -1.051384639739990234e+01 0.000000000000000000e+00
-8.652029037475585938e-01 -9.411226511001586914e-01 0.000000000000000000e+00
-9.050514221191406250e+00 6.627790451049804688e+00 0.000000000000000000e+00
-8.935629844665527344e+00 5.655015110969543457e-01 0.000000000000000000e+00
-9.154327392578125000e+00 2.237357139587402344e+00 0.000000000000000000e+00
-8.937468528747558594e+00 -2.705135822296142578e+00 0.000000000000000000e+00
-5.879162549972534180e-01 1.594664478302001953e+01 0.000000000000000000e+00
-7.071915626525878906e+00 -1.584423828125000000e+01 0.000000000000000000e+00
-7.375035762786865234e+00 1.512884998321533203e+01 0.000000000000000000e+00
1.735149192810058594e+01 1.841412305831909180e+00 0.000000000000000000e+00
-4.492951393127441406e+00 1.008165168762207031e+01 0.000000000000000000e+00
1.189425182342529297e+01 1.176080322265625000e+01 0.000000000000000000e+00
-3.185027122497558594e+00 5.590551376342773438e+00 0.000000000000000000e+00
2.539499044418334961e+00 1.098729991912841797e+01 0.000000000000000000e+00
2.920678853988647461e+00 1.251223564147949219e+01 0.000000000000000000e+00
-4.435602664947509766e+00 -1.225830841064453125e+01 0.000000000000000000e+00
3.815005421638488770e-01 4.233583509922027588e-01 0.000000000000000000e+00
-5.853572845458984375e+00 7.712848186492919922e+00 0.000000000000000000e+00
-9.825155258178710938e+00 -6.474090099334716797e+00 0.000000000000000000e+00
-4.984657287597656250e+00 -7.308430194854736328e+00 0.000000000000000000e+00
1.132531261444091797e+01 5.461492538452148438e+00 0.000000000000000000e+00
-4.674353599548339844e+00 3.064514160156250000e+00 0.000000000000000000e+00
-3.633272171020507812e+00 -5.688175678253173828e+00 0.000000000000000000e+00
-1.735680580139160156e+01 1.845412999391555786e-01 0.000000000000000000e+00
6.798371315002441406e+00 3.841545581817626953e+00 0.000000000000000000e+00
1.662029266357421875e+01 4.789489269256591797e+00 0.000000000000000000e+00
4.663623869419097900e-01 7.996613502502441406e+00 0.000000000000000000e+00
-6.394190192222595215e-01 -2.465509653091430664e+00 0.000000000000000000e+00
5.710979700088500977e-01 -1.690190696716308594e+01 0.000000000000000000e+00
-1.349120712280273438e+01 -7.874879360198974609e+00 0.000000000000000000e+00
8.736303329467773438e+00 7.498070240020751953e+00 0.000000000000000000e+00
-1.164304161071777344e+01 -6.703943729400634766e+00 0.000000000000000000e+00
-5.433383464813232422e+00 5.000884532928466797e-01 0.000000000000000000e+00
4.398681521415710449e-01 1.938540220260620117e+00 0.000000000000000000e+00
1.513544654846191406e+01 1.053588032722473145e+00 0.000000000000000000e+00
-9.603883743286132812e+00 -1.003315830230712891e+01 0.000000000000000000e+00
-1.538982009887695312e+01 5.988348484039306641e+00 0.000000000000000000e+00
1.535708236694335938e+01 -6.811553001403808594e+00 0.000000000000000000e+00
7.463573455810546875e+00 6.531788825988769531e+00 0.000000000000000000e+00
-1.200406932830810547e+01 -1.629092335700988770e+00 0.000000000000000000e+00
1.122144794464111328e+01 -1.297632026672363281e+01 0.000000000000000000e+00
1.572693634033203125e+01 3.114856481552124023e+00 0.000000000000000000e+00
-2.304081439971923828e+00 -1.520807623863220215e+00 0.000000000000000000e+00
-1.910711169242858887e+00 -9.994633674621582031e+00 0.000000000000000000e+00
1.351747274398803711e+00 -1.129048442840576172e+01 0.000000000000000000e+00
1.513547706604003906e+01 6.563118934631347656e+00 0.000000000000000000e+00
-4.775581657886505127e-01 1.069287776947021484e+01 0.000000000000000000e+00
-1.664795875549316406e+01 -2.474032402038574219e+00 0.000000000000000000e+00
-5.381492376327514648e-01 -5.026952743530273438e+00 0.000000000000000000e+00
-1.611875915527343750e+01 -6.713350772857666016e+00 0.000000000000000000e+00
1.303325080871582031e+01 2.244437456130981445e+00 0.000000000000000000e+00
8.208873748779296875e+00 -1.397208404541015625e+01 0.000000000000000000e+00
-1.382399845123291016e+01 6.011129379272460938e+00 0.000000000000000000e+00
4.717700958251953125e+00 1.528580951690673828e+01 0.000000000000000000e+00
-5.235798954963684082e-01 -7.680185794830322266e+00 0.000000000000000000e+00
-1.330860996246337891e+01 1.061593055725097656e+01 0.000000000000000000e+00
-7.247794628143310547e+00 6.159022331237792969e+00 0.000000000000000000e+00
4.148024916648864746e-01 1.473239612579345703e+01 0.000000000000000000e+00
8.012214660644531250e+00 8.861262321472167969e+00 0.000000000000000000e+00
-1.213917350769042969e+01 -1.192000770568847656e+01 0.000000000000000000e+00
1.200901317596435547e+01 1.019946575164794922e+01 0.000000000000000000e+00
8.132157325744628906e+00 -8.977355957031250000e+00 0.000000000000000000e+00
2.451277494430541992e+00 -1.672248458862304688e+01 0.000000000000000000e+00
-5.560032844543457031e+00 1.486035633087158203e+01 0.000000000000000000e+00
1.600886583328247070e+00 1.645510292053222656e+01 0.000000000000000000e+00
2.458323717117309570e+00 1.799270749092102051e+00 0.000000000000000000e+00
1.334124279022216797e+01 -7.935451269149780273e-01 0.000000000000000000e+00
-7.516987323760986328e+00 9.975423812866210938e+00 0.000000000000000000e+00
1.740159416198730469e+01 -6.905761361122131348e-01 0.000000000000000000e+00
-1.272843551635742188e+01 -5.344430923461914062e+00 0.000000000000000000e+00
3.352307319641113281e+00 -3.531372070312500000e+00 0.000000000000000000e+00
9.538842201232910156e+00 -1.989340186119079590e+00 0.000000000000000000e+00
-1.544433212280273438e+01 7.840354442596435547e+00 0.000000000000000000e+00
-7.123565673828125000e+00 -2.381814718246459961e+00 0.000000000000000000e+00
5.375423431396484375e+00 -1.046636199951171875e+01 0.000000000000000000e+00
4.777663230895996094e+00 6.363351821899414062e+00 0.000000000000000000e+00
1.934873700141906738e+00 -4.781829357147216797e+00 0.000000000000000000e+00
-8.235515594482421875e+00 -8.115730285644531250e+00 0.000000000000000000e+00
6.387403011322021484e+00 2.291954517364501953e+00 0.000000000000000000e+00
-3.077635049819946289e+00 -1.713384246826171875e+01 0.000000000000000000e+00
1.351278686523437500e+01 -8.122195243835449219e+00 0.000000000000000000e+00
4.149955749511718750e+00 -1.194673824310302734e+01 0.000000000000000000e+00
1.448552799224853516e+01 -3.999396085739135742e+00 0.000000000000000000e+00
-1.082145690917968750e+01 6.038064956665039062e+00 0.000000000000000000e+00
4.489412903785705566e-01 -6.391234397888183594e+00 0.000000000000000000e+00
1.006881713867187500e+01 -7.101669311523437500e+00 0.000000000000000000e+00
-6.954738616943359375e+00 -7.283905029296875000e+00 0.000000000000000000e+00
6.239227294921875000e+00 -1.497368621826171875e+01 0.000000000000000000e+00
9.335537910461425781e+00 1.955627202987670898e+00 0.000000000000000000e+00
4.472915172576904297e+00 -6.578692913055419922e+00 0.000000000000000000e+00
1.064908504486083984e+01 -9.217280745506286621e-01 0.000000000000000000e+00
-3.054165601730346680e+00 2.000352144241333008e+00 0.000000000000000000e+00
-3.938369989395141602e+00 1.501817131042480469e+01 0.000000000000000000e+00
6.766104698181152344e+00 1.366512584686279297e+01 0.000000000000000000e+00
7.983386993408203125e+00 1.180704498291015625e+01 0.000000000000000000e+00
-5.840632438659667969e+00 1.116821098327636719e+01 0.000000000000000000e+00
1.303043365478515625e+00 -1.326135063171386719e+01 0.000000000000000000e+00
6.312657833099365234e+00 1.105649375915527344e+01 0.000000000000000000e+00
4.655914306640625000e+00 -1.494713020324707031e+01 0.000000000000000000e+00
-7.695994377136230469e+00 3.973839282989501953e+00 0.000000000000000000e+00
-5.098772525787353516e+00 -1.376350879669189453e+01 0.000000000000000000e+00
7.830976486206054688e+00 1.527227306365966797e+01 0.000000000000000000e+00
-1.649627685546875000e+01 3.175715446472167969e+00 0.000000000000000000e+00
2.921995401382446289e+00 1.555055230855941772e-01 0.000000000000000000e+00
-1.196389770507812500e+01 2.647577524185180664e+00 0.000000000000000000e+00
-8.627367973327636719e+00 -1.392487239837646484e+01 0.000000000000000000e+00
1.326898574829101562e+00 3.534353256225585938e+00 0.000000000000000000e+00
9.908292770385742188e+00 1.411802673339843750e+01 0.000000000000000000e+00
-1.296777153015136719e+01 -1.023586845397949219e+01 0.000000000000000000e+00
-1.941201925277709961e+00 1.497174072265625000e+01 0.000000000000000000e+00
5.911234378814697266e+00 8.950199127197265625e+00 0.000000000000000000e+00
-1.310675716400146484e+01 1.373497843742370605e-01 0.000000000000000000e+00
-1.648203277587890625e+01 -5.116258621215820312e+00 0.000000000000000000e+00
1.184658885002136230e+00 -3.080331325531005859e+00 0.000000000000000000e+00
7.996037602424621582e-01 -1.537327766418457031e+01 0.000000000000000000e+00
-4.372698783874511719e+00 1.243896007537841797e+01 0.000000000000000000e+00
8.469477653503417969e+00 -1.217815589904785156e+01 0.000000000000000000e+00
1.072456002235412598e+00 5.876385211944580078e+00 0.000000000000000000e+00
-5.605665683746337891e+00 -1.019091725349426270e+00 0.000000000000000000e+00
2.650807380676269531e+00 -1.212117004394531250e+01 0.000000000000000000e+00
1.160681533813476562e+01 9.123151302337646484e-01 0.000000000000000000e+00
1.292742156982421875e+01 -1.059097766876220703e+01 0.000000000000000000e+00
-1.553536224365234375e+01 1.501979589462280273e+00 0.000000000000000000e+00
-7.961727142333984375e+00 -1.124832820892333984e+01 0.000000000000000000e+00
9.683653831481933594e+00 -1.326496124267578125e+01 0.000000000000000000e+00
3.458976268768310547e+00 1.623121643066406250e+01 0.000000000000000000e+00
-6.185913085937500000e+00 -1.146749877929687500e+01 0.000000000000000000e+00
-1.154564666748046875e+01 -9.678138732910156250e+00 0.000000000000000000e+00
9.738229751586914062e+00 -5.340947628021240234e+00 0.000000000000000000e+00
-4.187226772308349609e+00 7.566598892211914062e+00 0.000000000000000000e+00
4.461650848388671875e+00 4.196821212768554688e+00 0.000000000000000000e+00
-2.175455570220947266e+00 1.109093570709228516e+01 0.000000000000000000e+00
6.694021701812744141e+00 -5.221513748168945312e+00 0.000000000000000000e+00
-4.772626399993896484e+00 -1.572906780242919922e+01 0.000000000000000000e+00
1.437061309814453125e+01 -5.529381752014160156e+00 0.000000000000000000e+00
-1.193155884742736816e+00 2.576165914535522461e+00 0.000000000000000000e+00
-8.588406562805175781e+00 -4.182698249816894531e+00 0.000000000000000000e+00
5.653976917266845703e+00 -1.405822992324829102e+00 0.000000000000000000e+00
5.214529484510421753e-02 1.325091552734375000e+01 0.000000000000000000e+00
2.008842468261718750e+00 -1.281401276588439941e+00 0.000000000000000000e+00
-2.472466468811035156e+00 4.039408683776855469e+00 0.000000000000000000e+00
-1.070682287216186523e+00 -1.476017856597900391e+01 0.000000000000000000e+00
-8.007439613342285156e+00 -9.628493309020996094e+00 0.000000000000000000e+00
-1.037897586822509766e+01 8.137032508850097656e+00 0.000000000000000000e+00
-8.116177558898925781e+00 -7.756435871124267578e-01 0.000000000000000000e+00
1.354182720184326172e+01 4.217041969299316406e+00 0.000000000000000000e+00
-6.822514533996582031e+00 1.289213275909423828e+01 0.000000000000000000e+00
-1.072486782073974609e+01 -2.658121585845947266e+00 0.000000000000000000e+00
6.356338024139404297e+00 -1.255344009399414062e+01 0.000000000000000000e+00
4.202645778656005859e+00 2.162796974182128906e+00 0.000000000000000000e+00
-9.505373001098632812e+00 1.049294757843017578e+01 0.000000000000000000e+00
-1.666854286193847656e+01 5.118816375732421875e+00 0.000000000000000000e+00
-1.496879339218139648e+00 1.253974246978759766e+01 0.000000000000000000e+00
1.094992160797119141e+01 6.983070850372314453e+00 0.000000000000000000e+00
-2.289411067962646484e+00 -7.918037414550781250e+00 0.000000000000000000e+00
1.733507513999938965e+00 1.395261383056640625e+01 0.000000000000000000e+00
1.034107398986816406e+01 1.212568092346191406e+01 0.000000000000000000e+00
8.184646815061569214e-02 1.744873428344726562e+01 0.000000000000000000e+00
9.423171997070312500e+00 3.870203971862792969e+00 0.000000000000000000e+00
1.351017951965332031e+01 6.447816848754882812e+00 0.000000000000000000e+00
-4.439270973205566406e+00 -1.027839946746826172e+01 0.000000000000000000e+00
8.541667938232421875e+00 1.326552581787109375e+01 0.000000000000000000e+00
-6.818447113037109375e+00 -1.360006999969482422e+01 0.000000000000000000e+00
1.008007907867431641e+01 1.029518127441406250e+01 0.000000000000000000e+00
-1.116040420532226562e+01 1.117884063720703125e+01 0.000000000000000000e+00
-1.433904933929443359e+01 -5.813230514526367188e+00 0.000000000000000000e+00
3.377180576324462891e+00 -1.036828136444091797e+01 0.000000000000000000e+00
3.233063459396362305e+00 -1.356715202331542969e+01 0.000000000000000000e+00
1.665104103088378906e+01 -5.006253719329833984e+00 0.000000000000000000e+00
1.358643627166748047e+01 1.094861793518066406e+01 0.000000000000000000e+00
2.480341196060180664e+00 6.866136074066162109e+00 0.000000000000000000e+00
-1.063355827331542969e+01 -5.155084609985351562e+00 0.000000000000000000e+00
6.984392642974853516e+00 -2.189239263534545898e+00 0.000000000000000000e+00
1.151409244537353516e+01 -1.143278312683105469e+01 0.000000000000000000e+00
1.449683666229248047e+01 -2.319779872894287109e+00 0.000000000000000000e+00
5.047146320343017578e+00 -4.912557601928710938e+00 0.000000000000000000e+00
-1.541170978546142578e+01 -1.484329819679260254e+00 0.000000000000000000e+00
-3.313123703002929688e+00 9.073725700378417969e+00 0.000000000000000000e+00
6.114594936370849609e+00 5.934903025627136230e-01 0.000000000000000000e+00
7.886996746063232422e+00 1.415596604347229004e+00 0.000000000000000000e+00
1.487396144866943359e+01 -9.030470848083496094e+00 0.000000000000000000e+00
-1.448643875122070312e+01 4.578759670257568359e+00 0.000000000000000000e+00
1.006792783737182617e+00 9.894005775451660156e+00 0.000000000000000000e+00
8.007369041442871094e+00 2.931863546371459961e+00 0.000000000000000000e+00
-5.247050762176513672e+00 1.648134994506835938e+01 0.000000000000000000e+00
-1.224355030059814453e+01 6.546826839447021484e+00 0.000000000000000000e+00
5.762080669403076172e+00 1.642160797119140625e+01 0.000000000000000000e+00
-7.073370933532714844e+00 5.257720351219177246e-01 0.000000000000000000e+00
4.216737270355224609e+00 -1.696684074401855469e+01 0.000000000000000000e+00
5.976834774017333984e+00 -6.799802780151367188e+00 0.000000000000000000e+00
