6.701420066103647599e+00 1.129092067316335601e+01 5.819058703213642048e-04
1.052911738115276741e+01 7.844608926440028718e+00 -3.341382267736392464e-04
-5.710748968187969732e-01 1.091031677559223212e+01 3.015798634331545713e-04
3.255512188897538461e+00 7.463316317555419133e+00 -9.372533616902600784e-05
7.083209536946664109e+00 4.017607648930944464e+00 -2.120873025128755529e-04
1.091090688494009697e+01 5.718989799376867911e-01 -3.304489900403106972e-04
-7.844681081846765380e+00 1.052902426268345515e+01 5.419214015844886490e-04
-4.017975597014242339e+00 7.082807839544932982e+00 -4.461495993850483899e-04
-1.903978440404112960e-01 3.636307216421864830e+00 3.424181123090619394e-05
3.637299504008683293e+00 1.905985472357292765e-01 -8.412089801218547436e-05
7.464005224914067149e+00 -3.255006783152692762e+00 -2.805691645562102821e-04
1.129158297794358923e+01 -6.701507405906979464e+00 1.998219672429968341e-04
-1.129070855401678841e+01 6.700627953314489460e+00 4.650430144219619422e-04
-7.464004029012719421e+00 3.255014703320210145e+00 2.745823276666392587e-04
-3.636306681019285225e+00 -1.906939656730471944e-01 1.562206401392179922e-04
1.912710720102362705e-01 -3.637194588427333564e+00 6.366117719389663421e-04
4.017976589842733759e+00 -7.082807934028663155e+00 4.462221588199533073e-04
7.845673904836162116e+00 -1.052911968112077368e+01 -4.698216594576365424e-04
-1.090991286599159338e+01 -5.719864787747015455e-01 3.965611565753812684e-04
-7.082215518055948955e+00 -4.017695147762405661e+00 2.781994648510810464e-04
-3.254636772195867778e+00 -7.464195865936417817e+00 7.586626961995079910e-04
5.720677198081942638e-01 -1.091041219402954887e+01 -2.294801213063024647e-04
-1.052812339520427010e+01 -7.845299503375896322e+00 -3.974317374413338655e-04
-6.700545642174748018e+00 -1.129180012613018391e+01 8.295939435765120606e-05
