2.883908430124132227e+00 1.280900057243483481e+01 8.762058955369411706e-05
7.588951092197849135e+00 1.071594055757435804e+01 2.417003533006223392e-04
-3.914919434851869440e+00 1.019924719950883940e+01 2.291935055804827925e-04
7.900035991444491756e-01 8.104792152425254415e+00 1.843442325233368706e-04
5.493933810209221669e+00 6.010432524896753392e+00 6.739670733502123312e-05
1.019873824201649803e+01 3.915185428263630030e+00 6.213726319703738454e-04
-1.071573294580660551e+01 7.589684664580801154e+00 2.265684231512743452e-04
-6.009935724009936919e+00 5.493739071411508412e+00 5.496195916343538102e-05
-1.304893061994010228e+00 3.400679056556586310e+00 2.090417187139426147e-04
3.399910344040489640e+00 1.304828977238783994e+00 -3.473658275310320676e-05
8.103840555047472805e+00 -7.895306502841630270e-01 -1.516841121383949442e-04
1.280876358898809997e+01 -2.883985697736530351e+00 -1.965331063791264654e-04
-1.280975641197530734e+01 2.884081117484492474e+00 1.244358759624475397e-04
-8.104713783015073503e+00 7.904180241619362945e-01 -5.191662164213961539e-04
-3.399910344038359788e+00 -1.304828977051460281e+00 3.473760866512520806e-05
1.305012689957989469e+00 -3.399284023573385216e+00 -1.011092149250103489e-05
6.009935724012096969e+00 -5.493739070662524426e+00 -5.496019035211574533e-05
1.071485875800841647e+01 -7.588194117746109413e+00 -9.980946340926166727e-05
-1.019973103200372755e+01 -3.914486930978476664e+00 1.042115254641373667e-04
-5.493934770037615323e+00 -6.009829350629191325e+00 7.302150926777883910e-04
-7.898849640110605641e-01 -8.103397024583987474e+00 1.451372225025338025e-05
3.914919467796214914e+00 -1.019864412121710906e+01 5.684896468851619034e-04
-7.588831464176110764e+00 -1.071454552515837122e+01 -4.277029478139127150e-05
-2.883908430179792592e+00 -1.280900057224195621e+01 -8.761956783764901502e-05
