-7.975370883941650391e+00 4.934834957122802734e+00 0.000000000000000000e+00
-1.497268962860107422e+01 -1.812212347984313965e+00 0.000000000000000000e+00
4.614271640777587891e+00 -3.979128837585449219e+00 0.000000000000000000e+00
-6.805405139923095703e+00 -6.461565971374511719e+00 0.000000000000000000e+00
2.364986181259155273e+00 -4.661491870880126953e+00 0.000000000000000000e+00
1.242220282554626465e+00 -1.702286720275878906e+01 0.000000000000000000e+00
-9.472578048706054688e+00 -3.943762779235839844e+00 0.000000000000000000e+00
6.493502259254455566e-01 3.710091590881347656e+00 0.000000000000000000e+00
-1.686448287963867188e+01 4.591552257537841797e+00 0.000000000000000000e+00
-1.319709205627441406e+01 -6.421393394470214844e+00 0.000000000000000000e+00
5.786805629730224609e+00 1.447026729583740234e+01 0.000000000000000000e+00
-1.332172679901123047e+01 6.958323478698730469e+00 0.000000000000000000e+00
9.759431838989257812e+00 -2.540550231933593750e+00 0.000000000000000000e+00
1.259063529968261719e+01 -3.775506973266601562e+00 0.000000000000000000e+00
-3.307500839233398438e+00 -4.656298160552978516e+00 0.000000000000000000e+00
1.315402603149414062e+01 1.118339633941650391e+01 0.000000000000000000e+00
1.084071063995361328e+01 2.891084909439086914e+00 0.000000000000000000e+00
6.776766300201416016e+00 1.393296003341674805e+00 0.000000000000000000e+00
6.891675472259521484e+00 5.612155437469482422e+00 0.000000000000000000e+00
-4.674843311309814453e+00 1.176196098327636719e+00 0.000000000000000000e+00
-1.446752738952636719e+01 2.935688734054565430e+00 0.000000000000000000e+00
-1.317993164062500000e+00 -1.656599044799804688e+01 0.000000000000000000e+00
8.805346488952636719e+00 -9.747838020324707031e+00 0.000000000000000000e+00
4.028465747833251953e+00 1.083599567413330078e+01 0.000000000000000000e+00
4.795555591583251953e+00 1.666410827636718750e+01 0.000000000000000000e+00
-6.083332061767578125e+00 -1.027280902862548828e+01 0.000000000000000000e+00
5.746563434600830078e+00 8.808333396911621094e+00 0.000000000000000000e+00
-3.945770740509033203e+00 1.032066535949707031e+01 0.000000000000000000e+00
5.269225120544433594e+00 -1.251674747467041016e+01 0.000000000000000000e+00
1.295889854431152344e+01 -1.134618091583251953e+01 0.000000000000000000e+00
-9.526509284973144531e+00 1.252851009368896484e+00 0.000000000000000000e+00
1.235019874572753906e+01 -1.729350686073303223e+00 0.000000000000000000e+00
7.668388366699218750e+00 -3.981202840805053711e+00 0.000000000000000000e+00
-7.526922702789306641e+00 1.933384060859680176e+00 0.000000000000000000e+00
5.179325103759765625e+00 -1.993750214576721191e+00 0.000000000000000000e+00
8.592225074768066406e+00 1.264735412597656250e+01 0.000000000000000000e+00
-1.564118623733520508e+00 7.627350091934204102e-02 0.000000000000000000e+00
3.446631729602813721e-01 1.366401433944702148e+00 0.000000000000000000e+00
2.361944437026977539e+00 9.033881187438964844e+00 0.000000000000000000e+00
-1.054144620895385742e+00 -1.477471637725830078e+01 0.000000000000000000e+00
8.347466468811035156e+00 1.308871954679489136e-01 0.000000000000000000e+00
1.112552261352539062e+01 1.301439762115478516e+01 0.000000000000000000e+00
8.751878142356872559e-01 -1.997027158737182617e+00 0.000000000000000000e+00
1.459445667266845703e+01 -4.649725437164306641e+00 0.000000000000000000e+00
-2.990129232406616211e+00 -7.319139003753662109e+00 0.000000000000000000e+00
8.185960769653320312e+00 7.444487094879150391e+00 0.000000000000000000e+00
1.481114387512207031e+01 -4.832129478454589844e-01 0.000000000000000000e+00
-8.905234336853027344e+00 -3.743629455566406250e-01 0.000000000000000000e+00
4.692157745361328125e+00 7.406811714172363281e+00 0.000000000000000000e+00
2.647326469421386719e+00 -1.324464607238769531e+01 0.000000000000000000e+00
4.525935649871826172e+00 2.182815790176391602e+00 0.000000000000000000e+00
8.459269523620605469e+00 -1.516564559936523438e+01 0.000000000000000000e+00
4.628454685211181641e+00 -9.817342758178710938e+00 0.000000000000000000e+00
-2.752470731735229492e+00 5.839725971221923828e+00 0.000000000000000000e+00
1.254045486450195312e+01 -9.192531585693359375e+00 0.000000000000000000e+00
4.608280062675476074e-01 9.147117614746093750e+00 0.000000000000000000e+00
-5.585330009460449219e+00 -1.209695529937744141e+01 0.000000000000000000e+00
4.098151683807373047e+00 -1.676098060607910156e+01 0.000000000000000000e+00
-8.480272889137268066e-01 -3.563609123229980469e+00 0.000000000000000000e+00
-1.499532127380371094e+01 -5.150614738464355469e+00 0.000000000000000000e+00
-1.010534858703613281e+01 -1.133565521240234375e+01 0.000000000000000000e+00
7.358434200286865234e+00 1.402677059173583984e+01 0.000000000000000000e+00
-6.164338588714599609e+00 1.039263439178466797e+01 0.000000000000000000e+00
-6.756793975830078125e+00 -4.319498062133789062e+00 0.000000000000000000e+00
2.517465829849243164e+00 -7.058398723602294922e+00 0.000000000000000000e+00
6.952870488166809082e-01 -1.509768104553222656e+01 0.000000000000000000e+00
1.576755285263061523e+00 -1.085050296783447266e+01 0.000000000000000000e+00
1.644718170166015625e+01 -2.508841037750244141e+00 0.000000000000000000e+00
-8.391036033630371094e+00 1.469360828399658203e+01 0.000000000000000000e+00
2.110319614410400391e+00 1.126393508911132812e+01 0.000000000000000000e+00
4.010080337524414062e+00 3.681430816650390625e+00 0.000000000000000000e+00
-9.508185833692550659e-02 -9.008300781250000000e+00 0.000000000000000000e+00
-5.942574977874755859e+00 3.124819755554199219e+00 0.000000000000000000e+00
-1.333165168762207031e+01 -5.160768032073974609e-01 0.000000000000000000e+00
4.249293327331542969e+00 -5.372374653816223145e-01 0.000000000000000000e+00
-5.257245540618896484e+00 1.570410823822021484e+01 0.000000000000000000e+00
5.672242641448974609e+00 1.090154266357421875e+01 0.000000000000000000e+00
-1.777444601058959961e+00 1.112731170654296875e+01 0.000000000000000000e+00
-6.281109333038330078e+00 -2.373578101396560669e-01 0.000000000000000000e+00
1.624860954284667969e+01 1.692435145378112793e-01 0.000000000000000000e+00
-1.047002029418945312e+01 -8.702643513679504395e-01 0.000000000000000000e+00
8.908397674560546875e+00 3.763018369674682617e+00 0.000000000000000000e+00
-1.727025604248046875e+01 1.169099569320678711e+00 0.000000000000000000e+00
7.921092987060546875e+00 -1.244442176818847656e+01 0.000000000000000000e+00
-8.303890824317932129e-01 1.379751586914062500e+01 0.000000000000000000e+00
2.961048781871795654e-01 -5.810306072235107422e-01 0.000000000000000000e+00
-6.135423183441162109e+00 -1.758891463279724121e+00 0.000000000000000000e+00
-1.801121234893798828e+00 8.928717613220214844e+00 0.000000000000000000e+00
-1.100803470611572266e+01 -9.964504241943359375e+00 0.000000000000000000e+00
-4.840150356292724609e+00 1.312701511383056641e+01 0.000000000000000000e+00
1.511248111724853516e+01 4.675193786621093750e+00 0.000000000000000000e+00
6.396588802337646484e+00 -6.995565414428710938e+00 0.000000000000000000e+00
1.867919802665710449e+00 2.009842157363891602e+00 0.000000000000000000e+00
-6.619696140289306641e+00 7.806008338928222656e+00 0.000000000000000000e+00
1.213859272003173828e+01 -6.018446445465087891e+00 0.000000000000000000e+00
-9.175108671188354492e-01 -1.301730155944824219e+01 0.000000000000000000e+00
-3.763374805450439453e+00 -1.408091926574707031e+01 0.000000000000000000e+00
3.264641284942626953e+00 -1.879777431488037109e+00 0.000000000000000000e+00
1.383556270599365234e+01 3.108377695083618164e+00 0.000000000000000000e+00
-1.222706913948059082e+00 -6.500874042510986328e+00 0.000000000000000000e+00
-9.378789901733398438e+00 -9.904314994812011719e+00 0.000000000000000000e+00
-1.288439559936523438e+01 2.594504833221435547e+00 0.000000000000000000e+00
-1.135162639617919922e+01 6.166545748710632324e-01 0.000000000000000000e+00
-1.161742568016052246e+00 2.931807041168212891e+00 0.000000000000000000e+00
-8.150552749633789062e+00 -7.866211891174316406e+00 0.000000000000000000e+00
7.268643856048583984e+00 -5.575700283050537109e+00 0.000000000000000000e+00
-1.175518703460693359e+01 1.257959842681884766e+01 0.000000000000000000e+00
1.157880401611328125e+01 7.807857990264892578e+00 0.000000000000000000e+00
1.004739665985107422e+01 1.003691768646240234e+01 0.000000000000000000e+00
-1.101518058776855469e+01 1.059441375732421875e+01 0.000000000000000000e+00
1.594162368774414062e+01 2.365494966506958008e+00 0.000000000000000000e+00
-9.314085006713867188e+00 1.048484897613525391e+01 0.000000000000000000e+00
-5.412075042724609375e+00 -1.655246925354003906e+01 0.000000000000000000e+00
-1.245366764068603516e+01 -1.763307213783264160e+00 0.000000000000000000e+00
-1.564454883337020874e-01 1.548277854919433594e+01 0.000000000000000000e+00
-1.663051033020019531e+01 -3.125091075897216797e+00 0.000000000000000000e+00
-8.468637466430664062e+00 7.306367397308349609e+00 0.000000000000000000e+00
-3.763008356094360352e+00 1.205441379547119141e+01 0.000000000000000000e+00
1.004097652435302734e+01 -1.092967414855957031e+01 0.000000000000000000e+00
7.295228481292724609e+00 -1.403205013275146484e+01 0.000000000000000000e+00
-1.669879531860351562e+01 -4.581199288368225098e-01 0.000000000000000000e+00
-1.355419540405273438e+01 -1.066327190399169922e+01 0.000000000000000000e+00
1.059566211700439453e+01 -8.698585629463195801e-01 0.000000000000000000e+00
6.432015419006347656e+00 -9.358376502990722656e+00 0.000000000000000000e+00
7.899894714355468750e+00 -8.071807861328125000e+00 0.000000000000000000e+00
1.216680526733398438e+01 5.060588359832763672e+00 0.000000000000000000e+00
-9.049782752990722656e+00 -5.733521461486816406e+00 0.000000000000000000e+00
-3.902140140533447266e+00 -2.635411500930786133e+00 0.000000000000000000e+00
-1.515845870971679688e+01 4.314532756805419922e+00 0.000000000000000000e+00
-3.863411426544189453e+00 -1.667416000366210938e+01 0.000000000000000000e+00
4.329648971557617188e+00 5.180645465850830078e+00 0.000000000000000000e+00
6.597491741180419922e+00 -1.205153539776802063e-01 0.000000000000000000e+00
-1.159832191467285156e+01 6.698748588562011719e+00 0.000000000000000000e+00
7.263816833496093750e+00 1.055586147308349609e+01 0.000000000000000000e+00
3.184913873672485352e+00 1.676701354980468750e+01 0.000000000000000000e+00
-1.551072692871093750e+01 7.635421752929687500e+00 0.000000000000000000e+00
-9.721230268478393555e-01 7.251557826995849609e+00 0.000000000000000000e+00
-1.221442413330078125e+01 -8.556352615356445312e+00 0.000000000000000000e+00
-2.952662944793701172e+00 3.669189453125000000e+00 0.000000000000000000e+00
1.366711044311523438e+01 6.421162605285644531e+00 0.000000000000000000e+00
1.047047615051269531e+01 5.868987560272216797e+00 0.000000000000000000e+00
1.526246929168701172e+01 -7.445780754089355469e+00 0.000000000000000000e+00
1.415002346038818359e+00 -8.342059135437011719e+00 0.000000000000000000e+00
-1.540470027923583984e+01 -7.085033893585205078e+00 0.000000000000000000e+00
-1.116395664215087891e+01 4.648102283477783203e+00 0.000000000000000000e+00
1.172723531723022461e+00 -3.639672040939331055e+00 0.000000000000000000e+00
-1.039458656311035156e+01 -1.284518432617187500e+01 0.000000000000000000e+00
7.247226834297180176e-01 1.702348136901855469e+01 0.000000000000000000e+00
2.312772512435913086e+00 5.426590919494628906e+00 0.000000000000000000e+00
-4.813201904296875000e+00 7.909000873565673828e+00 0.000000000000000000e+00
5.983012199401855469e+00 1.287390613555908203e+01 0.000000000000000000e+00
-1.639103889465332031e+01 6.040983676910400391e+00 0.000000000000000000e+00
2.147936582565307617e+00 1.385588836669921875e+01 0.000000000000000000e+00
9.733429908752441406e+00 1.436138153076171875e+01 0.000000000000000000e+00
-9.997408866882324219e+00 7.300775051116943359e+00 0.000000000000000000e+00
-2.340150833129882812e+00 1.596571636199951172e+01 0.000000000000000000e+00
9.583950996398925781e+00 -1.374975872039794922e+01 0.000000000000000000e+00
3.589065551757812500e+00 -1.467689514160156250e+01 0.000000000000000000e+00
5.725294589996337891e+00 -1.525616073608398438e+01 0.000000000000000000e+00
1.443451213836669922e+01 8.036268234252929688e+00 0.000000000000000000e+00
1.157672786712646484e+01 1.035677719116210938e+01 0.000000000000000000e+00
-5.938560962677001953e+00 1.429753494262695312e+01 0.000000000000000000e+00
-5.501924037933349609e+00 5.816409111022949219e+00 0.000000000000000000e+00
-4.972543239593505859e+00 -4.187771797180175781e+00 0.000000000000000000e+00
-3.371026515960693359e+00 -8.801189422607421875e+00 0.000000000000000000e+00
1.047522163391113281e+01 -5.690151691436767578e+00 0.000000000000000000e+00
-1.577952194213867188e+01 1.913287043571472168e+00 0.000000000000000000e+00
-1.362320423126220703e+01 1.222849607467651367e+00 0.000000000000000000e+00
-1.206616759300231934e+00 -1.879902482032775879e+00 0.000000000000000000e+00
1.006228923797607422e+01 -8.415913581848144531e+00 0.000000000000000000e+00
-1.214053726196289062e+01 -4.186209201812744141e+00 0.000000000000000000e+00
6.259422302246093750e-01 6.142364025115966797e+00 0.000000000000000000e+00
-1.396084690093994141e+01 5.271615505218505859e+00 0.000000000000000000e+00
4.374204635620117188e+00 -7.010487556457519531e+00 0.000000000000000000e+00
1.010982608795166016e+01 8.352585792541503906e+00 0.000000000000000000e+00
-9.226626396179199219e+00 3.042899370193481445e+00 0.000000000000000000e+00
-6.940061569213867188e+00 -1.284912776947021484e+01 0.000000000000000000e+00
2.492365390062332153e-01 1.118885135650634766e+01 0.000000000000000000e+00
-7.389048576354980469e+00 1.263614749908447266e+01 0.000000000000000000e+00
-1.503501319885253906e+01 -9.586040675640106201e-02 0.000000000000000000e+00
1.069212555885314941e+00 -1.236952972412109375e+01 0.000000000000000000e+00
1.438575363159179688e+01 -2.048875093460083008e+00 0.000000000000000000e+00
-1.047418475151062012e+00 4.851898193359375000e+00 0.000000000000000000e+00
1.729964447021484375e+01 1.713706493377685547e+00 0.000000000000000000e+00
1.380666065216064453e+01 1.369735360145568848e+00 0.000000000000000000e+00
-7.821662902832031250e+00 -1.139816379547119141e+01 0.000000000000000000e+00
-1.185707950592041016e+01 -1.194203090667724609e+01 0.000000000000000000e+00
-1.819202303886413574e+00 -9.157105445861816406e+00 0.000000000000000000e+00
6.731541633605957031e+00 2.994578599929809570e+00 0.000000000000000000e+00
1.620497894287109375e+01 -5.621376514434814453e+00 0.000000000000000000e+00
-1.046113967895507812e+01 -7.079916477203369141e+00 0.000000000000000000e+00
1.176254844665527344e+01 4.432173967361450195e-01 0.000000000000000000e+00
1.154774986207485199e-02 -4.906781673431396484e+00 0.000000000000000000e+00
-8.332874298095703125e+00 -1.494529914855957031e+01 0.000000000000000000e+00
-6.038638591766357422e+00 -1.501789569854736328e+01 0.000000000000000000e+00
-7.595915317535400391e+00 1.099835109710693359e+01 0.000000000000000000e+00
-1.094485187530517578e+01 -5.524682998657226562e+00 0.000000000000000000e+00
-3.239011287689208984e+00 -4.091044366359710693e-01 0.000000000000000000e+00
3.096534729003906250e+00 -1.090734577178955078e+01 0.000000000000000000e+00
-1.252022075653076172e+01 9.148271560668945312e+00 0.000000000000000000e+00
1.562715888023376465e+00 1.545662021636962891e+01 0.000000000000000000e+00
-1.140954375267028809e+00 1.701559638977050781e+01 0.000000000000000000e+00
7.453582286834716797e+00 1.554103565216064453e+01 0.000000000000000000e+00
3.611881256103515625e+00 1.462734794616699219e+01 0.000000000000000000e+00
-4.894202232360839844e+00 -9.168356895446777344e+00 0.000000000000000000e+00
7.192150115966796875e+00 -2.224637746810913086e+00 0.000000000000000000e+00
-2.560508966445922852e+00 -1.059868240356445312e+01 0.000000000000000000e+00
1.614038276672363281e+01 6.072668552398681641e+00 0.000000000000000000e+00
3.073823928833007812e+00 7.670378208160400391e+00 0.000000000000000000e+00
-1.466638565063476562e+01 -8.946370124816894531e+00 0.000000000000000000e+00
-1.103381729125976562e+01 8.793805122375488281e+00 0.000000000000000000e+00
5.748386859893798828e+00 -5.323837757110595703e+00 0.000000000000000000e+00
-5.586438775062561035e-01 -1.132271480560302734e+01 0.000000000000000000e+00
-2.435801506042480469e+00 1.942831873893737793e+00 0.000000000000000000e+00
1.153944492340087891e+01 -1.185195159912109375e+01 0.000000000000000000e+00
-4.141058444976806641e+00 -1.068908786773681641e+01 0.000000000000000000e+00
1.085173606872558594e+01 -3.677357912063598633e+00 0.000000000000000000e+00
3.227215290069580078e+00 1.231375885009765625e+01 0.000000000000000000e+00
2.092632532119750977e+00 3.529748320579528809e-01 0.000000000000000000e+00
8.360989570617675781e+00 9.020322799682617188e+00 0.000000000000000000e+00
1.331190109252929688e+01 -7.111991405487060547e+00 0.000000000000000000e+00
8.781222343444824219e+00 2.259133577346801758e+00 0.000000000000000000e+00
1.295736598968505859e+01 9.559539794921875000e+00 0.000000000000000000e+00
6.489203453063964844e+00 -1.141666316986083984e+01 0.000000000000000000e+00
-1.141326999664306641e+01 2.932475805282592773e+00 0.000000000000000000e+00
-8.364153861999511719e+00 9.227205276489257812e+00 0.000000000000000000e+00
-9.869174003601074219e+00 1.435774230957031250e+01 0.000000000000000000e+00
-9.054526329040527344e+00 1.231081676483154297e+01 0.000000000000000000e+00
-2.470295667648315430e+00 1.299389076232910156e+01 0.000000000000000000e+00
-2.682714462280273438e+00 -1.249619483947753906e+01 0.000000000000000000e+00
-9.425791740417480469e+00 -2.363415241241455078e+00 0.000000000000000000e+00
-8.664608001708984375e+00 -1.335270214080810547e+01 0.000000000000000000e+00
1.109323978424072266e+01 -1.329448699951171875e+01 0.000000000000000000e+00
5.781294345855712891e+00 4.515098571777343750e+00 0.000000000000000000e+00
-1.430889511108398438e+01 9.469780921936035156e+00 0.000000000000000000e+00
8.932839393615722656e+00 -5.031742572784423828e+00 0.000000000000000000e+00
1.452844142913818359e+01 -9.210437774658203125e+00 0.000000000000000000e+00
-3.397790670394897461e+00 1.713186454772949219e+01 0.000000000000000000e+00
-7.016933441162109375e+00 1.555949687957763672e+01 0.000000000000000000e+00
-1.334136676788330078e+01 1.118088245391845703e+01 0.000000000000000000e+00
9.215397238731384277e-01 -6.161180496215820312e+00 0.000000000000000000e+00
-4.625206947326660156e+00 4.172091007232666016e+00 0.000000000000000000e+00
-9.553040504455566406e+00 5.849261283874511719e+00 0.000000000000000000e+00
1.048567533493041992e+00 7.682665348052978516e+00 0.000000000000000000e+00
-3.997012615203857422e+00 1.445300865173339844e+01 0.000000000000000000e+00
8.605322837829589844e+00 -6.736017227172851562e+00 0.000000000000000000e+00
-1.404664993286132812e+01 -3.642229318618774414e+00 0.000000000000000000e+00
-1.712758660316467285e+00 -4.869278430938720703e+00 0.000000000000000000e+00
-4.582602500915527344e+00 -6.694837093353271484e+00 0.000000000000000000e+00
3.952332973480224609e+00 -5.453776359558105469e+00 0.000000000000000000e+00
1.323406696319580078e+01 -3.318357169628143311e-01 0.000000000000000000e+00
1.731745338439941406e+01 -1.227298259735107422e+00 0.000000000000000000e+00
1.036202239990234375e+01 1.151531887054443359e+01 0.000000000000000000e+00
2.452929973602294922e+00 -9.515312194824218750e+00 0.000000000000000000e+00
-2.506695032119750977e+00 7.492579460144042969e+00 0.000000000000000000e+00
-4.146080017089843750e+00 2.633482933044433594e+00 0.000000000000000000e+00
