-7.419011116027832031e+00 -4.009807109832763672e+00 0.000000000000000000e+00
7.140257358551025391e+00 -9.447152137756347656e+00 0.000000000000000000e+00
-1.082644939422607422e+01 7.381998538970947266e+00 0.000000000000000000e+00
9.789944648742675781e+00 1.434881448745727539e+00 0.000000000000000000e+00
-1.966593742370605469e+00 3.765237092971801758e+00 0.000000000000000000e+00
7.412384152412414551e-01 -1.007940864562988281e+01 0.000000000000000000e+00
-9.094793319702148438e+00 -5.091088294982910156e+00 0.000000000000000000e+00
-3.057098865509033203e+00 1.256955528259277344e+01 0.000000000000000000e+00
1.024248790740966797e+01 1.078032207489013672e+01 0.000000000000000000e+00
1.007153224945068359e+01 1.291559123992919922e+01 0.000000000000000000e+00
2.846095561981201172e+00 1.230666828155517578e+01 0.000000000000000000e+00
-1.142215251922607422e+01 -8.253067731857299805e-01 0.000000000000000000e+00
9.102398753166198730e-01 1.046413516998291016e+01 0.000000000000000000e+00
1.622922706604003906e+01 5.760302066802978516e+00 0.000000000000000000e+00
1.119123840332031250e+01 9.030673980712890625e+00 0.000000000000000000e+00
-4.153929233551025391e+00 9.836925506591796875e+00 0.000000000000000000e+00
-1.841190934181213379e+00 1.584199237823486328e+01 0.000000000000000000e+00
3.371815443038940430e+00 -4.156986236572265625e+00 0.000000000000000000e+00
-1.202639484405517578e+01 -6.300977706909179688e+00 0.000000000000000000e+00
-1.301139354705810547e+01 1.161120319366455078e+01 0.000000000000000000e+00
5.489521980285644531e+00 -6.028148651123046875e+00 0.000000000000000000e+00
9.565848350524902344e+00 -8.121487617492675781e+00 0.000000000000000000e+00
7.629808902740478516e+00 -3.953569173812866211e+00 0.000000000000000000e+00
9.396476745605468750e-01 1.367231178283691406e+01 0.000000000000000000e+00
8.030276298522949219e+00 2.517292022705078125e+00 0.000000000000000000e+00
-8.726469241082668304e-03 -1.569490242004394531e+01 0.000000000000000000e+00
5.473927974700927734e+00 6.686432361602783203e-01 0.000000000000000000e+00
1.574889659881591797e+01 -3.629174232482910156e+00 0.000000000000000000e+00
6.395764827728271484e+00 1.280788516998291016e+01 0.000000000000000000e+00
1.173532962799072266e+01 -5.236233472824096680e-01 0.000000000000000000e+00
-5.954264163970947266e+00 -1.483782672882080078e+01 0.000000000000000000e+00
8.601719856262207031e+00 -9.990139007568359375e-01 0.000000000000000000e+00
-1.570459842681884766e+00 -5.940221309661865234e+00 0.000000000000000000e+00
-9.856544494628906250e+00 3.111682653427124023e+00 0.000000000000000000e+00
-3.064607858657836914e+00 -1.686651992797851562e+01 0.000000000000000000e+00
6.136654376983642578e+00 -8.502157330513000488e-01 0.000000000000000000e+00
-3.662938177585601807e-01 1.511440467834472656e+01 0.000000000000000000e+00
-1.943033486604690552e-01 1.445805907249450684e+00 0.000000000000000000e+00
-4.061753749847412109e+00 1.387374973297119141e+01 0.000000000000000000e+00
1.114098358154296875e+01 -6.645086288452148438e+00 0.000000000000000000e+00
1.649590301513671875e+01 2.021835327148437500e+00 0.000000000000000000e+00
-4.073821067810058594e+00 -1.238804531097412109e+01 0.000000000000000000e+00
-7.817136764526367188e+00 1.415486907958984375e+01 0.000000000000000000e+00
1.289906501770019531e+01 -6.255118846893310547e+00 0.000000000000000000e+00
-8.988196253776550293e-01 6.225228309631347656e+00 0.000000000000000000e+00
8.377126693725585938e+00 -1.514552974700927734e+01 0.000000000000000000e+00
1.395332431793212891e+01 -3.263483524322509766e+00 0.000000000000000000e+00
7.057635307312011719e+00 1.052458572387695312e+01 0.000000000000000000e+00
-7.526504039764404297e+00 1.573926162719726562e+01 0.000000000000000000e+00
-1.388978195190429688e+01 -1.063399219512939453e+01 0.000000000000000000e+00
3.025072574615478516e+00 1.709287071228027344e+01 0.000000000000000000e+00
1.112085914611816406e+01 -1.208107280731201172e+01 0.000000000000000000e+00
-1.416207671165466309e+00 8.513236999511718750e+00 0.000000000000000000e+00
-1.564003562927246094e+01 -2.429599285125732422e+00 0.000000000000000000e+00
7.238017022609710693e-02 -7.727137565612792969e+00 0.000000000000000000e+00
1.222137069702148438e+01 -4.883233070373535156e+00 0.000000000000000000e+00
-2.685756206512451172e+00 1.097313404083251953e+00 0.000000000000000000e+00
1.271354007720947266e+01 9.971950531005859375e+00 0.000000000000000000e+00
-3.051077365875244141e+00 -6.637231826782226562e+00 0.000000000000000000e+00
5.695127487182617188e+00 9.615621566772460938e+00 0.000000000000000000e+00
-3.422947645187377930e+00 7.296908378601074219e+00 0.000000000000000000e+00
7.617728233337402344e+00 5.322738647460937500e+00 0.000000000000000000e+00
1.428338909149169922e+01 -1.520670533180236816e+00 0.000000000000000000e+00
1.287475967407226562e+01 2.175311803817749023e+00 0.000000000000000000e+00
1.636116790771484375e+01 -1.654704093933105469e+00 0.000000000000000000e+00
-4.664014816284179688e+00 1.289493918418884277e+00 0.000000000000000000e+00
-2.779700279235839844e+00 -4.458403110504150391e+00 0.000000000000000000e+00
-9.111451148986816406e+00 -9.131895065307617188e+00 0.000000000000000000e+00
1.008308792114257812e+01 -1.999815404415130615e-01 0.000000000000000000e+00
-1.482346153259277344e+01 -1.148257017135620117e+00 0.000000000000000000e+00
-1.265440845489501953e+01 -8.065547943115234375e+00 0.000000000000000000e+00
-1.523029422760009766e+01 4.886092185974121094e+00 0.000000000000000000e+00
3.777342081069946289e+00 -1.388004207611083984e+01 0.000000000000000000e+00
5.338978767395019531e+00 -1.503605842590332031e+01 0.000000000000000000e+00
1.462154388427734375e+01 -4.995416164398193359e+00 0.000000000000000000e+00
-8.204587936401367188e+00 2.472684383392333984e+00 0.000000000000000000e+00
9.911961555480957031e+00 5.380014419555664062e+00 0.000000000000000000e+00
-6.292409896850585938e+00 -3.301101922988891602e-01 0.000000000000000000e+00
-6.298313617706298828e+00 8.932939529418945312e+00 0.000000000000000000e+00
5.334694385528564453e+00 6.302275657653808594e+00 0.000000000000000000e+00
-1.384568214416503906e+01 7.646749496459960938e+00 0.000000000000000000e+00
6.703263759613037109e+00 -1.389506149291992188e+01 0.000000000000000000e+00
9.006995201110839844e+00 6.868548393249511719e+00 0.000000000000000000e+00
-1.667520165443420410e+00 -1.111737012863159180e+00 0.000000000000000000e+00
-1.300109577178955078e+01 -1.692939281463623047e+00 0.000000000000000000e+00
-2.700817584991455078e+00 -1.450351810455322266e+01 0.000000000000000000e+00
-1.137576389312744141e+01 1.141990947723388672e+01 0.000000000000000000e+00
2.823786735534667969e+00 5.940257549285888672e+00 0.000000000000000000e+00
-5.480104446411132812e+00 -1.888824105262756348e+00 0.000000000000000000e+00
-1.714197540283203125e+01 2.127820968627929688e+00 0.000000000000000000e+00
5.313311100006103516e+00 -8.324998855590820312e+00 0.000000000000000000e+00
1.158055591583251953e+01 6.404488563537597656e+00 0.000000000000000000e+00
1.393517589569091797e+01 6.781817078590393066e-01 0.000000000000000000e+00
6.310036659240722656e+00 7.877346992492675781e+00 0.000000000000000000e+00
-6.261214256286621094e+00 1.343885135650634766e+01 0.000000000000000000e+00
-1.343272113800048828e+01 2.100907564163208008e+00 0.000000000000000000e+00
-5.992214679718017578e+00 -8.338852882385253906e+00 0.000000000000000000e+00
-1.463162899017333984e+01 -7.759166240692138672e+00 0.000000000000000000e+00
-1.545485305786132812e+01 2.132170677185058594e+00 0.000000000000000000e+00
2.009426593780517578e+00 5.111768245697021484e-01 0.000000000000000000e+00
9.194194793701171875e+00 -4.187672615051269531e+00 0.000000000000000000e+00
1.816859006881713867e+00 3.313760995864868164e+00 0.000000000000000000e+00
1.970328927040100098e+00 -5.175920486450195312e+00 0.000000000000000000e+00
-2.167181015014648438e+00 -8.253731727600097656e+00 0.000000000000000000e+00
1.467693901062011719e+01 3.572844028472900391e+00 0.000000000000000000e+00
7.314016819000244141e+00 -6.436660289764404297e+00 0.000000000000000000e+00
5.430454730987548828e+00 -1.142936801910400391e+01 0.000000000000000000e+00
-8.523194313049316406e+00 1.231840705871582031e+01 0.000000000000000000e+00
5.284738540649414062e+00 3.770545244216918945e+00 0.000000000000000000e+00
-1.372899723052978516e+01 -3.146820306777954102e+00 0.000000000000000000e+00
-1.260271453857421875e+01 4.219819068908691406e+00 0.000000000000000000e+00
1.640753936767578125e+01 3.688612937927246094e+00 0.000000000000000000e+00
1.441223907470703125e+01 8.813188552856445312e+00 0.000000000000000000e+00
-7.982806682586669922e+00 -1.048643684387207031e+01 0.000000000000000000e+00
-6.256248474121093750e+00 5.120981693267822266e+00 0.000000000000000000e+00
-7.700239658355712891e+00 6.776771068572998047e+00 0.000000000000000000e+00
8.911867141723632812e+00 1.388984107971191406e+01 0.000000000000000000e+00
5.971337318420410156e+00 1.512767601013183594e+01 0.000000000000000000e+00
-1.064310550689697266e+01 -7.212750434875488281e+00 0.000000000000000000e+00
-4.748888969421386719e+00 6.302798748016357422e+00 0.000000000000000000e+00
1.578418731689453125e+00 1.524517822265625000e+01 0.000000000000000000e+00
-4.417637825012207031e+00 -4.999050140380859375e+00 0.000000000000000000e+00
-1.563044166564941406e+01 -6.098783969879150391e+00 0.000000000000000000e+00
-1.088618278503417969e+01 1.329238414764404297e+01 0.000000000000000000e+00
3.341335356235504150e-01 4.614730358123779297e+00 0.000000000000000000e+00
1.360617923736572266e+01 -8.833732604980468750e+00 0.000000000000000000e+00
3.062578201293945312e+00 -1.052215385437011719e+01 0.000000000000000000e+00
4.014211297035217285e-01 -1.335752582550048828e+01 0.000000000000000000e+00
1.680837154388427734e+00 8.276360511779785156e+00 0.000000000000000000e+00
-1.263871479034423828e+01 -4.298935413360595703e+00 0.000000000000000000e+00
1.098764896392822266e+01 3.731060504913330078e+00 0.000000000000000000e+00
1.586458206176757812e+01 -5.842949867248535156e+00 0.000000000000000000e+00
-1.141862106323242188e+01 3.202454328536987305e+00 0.000000000000000000e+00
-1.609457588195800781e+01 6.829467773437500000e+00 0.000000000000000000e+00
4.935266017913818359e+00 1.096914768218994141e+01 0.000000000000000000e+00
5.162979125976562500e+00 -1.297815513610839844e+01 0.000000000000000000e+00
9.921922683715820312e+00 -1.085854434967041016e+01 0.000000000000000000e+00
4.756554126739501953e+00 7.803351879119873047e+00 0.000000000000000000e+00
-2.160868167877197266e+00 -9.797875404357910156e+00 0.000000000000000000e+00
-7.604878425598144531e+00 -1.575395107269287109e+01 0.000000000000000000e+00
7.014586031436920166e-02 7.758262634277343750e+00 0.000000000000000000e+00
-9.573460578918457031e+00 1.084278011322021484e+01 0.000000000000000000e+00
3.348477840423583984e+00 2.162461757659912109e+00 0.000000000000000000e+00
3.610288619995117188e+00 -8.472019195556640625e+00 0.000000000000000000e+00
2.654095888137817383e+00 -1.355551719665527344e+00 0.000000000000000000e+00
-1.185134124755859375e+01 1.710067510604858398e+00 0.000000000000000000e+00
2.224062681198120117e+00 -1.663866043090820312e+01 0.000000000000000000e+00
3.257857799530029297e+00 1.377047252655029297e+01 0.000000000000000000e+00
-1.364313983917236328e+01 3.645413517951965332e-01 0.000000000000000000e+00
-8.240987777709960938e+00 -7.722118377685546875e+00 0.000000000000000000e+00
-1.403268456459045410e+00 1.162860012054443359e+01 0.000000000000000000e+00
3.209035992622375488e-01 -1.892275810241699219e+00 0.000000000000000000e+00
1.455632972717285156e+01 -6.840516567230224609e+00 0.000000000000000000e+00
1.276511573791503906e+01 -2.203300714492797852e+00 0.000000000000000000e+00
-1.988409280776977539e+00 9.970445632934570312e+00 0.000000000000000000e+00
1.993941664695739746e+00 -7.316138744354248047e+00 0.000000000000000000e+00
3.112063407897949219e+00 8.990802764892578125e+00 0.000000000000000000e+00
6.999432086944580078e+00 -1.181986904144287109e+01 0.000000000000000000e+00
-3.914383888244628906e+00 -1.037336254119873047e+01 0.000000000000000000e+00
-1.110329437255859375e+01 -1.057306194305419922e+01 0.000000000000000000e+00
-1.734747695922851562e+01 -4.939525127410888672e-01 0.000000000000000000e+00
2.327900081872940063e-01 -1.150850200653076172e+01 0.000000000000000000e+00
-4.424723625183105469e+00 3.186313629150390625e+00 0.000000000000000000e+00
-9.389822006225585938e+00 1.206929162144660950e-01 0.000000000000000000e+00
-8.851361274719238281e+00 -1.185053443908691406e+01 0.000000000000000000e+00
8.793589591979980469e+00 -2.599280357360839844e+00 0.000000000000000000e+00
8.697072029113769531e+00 1.070658779144287109e+01 0.000000000000000000e+00
-1.251929855346679688e+01 -1.184752750396728516e+01 0.000000000000000000e+00
-3.004177093505859375e+00 5.220263004302978516e+00 0.000000000000000000e+00
-6.555425643920898438e+00 3.168713808059692383e+00 0.000000000000000000e+00
1.235942268371582031e+01 -1.065281963348388672e+01 0.000000000000000000e+00
-5.582970142364501953e+00 -1.253312110900878906e+01 0.000000000000000000e+00
-1.463571929931640625e+01 -4.461462974548339844e+00 0.000000000000000000e+00
-2.021411657333374023e+00 -1.254166698455810547e+01 0.000000000000000000e+00
7.656972885131835938e+00 7.436267137527465820e-01 0.000000000000000000e+00
-1.412450408935546875e+01 -6.049374580383300781e+00 0.000000000000000000e+00
-6.005940437316894531e-01 -1.716418075561523438e+01 0.000000000000000000e+00
8.574933052062988281e+00 8.667068481445312500e+00 0.000000000000000000e+00
-5.876339912414550781e+00 1.094001197814941406e+01 0.000000000000000000e+00
-8.846264839172363281e+00 -1.671428799629211426e+00 0.000000000000000000e+00
-1.064616107940673828e+01 5.229448795318603516e+00 0.000000000000000000e+00
-7.651593208312988281e+00 9.606130599975585938e+00 0.000000000000000000e+00
-1.461972713470458984e+01 -9.321530342102050781e+00 0.000000000000000000e+00
6.824301719665527344e+00 -2.207952737808227539e+00 0.000000000000000000e+00
-5.507185459136962891e+00 1.633194923400878906e+01 0.000000000000000000e+00
3.784096956253051758e+00 4.268967151641845703e+00 0.000000000000000000e+00
1.471447277069091797e+01 5.849889755249023438e+00 0.000000000000000000e+00
2.242282867431640625e+00 -9.170979499816894531e+00 0.000000000000000000e+00
1.140688610076904297e+01 -3.539064884185791016e+00 0.000000000000000000e+00
7.018598556518554688e+00 -1.594418334960937500e+01 0.000000000000000000e+00
-1.942977666854858398e+00 1.408363342285156250e+01 0.000000000000000000e+00
8.889066696166992188e+00 4.177653789520263672e+00 0.000000000000000000e+00
-3.376222372055053711e+00 -1.679257512092590332e+00 0.000000000000000000e+00
-1.598073244094848633e+00 -3.083848476409912109e+00 0.000000000000000000e+00
-3.966486454010009766e+00 1.629033088684082031e+01 0.000000000000000000e+00
5.055410385131835938e+00 1.377883625030517578e+01 0.000000000000000000e+00
-6.317849636077880859e+00 -1.051832389831542969e+01 0.000000000000000000e+00
9.379246711730957031e+00 -6.185807228088378906e+00 0.000000000000000000e+00
-9.292148590087890625e+00 7.518850326538085938e+00 0.000000000000000000e+00
-5.849786281585693359e+00 -5.646842479705810547e+00 0.000000000000000000e+00
-8.749643325805664062e+00 4.757978916168212891e+00 0.000000000000000000e+00
2.179628372192382812e+00 -2.951164245605468750e+00 0.000000000000000000e+00
1.341843223571777344e+01 5.044224739074707031e+00 0.000000000000000000e+00
1.890159606933593750e+00 -1.402119827270507812e+01 0.000000000000000000e+00
-4.791466712951660156e+00 1.244110012054443359e+01 0.000000000000000000e+00
4.662643909454345703e+00 -1.617439746856689453e+00 0.000000000000000000e+00
-1.067404556274414062e+01 -1.381998062133789062e+01 0.000000000000000000e+00
3.597924470901489258e+00 -5.757951736450195312e+00 0.000000000000000000e+00
1.523257541656494141e+01 -1.019105538725852966e-01 0.000000000000000000e+00
6.412649154663085938e-01 -3.556444406509399414e+00 0.000000000000000000e+00
-7.183237075805664062e+00 -1.240936374664306641e+01 0.000000000000000000e+00
-1.103221893310546875e+01 -4.718787193298339844e+00 0.000000000000000000e+00
7.505239248275756836e-01 -6.368262290954589844e+00 0.000000000000000000e+00
-9.409853935241699219e+00 -3.505333662033081055e+00 0.000000000000000000e+00
1.153372573852539062e+01 -8.373572349548339844e+00 0.000000000000000000e+00
5.590963363647460938e+00 -3.327512741088867188e+00 0.000000000000000000e+00
1.221341419219970703e+01 7.923645973205566406e+00 0.000000000000000000e+00
9.435838699340820312e+00 -1.291675758361816406e+01 0.000000000000000000e+00
-5.297752857208251953e+00 1.473512649536132812e+01 0.000000000000000000e+00
-4.403268337249755859e+00 -8.813816070556640625e+00 0.000000000000000000e+00
1.833145856857299805e+00 -1.236144161224365234e+01 0.000000000000000000e+00
1.334326744079589844e+01 6.597350597381591797e+00 0.000000000000000000e+00
-4.526817321777343750e+00 -1.600343322753906250e+01 0.000000000000000000e+00
3.925855159759521484e+00 -1.558857536315917969e+01 0.000000000000000000e+00
-9.995141029357910156e+00 9.115109443664550781e+00 0.000000000000000000e+00
-9.647447586059570312e+00 1.419343662261962891e+01 0.000000000000000000e+00
-1.443662166595458984e+01 9.574503898620605469e+00 0.000000000000000000e+00
-7.345368862152099609e+00 -1.422123527526855469e+01 0.000000000000000000e+00
1.695877265930175781e+01 -1.542401313781738281e-01 0.000000000000000000e+00
-4.299535274505615234e+00 -2.925548791885375977e+00 0.000000000000000000e+00
7.579433917999267578e-01 1.213463497161865234e+01 0.000000000000000000e+00
-1.705131340026855469e+01 -3.193156242370605469e+00 0.000000000000000000e+00
-7.364493012428283691e-01 -9.279454231262207031e+00 0.000000000000000000e+00
7.158322334289550781e+00 3.740494012832641602e+00 0.000000000000000000e+00
-1.172321319580078125e+01 -3.072374105453491211e+00 0.000000000000000000e+00
-1.077766799926757812e+01 -8.924992561340332031e+00 0.000000000000000000e+00
-5.034748554229736328e+00 7.864883899688720703e+00 0.000000000000000000e+00
-6.811498641967773438e+00 1.375310063362121582e+00 0.000000000000000000e+00
-4.193258285522460938e+00 -1.408971405029296875e+01 0.000000000000000000e+00
-1.223134422302246094e+01 5.925732612609863281e+00 0.000000000000000000e+00
-4.678566932678222656e+00 -6.710228443145751953e+00 0.000000000000000000e+00
-1.207555866241455078e+01 9.044119834899902344e+00 0.000000000000000000e+00
-7.862706780433654785e-01 -1.431330490112304688e+01 0.000000000000000000e+00
-7.800147533416748047e+00 -5.974206447601318359e+00 0.000000000000000000e+00
7.581044197082519531e+00 1.485300827026367188e+01 0.000000000000000000e+00
3.424924135208129883e+00 -1.221033954620361328e+01 0.000000000000000000e+00
4.270537376403808594e+00 1.588247203826904297e+01 0.000000000000000000e+00
3.912945508956909180e+00 7.092100977897644043e-01 0.000000000000000000e+00
1.054233551025390625e+01 -5.138749599456787109e+00 0.000000000000000000e+00
1.571873188018798828e+01 7.547143459320068359e+00 0.000000000000000000e+00
8.622704505920410156e+00 -9.878266334533691406e+00 0.000000000000000000e+00
1.105809497833251953e+01 -1.948575258255004883e+00 0.000000000000000000e+00
-1.709756088256835938e+01 3.710390567779541016e+00 0.000000000000000000e+00
-7.879195213317871094e-01 1.693872642517089844e+01 0.000000000000000000e+00
8.149582862854003906e+00 1.219233226776123047e+01 0.000000000000000000e+00
1.234201145172119141e+01 1.216956233978271484e+01 0.000000000000000000e+00
