1.097280974718031565e+01 7.210832945131080862e+00 -8.097955382257993051e-05
1.290201619516773590e+01 2.435501202217647432e+00 -2.865074791655874975e-04
4.269113766141566124e+00 1.005520438251381776e+01 -2.767248624540030733e-04
6.197447019159197268e+00 5.281363090266364857e+00 -3.554234973166536804e-04
8.126654459977178391e+00 5.060312519332051950e-01 -5.608793231110520416e-04
1.005586090802238886e+01 -4.269300490985782126e+00 -7.664072442579161759e-04
-2.436448199856365626e+00 1.290176476709870457e+01 3.799415080187884541e-04
-5.061293338021856103e-01 8.127129559310549922e+00 -3.522405120430782688e-04
1.423077114185234748e+00 3.351797816397117380e+00 -5.577684373867519696e-04
3.352284588003220378e+00 -1.422930943837190654e+00 3.445786756928193029e-05
5.280498213001273200e+00 -6.198167267751645504e+00 -2.431690570019462427e-04
7.210697484035850202e+00 -1.097359442966961041e+01 -3.765979789216444829e-04
-7.210698509810725909e+00 1.097299144735926824e+01 -4.211565301952546747e-04
-5.281492061823304773e+00 6.197659704445834805e+00 -6.266844555380401971e-04
-3.352284588005319588e+00 1.422930944211526993e+00 -3.445815058200629721e-05
-1.423078140015799686e+00 -3.352400799076242777e+00 -2.399857929125115419e-04
5.061283409715952031e-01 -8.127129464452483631e+00 3.521676695950048952e-04
2.435454383978618687e+00 -1.290166925323610414e+01 -4.521133538917254668e-04
-1.005586193385295246e+01 4.268697508306656729e+00 -3.134698604156938018e-05
-8.127647316024338764e+00 -5.065389110275252404e-01 -3.089018110637442582e-04
-6.198440835036944208e+00 -5.281267576403765318e+00 2.832516514437166677e-04
-4.269114792029920835e+00 -1.005580736518738760e+01 -5.210293720425696051e-04
-1.290201722099830306e+01 -2.436104184896773273e+00 -5.112467511336760140e-04
-1.097281074001090850e+01 -7.210832850273014571e+00 8.090671137450655692e-05
