-1.398847818374633789e+00 1.636145210266113281e+01 0.000000000000000000e+00
7.477245926856994629e-01 -1.594042968750000000e+01 0.000000000000000000e+00
1.662883567810058594e+01 3.658049181103706360e-02 0.000000000000000000e+00
9.902415275573730469e+00 1.952093243598937988e+00 0.000000000000000000e+00
1.187772274017333984e+01 1.204689025878906250e+01 0.000000000000000000e+00
9.965253829956054688e+00 -1.370910882949829102e+00 0.000000000000000000e+00
-1.432359218597412109e+01 -1.729871988296508789e+00 0.000000000000000000e+00
-9.080536365509033203e-01 -5.922137737274169922e+00 0.000000000000000000e+00
-1.514639949798583984e+01 3.942848205566406250e+00 0.000000000000000000e+00
7.601207256317138672e+00 -4.293814182281494141e+00 0.000000000000000000e+00
1.992596387863159180e+00 -2.844000458717346191e-01 0.000000000000000000e+00
1.365841865539550781e+01 -6.332906246185302734e+00 0.000000000000000000e+00
-3.781995534896850586e+00 -1.162328433990478516e+01 0.000000000000000000e+00
1.197422790527343750e+01 1.800171732902526855e+00 0.000000000000000000e+00
-5.617413520812988281e+00 -1.264075660705566406e+01 0.000000000000000000e+00
-1.382928371429443359e+01 5.833537578582763672e+00 0.000000000000000000e+00
3.828808069229125977e+00 -6.116219997406005859e+00 0.000000000000000000e+00
-1.058141827583312988e+00 -3.927000761032104492e+00 0.000000000000000000e+00
4.723397731781005859e+00 -9.647599220275878906e+00 0.000000000000000000e+00
-6.348236083984375000e+00 6.565721988677978516e+00 0.000000000000000000e+00
-1.136980342864990234e+01 2.685643196105957031e+00 0.000000000000000000e+00
1.437206459045410156e+01 9.761884689331054688e+00 0.000000000000000000e+00
9.238706588745117188e+00 1.045551490783691406e+01 0.000000000000000000e+00
1.523601722717285156e+01 3.038319587707519531e+00 0.000000000000000000e+00
-1.307084465026855469e+01 -4.927755355834960938e+00 0.000000000000000000e+00
-1.465886235237121582e+00 -1.261059570312500000e+01 0.000000000000000000e+00
-1.706239318847656250e+01 -3.806685447692871094e+00 0.000000000000000000e+00
-2.631253957748413086e+00 5.892611980438232422e+00 0.000000000000000000e+00
-1.046394062042236328e+01 5.401422500610351562e+00 0.000000000000000000e+00
-1.172638034820556641e+01 -1.230134725570678711e+00 0.000000000000000000e+00
1.385596942901611328e+01 -3.640457868576049805e+00 0.000000000000000000e+00
7.923784852027893066e-01 6.796415805816650391e+00 0.000000000000000000e+00
4.467422962188720703e+00 7.958289623260498047e+00 0.000000000000000000e+00
6.827992439270019531e+00 -6.602103710174560547e+00 0.000000000000000000e+00
-1.022195816040039062e+01 -3.264643549919128418e-01 0.000000000000000000e+00
-1.453973865509033203e+01 -4.001979827880859375e+00 0.000000000000000000e+00
1.011693286895751953e+01 -1.371695899963378906e+01 0.000000000000000000e+00
1.163623523712158203e+01 5.927312374114990234e+00 0.000000000000000000e+00
7.051400661468505859e+00 -1.247435188293457031e+01 0.000000000000000000e+00
1.175475358963012695e+00 -1.264410686492919922e+01 0.000000000000000000e+00
1.436520481109619141e+01 5.540775656700134277e-01 0.000000000000000000e+00
5.588990688323974609e+00 -1.006724476814270020e+00 0.000000000000000000e+00
-9.393263816833496094e+00 -1.392221164703369141e+01 0.000000000000000000e+00
-1.234678077697753906e+01 -1.178043651580810547e+01 0.000000000000000000e+00
-8.113853454589843750e+00 7.398623824119567871e-01 0.000000000000000000e+00
1.117609858512878418e+00 -7.534717082977294922e+00 0.000000000000000000e+00
1.698392295837402344e+01 -1.712746858596801758e+00 0.000000000000000000e+00
5.586247920989990234e+00 1.166054534912109375e+01 0.000000000000000000e+00
1.085515379905700684e+00 1.219265079498291016e+01 0.000000000000000000e+00
1.268194198608398438e+01 -2.115079879760742188e+00 0.000000000000000000e+00
4.792414903640747070e-01 9.387986183166503906e+00 0.000000000000000000e+00
-6.793226718902587891e+00 2.289125919342041016e+00 0.000000000000000000e+00
5.238269567489624023e-01 -4.638370513916015625e+00 0.000000000000000000e+00
4.016439437866210938e+00 -1.686634254455566406e+01 0.000000000000000000e+00
9.991374969482421875e+00 8.638747215270996094e+00 0.000000000000000000e+00
2.477595329284667969e+00 1.478881454467773438e+01 0.000000000000000000e+00
-1.678527832031250000e+01 4.511836528778076172e+00 0.000000000000000000e+00
-4.278405189514160156e+00 -3.301215410232543945e+00 0.000000000000000000e+00
4.136790752410888672e+00 2.146566867828369141e+00 0.000000000000000000e+00
-1.266867160797119141e+01 3.934749364852905273e+00 0.000000000000000000e+00
2.230033427476882935e-01 3.046038866043090820e+00 0.000000000000000000e+00
-7.615177154541015625e+00 -6.930618762969970703e+00 0.000000000000000000e+00
-6.894604563713073730e-01 4.650433540344238281e+00 0.000000000000000000e+00
5.468480587005615234e+00 -8.292990684509277344e+00 0.000000000000000000e+00
-8.481389045715332031e+00 -2.207085609436035156e+00 0.000000000000000000e+00
-5.701536178588867188e+00 4.180131912231445312e+00 0.000000000000000000e+00
1.047063541412353516e+01 -8.460345268249511719e+00 0.000000000000000000e+00
-1.108316516876220703e+01 9.957314491271972656e+00 0.000000000000000000e+00
1.403595829010009766e+01 5.605914592742919922e+00 0.000000000000000000e+00
5.904840946197509766e+00 6.547030925750732422e+00 0.000000000000000000e+00
-1.499004173278808594e+01 5.553984642028808594e-01 0.000000000000000000e+00
-4.971344470977783203e+00 1.622883987426757812e+01 0.000000000000000000e+00
-1.560621643066406250e+01 -7.647414684295654297e+00 0.000000000000000000e+00
2.527096271514892578e+00 -9.033242225646972656e+00 0.000000000000000000e+00
-8.242530822753906250e+00 4.728529453277587891e+00 0.000000000000000000e+00
-5.917323589324951172e+00 1.268637275695800781e+01 0.000000000000000000e+00
4.552332401275634766e+00 1.654863166809082031e+01 0.000000000000000000e+00
-1.316528129577636719e+01 -7.056565284729003906e-01 0.000000000000000000e+00
-3.399703741073608398e+00 -7.754290580749511719e+00 0.000000000000000000e+00
1.016784763336181641e+01 -3.911144256591796875e+00 0.000000000000000000e+00
1.554464721679687500e+01 6.062741279602050781e+00 0.000000000000000000e+00
3.105801939964294434e-01 -9.179992675781250000e+00 0.000000000000000000e+00
-2.404048681259155273e+00 1.238005733489990234e+01 0.000000000000000000e+00
-3.247928142547607422e+00 1.657802772521972656e+01 0.000000000000000000e+00
-2.512823104858398438e+00 -5.460137367248535156e+00 0.000000000000000000e+00
-1.918251872062683105e+00 1.415929698944091797e+01 0.000000000000000000e+00
-1.525799036026000977e+00 2.470008373260498047e+00 0.000000000000000000e+00
1.247495365142822266e+01 -1.106013965606689453e+01 0.000000000000000000e+00
1.400487518310546875e+01 -1.351987838745117188e+00 0.000000000000000000e+00
5.306043148040771484e+00 -1.180630970001220703e+01 0.000000000000000000e+00
-7.371606349945068359e+00 -1.544034099578857422e+01 0.000000000000000000e+00
-7.768119335174560547e+00 -4.479371547698974609e+00 0.000000000000000000e+00
5.389517784118652344e+00 1.381478691101074219e+01 0.000000000000000000e+00
1.177281379699707031e+01 -5.173470973968505859e+00 0.000000000000000000e+00
8.453624725341796875e+00 -1.586520791053771973e+00 0.000000000000000000e+00
-3.899946451187133789e+00 9.024972915649414062e+00 0.000000000000000000e+00
-5.122375011444091797e+00 -8.068621635437011719e+00 0.000000000000000000e+00
2.070809602737426758e+00 -6.046560287475585938e+00 0.000000000000000000e+00
1.162064170837402344e+01 4.401119232177734375e+00 0.000000000000000000e+00
-1.101753997802734375e+01 -8.811348915100097656e+00 0.000000000000000000e+00
6.075230121612548828e+00 3.327883720397949219e+00 0.000000000000000000e+00
-1.339206981658935547e+01 8.762413024902343750e+00 0.000000000000000000e+00
-2.900004982948303223e-01 -1.088100528717041016e+01 0.000000000000000000e+00
4.428711414337158203e+00 -4.055734634399414062e+00 0.000000000000000000e+00
-4.518986701965332031e+00 5.882766723632812500e+00 0.000000000000000000e+00
2.656797409057617188e+00 7.136412620544433594e+00 0.000000000000000000e+00
-9.221773147583007812e+00 1.093159770965576172e+01 0.000000000000000000e+00
-7.729527950286865234e+00 -9.567149162292480469e+00 0.000000000000000000e+00
-4.033858299255371094e+00 -1.421116924285888672e+01 0.000000000000000000e+00
-1.301965236663818359e+01 -9.167234420776367188e+00 0.000000000000000000e+00
1.375083160400390625e+01 -8.234963417053222656e+00 0.000000000000000000e+00
-6.339747428894042969e+00 -2.596459150314331055e+00 0.000000000000000000e+00
2.495103120803833008e+00 2.042747497558593750e+00 0.000000000000000000e+00
-1.597177028656005859e+01 -1.290556907653808594e+00 0.000000000000000000e+00
1.889732837677001953e+00 -1.060757637023925781e+01 0.000000000000000000e+00
-1.343586921691894531e+01 -1.063172531127929688e+01 0.000000000000000000e+00
3.241041898727416992e+00 4.215923786163330078e+00 0.000000000000000000e+00
2.943439185619354248e-01 1.517215919494628906e+01 0.000000000000000000e+00
-2.226896047592163086e+00 -1.396163749694824219e+01 0.000000000000000000e+00
-7.998104095458984375e+00 -1.190835762023925781e+01 0.000000000000000000e+00
8.206117630004882812e+00 -1.406651592254638672e+01 0.000000000000000000e+00
-5.229020118713378906e+00 1.406654453277587891e+01 0.000000000000000000e+00
-9.467636108398437500e+00 -4.738017082214355469e+00 0.000000000000000000e+00
-1.539057135581970215e+00 9.611260414123535156e+00 0.000000000000000000e+00
3.127527952194213867e+00 -1.365175008773803711e+00 0.000000000000000000e+00
-1.648201751708984375e+01 2.476552009582519531e+00 0.000000000000000000e+00
3.363570213317871094e+00 5.772899627685546875e+00 0.000000000000000000e+00
9.158194541931152344e+00 -1.233560657501220703e+01 0.000000000000000000e+00
-9.955494880676269531e+00 1.379409885406494141e+01 0.000000000000000000e+00
1.187618350982666016e+01 -3.958831429481506348e-01 0.000000000000000000e+00
1.068741798400878906e+01 -1.137048721313476562e+01 0.000000000000000000e+00
8.226217269897460938e+00 1.223634910583496094e+01 0.000000000000000000e+00
-1.269307231903076172e+01 1.408487796783447266e+00 0.000000000000000000e+00
6.928408145904541016e+00 1.391114807128906250e+01 0.000000000000000000e+00
-3.240919828414916992e+00 -7.195252776145935059e-01 0.000000000000000000e+00
-1.233852195739746094e+01 -6.528976440429687500e+00 0.000000000000000000e+00
5.944993495941162109e+00 -3.240018606185913086e+00 0.000000000000000000e+00
1.699912643432617188e+01 3.069267034530639648e+00 0.000000000000000000e+00
1.112198543548583984e+01 -2.346680164337158203e+00 0.000000000000000000e+00
-9.082334518432617188e+00 8.484129905700683594e+00 0.000000000000000000e+00
2.329360485076904297e+00 -2.741813659667968750e+00 0.000000000000000000e+00
6.552238464355468750e+00 1.072026968002319336e+00 0.000000000000000000e+00
-1.258038330078125000e+01 -2.553836822509765625e+00 0.000000000000000000e+00
6.839154243469238281e+00 1.554141235351562500e+01 0.000000000000000000e+00
-3.782987833023071289e+00 -6.294587135314941406e+00 0.000000000000000000e+00
9.432961791753768921e-02 1.129238486289978027e+00 0.000000000000000000e+00
3.407349824905395508e+00 -1.133159446716308594e+01 0.000000000000000000e+00
1.603373718261718750e+01 -6.937579631805419922e+00 0.000000000000000000e+00
2.732203483581542969e+00 9.069469451904296875e+00 0.000000000000000000e+00
-6.014932632446289062e+00 9.963920593261718750e+00 0.000000000000000000e+00
7.391191959381103516e+00 -1.561281108856201172e+01 0.000000000000000000e+00
-6.517493128776550293e-01 -1.831460118293762207e+00 0.000000000000000000e+00
-1.310350537300109863e+00 -8.301067352294921875e+00 0.000000000000000000e+00
-3.958782196044921875e+00 1.211238098144531250e+01 0.000000000000000000e+00
3.638701915740966797e+00 1.249435520172119141e+01 0.000000000000000000e+00
-7.947295665740966797e+00 1.235602569580078125e+01 0.000000000000000000e+00
-1.528854751586914062e+01 -5.367097854614257812e+00 0.000000000000000000e+00
-4.103787422180175781e+00 -9.276957511901855469e+00 0.000000000000000000e+00
-3.809396743774414062e+00 -1.635379409790039062e+01 0.000000000000000000e+00
8.260507583618164062e+00 -1.096454811096191406e+01 0.000000000000000000e+00
5.737970829010009766e+00 -5.327299594879150391e+00 0.000000000000000000e+00
1.337857127189636230e+00 1.738133811950683594e+01 0.000000000000000000e+00
-1.546538639068603516e+01 7.679741382598876953e+00 0.000000000000000000e+00
-7.510742187500000000e+00 1.515029525756835938e+01 0.000000000000000000e+00
-5.228473663330078125e+00 -1.080500316619873047e+01 0.000000000000000000e+00
-1.490291213989257812e+01 -9.041686058044433594e+00 0.000000000000000000e+00
1.515362453460693359e+01 -5.355874538421630859e+00 0.000000000000000000e+00
1.002274799346923828e+01 1.356929111480712891e+01 0.000000000000000000e+00
-1.019769191741943359e+00 7.987533092498779297e+00 0.000000000000000000e+00
7.415028572082519531e+00 8.383549690246582031e+00 0.000000000000000000e+00
4.878272056579589844e+00 -1.506231594085693359e+01 0.000000000000000000e+00
-1.186384105682373047e+01 -3.916286706924438477e+00 0.000000000000000000e+00
-9.924749374389648438e+00 1.793144941329956055e+00 0.000000000000000000e+00
1.324595832824707031e+01 3.744108915328979492e+00 0.000000000000000000e+00
1.120327186584472656e+01 -7.006891727447509766e+00 0.000000000000000000e+00
-4.422436237335205078e+00 1.806812644004821777e+00 0.000000000000000000e+00
2.611294507980346680e+00 1.080630874633789062e+01 0.000000000000000000e+00
-2.427060842514038086e+00 -2.993949651718139648e+00 0.000000000000000000e+00
5.139096260070800781e+00 -1.356938076019287109e+01 0.000000000000000000e+00
9.468911170959472656e+00 3.673222303390502930e+00 0.000000000000000000e+00
5.474996566772460938e+00 -1.651194190979003906e+01 0.000000000000000000e+00
-1.125227355957031250e+01 8.403967857360839844e+00 0.000000000000000000e+00
9.687292098999023438e+00 -6.114381313323974609e+00 0.000000000000000000e+00
3.356283187866210938e+00 6.097794175148010254e-01 0.000000000000000000e+00
4.886178970336914062e+00 4.372241020202636719e+00 0.000000000000000000e+00
-1.040353584289550781e+01 -1.174553203582763672e+01 0.000000000000000000e+00
1.383239459991455078e+01 2.114195823669433594e+00 0.000000000000000000e+00
8.873817443847656250e+00 7.178392887115478516e+00 0.000000000000000000e+00
8.372128486633300781e+00 -7.776956081390380859e+00 0.000000000000000000e+00
-1.218083286285400391e+01 6.479188919067382812e+00 0.000000000000000000e+00
-5.369641780853271484e+00 2.028778344392776489e-01 0.000000000000000000e+00
4.974889755249023438e-01 -6.196808218955993652e-01 0.000000000000000000e+00
6.637580871582031250e+00 -9.312754631042480469e+00 0.000000000000000000e+00
-8.287461280822753906e+00 6.680868625640869141e+00 0.000000000000000000e+00
-7.295137405395507812e+00 8.139775276184082031e+00 0.000000000000000000e+00
1.261638259887695312e+01 1.068985748291015625e+01 0.000000000000000000e+00
-3.492165565490722656e+00 1.433118152618408203e+01 0.000000000000000000e+00
-8.498518943786621094e+00 2.426873922348022461e+00 0.000000000000000000e+00
-1.028869247436523438e+01 -2.004839181900024414e+00 0.000000000000000000e+00
7.232833862304687500e+00 4.502445220947265625e+00 0.000000000000000000e+00
-9.241008758544921875e+00 -8.653053283691406250e+00 0.000000000000000000e+00
-9.296995162963867188e+00 -6.638749599456787109e+00 0.000000000000000000e+00
-1.708578491210937500e+01 7.698113918304443359e-01 0.000000000000000000e+00
-1.750919580459594727e+00 -1.687954521179199219e+01 0.000000000000000000e+00
2.695675373077392578e+00 -1.567207527160644531e+01 0.000000000000000000e+00
2.840418577194213867e+00 -1.332638549804687500e+01 0.000000000000000000e+00
3.918877840042114258e+00 1.436517906188964844e+01 0.000000000000000000e+00
-2.815855264663696289e+00 7.603839874267578125e+00 0.000000000000000000e+00
9.144549369812011719e+00 1.243475675582885742e-01 0.000000000000000000e+00
-9.527121782302856445e-01 -1.524817943572998047e+01 0.000000000000000000e+00
7.402263641357421875e+00 2.425647735595703125e+00 0.000000000000000000e+00
-1.212426567077636719e+01 1.117281436920166016e+01 0.000000000000000000e+00
-1.901974380016326904e-01 1.731675720214843750e+01 0.000000000000000000e+00
1.668063545227050781e+01 -3.254408121109008789e+00 0.000000000000000000e+00
1.166140937805175781e+01 -9.734768867492675781e+00 0.000000000000000000e+00
-1.191475200653076172e+01 -1.025964450836181641e+01 0.000000000000000000e+00
-5.915362834930419922e+00 -5.848982334136962891e+00 0.000000000000000000e+00
-7.343740940093994141e+00 -1.380993652343750000e+01 0.000000000000000000e+00
9.912220001220703125e+00 5.221214294433593750e+00 0.000000000000000000e+00
1.369727993011474609e+01 7.714357852935791016e+00 0.000000000000000000e+00
1.210491085052490234e+01 7.447048664093017578e+00 0.000000000000000000e+00
8.984971046447753906e+00 1.495623493194580078e+01 0.000000000000000000e+00
-9.322873115539550781e+00 -1.040195941925048828e+01 0.000000000000000000e+00
-4.953998565673828125e+00 7.707754611968994141e+00 0.000000000000000000e+00
-3.902899324893951416e-01 1.255429649353027344e+01 0.000000000000000000e+00
1.417848396301269531e+01 -1.003789806365966797e+01 0.000000000000000000e+00
1.075940322875976562e+01 1.010128784179687500e+01 0.000000000000000000e+00
-3.672691345214843750e+00 3.271819829940795898e+00 0.000000000000000000e+00
4.567110061645507812e+00 1.046555137634277344e+01 0.000000000000000000e+00
9.998941421508789062e+00 -9.969986915588378906e+00 0.000000000000000000e+00
-1.040789985656738281e+01 1.198099136352539062e+01 0.000000000000000000e+00
-5.059259414672851562e+00 -1.731046557426452637e+00 0.000000000000000000e+00
-1.121191692352294922e+01 -5.507113456726074219e+00 0.000000000000000000e+00
1.941151618957519531e+00 -1.728837013244628906e+01 0.000000000000000000e+00
-1.379827880859375000e+01 2.598570823669433594e+00 0.000000000000000000e+00
-1.006409549713134766e+01 7.115910053253173828e+00 0.000000000000000000e+00
1.022889232635498047e+01 1.167391586303710938e+01 0.000000000000000000e+00
7.029787540435791016e+00 9.835063934326171875e+00 0.000000000000000000e+00
-1.404296875000000000e+01 -6.436255455017089844e+00 0.000000000000000000e+00
1.217408180236816406e+01 -3.692743301391601562e+00 0.000000000000000000e+00
-1.577110862731933594e+01 5.985899925231933594e+00 0.000000000000000000e+00
2.575142145156860352e+00 -4.484828948974609375e+00 0.000000000000000000e+00
4.884336471557617188e+00 3.733628392219543457e-01 0.000000000000000000e+00
-2.228704452514648438e+00 9.079244136810302734e-01 0.000000000000000000e+00
-1.392904472351074219e+01 1.046826648712158203e+01 0.000000000000000000e+00
-5.827558040618896484e+00 -1.620779228210449219e+01 0.000000000000000000e+00
-2.482651233673095703e+00 -9.592446327209472656e+00 0.000000000000000000e+00
6.583375453948974609e+00 -1.412692165374755859e+01 0.000000000000000000e+00
7.843460559844970703e+00 5.918358325958251953e+00 0.000000000000000000e+00
1.741303634643554688e+01 1.600943803787231445e+00 0.000000000000000000e+00
1.136133313179016113e+00 4.839456558227539062e+00 0.000000000000000000e+00
-1.545786476135253906e+01 -2.774226903915405273e+00 0.000000000000000000e+00
-2.215842485427856445e+00 4.152527332305908203e+00 0.000000000000000000e+00
1.293506145477294922e+01 9.168113708496093750e+00 0.000000000000000000e+00
-6.739179611206054688e+00 -4.798366427421569824e-01 0.000000000000000000e+00
7.295649051666259766e+00 -2.751139700412750244e-01 0.000000000000000000e+00
