7.679181575775146484e+00 7.917487621307373047e+00 0.000000000000000000e+00
-1.049069023132324219e+01 6.328881740570068359e+00 0.000000000000000000e+00
-1.423225021362304688e+01 -9.164179801940917969e+00 0.000000000000000000e+00
-1.241870403289794922e+01 -1.013560390472412109e+01 0.000000000000000000e+00
9.012063026428222656e+00 1.971053004264831543e+00 0.000000000000000000e+00
-7.526718616485595703e+00 -9.664426803588867188e+00 0.000000000000000000e+00
1.598674774169921875e+01 -5.597182750701904297e+00 0.000000000000000000e+00
-3.259504079818725586e+00 1.681810379028320312e+01 0.000000000000000000e+00
1.618544006347656250e+01 6.288586139678955078e+00 0.000000000000000000e+00
-5.308068990707397461e-01 -2.087474822998046875e+00 0.000000000000000000e+00
9.955867767333984375e+00 5.107438564300537109e-01 0.000000000000000000e+00
1.029817390441894531e+01 -6.134143352508544922e+00 0.000000000000000000e+00
5.090793132781982422e+00 1.367779636383056641e+01 0.000000000000000000e+00
3.188505887985229492e+00 -9.544939994812011719e+00 0.000000000000000000e+00
1.384619331359863281e+01 1.029783058166503906e+01 0.000000000000000000e+00
1.351275157928466797e+01 -5.912331581115722656e+00 0.000000000000000000e+00
-3.494836091995239258e+00 -1.868793845176696777e+00 0.000000000000000000e+00
-1.588077396154403687e-01 3.719333410263061523e+00 0.000000000000000000e+00
1.201579380035400391e+01 3.305615484714508057e-01 0.000000000000000000e+00
4.322949409484863281e+00 -1.271466255187988281e+01 0.000000000000000000e+00
1.138907241821289062e+01 -7.423395633697509766e+00 0.000000000000000000e+00
7.152038097381591797e+00 -5.811517715454101562e+00 0.000000000000000000e+00
4.515210092067718506e-01 7.631078720092773438e+00 0.000000000000000000e+00
1.231947994232177734e+01 -1.473434329032897949e+00 0.000000000000000000e+00
2.501735210418701172e+00 -1.437390708923339844e+01 0.000000000000000000e+00
2.694299936294555664e+00 2.819022417068481445e+00 0.000000000000000000e+00
-8.619538307189941406e+00 -7.782340526580810547e+00 0.000000000000000000e+00
5.701339244842529297e+00 -4.784193992614746094e+00 0.000000000000000000e+00
-4.784577369689941406e+00 -1.158148479461669922e+01 0.000000000000000000e+00
1.221195220947265625e+01 9.125334739685058594e+00 0.000000000000000000e+00
-6.633358955383300781e+00 -2.636798381805419922e+00 0.000000000000000000e+00
9.122547149658203125e+00 -1.002650356292724609e+01 0.000000000000000000e+00
-4.926692843437194824e-01 1.392043399810791016e+01 0.000000000000000000e+00
2.980964422225952148e+00 1.192810344696044922e+01 0.000000000000000000e+00
4.571403980255126953e+00 -1.410913348197937012e+00 0.000000000000000000e+00
-1.284851932525634766e+01 9.040422439575195312e+00 0.000000000000000000e+00
-1.471973896026611328e+01 8.548576354980468750e+00 0.000000000000000000e+00
-6.030088901519775391e+00 1.570149707794189453e+01 0.000000000000000000e+00
-2.802501678466796875e+00 7.546388506889343262e-01 0.000000000000000000e+00
6.553835868835449219e+00 1.933399081230163574e+00 0.000000000000000000e+00
1.283399391174316406e+01 6.234577178955078125e+00 0.000000000000000000e+00
-3.995812237262725830e-01 5.644001960754394531e+00 0.000000000000000000e+00
1.178054523468017578e+01 1.957553148269653320e+00 0.000000000000000000e+00
-1.585582137107849121e+00 -4.928377628326416016e+00 0.000000000000000000e+00
-6.112942695617675781e+00 3.148664951324462891e+00 0.000000000000000000e+00
-1.692661285400390625e+01 -8.205437064170837402e-01 0.000000000000000000e+00
-1.489138412475585938e+01 -2.994492530822753906e+00 0.000000000000000000e+00
-6.592983603477478027e-01 -1.138682651519775391e+01 0.000000000000000000e+00
7.806529045104980469e+00 5.549982547760009766e+00 0.000000000000000000e+00
-6.095249176025390625e+00 -5.944204807281494141e+00 0.000000000000000000e+00
1.383402705192565918e+00 1.462709140777587891e+01 0.000000000000000000e+00
-4.190483570098876953e+00 1.638640999794006348e+00 0.000000000000000000e+00
-1.871550559997558594e+00 -6.942979812622070312e+00 0.000000000000000000e+00
1.016247463226318359e+01 -1.908245682716369629e+00 0.000000000000000000e+00
-1.726766943931579590e+00 1.047164440155029297e+01 0.000000000000000000e+00
8.768324851989746094e+00 -6.872777462005615234e+00 0.000000000000000000e+00
1.244945898652076721e-01 -7.563436985015869141e+00 0.000000000000000000e+00
-1.279144954681396484e+01 1.613008499145507812e+00 0.000000000000000000e+00
-8.995368957519531250e+00 -7.660492062568664551e-01 0.000000000000000000e+00
-9.674570083618164062e+00 -1.319547748565673828e+01 0.000000000000000000e+00
1.322709846496582031e+01 3.517046689987182617e+00 0.000000000000000000e+00
1.435996055603027344e+01 -1.638838887214660645e+00 0.000000000000000000e+00
-4.149779319763183594e+00 5.093454360961914062e+00 0.000000000000000000e+00
1.363686680793762207e+00 4.635289013385772705e-01 0.000000000000000000e+00
1.612701988220214844e+01 -9.707852005958557129e-01 0.000000000000000000e+00
-1.039861297607421875e+01 1.284512424468994141e+01 0.000000000000000000e+00
-7.060229301452636719e+00 -1.146884560585021973e+00 0.000000000000000000e+00
8.390224456787109375e+00 -1.415745854377746582e+00 0.000000000000000000e+00
7.412580966949462891e+00 1.170068264007568359e+01 0.000000000000000000e+00
3.845249414443969727e+00 -1.120575141906738281e+01 0.000000000000000000e+00
4.191973686218261719e+00 4.058488905429840088e-01 0.000000000000000000e+00
-1.184582471847534180e+00 -9.530339241027832031e+00 0.000000000000000000e+00
-1.267485046386718750e+01 -4.662257194519042969e+00 0.000000000000000000e+00
1.396145725250244141e+01 8.270634651184082031e+00 0.000000000000000000e+00
-8.880723953247070312e+00 -4.723282337188720703e+00 0.000000000000000000e+00
-1.210774040222167969e+01 -8.236725807189941406e+00 0.000000000000000000e+00
-3.953643560409545898e+00 1.125364780426025391e+01 0.000000000000000000e+00
1.084355926513671875e+01 -1.332895565032958984e+01 0.000000000000000000e+00
1.634518623352050781e+01 -3.941432714462280273e+00 0.000000000000000000e+00
-4.901675581932067871e-01 -1.438703250885009766e+01 0.000000000000000000e+00
9.412629127502441406e+00 8.556710243225097656e+00 0.000000000000000000e+00
-1.574790477752685547e-01 8.360022902488708496e-01 0.000000000000000000e+00
5.688584327697753906e+00 -8.323122024536132812e+00 0.000000000000000000e+00
-1.899927496910095215e+00 -1.304543304443359375e+01 0.000000000000000000e+00
9.353876113891601562e+00 -1.387267589569091797e+01 0.000000000000000000e+00
-3.293660402297973633e+00 9.451849937438964844e+00 0.000000000000000000e+00
1.395071792602539062e+01 -3.835718154907226562e+00 0.000000000000000000e+00
-8.601346611976623535e-01 1.539503192901611328e+01 0.000000000000000000e+00
5.621780872344970703e+00 -1.022124290466308594e+01 0.000000000000000000e+00
-1.327691936492919922e+01 -1.973554372787475586e+00 0.000000000000000000e+00
1.464920711517333984e+01 2.082836627960205078e+00 0.000000000000000000e+00
3.412946701049804688e+00 -6.837583065032958984e+00 0.000000000000000000e+00
-8.927970886230468750e+00 7.431963920593261719e+00 0.000000000000000000e+00
-1.170217609405517578e+01 1.016238403320312500e+01 0.000000000000000000e+00
6.833569049835205078e+00 3.456478834152221680e+00 0.000000000000000000e+00
-1.487149143218994141e+01 4.413108825683593750e+00 0.000000000000000000e+00
-1.124482727050781250e+01 -6.667525768280029297e+00 0.000000000000000000e+00
7.224439144134521484e+00 -1.559012794494628906e+01 0.000000000000000000e+00
1.379605770111083984e+01 -8.496212959289550781e+00 0.000000000000000000e+00
3.393460750579833984e+00 6.249111652374267578e+00 0.000000000000000000e+00
-6.031704425811767578e+00 1.105417537689208984e+01 0.000000000000000000e+00
6.138183593750000000e+00 8.791923522949218750e+00 0.000000000000000000e+00
-1.211837387084960938e+01 1.206236934661865234e+01 0.000000000000000000e+00
-1.465709590911865234e+01 -6.779051303863525391e+00 0.000000000000000000e+00
1.139387416839599609e+01 1.283187103271484375e+01 0.000000000000000000e+00
4.586884498596191406e+00 2.083307027816772461e+00 0.000000000000000000e+00
-3.784012079238891602e+00 -1.610372161865234375e+01 0.000000000000000000e+00
2.123081922531127930e+00 9.196263313293457031e+00 0.000000000000000000e+00
-7.444463729858398438e+00 9.207330703735351562e+00 0.000000000000000000e+00
-1.617243766784667969e+00 1.265494060516357422e+01 0.000000000000000000e+00
-5.736827373504638672e+00 -7.735224723815917969e+00 0.000000000000000000e+00
-3.621416091918945312e+00 -8.387825965881347656e+00 0.000000000000000000e+00
-1.536664676666259766e+01 -1.081613779067993164e+00 0.000000000000000000e+00
8.627180457115173340e-01 -1.348584079742431641e+01 0.000000000000000000e+00
4.854198932647705078e+00 7.419663906097412109e+00 0.000000000000000000e+00
1.427876186370849609e+01 5.086382851004600525e-02 0.000000000000000000e+00
1.285283756256103516e+01 -1.128339767456054688e+01 0.000000000000000000e+00
-3.408525466918945312e+00 -5.468111038208007812e+00 0.000000000000000000e+00
-2.692564129829406738e-01 1.113570976257324219e+01 0.000000000000000000e+00
4.316611766815185547e+00 1.672637367248535156e+01 0.000000000000000000e+00
8.077603340148925781e+00 1.536196708679199219e+01 0.000000000000000000e+00
-2.474271297454833984e+00 5.337797641754150391e+00 0.000000000000000000e+00
9.537391662597656250e+00 4.254567623138427734e+00 0.000000000000000000e+00
-5.190015792846679688e+00 -7.403821945190429688e-01 0.000000000000000000e+00
1.553531646728515625e+00 -3.734061956405639648e+00 0.000000000000000000e+00
6.483249664306640625e+00 -2.153079271316528320e+00 0.000000000000000000e+00
-1.397659397125244141e+01 8.353400044143199921e-03 0.000000000000000000e+00
-2.165813684463500977e+00 1.460618591308593750e+01 0.000000000000000000e+00
-1.089162540435791016e+01 1.164164066314697266e+00 0.000000000000000000e+00
-6.998201847076416016e+00 -1.249282741546630859e+01 0.000000000000000000e+00
8.132227897644042969e+00 -1.228342628479003906e+01 0.000000000000000000e+00
-7.685757160186767578e+00 1.211290454864501953e+01 0.000000000000000000e+00
-1.164722537994384766e+01 3.942916631698608398e+00 0.000000000000000000e+00
-7.701978206634521484e+00 5.832749605178833008e-01 0.000000000000000000e+00
1.062301540374755859e+01 6.806222438812255859e+00 0.000000000000000000e+00
5.213789939880371094e-01 -6.070856571197509766e+00 0.000000000000000000e+00
-8.919534683227539062e+00 5.896684646606445312e+00 0.000000000000000000e+00
-9.899563789367675781e+00 2.987134695053100586e+00 0.000000000000000000e+00
7.877992630004882812e+00 -4.056908607482910156e+00 0.000000000000000000e+00
4.864561855792999268e-01 -9.936035156250000000e+00 0.000000000000000000e+00
-2.828695535659790039e+00 3.572834491729736328e+00 0.000000000000000000e+00
8.556615710258483887e-01 1.222651672363281250e+01 0.000000000000000000e+00
9.143025398254394531e+00 1.139453220367431641e+01 0.000000000000000000e+00
-3.286171436309814453e+00 -3.603826284408569336e+00 0.000000000000000000e+00
-8.244540214538574219e+00 -1.155993080139160156e+01 0.000000000000000000e+00
-4.664687633514404297e+00 1.387670326232910156e+01 0.000000000000000000e+00
-6.547411918640136719e+00 6.438433170318603516e+00 0.000000000000000000e+00
1.231407451629638672e+01 -4.275791168212890625e+00 0.000000000000000000e+00
-1.642108917236328125e+01 4.746055126190185547e+00 0.000000000000000000e+00
-1.210726356506347656e+01 6.003739833831787109e+00 0.000000000000000000e+00
5.752715587615966797e+00 -1.522456836700439453e+01 0.000000000000000000e+00
-4.028460502624511719e+00 7.078812599182128906e+00 0.000000000000000000e+00
-1.528917694091796875e+01 1.634217143058776855e+00 0.000000000000000000e+00
4.550976753234863281e+00 1.090637493133544922e+01 0.000000000000000000e+00
1.575793981552124023e+00 -1.666954421997070312e+01 0.000000000000000000e+00
-9.032984733581542969e+00 1.494116210937500000e+01 0.000000000000000000e+00
9.287989616394042969e+00 1.420887947082519531e+01 0.000000000000000000e+00
-7.634886264801025391e+00 1.380512332916259766e+01 0.000000000000000000e+00
-6.009781360626220703e+00 -1.007443523406982422e+01 0.000000000000000000e+00
-5.289353847503662109e+00 -1.505771160125732422e+01 0.000000000000000000e+00
-2.750730514526367188e+00 -1.493257045745849609e+01 0.000000000000000000e+00
-1.186972999572753906e+01 7.864299774169921875e+00 0.000000000000000000e+00
1.655752372741699219e+01 4.227537631988525391e+00 0.000000000000000000e+00
-8.840629577636718750e+00 -3.147351741790771484e+00 0.000000000000000000e+00
1.643339037895202637e+00 5.983570575714111328e+00 0.000000000000000000e+00
-8.601219177246093750e+00 1.026419353485107422e+01 0.000000000000000000e+00
-7.394334793090820312e+00 2.318128585815429688e+00 0.000000000000000000e+00
-1.036551856994628906e+01 -1.117948436737060547e+01 0.000000000000000000e+00
-8.393704414367675781e+00 3.439256906509399414e+00 0.000000000000000000e+00
1.094792723655700684e+00 1.715848541259765625e+01 0.000000000000000000e+00
7.310038566589355469e+00 -1.388597965240478516e+01 0.000000000000000000e+00
2.104628086090087891e+00 -1.857437491416931152e+00 0.000000000000000000e+00
3.886653900146484375e+00 -4.162595272064208984e+00 0.000000000000000000e+00
-7.225450515747070312e+00 -1.529995918273925781e+01 0.000000000000000000e+00
-5.186992168426513672e+00 -4.694316864013671875e+00 0.000000000000000000e+00
9.937022924423217773e-01 2.569403648376464844e+00 0.000000000000000000e+00
6.085850715637207031e+00 -6.658574342727661133e-01 0.000000000000000000e+00
-1.302898526191711426e-01 -1.607502174377441406e+01 0.000000000000000000e+00
-1.054971122741699219e+01 -3.810716629028320312e+00 0.000000000000000000e+00
1.696406936645507812e+01 9.016879200935363770e-01 0.000000000000000000e+00
-9.649196624755859375e+00 -6.360062599182128906e+00 0.000000000000000000e+00
1.432628393173217773e+00 1.056104278564453125e+01 0.000000000000000000e+00
-1.270499229431152344e+00 -1.722216415405273438e+01 0.000000000000000000e+00
-1.666925811767578125e+01 -4.939331531524658203e+00 0.000000000000000000e+00
5.794754028320312500e+00 1.219173336029052734e+01 0.000000000000000000e+00
-3.046460390090942383e+00 -1.059765720367431641e+01 0.000000000000000000e+00
-1.338304996490478516e+01 6.949278354644775391e+00 0.000000000000000000e+00
-1.563433837890625000e+01 6.754957199096679688e+00 0.000000000000000000e+00
3.145565748214721680e+00 -1.651457977294921875e+01 0.000000000000000000e+00
-1.922239661216735840e+00 -1.089125871658325195e+00 0.000000000000000000e+00
-6.703533172607421875e+00 4.851144313812255859e+00 0.000000000000000000e+00
-4.584972381591796875e+00 -6.694249153137207031e+00 0.000000000000000000e+00
3.195625305175781250e+00 1.415112686157226562e+01 0.000000000000000000e+00
-1.057978343963623047e+01 -9.729636311531066895e-01 0.000000000000000000e+00
-6.639714241027832031e-01 1.742437934875488281e+01 0.000000000000000000e+00
3.865461349487304688e+00 8.612753868103027344e+00 0.000000000000000000e+00
1.482220649719238281e+01 -7.293467998504638672e+00 0.000000000000000000e+00
-1.031855106353759766e+01 -9.573079109191894531e+00 0.000000000000000000e+00
1.148828697204589844e+01 4.479872703552246094e+00 0.000000000000000000e+00
1.075665569305419922e+01 -1.116681098937988281e+01 0.000000000000000000e+00
-5.154654979705810547e+00 8.813617706298828125e+00 0.000000000000000000e+00
4.435240745544433594e+00 3.623184919357299805e+00 0.000000000000000000e+00
-1.726281738281250000e+01 1.407819986343383789e+00 0.000000000000000000e+00
1.094498348236083984e+01 1.096859073638916016e+01 0.000000000000000000e+00
5.423570156097412109e+00 1.554899883270263672e+01 0.000000000000000000e+00
-1.025002837181091309e+00 8.282856941223144531e+00 0.000000000000000000e+00
3.241331815719604492e+00 1.565715312957763672e+01 0.000000000000000000e+00
-1.433164215087890625e+01 -5.270598411560058594e+00 0.000000000000000000e+00
7.531572341918945312e+00 -9.748575210571289062e+00 0.000000000000000000e+00
6.299915790557861328e+00 -1.185672473907470703e+01 0.000000000000000000e+00
-2.302328348159790039e+00 7.420749664306640625e+00 0.000000000000000000e+00
-1.867789983749389648e+00 2.266723394393920898e+00 0.000000000000000000e+00
-1.222689437866210938e+01 -1.199693870544433594e+01 0.000000000000000000e+00
2.241068601608276367e+00 -1.084395313262939453e+01 0.000000000000000000e+00
7.830771923065185547e+00 1.339589881896972656e+01 0.000000000000000000e+00
-3.443773508071899414e+00 -1.349520969390869141e+01 0.000000000000000000e+00
-9.348991394042968750e+00 1.162017822265625000e+00 0.000000000000000000e+00
-1.032650661468505859e+01 9.289123535156250000e+00 0.000000000000000000e+00
2.587496519088745117e+00 4.563572406768798828e+00 0.000000000000000000e+00
-1.042355537414550781e+01 -7.941881656646728516e+00 0.000000000000000000e+00
9.955478668212890625e+00 -3.833718299865722656e+00 0.000000000000000000e+00
6.380528926849365234e+00 1.035444355010986328e+01 0.000000000000000000e+00
1.005468463897705078e+01 -8.780712127685546875e+00 0.000000000000000000e+00
1.474541282653808594e+01 4.419113636016845703e+00 0.000000000000000000e+00
1.881287336349487305e+00 -8.013275146484375000e+00 0.000000000000000000e+00
-9.023960113525390625e+00 -1.462913227081298828e+01 0.000000000000000000e+00
-1.601482582092285156e+01 3.015166997909545898e+00 0.000000000000000000e+00
1.162302684783935547e+01 -9.648632049560546875e+00 0.000000000000000000e+00
5.172468662261962891e+00 -6.884894847869873047e+00 0.000000000000000000e+00
2.583677694201469421e-02 -4.133286476135253906e+00 0.000000000000000000e+00
9.004995346069335938e+00 -5.219177246093750000e+00 0.000000000000000000e+00
1.577224445343017578e+01 -2.460862636566162109e+00 0.000000000000000000e+00
5.601426124572753906e+00 4.903749942779541016e+00 0.000000000000000000e+00
7.343237876892089844e+00 -7.497772693634033203e+00 0.000000000000000000e+00
8.909485816955566406e+00 6.916823863983154297e+00 0.000000000000000000e+00
-4.887368202209472656e+00 -2.876838684082031250e+00 0.000000000000000000e+00
1.645707321166992188e+01 2.592490196228027344e+00 0.000000000000000000e+00
-1.376752853393554688e+01 3.363965749740600586e+00 0.000000000000000000e+00
-1.189769172668457031e+01 -4.890673793852329254e-03 0.000000000000000000e+00
8.444511413574218750e+00 2.246989160776138306e-01 0.000000000000000000e+00
1.278834247589111328e+01 1.192252159118652344e+01 0.000000000000000000e+00
8.075170516967773438e+00 9.687817573547363281e+00 0.000000000000000000e+00
-7.351218700408935547e+00 -5.120859622955322266e+00 0.000000000000000000e+00
5.114201545715332031e+00 -2.950627088546752930e+00 0.000000000000000000e+00
-1.185129833221435547e+01 -2.581431865692138672e+00 0.000000000000000000e+00
1.445891094207763672e+01 6.656331062316894531e+00 0.000000000000000000e+00
-2.025225639343261719e+00 -2.714762449264526367e+00 0.000000000000000000e+00
6.183946132659912109e+00 6.609132289886474609e+00 0.000000000000000000e+00
-1.387023544311523438e+01 1.050194168090820312e+01 0.000000000000000000e+00
-5.726691246032714844e+00 1.676995396614074707e+00 0.000000000000000000e+00
-1.642255783081054688e+01 -3.425436973571777344e+00 0.000000000000000000e+00
-1.328575611114501953e+01 5.054093837738037109e+00 0.000000000000000000e+00
-9.738537788391113281e+00 1.143585777282714844e+01 0.000000000000000000e+00
-7.455585479736328125e+00 -6.695550441741943359e+00 0.000000000000000000e+00
5.087656021118164062e+00 -1.660999107360839844e+01 0.000000000000000000e+00
-3.672021389007568359e+00 1.274048900604248047e+01 0.000000000000000000e+00
