-5.656651020050048828e+00 -1.810544610023498535e+00 0.000000000000000000e+00
5.226238250732421875e+00 -1.404261779785156250e+01 0.000000000000000000e+00
2.402817487716674805e+00 1.258987426757812500e+01 0.000000000000000000e+00
-8.630222320556640625e+00 1.918563008308410645e+00 0.000000000000000000e+00
-7.441626548767089844e+00 -1.365467929840087891e+01 0.000000000000000000e+00
1.637164688110351562e+01 -2.305789232254028320e+00 0.000000000000000000e+00
6.701595783233642578e+00 -5.837012290954589844e+00 0.000000000000000000e+00
-4.409964084625244141e+00 -7.351338386535644531e+00 0.000000000000000000e+00
1.749355792999267578e-01 -1.222083187103271484e+01 0.000000000000000000e+00
-1.157884407043457031e+01 3.704443931579589844e+00 0.000000000000000000e+00
-8.057048797607421875e+00 6.258641183376312256e-02 0.000000000000000000e+00
4.818028450012207031e+00 1.300485801696777344e+01 0.000000000000000000e+00
1.633657455444335938e+01 2.992277622222900391e+00 0.000000000000000000e+00
1.044494342803955078e+01 7.055281639099121094e+00 0.000000000000000000e+00
-8.517249107360839844e+00 1.199132442474365234e+01 0.000000000000000000e+00
-7.084312915802001953e+00 -2.991889476776123047e+00 0.000000000000000000e+00
9.571682929992675781e+00 -6.520672798156738281e+00 0.000000000000000000e+00
-1.158116722106933594e+01 -9.153368949890136719e+00 0.000000000000000000e+00
3.656083583831787109e+00 5.251554012298583984e+00 0.000000000000000000e+00
9.461795806884765625e+00 1.404744720458984375e+01 0.000000000000000000e+00
1.170292091369628906e+01 4.069824218750000000e+00 0.000000000000000000e+00
-5.434237480163574219e+00 1.594404888153076172e+01 0.000000000000000000e+00
9.609935760498046875e+00 1.372497797012329102e+00 0.000000000000000000e+00
1.182454204559326172e+01 -5.953676223754882812e+00 0.000000000000000000e+00
-3.916007041931152344e+00 3.233613491058349609e+00 0.000000000000000000e+00
-3.208671092987060547e+00 1.272415828704833984e+01 0.000000000000000000e+00
-7.458199024200439453e+00 -1.580724525451660156e+01 0.000000000000000000e+00
5.636377334594726562e+00 1.107800579071044922e+01 0.000000000000000000e+00
-1.556677150726318359e+01 6.062989711761474609e+00 0.000000000000000000e+00
2.153434991836547852e+00 -1.049753189086914062e+01 0.000000000000000000e+00
6.494126319885253906e+00 -1.520023059844970703e+01 0.000000000000000000e+00
-1.629100799560546875e+01 1.431630492210388184e+00 0.000000000000000000e+00
7.338679790496826172e+00 -1.886370301246643066e+00 0.000000000000000000e+00
-1.875681161880493164e+00 -1.616691398620605469e+01 0.000000000000000000e+00
1.139980697631835938e+01 -1.169014453887939453e+01 0.000000000000000000e+00
7.289936542510986328e+00 9.099265098571777344e+00 0.000000000000000000e+00
-1.185125541687011719e+01 1.227809810638427734e+01 0.000000000000000000e+00
1.489316558837890625e+01 -7.367292881011962891e+00 0.000000000000000000e+00
1.727746248245239258e+00 5.976745128631591797e+00 0.000000000000000000e+00
-3.632851362228393555e+00 1.480542778968811035e+00 0.000000000000000000e+00
-1.363319110870361328e+01 5.643099784851074219e+00 0.000000000000000000e+00
8.000929832458496094e+00 7.245864868164062500e-01 0.000000000000000000e+00
1.050084495544433594e+01 -4.127729892730712891e+00 0.000000000000000000e+00
1.030732989311218262e+00 1.115271568298339844e+01 0.000000000000000000e+00
-1.059990406036376953e+01 1.033661484718322754e+00 0.000000000000000000e+00
2.204041957855224609e+00 1.578474521636962891e+01 0.000000000000000000e+00
1.156963920593261719e+01 -8.863171577453613281e+00 0.000000000000000000e+00
1.446353054046630859e+01 6.410612106323242188e+00 0.000000000000000000e+00
1.294617938995361328e+01 9.602668881416320801e-01 0.000000000000000000e+00
1.112944126129150391e+01 9.088766098022460938e+00 0.000000000000000000e+00
-7.440140247344970703e-01 6.896969318389892578e+00 0.000000000000000000e+00
6.943127632141113281e+00 3.630552053451538086e+00 0.000000000000000000e+00
1.233761596679687500e+01 -1.266321897506713867e+00 0.000000000000000000e+00
1.284996128082275391e+01 -9.658527374267578125e+00 0.000000000000000000e+00
-7.181429862976074219e+00 1.559352588653564453e+01 0.000000000000000000e+00
1.572185707092285156e+01 -6.105539321899414062e+00 0.000000000000000000e+00
-1.311565780639648438e+01 9.098500251770019531e+00 0.000000000000000000e+00
4.897339940071105957e-01 1.122343420982360840e+00 0.000000000000000000e+00
3.169092178344726562e+00 1.428179264068603516e+01 0.000000000000000000e+00
-3.392703771591186523e+00 6.334430217742919922e+00 0.000000000000000000e+00
3.577527046203613281e+00 8.311860084533691406e+00 0.000000000000000000e+00
6.218482494354248047e+00 -3.419229269027709961e+00 0.000000000000000000e+00
-3.632688045501708984e+00 1.054295825958251953e+01 0.000000000000000000e+00
-1.467231369018554688e+01 1.494809627532958984e+00 0.000000000000000000e+00
-2.860023260116577148e+00 -1.469383478164672852e+00 0.000000000000000000e+00
-1.629839706420898438e+01 -1.500329494476318359e+00 0.000000000000000000e+00
1.126205825805664062e+01 1.091234493255615234e+01 0.000000000000000000e+00
-1.378239345550537109e+01 1.062639713287353516e+01 0.000000000000000000e+00
-1.201840305328369141e+01 -4.382529735565185547e+00 0.000000000000000000e+00
-1.050111770629882812e+00 -8.137416839599609375e-01 0.000000000000000000e+00
1.492993831634521484e+01 -8.942350387573242188e+00 0.000000000000000000e+00
-6.345291614532470703e+00 7.564188003540039062e+00 0.000000000000000000e+00
1.373130321502685547e+01 -6.403021812438964844e+00 0.000000000000000000e+00
-1.222298026084899902e+00 5.449117660522460938e+00 0.000000000000000000e+00
1.226771640777587891e+01 -3.006276369094848633e+00 0.000000000000000000e+00
-5.293164730072021484e+00 -5.847039222717285156e+00 0.000000000000000000e+00
-9.359394073486328125e+00 -1.155511665344238281e+01 0.000000000000000000e+00
-4.727017402648925781e+00 9.516115188598632812e+00 0.000000000000000000e+00
-1.308018326759338379e+00 -1.143319988250732422e+01 0.000000000000000000e+00
1.449069380760192871e+00 -1.498731017112731934e+00 0.000000000000000000e+00
1.393493366241455078e+01 9.610175132751464844e+00 0.000000000000000000e+00
3.944046020507812500e+00 -9.860354423522949219e+00 0.000000000000000000e+00
-4.346891403198242188e+00 8.039597511291503906e+00 0.000000000000000000e+00
-1.079021811485290527e+00 -1.328263854980468750e+01 0.000000000000000000e+00
-5.550961494445800781e+00 3.447463512420654297e+00 0.000000000000000000e+00
-9.658561706542968750e+00 -6.688387393951416016e+00 0.000000000000000000e+00
7.992980003356933594e+00 -3.659076213836669922e+00 0.000000000000000000e+00
-1.015275001525878906e+01 -1.609746932983398438e+00 0.000000000000000000e+00
-4.183403968811035156e+00 1.486346721649169922e+01 0.000000000000000000e+00
1.470320606231689453e+01 -5.723149981349706650e-03 0.000000000000000000e+00
7.563469886779785156e+00 1.391757774353027344e+01 0.000000000000000000e+00
-4.496650218963623047e+00 -9.547923088073730469e+00 0.000000000000000000e+00
1.779600977897644043e-01 1.304847621917724609e+01 0.000000000000000000e+00
1.038009971380233765e-01 3.544497013092041016e+00 0.000000000000000000e+00
9.414923667907714844e+00 8.996222496032714844e+00 0.000000000000000000e+00
-1.606763648986816406e+01 3.847556352615356445e+00 0.000000000000000000e+00
-2.524908542633056641e+00 -6.244419097900390625e+00 0.000000000000000000e+00
-9.826866149902343750e+00 1.407557868957519531e+01 0.000000000000000000e+00
-6.537308216094970703e+00 1.391145706176757812e+01 0.000000000000000000e+00
2.050614833831787109e+00 -1.413393878936767578e+01 0.000000000000000000e+00
5.503358364105224609e+00 8.715797424316406250e+00 0.000000000000000000e+00
1.028039753437042236e-01 -3.772815942764282227e+00 0.000000000000000000e+00
-1.513069057464599609e+01 -6.627005100250244141e+00 0.000000000000000000e+00
1.360421276092529297e+01 -4.819339752197265625e+00 0.000000000000000000e+00
8.799039840698242188e+00 4.929076671600341797e+00 0.000000000000000000e+00
-1.856524109840393066e+00 1.668035316467285156e+01 0.000000000000000000e+00
-1.210432815551757812e+01 5.794675350189208984e+00 0.000000000000000000e+00
-1.129309844970703125e+01 -6.628999710083007812e+00 0.000000000000000000e+00
-1.513774299621582031e+01 2.177478373050689697e-02 0.000000000000000000e+00
4.301579475402832031e+00 -1.628930473327636719e+01 0.000000000000000000e+00
7.813024520874023438e+00 -1.073897075653076172e+01 0.000000000000000000e+00
9.818668365478515625e+00 1.206577301025390625e+01 0.000000000000000000e+00
-6.994537353515625000e+00 4.419781208038330078e+00 0.000000000000000000e+00
5.699813842773437500e+00 -8.156159400939941406e+00 0.000000000000000000e+00
4.736870765686035156e+00 -6.048694133758544922e+00 0.000000000000000000e+00
9.262575149536132812e+00 -1.773274660110473633e+00 0.000000000000000000e+00
-7.052645683288574219e+00 6.007833003997802734e+00 0.000000000000000000e+00
9.825880050659179688e+00 -8.793498992919921875e+00 0.000000000000000000e+00
1.100402593612670898e+00 -5.838435173034667969e+00 0.000000000000000000e+00
-1.453633403778076172e+01 8.103302001953125000e+00 0.000000000000000000e+00
1.219732403755187988e+00 9.027651786804199219e+00 0.000000000000000000e+00
1.303508132696151733e-01 -1.734481048583984375e+01 0.000000000000000000e+00
2.606820106506347656e+00 -4.792597770690917969e+00 0.000000000000000000e+00
-6.054697990417480469e+00 -9.171260833740234375e+00 0.000000000000000000e+00
7.721753120422363281e+00 2.224849224090576172e+00 0.000000000000000000e+00
-1.386430931091308594e+01 -8.944544792175292969e+00 0.000000000000000000e+00
-1.269854927062988281e+01 -7.815079689025878906e-01 0.000000000000000000e+00
4.086158275604248047e+00 -1.698094367980957031e+00 0.000000000000000000e+00
-1.141643333435058594e+01 -1.307699298858642578e+01 0.000000000000000000e+00
-5.312866210937500000e+00 1.137293720245361328e+01 0.000000000000000000e+00
1.272349834442138672e+01 6.182702541351318359e+00 0.000000000000000000e+00
-5.941909790039062500e+00 -1.581699180603027344e+01 0.000000000000000000e+00
-8.972179412841796875e+00 9.148419380187988281e+00 0.000000000000000000e+00
-1.711295485496520996e+00 -8.140032768249511719e+00 0.000000000000000000e+00
-1.543671798706054688e+01 -3.676880836486816406e+00 0.000000000000000000e+00
6.468060016632080078e+00 7.411175251007080078e+00 0.000000000000000000e+00
3.364780426025390625e+00 1.052608108520507812e+01 0.000000000000000000e+00
1.692388343811035156e+01 -7.996478676795959473e-01 0.000000000000000000e+00
5.902985572814941406e+00 1.905239939689636230e+00 0.000000000000000000e+00
-2.127797365188598633e+00 8.150307655334472656e+00 0.000000000000000000e+00
-1.014883232116699219e+01 1.132483577728271484e+01 0.000000000000000000e+00
1.500109958648681641e+01 4.452313899993896484e+00 0.000000000000000000e+00
-6.899491548538208008e-01 -1.495174026489257812e+01 0.000000000000000000e+00
-7.507462978363037109e+00 -4.951096057891845703e+00 0.000000000000000000e+00
9.879610061645507812e+00 -1.172752380371093750e+01 0.000000000000000000e+00
-1.990835547447204590e+00 1.123507404327392578e+01 0.000000000000000000e+00
-1.164400291442871094e+01 9.570361137390136719e+00 0.000000000000000000e+00
8.033136367797851562e+00 7.251397609710693359e+00 0.000000000000000000e+00
3.059463024139404297e+00 2.219466209411621094e+00 0.000000000000000000e+00
-3.765439033508300781e+00 -1.243540573120117188e+01 0.000000000000000000e+00
-3.630613088607788086e+00 -1.603550148010253906e+01 0.000000000000000000e+00
-5.281630039215087891e+00 -1.282731819152832031e+01 0.000000000000000000e+00
-8.658495903015136719e+00 4.204565048217773438e+00 0.000000000000000000e+00
-1.336211395263671875e+01 -5.773626327514648438e+00 0.000000000000000000e+00
6.270389080047607422e+00 1.620125961303710938e+01 0.000000000000000000e+00
-5.077511787414550781e+00 -1.132816410064697266e+01 0.000000000000000000e+00
-1.160338783264160156e+01 -1.111563682556152344e+01 0.000000000000000000e+00
1.073265171051025391e+01 -5.773671269416809082e-01 0.000000000000000000e+00
5.823389053344726562e+00 -1.062994956970214844e+01 0.000000000000000000e+00
-1.277237296104431152e+00 2.889887332916259766e+00 0.000000000000000000e+00
7.734505653381347656e+00 -1.274074745178222656e+01 0.000000000000000000e+00
-1.491847419738769531e+01 -5.125850677490234375e+00 0.000000000000000000e+00
-4.211003780364990234e+00 1.651742262765765190e-03 0.000000000000000000e+00
1.291468238830566406e+01 1.179236507415771484e+01 0.000000000000000000e+00
1.664147377014160156e+01 7.801293134689331055e-01 0.000000000000000000e+00
-2.911468744277954102e+00 -4.342472553253173828e+00 0.000000000000000000e+00
-9.664971351623535156e+00 -1.386396694183349609e+01 0.000000000000000000e+00
-2.158609628677368164e+00 -9.788659095764160156e+00 0.000000000000000000e+00
-5.488599300384521484e+00 4.968817710876464844e+00 0.000000000000000000e+00
-6.581248641014099121e-01 9.798234939575195312e+00 0.000000000000000000e+00
2.478298425674438477e+00 -7.601595401763916016e+00 0.000000000000000000e+00
2.695755720138549805e+00 -1.582007598876953125e+01 0.000000000000000000e+00
-7.725844383239746094e+00 -7.155963420867919922e+00 0.000000000000000000e+00
-9.801012992858886719e+00 -3.686727523803710938e+00 0.000000000000000000e+00
-8.614566802978515625e+00 -9.227993011474609375e+00 0.000000000000000000e+00
1.657449531555175781e+01 -4.675714015960693359e+00 0.000000000000000000e+00
-8.329901695251464844e+00 1.371870422363281250e+01 0.000000000000000000e+00
-1.836631655693054199e+00 8.467378020286560059e-01 0.000000000000000000e+00
1.680788230895996094e+01 4.752623558044433594e+00 0.000000000000000000e+00
-6.540496349334716797e+00 1.042474746704101562e+01 0.000000000000000000e+00
4.151264667510986328e+00 6.687306404113769531e+00 0.000000000000000000e+00
-1.995506286621093750e-01 -2.170398950576782227e+00 0.000000000000000000e+00
-6.329060077667236328e+00 -1.582479476928710938e-01 0.000000000000000000e+00
-7.875664710998535156e+00 7.696988582611083984e+00 0.000000000000000000e+00
-2.555611848831176758e+00 -1.366301155090332031e+01 0.000000000000000000e+00
2.273243904113769531e+00 7.431509017944335938e+00 0.000000000000000000e+00
1.385801982879638672e+01 -1.350389599800109863e+00 0.000000000000000000e+00
-9.694450378417968750e+00 7.634104728698730469e+00 0.000000000000000000e+00
1.584672808647155762e+00 5.997186899185180664e-02 0.000000000000000000e+00
9.159358978271484375e+00 2.820318222045898438e+00 0.000000000000000000e+00
5.497885704040527344e+00 4.541259706020355225e-01 0.000000000000000000e+00
-1.175140857696533203e+01 -2.072055101394653320e+00 0.000000000000000000e+00
8.221147537231445312e+00 1.205569267272949219e+01 0.000000000000000000e+00
8.242797851562500000e+00 -8.131125450134277344e+00 0.000000000000000000e+00
8.681773185729980469e+00 1.041421890258789062e+01 0.000000000000000000e+00
-1.126844501495361328e+01 7.865339756011962891e+00 0.000000000000000000e+00
1.512814807891845703e+01 8.459502220153808594e+00 0.000000000000000000e+00
-1.374351263046264648e+00 -3.444646596908569336e+00 0.000000000000000000e+00
6.706422328948974609e+00 5.256289005279541016e+00 0.000000000000000000e+00
4.107022285461425781e-01 1.530742645263671875e+01 0.000000000000000000e+00
1.448564910888671875e+01 2.551903486251831055e+00 0.000000000000000000e+00
-1.233782005310058594e+01 1.647910356521606445e+00 0.000000000000000000e+00
8.001312255859375000e+00 -1.483646965026855469e+01 0.000000000000000000e+00
-6.124895215034484863e-01 -5.779604434967041016e+00 0.000000000000000000e+00
-2.616817951202392578e+00 1.463693141937255859e+01 0.000000000000000000e+00
1.850232601165771484e+00 4.351936340332031250e+00 0.000000000000000000e+00
-1.278455829620361328e+01 7.443200111389160156e+00 0.000000000000000000e+00
-1.309859275817871094e+01 3.879780530929565430e+00 0.000000000000000000e+00
1.732607007026672363e+00 1.729004478454589844e+01 0.000000000000000000e+00
3.797050952911376953e+00 3.645992040634155273e+00 0.000000000000000000e+00
3.417256593704223633e+00 -1.255969905853271484e+01 0.000000000000000000e+00
-1.730541229248046875e+01 2.720100283622741699e-01 0.000000000000000000e+00
5.755480289459228516e+00 1.424271774291992188e+01 0.000000000000000000e+00
1.053761863708496094e+01 -1.332800674438476562e+01 0.000000000000000000e+00
4.154369354248046875e+00 1.679356575012207031e+01 0.000000000000000000e+00
7.134330272674560547e-01 -7.541292667388916016e+00 0.000000000000000000e+00
-1.452225112915039062e+01 3.288533449172973633e+00 0.000000000000000000e+00
3.428304195404052734e+00 3.751738369464874268e-01 0.000000000000000000e+00
1.151422858238220215e+00 -1.579629707336425781e+01 0.000000000000000000e+00
4.533973217010498047e+00 -3.734268426895141602e+00 0.000000000000000000e+00
7.085241675376892090e-01 -9.982693672180175781e+00 0.000000000000000000e+00
-7.478125572204589844e+00 -1.058045578002929688e+01 0.000000000000000000e+00
-2.459839284420013428e-01 8.351335525512695312e+00 0.000000000000000000e+00
-1.000985431671142578e+01 -8.221323013305664062e+00 0.000000000000000000e+00
-6.709801673889160156e+00 1.425587534904479980e+00 0.000000000000000000e+00
-1.661313533782958984e+00 1.277567672729492188e+01 0.000000000000000000e+00
1.385440826416015625e+01 -2.917670249938964844e+00 0.000000000000000000e+00
-1.489049720764160156e+01 -2.074738502502441406e+00 0.000000000000000000e+00
5.960778236389160156e+00 -1.042475342750549316e+00 0.000000000000000000e+00
-5.251107692718505859e+00 -4.044085502624511719e+00 0.000000000000000000e+00
-6.643725395202636719e+00 1.231897258758544922e+01 0.000000000000000000e+00
-6.191801548004150391e+00 -7.424808502197265625e+00 0.000000000000000000e+00
1.299679374694824219e+01 -1.143347072601318359e+01 0.000000000000000000e+00
-9.889506340026855469e+00 5.464220046997070312e+00 0.000000000000000000e+00
1.233105087280273438e+01 -7.440213203430175781e+00 0.000000000000000000e+00
4.104249477386474609e+00 -7.911951065063476562e+00 0.000000000000000000e+00
-3.932167768478393555e+00 -1.430513668060302734e+01 0.000000000000000000e+00
5.540559768676757812e+00 -1.230468082427978516e+01 0.000000000000000000e+00
1.314163398742675781e+01 3.519542932510375977e+00 0.000000000000000000e+00
1.358142089843750000e+01 8.150567054748535156e+00 0.000000000000000000e+00
-7.840356349945068359e+00 -1.457135200500488281e+00 0.000000000000000000e+00
-1.355985927581787109e+01 -3.143824577331542969e+00 0.000000000000000000e+00
-1.667719078063964844e+01 -4.687429904937744141e+00 0.000000000000000000e+00
-1.015678501129150391e+01 2.577074527740478516e+00 0.000000000000000000e+00
1.613326072692871094e+01 6.737639427185058594e+00 0.000000000000000000e+00
-3.545854806900024414e+00 -2.949227333068847656e+00 0.000000000000000000e+00
1.094420433044433594e+01 2.288548469543457031e+00 0.000000000000000000e+00
1.709670186042785645e+00 -1.211295795440673828e+01 0.000000000000000000e+00
1.394092917442321777e+00 2.449510574340820312e+00 0.000000000000000000e+00
7.116203784942626953e+00 -9.203491210937500000e+00 0.000000000000000000e+00
1.791787981986999512e+00 -2.962167024612426758e+00 0.000000000000000000e+00
1.144842147827148438e+01 1.296830749511718750e+01 0.000000000000000000e+00
-1.306637382507324219e+01 -7.590760231018066406e+00 0.000000000000000000e+00
-2.553258419036865234e+00 4.085243225097656250e+00 0.000000000000000000e+00
-4.276017248630523682e-01 1.741706657409667969e+01 0.000000000000000000e+00
-1.052460384368896484e+01 -5.007155418395996094e+00 0.000000000000000000e+00
