-8.166535377502441406e+00 -1.267609882354736328e+01 0.000000000000000000e+00
9.420369148254394531e+00 -1.089246749877929688e+00 0.000000000000000000e+00
3.956782579421997070e+00 4.147538661956787109e+00 0.000000000000000000e+00
1.628602385520935059e+00 -2.381791830062866211e+00 0.000000000000000000e+00
1.013577556610107422e+01 1.392221355438232422e+01 0.000000000000000000e+00
3.424508810043334961e+00 -9.597465515136718750e+00 0.000000000000000000e+00
7.667439937591552734e+00 -6.643550395965576172e+00 0.000000000000000000e+00
-5.076897144317626953e+00 1.613283538818359375e+01 0.000000000000000000e+00
8.827031135559082031e+00 -3.926373720169067383e+00 0.000000000000000000e+00
-1.378531360626220703e+01 -7.103399753570556641e+00 0.000000000000000000e+00
6.117530822753906250e+00 -2.145305395126342773e+00 0.000000000000000000e+00
1.117518901824951172e+01 -8.665224075317382812e+00 0.000000000000000000e+00
-8.866146087646484375e+00 9.955091476440429688e+00 0.000000000000000000e+00
1.273313713073730469e+01 -9.238690376281738281e+00 0.000000000000000000e+00
3.761157751083374023e+00 1.510919380187988281e+01 0.000000000000000000e+00
-2.932130575180053711e+00 1.037938117980957031e+01 0.000000000000000000e+00
-1.063008975982666016e+01 -3.784608602523803711e+00 0.000000000000000000e+00
1.053176403045654297e+01 1.030535316467285156e+01 0.000000000000000000e+00
-1.403202629089355469e+01 -3.584551572799682617e+00 0.000000000000000000e+00
-1.708723449707031250e+01 -1.201102733612060547e+00 0.000000000000000000e+00
-7.477141857147216797e+00 1.153520774841308594e+01 0.000000000000000000e+00
-9.920289039611816406e+00 -1.324656963348388672e+01 0.000000000000000000e+00
-1.167345142364501953e+01 2.809673309326171875e+00 0.000000000000000000e+00
-1.431410408020019531e+01 9.945701956748962402e-01 0.000000000000000000e+00
5.700648784637451172e+00 -6.137629508972167969e+00 0.000000000000000000e+00
1.308098030090332031e+01 1.473082661628723145e+00 0.000000000000000000e+00
1.418414402008056641e+01 7.070126533508300781e+00 0.000000000000000000e+00
-1.352420234680175781e+01 9.040895462036132812e+00 0.000000000000000000e+00
-6.469843864440917969e+00 6.553426742553710938e+00 0.000000000000000000e+00
5.999527573585510254e-01 -9.684918522834777832e-01 0.000000000000000000e+00
-8.125680923461914062e+00 1.828555345535278320e+00 0.000000000000000000e+00
-1.964360356330871582e+00 -1.128476905822753906e+01 0.000000000000000000e+00
7.054152011871337891e+00 9.972187042236328125e+00 0.000000000000000000e+00
1.451749897003173828e+01 -5.466992855072021484e+00 0.000000000000000000e+00
-1.485334873199462891e+01 2.558797121047973633e+00 0.000000000000000000e+00
-2.335669279098510742e+00 -7.482732295989990234e+00 0.000000000000000000e+00
5.652604579925537109e+00 8.254521369934082031e+00 0.000000000000000000e+00
-8.943826675415039062e+00 1.314408969879150391e+01 0.000000000000000000e+00
-4.838327407836914062e+00 -1.489138126373291016e+01 0.000000000000000000e+00
-1.765911340713500977e+00 1.575768375396728516e+01 0.000000000000000000e+00
-5.681743144989013672e+00 1.150771141052246094e+01 0.000000000000000000e+00
-9.161552041769027710e-02 9.385222434997558594e+00 0.000000000000000000e+00
1.470584106445312500e+01 -3.244662523269653320e+00 0.000000000000000000e+00
-1.074155926704406738e+00 5.402757644653320312e+00 0.000000000000000000e+00
8.650437593460083008e-01 -1.159722995758056641e+01 0.000000000000000000e+00
4.571524143218994141e+00 -7.176808357238769531e+00 0.000000000000000000e+00
-4.942072391510009766e+00 -8.438624143600463867e-01 0.000000000000000000e+00
-1.749048680067062378e-01 1.697424316406250000e+01 0.000000000000000000e+00
7.610486507415771484e+00 1.565417003631591797e+01 0.000000000000000000e+00
-3.014961004257202148e+00 1.292410182952880859e+01 0.000000000000000000e+00
3.931888565421104431e-02 -2.535364866256713867e+00 0.000000000000000000e+00
-2.739331722259521484e+00 7.580307960510253906e+00 0.000000000000000000e+00
-8.531226158142089844e+00 -5.342927455902099609e+00 0.000000000000000000e+00
1.210046386718750000e+01 -4.012618541717529297e+00 0.000000000000000000e+00
1.436193370819091797e+01 -1.408787369728088379e+00 0.000000000000000000e+00
-6.978823661804199219e+00 -1.764829516410827637e+00 0.000000000000000000e+00
1.085010910034179688e+01 1.225825309753417969e+01 0.000000000000000000e+00
5.398559093475341797e+00 1.463540840148925781e+01 0.000000000000000000e+00
-7.128372669219970703e+00 3.247157573699951172e+00 0.000000000000000000e+00
-2.548593997955322266e+00 3.630385398864746094e-01 0.000000000000000000e+00
1.590110301971435547e+00 1.465426158905029297e+01 0.000000000000000000e+00
1.383113026618957520e+00 1.107964515686035156e+01 0.000000000000000000e+00
5.952137947082519531e+00 -8.495339393615722656e+00 0.000000000000000000e+00
5.703937411308288574e-01 3.110644578933715820e+00 0.000000000000000000e+00
2.579837322235107422e+00 1.216963481903076172e+01 0.000000000000000000e+00
-2.940992116928100586e+00 -4.915197372436523438e+00 0.000000000000000000e+00
3.956265211105346680e+00 -1.141081237792968750e+01 0.000000000000000000e+00
1.679562950134277344e+01 -2.537485599517822266e+00 0.000000000000000000e+00
-1.061724758148193359e+01 1.207545852661132812e+01 0.000000000000000000e+00
-9.996225357055664062e+00 1.279428124427795410e+00 0.000000000000000000e+00
-4.136537075042724609e+00 -2.281824350357055664e+00 0.000000000000000000e+00
-4.544169902801513672e+00 8.623518943786621094e+00 0.000000000000000000e+00
-1.387660026550292969e+01 4.393498420715332031e+00 0.000000000000000000e+00
-5.260017395019531250e+00 2.006177663803100586e+00 0.000000000000000000e+00
2.377660274505615234e+00 9.421301841735839844e+00 0.000000000000000000e+00
1.985483407974243164e+00 -1.652677917480468750e+01 0.000000000000000000e+00
1.015124768018722534e-01 -1.515627574920654297e+01 0.000000000000000000e+00
4.234212398529052734e+00 1.677230000495910645e+00 0.000000000000000000e+00
8.456209182739257812e+00 7.061502933502197266e+00 0.000000000000000000e+00
4.508362293243408203e+00 -1.381303310394287109e+01 0.000000000000000000e+00
-1.143712711334228516e+01 -1.253695964813232422e+01 0.000000000000000000e+00
-1.050800895690917969e+01 9.724395751953125000e+00 0.000000000000000000e+00
-4.742634296417236328e+00 4.437746047973632812e+00 0.000000000000000000e+00
-3.566497802734375000e+00 -9.840427398681640625e+00 0.000000000000000000e+00
8.847492218017578125e+00 9.247232437133789062e+00 0.000000000000000000e+00
-6.720296859741210938e+00 -1.469722270965576172e+01 0.000000000000000000e+00
7.663252830505371094e+00 1.204794406890869141e+01 0.000000000000000000e+00
1.212709522247314453e+01 1.022511291503906250e+01 0.000000000000000000e+00
7.249314785003662109e+00 -1.247409248352050781e+01 0.000000000000000000e+00
1.069253730773925781e+01 -5.686800003051757812e+00 0.000000000000000000e+00
6.171834468841552734e+00 -1.045531940460205078e+01 0.000000000000000000e+00
7.794834613800048828e+00 -9.734470844268798828e-01 0.000000000000000000e+00
-8.303229331970214844e+00 1.530760192871093750e+01 0.000000000000000000e+00
8.980073928833007812e+00 1.071963071823120117e+00 0.000000000000000000e+00
-8.345175743103027344e+00 7.371524333953857422e+00 0.000000000000000000e+00
1.116616725921630859e+01 2.867296695709228516e+00 0.000000000000000000e+00
-1.050627708435058594e+01 -8.139486312866210938e+00 0.000000000000000000e+00
8.766058921813964844e+00 -1.443091869354248047e+01 0.000000000000000000e+00
-1.379247784614562988e+00 1.339755177497863770e+00 0.000000000000000000e+00
-1.253120613098144531e+01 -3.188338518142700195e+00 0.000000000000000000e+00
1.264905452728271484e+01 3.423354864120483398e+00 0.000000000000000000e+00
-8.988592147827148438e+00 -1.058830070495605469e+01 0.000000000000000000e+00
-1.107876110076904297e+01 -2.111171722412109375e+00 0.000000000000000000e+00
1.091132068634033203e+01 -8.526743650436401367e-01 0.000000000000000000e+00
1.068446159362792969e+01 -1.330530929565429688e+01 0.000000000000000000e+00
1.349491000175476074e+00 -1.370272350311279297e+01 0.000000000000000000e+00
-1.049184799194335938e+01 5.014595031738281250e+00 0.000000000000000000e+00
-8.003376126289367676e-01 1.375816535949707031e+01 0.000000000000000000e+00
9.387298583984375000e+00 -7.326161384582519531e+00 0.000000000000000000e+00
1.713690376281738281e+01 1.805144786834716797e+00 0.000000000000000000e+00
-2.324382543563842773e+00 -2.567887544631958008e+00 0.000000000000000000e+00
1.528009700775146484e+01 1.667291760444641113e+00 0.000000000000000000e+00
-1.415470886230468750e+01 -5.452393054962158203e+00 0.000000000000000000e+00
-4.137200415134429932e-01 -1.021404552459716797e+01 0.000000000000000000e+00
-1.520637035369873047e+01 -8.102954030036926270e-01 0.000000000000000000e+00
5.679210662841796875e+00 -1.488013935089111328e+01 0.000000000000000000e+00
3.556882619857788086e+00 1.036350440979003906e+01 0.000000000000000000e+00
1.870349287986755371e+00 -7.641103863716125488e-02 0.000000000000000000e+00
-1.233578491210937500e+01 8.389639258384704590e-01 0.000000000000000000e+00
1.256480693817138672e+01 -2.972588539123535156e-01 0.000000000000000000e+00
6.391756534576416016e+00 1.284404087066650391e+01 0.000000000000000000e+00
1.262987041473388672e+01 -1.968012928962707520e+00 0.000000000000000000e+00
6.853946685791015625e+00 6.370945930480957031e+00 0.000000000000000000e+00
2.641012668609619141e+00 1.565183401107788086e+00 0.000000000000000000e+00
-1.092369270324707031e+01 -3.252658545970916748e-01 0.000000000000000000e+00
-1.076856708526611328e+01 -1.051955223083496094e+01 0.000000000000000000e+00
-2.987026453018188477e+00 3.660384893417358398e+00 0.000000000000000000e+00
-8.505183219909667969e+00 5.326721668243408203e+00 0.000000000000000000e+00
-5.595866203308105469e+00 1.386594867706298828e+01 0.000000000000000000e+00
-9.466777801513671875e+00 -1.314311861991882324e+00 0.000000000000000000e+00
5.499652862548828125e+00 2.720039784908294678e-01 0.000000000000000000e+00
-5.809351444244384766e+00 -1.289136219024658203e+01 0.000000000000000000e+00
-8.230147361755371094e+00 -6.963069438934326172e+00 0.000000000000000000e+00
1.645880889892578125e+01 3.690186500549316406e+00 0.000000000000000000e+00
1.100560569763183594e+01 -1.170582580566406250e+01 0.000000000000000000e+00
1.538836121559143066e+00 -4.797156810760498047e+00 0.000000000000000000e+00
-2.865717887878417969e+00 -1.666288757324218750e+01 0.000000000000000000e+00
7.869933605194091797e+00 3.875343561172485352e+00 0.000000000000000000e+00
1.250824928283691406e+00 5.854357719421386719e+00 0.000000000000000000e+00
3.281834602355957031e+00 1.682573509216308594e+01 0.000000000000000000e+00
8.059159278869628906e+00 -9.128982543945312500e+00 0.000000000000000000e+00
1.262664794921875000e+01 6.417351245880126953e+00 0.000000000000000000e+00
6.133360862731933594e-01 1.601322412490844727e+00 0.000000000000000000e+00
-1.177810573577880859e+01 6.549451828002929688e+00 0.000000000000000000e+00
-5.683313846588134766e+00 9.838377952575683594e+00 0.000000000000000000e+00
6.756244182586669922e+00 -4.359222888946533203e+00 0.000000000000000000e+00
-7.271862983703613281e+00 -1.095072269439697266e+01 0.000000000000000000e+00
-1.664227604866027832e+00 1.130451869964599609e+01 0.000000000000000000e+00
3.423351526260375977e+00 1.354742145538330078e+01 0.000000000000000000e+00
5.629381656646728516e+00 1.096272468566894531e+01 0.000000000000000000e+00
-7.607822895050048828e+00 -3.815244913101196289e+00 0.000000000000000000e+00
1.358890533447265625e+01 -7.204638004302978516e+00 0.000000000000000000e+00
-4.687081336975097656e+00 -8.392830848693847656e+00 0.000000000000000000e+00
1.664039421081542969e+01 -6.342490911483764648e-01 0.000000000000000000e+00
3.733197689056396484e+00 -5.731388092041015625e+00 0.000000000000000000e+00
-1.721503257751464844e+01 1.901297211647033691e+00 0.000000000000000000e+00
-4.078658103942871094e+00 -1.174744224548339844e+01 0.000000000000000000e+00
-1.364259338378906250e+01 -1.343254089355468750e+00 0.000000000000000000e+00
4.062942564487457275e-01 -8.176637649536132812e+00 0.000000000000000000e+00
-1.240427684783935547e+01 1.016535663604736328e+01 0.000000000000000000e+00
-5.508234977722167969e+00 -3.900432348251342773e+00 0.000000000000000000e+00
-1.117977619171142578e+00 -6.261906147003173828e+00 0.000000000000000000e+00
-1.230264949798583984e+01 -9.335506439208984375e+00 0.000000000000000000e+00
1.535458183288574219e+01 5.167198657989501953e+00 0.000000000000000000e+00
-6.975559234619140625e+00 -8.275163650512695312e+00 0.000000000000000000e+00
-2.083085775375366211e+00 1.736126136779785156e+01 0.000000000000000000e+00
8.542449951171875000e+00 -1.083418941497802734e+01 0.000000000000000000e+00
-1.676591300964355469e+01 -4.811803817749023438e+00 0.000000000000000000e+00
-1.026187705993652344e+01 7.691486835479736328e+00 0.000000000000000000e+00
-1.523041439056396484e+01 -2.362606287002563477e+00 0.000000000000000000e+00
-1.594909477233886719e+01 4.765381813049316406e+00 0.000000000000000000e+00
1.673863530158996582e+00 -6.609877109527587891e+00 0.000000000000000000e+00
-4.372140407562255859e+00 -1.338428497314453125e+01 0.000000000000000000e+00
-6.525321006774902344e+00 -1.622113990783691406e+01 0.000000000000000000e+00
1.021116828918457031e+01 7.024497985839843750e+00 0.000000000000000000e+00
-6.775683879852294922e+00 -5.210642814636230469e+00 0.000000000000000000e+00
4.092386245727539062e+00 8.020401954650878906e+00 0.000000000000000000e+00
-1.366029548645019531e+01 -1.093738269805908203e+01 0.000000000000000000e+00
9.379878997802734375e+00 3.958814859390258789e+00 0.000000000000000000e+00
-1.159484386444091797e+01 -4.936948299407958984e+00 0.000000000000000000e+00
3.315327405929565430e+00 -1.581249141693115234e+01 0.000000000000000000e+00
3.500985622406005859e+00 -2.787902355194091797e+00 0.000000000000000000e+00
-9.392725944519042969e+00 3.471920728683471680e+00 0.000000000000000000e+00
1.513972282409667969e+01 -7.423114299774169922e+00 0.000000000000000000e+00
1.387133717536926270e+00 1.614167022705078125e+01 0.000000000000000000e+00
1.030817890167236328e+01 5.286303043365478516e+00 0.000000000000000000e+00
4.922712326049804688e+00 5.961072444915771484e+00 0.000000000000000000e+00
-4.119163990020751953e+00 1.157417488098144531e+01 0.000000000000000000e+00
-1.384777307510375977e+00 -1.488882064819335938e+01 0.000000000000000000e+00
2.398854494094848633e+00 -1.117438125610351562e+01 0.000000000000000000e+00
-5.658503532409667969e+00 -1.025152969360351562e+01 0.000000000000000000e+00
1.051935100555419922e+01 1.292098164558410645e+00 0.000000000000000000e+00
2.941751480102539062e+00 -1.271460771560668945e+00 0.000000000000000000e+00
3.644533634185791016e+00 1.877929568290710449e-01 0.000000000000000000e+00
5.645599842071533203e+00 1.627167892456054688e+01 0.000000000000000000e+00
-4.409285068511962891e+00 5.925554752349853516e+00 0.000000000000000000e+00
3.026615142822265625e+00 -1.431926631927490234e+01 0.000000000000000000e+00
-6.237391948699951172e+00 6.846912205219268799e-02 0.000000000000000000e+00
-4.526147842407226562e+00 -5.926534652709960938e+00 0.000000000000000000e+00
1.360631084442138672e+01 5.008963584899902344e+00 0.000000000000000000e+00
1.568461608886718750e+01 7.537167072296142578e+00 0.000000000000000000e+00
1.259950733184814453e+01 -5.674071788787841797e+00 0.000000000000000000e+00
-7.320865154266357422e+00 1.403830909729003906e+01 0.000000000000000000e+00
5.266194343566894531e+00 -3.645265340805053711e+00 0.000000000000000000e+00
7.585615158081054688e+00 2.167112827301025391e+00 0.000000000000000000e+00
1.611481857299804688e+01 -4.035407543182373047e+00 0.000000000000000000e+00
-1.424066638946533203e+01 6.178379535675048828e+00 0.000000000000000000e+00
5.016832351684570312e+00 -1.672154617309570312e+01 0.000000000000000000e+00
1.293799495697021484e+01 -1.123883533477783203e+01 0.000000000000000000e+00
1.967161774635314941e+00 3.809242010116577148e+00 0.000000000000000000e+00
-4.515310004353523254e-02 -1.294915485382080078e+01 0.000000000000000000e+00
2.494822740554809570e+00 -8.280460357666015625e+00 0.000000000000000000e+00
-1.619999313354492188e+01 3.459106087684631348e-01 0.000000000000000000e+00
9.222144126892089844e+00 -1.237443828582763672e+01 0.000000000000000000e+00
1.058535003662109375e+01 -3.886787891387939453e+00 0.000000000000000000e+00
8.256989479064941406e+00 5.488930702209472656e+00 0.000000000000000000e+00
-9.986650943756103516e-01 -6.729574203491210938e-01 0.000000000000000000e+00
1.519282817840576172e+00 7.690238952636718750e+00 0.000000000000000000e+00
-2.989480495452880859e-01 1.199979972839355469e+01 0.000000000000000000e+00
-5.413972735404968262e-01 -1.703679466247558594e+01 0.000000000000000000e+00
9.826387405395507812e+00 -9.673716545104980469e+00 0.000000000000000000e+00
-8.745873451232910156e+00 -8.395983695983886719e+00 0.000000000000000000e+00
-1.413100337982177734e+01 -8.815416336059570312e+00 0.000000000000000000e+00
1.131950378417968750e+01 8.503526687622070312e+00 0.000000000000000000e+00
-1.501933002471923828e+01 8.667373657226562500e+00 0.000000000000000000e+00
-6.195391178131103516e+00 8.078616142272949219e+00 0.000000000000000000e+00
-1.547826290130615234e+01 -6.739298820495605469e+00 0.000000000000000000e+00
-1.631892800331115723e+00 8.849037170410156250e+00 0.000000000000000000e+00
-8.832473754882812500e+00 2.142829298973083496e-01 0.000000000000000000e+00
-1.234352970123291016e+01 -7.693025112152099609e+00 0.000000000000000000e+00
-4.421962797641754150e-01 7.629671573638916016e+00 0.000000000000000000e+00
-6.389126777648925781e+00 1.534541225433349609e+01 0.000000000000000000e+00
-3.284534215927124023e+00 1.984801888465881348e+00 0.000000000000000000e+00
-3.084130287170410156e+00 -1.467161273956298828e+01 0.000000000000000000e+00
1.398041629791259766e+01 9.684792518615722656e+00 0.000000000000000000e+00
1.452321529388427734e+01 -9.198637962341308594e+00 0.000000000000000000e+00
3.420532703399658203e+00 5.691811561584472656e+00 0.000000000000000000e+00
-1.026687908172607422e+01 -5.743562698364257812e+00 0.000000000000000000e+00
-1.321565914154052734e+01 2.539663314819335938e+00 0.000000000000000000e+00
1.072379350662231445e+00 -9.946931838989257812e+00 0.000000000000000000e+00
1.471387100219726562e+01 3.276589393615722656e+00 0.000000000000000000e+00
6.034900188446044922e+00 2.605724573135375977e+00 0.000000000000000000e+00
8.634089469909667969e+00 1.401298809051513672e+01 0.000000000000000000e+00
1.169255256652832031e+01 4.630247116088867188e+00 0.000000000000000000e+00
-1.038096523284912109e+01 1.375618076324462891e+01 0.000000000000000000e+00
9.297330856323242188e+00 1.195154190063476562e+01 0.000000000000000000e+00
-8.396470069885253906e+00 -1.504226875305175781e+01 0.000000000000000000e+00
-1.179474115371704102e+00 -4.292733669281005859e+00 0.000000000000000000e+00
5.389612197875976562e+00 -1.202140235900878906e+01 0.000000000000000000e+00
1.253960800170898438e+01 1.180234241485595703e+01 0.000000000000000000e+00
5.575311660766601562e+00 4.289054870605468750e+00 0.000000000000000000e+00
-1.710876846313476562e+01 3.650624275207519531e+00 0.000000000000000000e+00
-1.183658885955810547e+01 8.335346221923828125e+00 0.000000000000000000e+00
-3.645749568939208984e+00 1.431196403503417969e+01 0.000000000000000000e+00
-1.279006481170654297e+01 1.171264266967773438e+01 0.000000000000000000e+00
1.598811054229736328e+01 -5.974295616149902344e+00 0.000000000000000000e+00
