-5.690649986267089844e+00 -3.699822723865509033e-02 0.000000000000000000e+00
-1.635458183288574219e+01 -4.435208797454833984e+00 0.000000000000000000e+00
2.342965453863143921e-01 -1.008950805664062500e+01 0.000000000000000000e+00
-1.248091125488281250e+01 1.417373180389404297e+00 0.000000000000000000e+00
1.738294219970703125e+01 3.547115921974182129e-01 0.000000000000000000e+00
6.070032715797424316e-01 2.276529312133789062e+00 0.000000000000000000e+00
-1.325637698173522949e+00 3.396080732345581055e-01 0.000000000000000000e+00
-1.267360305786132812e+01 -1.108153438568115234e+01 0.000000000000000000e+00
-1.130356693267822266e+01 2.405480146408081055e+00 0.000000000000000000e+00
6.758900642395019531e+00 7.962420940399169922e+00 0.000000000000000000e+00
-9.790115356445312500e+00 2.739165306091308594e+00 0.000000000000000000e+00
4.531596660614013672e+00 -9.971272468566894531e+00 0.000000000000000000e+00
-6.758794307708740234e+00 -1.222192764282226562e+01 0.000000000000000000e+00
-9.246191978454589844e+00 -3.518107414245605469e+00 0.000000000000000000e+00
3.872405290603637695e-01 1.175194358825683594e+01 0.000000000000000000e+00
-1.763216018676757812e+00 6.173233032226562500e+00 0.000000000000000000e+00
4.365802288055419922e+00 -1.674589538574218750e+01 0.000000000000000000e+00
-8.446278572082519531e-01 -1.267279815673828125e+01 0.000000000000000000e+00
8.766032218933105469e+00 1.883521437644958496e+00 0.000000000000000000e+00
1.049361419677734375e+01 1.189252567291259766e+01 0.000000000000000000e+00
-1.141850566864013672e+01 -3.086009740829467773e+00 0.000000000000000000e+00
-2.861689567565917969e+00 -1.640605545043945312e+01 0.000000000000000000e+00
1.674885559082031250e+01 1.801796555519104004e+00 0.000000000000000000e+00
2.004623174667358398e+00 -1.559359645843505859e+01 0.000000000000000000e+00
5.217856407165527344e+00 -7.168601989746093750e+00 0.000000000000000000e+00
6.055140495300292969e+00 -1.132701969146728516e+01 0.000000000000000000e+00
-1.349091148376464844e+01 3.432690382003784180e+00 0.000000000000000000e+00
1.081845378875732422e+01 6.492241382598876953e+00 0.000000000000000000e+00
-6.691385269165039062e+00 8.587348937988281250e+00 0.000000000000000000e+00
1.602024269104003906e+01 -6.680158138275146484e+00 0.000000000000000000e+00
-7.645199775695800781e+00 -1.534423160552978516e+01 0.000000000000000000e+00
-7.036178588867187500e+00 1.003983497619628906e+00 0.000000000000000000e+00
-1.491413307189941406e+01 -9.950330257415771484e-01 0.000000000000000000e+00
-1.645191383361816406e+01 -2.535990715026855469e+00 0.000000000000000000e+00
1.966770768165588379e+00 -1.729355430603027344e+01 0.000000000000000000e+00
5.506536960601806641e+00 1.434031009674072266e+01 0.000000000000000000e+00
-4.648570060729980469e+00 -4.013724327087402344e+00 0.000000000000000000e+00
3.004533767700195312e+00 1.230938243865966797e+01 0.000000000000000000e+00
-1.006665992736816406e+01 -1.265688991546630859e+01 0.000000000000000000e+00
8.509795188903808594e+00 6.984680175781250000e+00 0.000000000000000000e+00
1.324597597122192383e+00 1.604937553405761719e+01 0.000000000000000000e+00
1.345263195037841797e+01 -8.710765838623046875e+00 0.000000000000000000e+00
6.400231361389160156e+00 3.075901031494140625e+00 0.000000000000000000e+00
-6.058367252349853516e+00 -6.046775817871093750e+00 0.000000000000000000e+00
-1.053208637237548828e+01 -1.105205178260803223e+00 0.000000000000000000e+00
-7.655552029609680176e-01 -8.816541671752929688e+00 0.000000000000000000e+00
4.653222560882568359e+00 1.276937770843505859e+01 0.000000000000000000e+00
7.157220840454101562e+00 1.539773464202880859e+01 0.000000000000000000e+00
-4.480204105377197266e+00 1.043971729278564453e+01 0.000000000000000000e+00
-1.087520599365234375e+01 1.077343273162841797e+01 0.000000000000000000e+00
1.020016384124755859e+01 -9.087919235229492188e+00 0.000000000000000000e+00
1.510121631622314453e+01 -8.198364257812500000e+00 0.000000000000000000e+00
-1.235076045989990234e+01 7.344445705413818359e+00 0.000000000000000000e+00
1.235993289947509766e+01 1.030892372131347656e+01 0.000000000000000000e+00
9.883839607238769531e+00 -1.116802120208740234e+01 0.000000000000000000e+00
-1.026319503784179688e+01 -5.526484489440917969e+00 0.000000000000000000e+00
-8.024286270141601562e+00 1.131027221679687500e+01 0.000000000000000000e+00
-9.767436027526855469e+00 9.317607283592224121e-01 0.000000000000000000e+00
-1.238370895385742188e+00 1.151571273803710938e+01 0.000000000000000000e+00
-9.846019744873046875e+00 -1.032228851318359375e+01 0.000000000000000000e+00
-1.847795605659484863e+00 1.579818534851074219e+01 0.000000000000000000e+00
-3.920230388641357422e+00 2.361404180526733398e+00 0.000000000000000000e+00
1.566560029983520508e+00 1.428770923614501953e+01 0.000000000000000000e+00
7.416091442108154297e+00 -1.475273513793945312e+01 0.000000000000000000e+00
8.484698295593261719e+00 4.806092262268066406e+00 0.000000000000000000e+00
-1.216085076332092285e+00 -6.681927680969238281e+00 0.000000000000000000e+00
-6.496585369110107422e+00 1.053436470031738281e+01 0.000000000000000000e+00
-1.648444747924804688e+01 2.652431726455688477e+00 0.000000000000000000e+00
8.652921676635742188e+00 -3.674462318420410156e+00 0.000000000000000000e+00
-4.013993442058563232e-01 1.385925483703613281e+01 0.000000000000000000e+00
7.250335693359375000e+00 -2.242550849914550781e+00 0.000000000000000000e+00
-9.356337547302246094e+00 1.403497791290283203e+01 0.000000000000000000e+00
-4.076121330261230469e+00 1.632318878173828125e+01 0.000000000000000000e+00
-1.519957351684570312e+01 -7.719542980194091797e+00 0.000000000000000000e+00
-1.110192394256591797e+01 1.306394863128662109e+01 0.000000000000000000e+00
1.234691333770751953e+01 9.389141201972961426e-01 0.000000000000000000e+00
-1.324024009704589844e+01 -9.690082550048828125e+00 0.000000000000000000e+00
2.253920316696166992e+00 8.617788314819335938e+00 0.000000000000000000e+00
-1.436679124832153320e+00 9.251341819763183594e+00 0.000000000000000000e+00
1.210238361358642578e+01 -7.874649047851562500e+00 0.000000000000000000e+00
-9.114889144897460938e+00 6.991982460021972656e+00 0.000000000000000000e+00
-5.096561908721923828e+00 -1.662330818176269531e+01 0.000000000000000000e+00
-1.246074008941650391e+01 9.620636940002441406e+00 0.000000000000000000e+00
1.357179164886474609e+01 -9.096121042966842651e-02 0.000000000000000000e+00
-2.410477638244628906e+00 1.327551078796386719e+01 0.000000000000000000e+00
-8.023688316345214844e+00 5.190601825714111328e+00 0.000000000000000000e+00
7.807828903198242188e+00 -5.584445953369140625e+00 0.000000000000000000e+00
9.132372856140136719e+00 -1.263239192962646484e+01 0.000000000000000000e+00
-9.603535652160644531e+00 9.271465301513671875e+00 0.000000000000000000e+00
1.090962791442871094e+01 -1.340156078338623047e+01 0.000000000000000000e+00
-1.417761993408203125e+01 9.734302520751953125e+00 0.000000000000000000e+00
3.918765783309936523e+00 -1.460208034515380859e+01 0.000000000000000000e+00
-5.957380294799804688e+00 6.057745456695556641e+00 0.000000000000000000e+00
-4.215864181518554688e+00 -4.227238595485687256e-01 0.000000000000000000e+00
-4.195343494415283203e+00 4.335015296936035156e+00 0.000000000000000000e+00
-4.426513195037841797e+00 -8.100684165954589844e+00 0.000000000000000000e+00
5.382730007171630859e+00 -3.272650957107543945e+00 0.000000000000000000e+00
2.869223594665527344e+00 -1.255017185211181641e+01 0.000000000000000000e+00
6.919057369232177734e+00 -7.625866889953613281e+00 0.000000000000000000e+00
1.143770790100097656e+01 -1.478802561759948730e+00 0.000000000000000000e+00
-9.742857813835144043e-01 -4.583377361297607422e+00 0.000000000000000000e+00
3.105291843414306641e+00 7.077095031738281250e+00 0.000000000000000000e+00
1.428310298919677734e+01 -6.491099357604980469e+00 0.000000000000000000e+00
1.386272430419921875e+01 4.443185329437255859e+00 0.000000000000000000e+00
-6.821032047271728516e+00 -2.152144670486450195e+00 0.000000000000000000e+00
1.668087577819824219e+01 4.258526802062988281e+00 0.000000000000000000e+00
1.210538864135742188e+01 -5.932621479034423828e+00 0.000000000000000000e+00
1.511882400512695312e+01 -5.075266361236572266e+00 0.000000000000000000e+00
5.979323863983154297e+00 -1.557925510406494141e+01 0.000000000000000000e+00
2.125942230224609375e+00 1.849036097526550293e+00 0.000000000000000000e+00
1.631036949157714844e+01 -2.194557428359985352e+00 0.000000000000000000e+00
1.857631325721740723e+00 -6.782809734344482422e+00 0.000000000000000000e+00
-1.229068756103515625e+01 -1.466334700584411621e+00 0.000000000000000000e+00
4.846055507659912109e+00 1.621189308166503906e+01 0.000000000000000000e+00
-3.828502655029296875e+00 7.903924942016601562e+00 0.000000000000000000e+00
3.389933824539184570e+00 -7.392629146575927734e+00 0.000000000000000000e+00
8.690391540527343750e+00 -1.125855326652526855e+00 0.000000000000000000e+00
-1.164945316314697266e+01 -6.296521186828613281e+00 0.000000000000000000e+00
1.365193724632263184e+00 -2.134020179510116577e-01 0.000000000000000000e+00
-1.356371688842773438e+01 5.132521629333496094e+00 0.000000000000000000e+00
-9.775373458862304688e+00 -1.429159545898437500e+01 0.000000000000000000e+00
8.786306381225585938e+00 -9.927255630493164062e+00 0.000000000000000000e+00
1.114414215087890625e+01 4.986955642700195312e+00 0.000000000000000000e+00
1.017385387420654297e+01 -5.207917690277099609e+00 0.000000000000000000e+00
1.300161266326904297e+01 -1.159741687774658203e+01 0.000000000000000000e+00
1.421534824371337891e+01 2.535548686981201172e+00 0.000000000000000000e+00
1.412498474121093750e+01 9.516457557678222656e+00 0.000000000000000000e+00
2.589722394943237305e+00 5.373363018035888672e+00 0.000000000000000000e+00
-1.947926640510559082e+00 -1.012814521789550781e+01 0.000000000000000000e+00
1.153469276428222656e+01 8.215858459472656250e+00 0.000000000000000000e+00
-8.512726783752441406e+00 -1.147044658660888672e+01 0.000000000000000000e+00
-9.845967292785644531e+00 -8.606163978576660156e+00 0.000000000000000000e+00
8.892354965209960938e+00 1.072474384307861328e+01 0.000000000000000000e+00
1.159306240081787109e+01 -1.027054119110107422e+01 0.000000000000000000e+00
-8.383577346801757812e+00 3.595299959182739258e+00 0.000000000000000000e+00
5.884823322296142578e+00 9.482384681701660156e+00 0.000000000000000000e+00
4.563688755035400391e+00 5.710704803466796875e+00 0.000000000000000000e+00
1.542826294898986816e+00 -1.163809299468994141e+01 0.000000000000000000e+00
-6.435521602630615234e+00 -3.987734079360961914e+00 0.000000000000000000e+00
3.423238754272460938e+00 -5.602561950683593750e+00 0.000000000000000000e+00
5.144913673400878906e+00 9.467862844467163086e-01 0.000000000000000000e+00
-8.152778625488281250e+00 -1.319820880889892578e+01 0.000000000000000000e+00
1.213145732879638672e+01 1.249449920654296875e+01 0.000000000000000000e+00
1.271048450469970703e+01 -2.984732151031494141e+00 0.000000000000000000e+00
1.573877143859863281e+01 6.077863693237304688e+00 0.000000000000000000e+00
-8.247843742370605469e+00 -1.177754759788513184e+00 0.000000000000000000e+00
-1.427501010894775391e+01 -5.226645469665527344e+00 0.000000000000000000e+00
-9.576819539070129395e-01 -1.564367008209228516e+01 0.000000000000000000e+00
6.187544345855712891e+00 -4.115608334541320801e-01 0.000000000000000000e+00
1.010218715667724609e+01 9.260809898376464844e+00 0.000000000000000000e+00
1.015112781524658203e+01 8.040778636932373047e-01 0.000000000000000000e+00
1.393035507202148438e+01 6.282663822174072266e+00 0.000000000000000000e+00
-1.237978172302246094e+01 -8.372808456420898438e+00 0.000000000000000000e+00
-1.129302787780761719e+01 4.868149757385253906e+00 0.000000000000000000e+00
-1.964507222175598145e+00 -1.424654006958007812e+01 0.000000000000000000e+00
-7.551019668579101562e+00 1.521098041534423828e+01 0.000000000000000000e+00
3.101533651351928711e+00 -9.017297744750976562e+00 0.000000000000000000e+00
-1.994510531425476074e+00 1.735670089721679688e+01 0.000000000000000000e+00
-2.747355222702026367e+00 1.028178501129150391e+01 0.000000000000000000e+00
2.268380641937255859e+00 -2.605974674224853516e+00 0.000000000000000000e+00
-6.154062747955322266e+00 -7.809089660644531250e+00 0.000000000000000000e+00
3.614469766616821289e+00 3.964183568954467773e+00 0.000000000000000000e+00
5.823170661926269531e+00 4.678235054016113281e+00 0.000000000000000000e+00
-2.089307308197021484e+00 4.469940662384033203e+00 0.000000000000000000e+00
-4.636225223541259766e+00 1.311318492889404297e+01 0.000000000000000000e+00
-6.223412990570068359e+00 1.428651237487792969e+01 0.000000000000000000e+00
6.806998729705810547e+00 1.331558704376220703e+00 0.000000000000000000e+00
7.664939761161804199e-01 -1.453002548217773438e+01 0.000000000000000000e+00
5.300525665283203125e+00 7.236002922058105469e+00 0.000000000000000000e+00
1.641610336303710938e+01 -3.968741655349731445e+00 0.000000000000000000e+00
-2.455853939056396484e+00 -3.821325063705444336e+00 0.000000000000000000e+00
-3.331834077835083008e+00 1.478958988189697266e+01 0.000000000000000000e+00
-1.506814765930175781e+01 7.366261482238769531e+00 0.000000000000000000e+00
-2.072331160306930542e-01 -8.413726687431335449e-01 0.000000000000000000e+00
6.225272178649902344e+00 -4.525801658630371094e+00 0.000000000000000000e+00
-5.565211772918701172e+00 1.579758262634277344e+01 0.000000000000000000e+00
-4.717234134674072266e+00 -1.228197669982910156e+01 0.000000000000000000e+00
4.054656982421875000e+00 1.063703918457031250e+01 0.000000000000000000e+00
5.072193622589111328e+00 -1.339833736419677734e+01 0.000000000000000000e+00
5.694587707519531250e+00 1.134849739074707031e+01 0.000000000000000000e+00
7.104011535644531250e+00 1.328586483001708984e+01 0.000000000000000000e+00
-1.419591140747070312e+01 -3.596436023712158203e+00 0.000000000000000000e+00
3.752050161361694336e+00 8.441656112670898438e+00 0.000000000000000000e+00
-3.177188873291015625e+00 -1.262526798248291016e+01 0.000000000000000000e+00
5.835964083671569824e-01 -7.938178539276123047e+00 0.000000000000000000e+00
-3.483673810958862305e+00 -5.835932731628417969e+00 0.000000000000000000e+00
3.846472203731536865e-01 7.280097961425781250e+00 0.000000000000000000e+00
-1.613257408142089844e+00 -2.379403591156005859e+00 0.000000000000000000e+00
3.631204366683959961e+00 1.468363952636718750e+01 0.000000000000000000e+00
-2.247272014617919922e+00 -8.483999967575073242e-01 0.000000000000000000e+00
-8.080753326416015625e+00 -5.798607349395751953e+00 0.000000000000000000e+00
1.195914745330810547e-01 -1.676428031921386719e+01 0.000000000000000000e+00
1.129516139626502991e-01 5.242419719696044922e+00 0.000000000000000000e+00
9.680956840515136719e+00 -6.674683570861816406e+00 0.000000000000000000e+00
1.514914870262145996e+00 3.689460754394531250e+00 0.000000000000000000e+00
3.111052274703979492e+00 -8.512966036796569824e-01 0.000000000000000000e+00
-1.549908161163330078e+00 2.778375148773193359e+00 0.000000000000000000e+00
2.820638418197631836e-01 -6.058665275573730469e+00 0.000000000000000000e+00
-6.091859817504882812e+00 -1.467852497100830078e+01 0.000000000000000000e+00
1.073492240905761719e+01 2.893612861633300781e+00 0.000000000000000000e+00
-1.066557788848876953e+01 6.231803417205810547e+00 0.000000000000000000e+00
7.670378684997558594e-01 -4.374700546264648438e+00 0.000000000000000000e+00
1.058088970184326172e+01 -3.500358104705810547e+00 0.000000000000000000e+00
-1.511381149291992188e+01 5.403756618499755859e+00 0.000000000000000000e+00
7.331748008728027344e+00 -1.252806282043457031e+01 0.000000000000000000e+00
-1.615452575683593750e+01 4.139526844024658203e+00 0.000000000000000000e+00
-7.431433677673339844e+00 6.849186420440673828e+00 0.000000000000000000e+00
-1.482467937469482422e+01 2.291458606719970703e+00 0.000000000000000000e+00
-3.954215764999389648e+00 -1.034179496765136719e+01 0.000000000000000000e+00
-6.679895877838134766e+00 3.346913814544677734e+00 0.000000000000000000e+00
-7.444038867950439453e+00 -8.920577049255371094e+00 0.000000000000000000e+00
1.425003814697265625e+01 -1.646294236183166504e+00 0.000000000000000000e+00
-5.899943351745605469e+00 -9.907876968383789062e+00 0.000000000000000000e+00
1.577000904083251953e+01 3.500261604785919189e-01 0.000000000000000000e+00
-1.287796497344970703e+01 -4.327249050140380859e+00 0.000000000000000000e+00
-3.390191078186035156e+00 -2.000540494918823242e+00 0.000000000000000000e+00
-4.113301277160644531e+00 -1.478649234771728516e+01 0.000000000000000000e+00
-1.605039024353027344e+01 3.564551174640655518e-01 0.000000000000000000e+00
3.769977807998657227e+00 1.722916483879089355e+00 0.000000000000000000e+00
3.817994594573974609e+00 -3.605556249618530273e+00 0.000000000000000000e+00
7.761710166931152344e+00 1.184326457977294922e+01 0.000000000000000000e+00
-9.848391532897949219e+00 -7.031253337860107422e+00 0.000000000000000000e+00
-1.082671546936035156e+01 8.008714675903320312e+00 0.000000000000000000e+00
-1.742136573791503906e+01 1.274424552917480469e+00 0.000000000000000000e+00
2.280299901962280273e+00 1.039825439453125000e+01 0.000000000000000000e+00
1.334925556182861328e+01 -4.363923072814941406e+00 0.000000000000000000e+00
-1.623319435119628906e+01 -6.046009063720703125e+00 0.000000000000000000e+00
8.921924591064453125e+00 1.501940727233886719e+01 0.000000000000000000e+00
6.957848072052001953e+00 5.853863716125488281e+00 0.000000000000000000e+00
-6.605211257934570312e+00 1.225746059417724609e+01 0.000000000000000000e+00
3.220813751220703125e+00 1.691796684265136719e+01 0.000000000000000000e+00
7.245096206665039062e+00 -9.564602851867675781e+00 0.000000000000000000e+00
-3.574537515640258789e+00 6.338011741638183594e+00 0.000000000000000000e+00
1.505584049224853516e+01 -3.290242433547973633e+00 0.000000000000000000e+00
-5.167407035827636719e+00 -2.575621604919433594e+00 0.000000000000000000e+00
2.392620325088500977e+00 -1.413995552062988281e+01 0.000000000000000000e+00
4.626119613647460938e+00 -1.185535049438476562e+01 0.000000000000000000e+00
-2.611886739730834961e+00 -8.568824768066406250e+00 0.000000000000000000e+00
1.475321578979492188e+01 8.062635421752929688e+00 0.000000000000000000e+00
-9.801897048950195312e+00 4.441518306732177734e+00 0.000000000000000000e+00
-8.343036651611328125e+00 2.060177564620971680e+00 0.000000000000000000e+00
1.090254402160644531e+01 1.344173336029052734e+01 0.000000000000000000e+00
7.501363277435302734e+00 9.584939956665039062e+00 0.000000000000000000e+00
4.502515792846679688e+00 -1.872305750846862793e+00 0.000000000000000000e+00
2.297026664018630981e-01 8.917804718017578125e+00 0.000000000000000000e+00
-2.816533803939819336e+00 1.229049563407897949e+00 0.000000000000000000e+00
-8.157069206237792969e+00 1.305718898773193359e+01 0.000000000000000000e+00
-9.782270431518554688e+00 1.218292522430419922e+01 0.000000000000000000e+00
-1.309929561614990234e+01 1.127802085876464844e+01 0.000000000000000000e+00
-5.420138359069824219e+00 1.472308635711669922e+00 0.000000000000000000e+00
-8.275579452514648438e+00 -7.312659263610839844e+00 0.000000000000000000e+00
9.083452224731445312e+00 -1.453011894226074219e+01 0.000000000000000000e+00
1.228717708587646484e+01 6.863255977630615234e+00 0.000000000000000000e+00
-1.384173870086669922e+01 -6.978579521179199219e+00 0.000000000000000000e+00
-1.390678501129150391e+01 2.201006114482879639e-01 0.000000000000000000e+00
1.250985336303710938e+01 3.237718105316162109e+00 0.000000000000000000e+00
