-9.357812881469726562e+00 -1.002435874938964844e+01 0.000000000000000000e+00
-5.995552539825439453e+00 4.256666183471679688e+00 0.000000000000000000e+00
3.473182916641235352e+00 8.820022583007812500e+00 0.000000000000000000e+00
2.642756104469299316e-01 -1.529174900054931641e+01 0.000000000000000000e+00
-6.049088478088378906e+00 -1.387910366058349609e+01 0.000000000000000000e+00
7.321671962738037109e+00 -9.230388641357421875e+00 0.000000000000000000e+00
-9.532814979553222656e+00 -8.394663810729980469e+00 0.000000000000000000e+00
1.656404304504394531e+01 -6.374459862709045410e-01 0.000000000000000000e+00
6.638542652130126953e+00 1.300660037994384766e+01 0.000000000000000000e+00
-1.390484213829040527e+00 -1.702039003372192383e+00 0.000000000000000000e+00
2.785383462905883789e+00 6.827893733978271484e+00 0.000000000000000000e+00
1.114779567718505859e+01 2.435535192489624023e+00 0.000000000000000000e+00
2.762941598892211914e+00 1.603536605834960938e+01 0.000000000000000000e+00
-6.573023796081542969e+00 1.133747959136962891e+01 0.000000000000000000e+00
-5.976181507110595703e+00 -8.397044181823730469e+00 0.000000000000000000e+00
5.997209072113037109e+00 -1.277196788787841797e+01 0.000000000000000000e+00
-1.060548782348632812e+01 1.160443592071533203e+01 0.000000000000000000e+00
1.524233967065811157e-01 -1.092244625091552734e+01 0.000000000000000000e+00
-4.176733970642089844e+00 7.817913055419921875e+00 0.000000000000000000e+00
-1.322291731834411621e+00 7.909439086914062500e+00 0.000000000000000000e+00
-1.903063416481018066e+00 -1.231488418579101562e+01 0.000000000000000000e+00
1.521999835968017578e+01 1.740004181861877441e+00 0.000000000000000000e+00
1.054432392120361328e+01 1.213630771636962891e+01 0.000000000000000000e+00
-2.050111055374145508e+00 9.253856658935546875e+00 0.000000000000000000e+00
-1.065027141571044922e+01 -2.169094234704971313e-01 0.000000000000000000e+00
9.065207481384277344e+00 7.892016887664794922e+00 0.000000000000000000e+00
1.171493530273437500e+01 -8.502733230590820312e+00 0.000000000000000000e+00
9.366192668676376343e-02 -1.683341026306152344e+01 0.000000000000000000e+00
-7.226546287536621094e+00 5.334763050079345703e+00 0.000000000000000000e+00
-6.038722038269042969e+00 6.466100692749023438e+00 0.000000000000000000e+00
-1.014206504821777344e+01 -1.979739904403686523e+00 0.000000000000000000e+00
-1.040376663208007812e+01 1.393433213233947754e+00 0.000000000000000000e+00
4.465679168701171875e+00 -1.265407562255859375e+01 0.000000000000000000e+00
-1.120359134674072266e+01 9.038237571716308594e+00 0.000000000000000000e+00
-5.558883190155029297e+00 1.277449417114257812e+01 0.000000000000000000e+00
-1.539785957336425781e+01 6.673218011856079102e-01 0.000000000000000000e+00
-6.390994548797607422e+00 1.563819980621337891e+01 0.000000000000000000e+00
1.446723270416259766e+01 -6.050061225891113281e+00 0.000000000000000000e+00
-8.148716926574707031e+00 -2.389784812927246094e+00 0.000000000000000000e+00
5.583699226379394531e+00 3.246498107910156250e-01 0.000000000000000000e+00
1.114870166778564453e+01 8.403596878051757812e+00 0.000000000000000000e+00
-4.642106056213378906e+00 -7.327825069427490234e+00 0.000000000000000000e+00
7.490189671516418457e-01 9.957283020019531250e+00 0.000000000000000000e+00
-1.390960693359375000e+01 -7.768242835998535156e+00 0.000000000000000000e+00
6.557366847991943359e+00 -1.542747402191162109e+01 0.000000000000000000e+00
8.635776519775390625e+00 -4.882686614990234375e+00 0.000000000000000000e+00
-3.805982589721679688e+00 -3.713586568832397461e+00 0.000000000000000000e+00
-2.927759170532226562e+00 6.885365962982177734e+00 0.000000000000000000e+00
4.432512283325195312e+00 -1.099905967712402344e+00 0.000000000000000000e+00
3.705258607864379883e+00 -3.247957944869995117e+00 0.000000000000000000e+00
-7.606934547424316406e+00 1.744554519653320312e+00 0.000000000000000000e+00
1.540042591094970703e+01 3.383066177368164062e+00 0.000000000000000000e+00
-1.682101249694824219e+01 -3.528696537017822266e+00 0.000000000000000000e+00
9.856419563293457031e+00 5.893719196319580078e-01 0.000000000000000000e+00
6.470736980438232422e+00 -2.174717187881469727e+00 0.000000000000000000e+00
-8.005331993103027344e+00 6.625464916229248047e+00 0.000000000000000000e+00
3.448815822601318359e+00 4.829738140106201172e+00 0.000000000000000000e+00
-1.414254951477050781e+01 -5.367693424224853516e+00 0.000000000000000000e+00
-6.574352741241455078e+00 -2.461254119873046875e+00 0.000000000000000000e+00
8.588074684143066406e+00 5.085325717926025391e+00 0.000000000000000000e+00
3.078785181045532227e+00 -9.040410041809082031e+00 0.000000000000000000e+00
-1.276840782165527344e+01 3.770828485488891602e+00 0.000000000000000000e+00
-1.601490139961242676e+00 -6.671321392059326172e+00 0.000000000000000000e+00
9.842786788940429688e+00 -1.426702117919921875e+01 0.000000000000000000e+00
5.839877605438232422e+00 6.222301959991455078e+00 0.000000000000000000e+00
-7.655823230743408203e+00 -4.873396873474121094e+00 0.000000000000000000e+00
-3.163780450820922852e+00 1.715942174196243286e-01 0.000000000000000000e+00
-7.397063255310058594e+00 -1.220151615142822266e+01 0.000000000000000000e+00
-1.272911739349365234e+01 -3.900238752365112305e+00 0.000000000000000000e+00
-1.020281887054443359e+01 -6.781631946563720703e+00 0.000000000000000000e+00
-1.629584884643554688e+01 6.256762504577636719e+00 0.000000000000000000e+00
-7.848427295684814453e+00 -1.056984806060791016e+01 0.000000000000000000e+00
-1.169048595428466797e+01 5.843765735626220703e+00 0.000000000000000000e+00
1.664115905761718750e+00 1.230660724639892578e+01 0.000000000000000000e+00
1.492235946655273438e+01 8.607375144958496094e+00 0.000000000000000000e+00
-1.477115154266357422e+01 8.786284446716308594e+00 0.000000000000000000e+00
1.424724197387695312e+01 -8.827225685119628906e+00 0.000000000000000000e+00
-5.531866073608398438e+00 -1.061389350891113281e+01 0.000000000000000000e+00
-3.807715415954589844e+00 -1.174794197082519531e+01 0.000000000000000000e+00
-1.185739231109619141e+01 2.500918865203857422e+00 0.000000000000000000e+00
-1.235098171234130859e+01 -7.067116260528564453e+00 0.000000000000000000e+00
5.986436367034912109e+00 9.869277954101562500e+00 0.000000000000000000e+00
-1.019104003906250000e+01 3.946942567825317383e+00 0.000000000000000000e+00
-8.810813426971435547e-01 3.493560075759887695e+00 0.000000000000000000e+00
8.257499694824218750e+00 -1.733903527259826660e+00 0.000000000000000000e+00
-6.681063175201416016e+00 9.367429733276367188e+00 0.000000000000000000e+00
-1.710426521301269531e+01 3.153823614120483398e+00 0.000000000000000000e+00
-1.148725891113281250e+01 -9.006322860717773438e+00 0.000000000000000000e+00
-2.172205448150634766e+00 -1.531728363037109375e+01 0.000000000000000000e+00
2.460536003112792969e+00 -4.193210124969482422e+00 0.000000000000000000e+00
-5.083072662353515625e+00 1.452068614959716797e+01 0.000000000000000000e+00
7.590091228485107422e+00 -3.557303905487060547e+00 0.000000000000000000e+00
1.206283950805664062e+01 -1.048555731773376465e+00 0.000000000000000000e+00
-2.557894706726074219e+00 1.779364585876464844e+00 0.000000000000000000e+00
3.587698698043823242e+00 -1.655081367492675781e+01 0.000000000000000000e+00
-5.484081268310546875e+00 -1.532878017425537109e+01 0.000000000000000000e+00
1.610988998413085938e+01 -4.802542686462402344e+00 0.000000000000000000e+00
-1.197564125061035156e+00 1.712407302856445312e+01 0.000000000000000000e+00
4.063642978668212891e+00 1.346531867980957031e+01 0.000000000000000000e+00
-2.628675401210784912e-01 -5.317147731781005859e+00 0.000000000000000000e+00
1.296547031402587891e+01 -2.580041646957397461e+00 0.000000000000000000e+00
1.189213657379150391e+01 4.065539836883544922e+00 0.000000000000000000e+00
-8.994125366210937500e+00 1.178081417083740234e+01 0.000000000000000000e+00
6.754340648651123047e+00 1.456653881072998047e+01 0.000000000000000000e+00
2.735971212387084961e+00 -1.382646369934082031e+01 0.000000000000000000e+00
8.360283851623535156e+00 3.360218524932861328e+00 0.000000000000000000e+00
8.049062728881835938e+00 -1.407696342468261719e+01 0.000000000000000000e+00
-4.063766956329345703e+00 2.054734706878662109e+00 0.000000000000000000e+00
-1.494870471954345703e+01 2.775009155273437500e+00 0.000000000000000000e+00
-3.311136484146118164e+00 -9.718991279602050781e+00 0.000000000000000000e+00
1.226023197174072266e+00 1.554995441436767578e+01 0.000000000000000000e+00
-3.634012937545776367e+00 -1.371967697143554688e+01 0.000000000000000000e+00
-1.711096525192260742e+00 -9.498007774353027344e+00 0.000000000000000000e+00
7.834014892578125000e+00 1.317468762397766113e+00 0.000000000000000000e+00
7.499680995941162109e+00 1.010364913940429688e+01 0.000000000000000000e+00
-6.032362937927246094e+00 8.701747059822082520e-01 0.000000000000000000e+00
1.647593688964843750e+01 5.020153999328613281e+00 0.000000000000000000e+00
-1.312674903869628906e+01 1.074100112915039062e+01 0.000000000000000000e+00
6.455591201782226562e+00 -7.376766681671142578e+00 0.000000000000000000e+00
4.989148616790771484e+00 -8.270801544189453125e+00 0.000000000000000000e+00
5.316071033477783203e+00 1.219252109527587891e+01 0.000000000000000000e+00
2.035392999649047852e+00 3.819297254085540771e-01 0.000000000000000000e+00
-1.453532886505126953e+01 6.115748882293701172e+00 0.000000000000000000e+00
-8.292657852172851562e+00 3.412023067474365234e+00 0.000000000000000000e+00
-5.378518581390380859e+00 -5.423400402069091797e-01 0.000000000000000000e+00
-1.250642395019531250e+01 1.212978267669677734e+01 0.000000000000000000e+00
1.256809139251708984e+01 -6.949261188507080078e+00 0.000000000000000000e+00
9.188856124877929688e+00 -1.280554962158203125e+01 0.000000000000000000e+00
1.248455619812011719e+01 1.661301970481872559e+00 0.000000000000000000e+00
3.344139158725738525e-01 5.719061374664306641e+00 0.000000000000000000e+00
1.521118068695068359e+01 -2.307133197784423828e+00 0.000000000000000000e+00
5.129895210266113281e+00 -1.041728210449218750e+01 0.000000000000000000e+00
1.591287708282470703e+01 7.254764080047607422e+00 0.000000000000000000e+00
5.280513763427734375e+00 1.550185298919677734e+01 0.000000000000000000e+00
-1.357535934448242188e+01 7.419474601745605469e+00 0.000000000000000000e+00
2.389311552047729492e+00 -1.157550144195556641e+01 0.000000000000000000e+00
1.396954917907714844e+01 5.201521396636962891e+00 0.000000000000000000e+00
-8.586656570434570312e+00 -1.488225269317626953e+01 0.000000000000000000e+00
9.601744651794433594e+00 -3.217668294906616211e+00 0.000000000000000000e+00
-1.762208819389343262e+00 1.317947006225585938e+01 0.000000000000000000e+00
5.602978706359863281e+00 2.871124505996704102e+00 0.000000000000000000e+00
1.179923152923583984e+01 -5.334576606750488281e+00 0.000000000000000000e+00
1.364916515350341797e+01 7.195231437683105469e+00 0.000000000000000000e+00
9.708815574645996094e+00 -1.083459472656250000e+01 0.000000000000000000e+00
-4.126274585723876953e+00 9.343161582946777344e+00 0.000000000000000000e+00
-1.209587764739990234e+01 6.257690787315368652e-01 0.000000000000000000e+00
5.042967319488525391e+00 -1.528752899169921875e+01 0.000000000000000000e+00
-1.342034721374511719e+01 -1.084403038024902344e+01 0.000000000000000000e+00
-1.000820446014404297e+01 5.550957202911376953e+00 0.000000000000000000e+00
8.992194175720214844e+00 -9.206928253173828125e+00 0.000000000000000000e+00
1.014287948608398438e+00 -6.879585266113281250e+00 0.000000000000000000e+00
-3.045743227005004883e+00 4.905000209808349609e+00 0.000000000000000000e+00
-7.893665313720703125e+00 1.489818191528320312e+01 0.000000000000000000e+00
-9.389706611633300781e+00 -4.595526218414306641e+00 0.000000000000000000e+00
8.385912775993347168e-01 -1.249195575714111328e+01 0.000000000000000000e+00
-1.728310966491699219e+01 -5.940738320350646973e-01 0.000000000000000000e+00
-1.619149971008300781e+01 4.559285163879394531e+00 0.000000000000000000e+00
1.067216873168945312e+01 5.668539524078369141e+00 0.000000000000000000e+00
-4.225837707519531250e+00 -2.150277614593505859e+00 0.000000000000000000e+00
-2.810587644577026367e+00 -5.290018081665039062e+00 0.000000000000000000e+00
1.347828292846679688e+01 -2.844113409519195557e-01 0.000000000000000000e+00
3.816704273223876953e+00 -5.387213230133056641e+00 0.000000000000000000e+00
3.487086296081542969e+00 1.193143558502197266e+01 0.000000000000000000e+00
2.309216499328613281e+00 -1.532149314880371094e+01 0.000000000000000000e+00
5.214701175689697266e+00 -3.777118921279907227e+00 0.000000000000000000e+00
9.316025733947753906e+00 1.008486557006835938e+01 0.000000000000000000e+00
-8.950091361999511719e+00 5.907310247421264648e-01 0.000000000000000000e+00
-1.718818664550781250e+00 -1.730749702453613281e+01 0.000000000000000000e+00
1.300499916076660156e+01 -1.014914131164550781e+01 0.000000000000000000e+00
6.836349368095397949e-01 -9.234087944030761719e+00 0.000000000000000000e+00
5.775681018829345703e+00 -5.222914218902587891e+00 0.000000000000000000e+00
-5.438013553619384766e+00 -5.737992763519287109e+00 0.000000000000000000e+00
-1.211907672882080078e+01 -1.208986949920654297e+01 0.000000000000000000e+00
-1.441744327545166016e+01 -1.882880210876464844e+00 0.000000000000000000e+00
1.342916131019592285e+00 -1.660977959632873535e+00 0.000000000000000000e+00
-1.633980751037597656e+00 5.497024059295654297e+00 0.000000000000000000e+00
8.415703773498535156e+00 -7.431522369384765625e+00 0.000000000000000000e+00
-2.386218547821044922e+00 1.501074790954589844e+01 0.000000000000000000e+00
-7.037959575653076172e+00 -4.407120048999786377e-01 0.000000000000000000e+00
-5.119311809539794922e+00 1.094782924652099609e+01 0.000000000000000000e+00
-1.372192001342773438e+01 1.878726929426193237e-01 0.000000000000000000e+00
-2.789685726165771484e+00 -7.814833164215087891e+00 0.000000000000000000e+00
-1.064247035980224609e+01 7.515786170959472656e+00 0.000000000000000000e+00
-3.476914882659912109e+00 1.658416366577148438e+01 0.000000000000000000e+00
7.737968921661376953e+00 6.394179344177246094e+00 0.000000000000000000e+00
1.718604660034179688e+01 2.273520946502685547e+00 0.000000000000000000e+00
-3.223400592803955078e+00 1.102606296539306641e+01 0.000000000000000000e+00
7.008921623229980469e+00 -1.111883449554443359e+01 0.000000000000000000e+00
-8.579435348510742188e+00 9.636968612670898438e+00 0.000000000000000000e+00
-6.960486888885498047e+00 -6.496365070343017578e+00 0.000000000000000000e+00
1.343098545074462891e+01 -4.705256938934326172e+00 0.000000000000000000e+00
-3.815857768058776855e-01 -1.367191600799560547e+01 0.000000000000000000e+00
1.526733398437500000e+00 3.159865617752075195e+00 0.000000000000000000e+00
7.093862533569335938e+00 4.922306537628173828e+00 0.000000000000000000e+00
8.309395790100097656e+00 1.393319511413574219e+01 0.000000000000000000e+00
-2.947808206081390381e-01 -8.084089279174804688e+00 0.000000000000000000e+00
-1.027320098876953125e+01 -1.257841300964355469e+01 0.000000000000000000e+00
1.650692367553710938e+01 -3.179102420806884766e+00 0.000000000000000000e+00
1.166907310485839844e+01 -1.186460399627685547e+01 0.000000000000000000e+00
1.165822410583496094e+01 6.874738693237304688e+00 0.000000000000000000e+00
-1.525260925292968750e+01 -6.803556919097900391e+00 0.000000000000000000e+00
6.813966631889343262e-01 -2.770279347896575928e-01 0.000000000000000000e+00
1.186733841896057129e+00 1.398171615600585938e+01 0.000000000000000000e+00
1.304614734649658203e+01 1.074099159240722656e+01 0.000000000000000000e+00
9.904689788818359375e+00 -7.152963638305664062e+00 0.000000000000000000e+00
6.706345558166503906e+00 1.137781333923339844e+01 0.000000000000000000e+00
1.116815757751464844e+01 1.019082355499267578e+01 0.000000000000000000e+00
-5.683823108673095703e+00 2.421411991119384766e+00 0.000000000000000000e+00
-7.593380928039550781e+00 -8.821604728698730469e+00 0.000000000000000000e+00
9.278925895690917969e+00 2.056876420974731445e+00 0.000000000000000000e+00
1.341233921051025391e+01 9.125333786010742188e+00 0.000000000000000000e+00
-3.200339555740356445e+00 3.325788974761962891e+00 0.000000000000000000e+00
1.025452041625976562e+01 -5.369258403778076172e+00 0.000000000000000000e+00
-1.510163307189941406e+00 1.095083427429199219e+01 0.000000000000000000e+00
2.456762075424194336e+00 -7.331890106201171875e+00 0.000000000000000000e+00
1.017576313018798828e+01 1.409230709075927734e+01 0.000000000000000000e+00
6.806745529174804688e+00 8.592614173889160156e+00 0.000000000000000000e+00
1.079758548736572266e+01 -2.001571655273437500e+00 0.000000000000000000e+00
-1.001273536682128906e+01 1.415928173065185547e+01 0.000000000000000000e+00
-1.938359379768371582e+00 -3.679745435714721680e+00 0.000000000000000000e+00
-1.517424869537353516e+01 -4.074801921844482422e+00 0.000000000000000000e+00
3.847667694091796875e+00 1.444484949111938477e+00 0.000000000000000000e+00
8.102684020996093750e-01 -3.593305110931396484e+00 0.000000000000000000e+00
-4.455999851226806641e+00 5.463485240936279297e+00 0.000000000000000000e+00
-1.168256568908691406e+01 -2.472466945648193359e+00 0.000000000000000000e+00
1.136878299713134766e+01 -9.985969543457031250e+00 0.000000000000000000e+00
-8.658660888671875000e+00 -6.132329463958740234e+00 0.000000000000000000e+00
-5.317541599273681641e+00 -3.495754480361938477e+00 0.000000000000000000e+00
4.423440456390380859e+00 1.057532024383544922e+01 0.000000000000000000e+00
-1.342664241790771484e+01 2.085391283035278320e+00 0.000000000000000000e+00
2.447250366210937500e+00 1.018115425109863281e+01 0.000000000000000000e+00
-1.661068916320800781e+01 -5.044161796569824219e+00 0.000000000000000000e+00
-5.002826690673828125e+00 1.666646957397460938e+01 0.000000000000000000e+00
8.683406829833984375e+00 1.208952522277832031e+01 0.000000000000000000e+00
2.662713825702667236e-01 8.367525100708007812e+00 0.000000000000000000e+00
1.104996681213378906e+01 -3.996590614318847656e+00 0.000000000000000000e+00
1.280583739280700684e+00 1.727043533325195312e+01 0.000000000000000000e+00
1.592051696777343750e+01 -6.583063125610351562e+00 0.000000000000000000e+00
7.411249637603759766e+00 -6.138249874114990234e+00 0.000000000000000000e+00
5.461006984114646912e-02 1.822093963623046875e+00 0.000000000000000000e+00
1.035592651367187500e+01 3.845373153686523438e+00 0.000000000000000000e+00
-1.183276367187500000e+01 -1.047404479980468750e+01 0.000000000000000000e+00
-3.907364130020141602e+00 -1.521543979644775391e+01 0.000000000000000000e+00
-5.317708015441894531e+00 -1.230496597290039062e+01 0.000000000000000000e+00
-6.792370080947875977e-01 4.185080230236053467e-01 0.000000000000000000e+00
-2.922566235065460205e-01 1.252070236206054688e+01 0.000000000000000000e+00
-9.080841064453125000e+00 -1.154469776153564453e+01 0.000000000000000000e+00
1.378748130798339844e+01 3.666486501693725586e+00 0.000000000000000000e+00
-1.417195224761962891e+01 -9.267766952514648438e+00 0.000000000000000000e+00
-1.666044425964355469e+01 1.596772432327270508e+00 0.000000000000000000e+00
5.115895271301269531e+00 7.942678928375244141e+00 0.000000000000000000e+00
-1.591957855224609375e+01 -1.298425078392028809e+00 0.000000000000000000e+00
7.712026119232177734e+00 -2.408050149679183960e-01 0.000000000000000000e+00
-7.361859321594238281e+00 1.271242904663085938e+01 0.000000000000000000e+00
-3.450597524642944336e+00 -1.693255424499511719e+01 0.000000000000000000e+00
5.507722377777099609e+00 4.452233314514160156e+00 0.000000000000000000e+00
