-2.440828586200422201e+00 1.036149512757134961e+00
-1.281835886547903147e+00 1.504375870571563967e+00
-1.228431868953840933e-01 1.972602228385993195e+00
1.036149512757134961e+00 2.440828586200422201e+00
-1.972602228385993195e+00 -1.228431868953840933e-01
-8.136095287334741410e-01 3.453831709190449684e-01
3.453831709190449684e-01 8.136095287334741410e-01
1.504375870571563967e+00 1.281835886547903147e+00
-1.504375870571563967e+00 -1.281835886547903147e+00
-3.453831709190449684e-01 -8.136095287334741410e-01
8.136095287334741410e-01 -3.453831709190449684e-01
1.972602228385993195e+00 1.228431868953840933e-01
-1.036149512757134961e+00 -2.440828586200422201e+00
1.228431868953840933e-01 -1.972602228385993195e+00
1.281835886547903147e+00 -1.504375870571563967e+00
2.440828586200422201e+00 -1.036149512757134961e+00
