3.858966350555419922e+00 1.470292854309082031e+01 0.000000000000000000e+00
-1.096170616149902344e+01 2.691343545913696289e+00 0.000000000000000000e+00
9.104390144348144531e+00 -3.365243673324584961e+00 0.000000000000000000e+00
-6.600789546966552734e+00 -8.871504783630371094e+00 0.000000000000000000e+00
-1.204192638397216797e+01 -2.225702285766601562e+00 0.000000000000000000e+00
4.932317435741424561e-01 1.174289131164550781e+01 0.000000000000000000e+00
9.125164985656738281e+00 1.358203697204589844e+01 0.000000000000000000e+00
3.228259801864624023e+00 9.778528213500976562e-01 0.000000000000000000e+00
4.365722656250000000e+00 4.898535728454589844e+00 0.000000000000000000e+00
7.295568943023681641e+00 1.387265968322753906e+01 0.000000000000000000e+00
-3.377117156982421875e+00 1.484027099609375000e+01 0.000000000000000000e+00
1.226746845245361328e+01 1.154138565063476562e+01 0.000000000000000000e+00
2.674900770187377930e+00 -1.251787185668945312e+00 0.000000000000000000e+00
1.554185771942138672e+01 -1.197232604026794434e+00 0.000000000000000000e+00
-6.597414493560791016e+00 4.663967132568359375e+00 0.000000000000000000e+00
1.276385402679443359e+01 9.759593009948730469e+00 0.000000000000000000e+00
4.391821861267089844e+00 -1.405509281158447266e+01 0.000000000000000000e+00
-8.251511573791503906e+00 -7.381377220153808594e+00 0.000000000000000000e+00
-7.577738285064697266e+00 -1.039019393920898438e+01 0.000000000000000000e+00
3.080137252807617188e+00 8.619009017944335938e+00 0.000000000000000000e+00
7.678542613983154297e+00 5.169824600219726562e+00 0.000000000000000000e+00
5.376148223876953125e+00 9.145625114440917969e+00 0.000000000000000000e+00
3.394989252090454102e+00 -6.066245555877685547e+00 0.000000000000000000e+00
-1.108083724975585938e+00 2.931217849254608154e-01 0.000000000000000000e+00
1.552058982849121094e+01 1.111800193786621094e+00 0.000000000000000000e+00
-4.231256246566772461e-01 3.620625257492065430e+00 0.000000000000000000e+00
-5.502102375030517578e+00 -1.651448440551757812e+01 0.000000000000000000e+00
-1.272052288055419922e+01 2.153713941574096680e+00 0.000000000000000000e+00
9.125694274902343750e+00 7.615636348724365234e+00 0.000000000000000000e+00
-1.592113304138183594e+01 7.044437885284423828e+00 0.000000000000000000e+00
-6.672974109649658203e+00 -1.167074203491210938e+01 0.000000000000000000e+00
1.144518375396728516e+01 -5.885613560676574707e-01 0.000000000000000000e+00
-9.437608718872070312e+00 -9.295308113098144531e+00 0.000000000000000000e+00
-1.010713863372802734e+01 9.108306884765625000e+00 0.000000000000000000e+00
-1.589204549789428711e+00 -4.804308414459228516e+00 0.000000000000000000e+00
-8.818247795104980469e+00 4.289337158203125000e+00 0.000000000000000000e+00
-3.944055736064910889e-01 6.158231258392333984e+00 0.000000000000000000e+00
-4.033154010772705078e+00 5.024652004241943359e+00 0.000000000000000000e+00
-1.618738293647766113e+00 7.629228591918945312e+00 0.000000000000000000e+00
-1.248847103118896484e+01 -8.596394538879394531e+00 0.000000000000000000e+00
8.895585060119628906e+00 -8.568140983581542969e+00 0.000000000000000000e+00
1.299622344970703125e+01 -9.888354301452636719e+00 0.000000000000000000e+00
-7.139823436737060547e+00 1.166650581359863281e+01 0.000000000000000000e+00
-2.503020524978637695e+00 4.680524349212646484e+00 0.000000000000000000e+00
-9.598267078399658203e-02 -7.794061660766601562e+00 0.000000000000000000e+00
-1.576110553741455078e+01 1.072408795356750488e+00 0.000000000000000000e+00
1.115905570983886719e+01 -7.307312488555908203e+00 0.000000000000000000e+00
-5.751847267150878906e+00 3.537229299545288086e-01 0.000000000000000000e+00
-2.887349843978881836e+00 1.160875606536865234e+01 0.000000000000000000e+00
-1.321866226196289062e+01 6.833033561706542969e+00 0.000000000000000000e+00
9.654649734497070312e+00 1.016237258911132812e+01 0.000000000000000000e+00
1.629038304090499878e-01 -1.048353958129882812e+01 0.000000000000000000e+00
3.531571626663208008e+00 -1.156598758697509766e+01 0.000000000000000000e+00
5.196871280670166016e+00 -7.711286544799804688e-01 0.000000000000000000e+00
1.344514083862304688e+01 2.361135482788085938e+00 0.000000000000000000e+00
-9.815519332885742188e+00 1.532363653182983398e+00 0.000000000000000000e+00
7.434504032135009766e-01 -4.382500171661376953e+00 0.000000000000000000e+00
1.076573181152343750e+01 4.412556171417236328e+00 0.000000000000000000e+00
-1.405733776092529297e+01 9.628523826599121094e+00 0.000000000000000000e+00
1.686134147644042969e+01 1.851196289062500000e+00 0.000000000000000000e+00
1.664307785034179688e+01 3.781998634338378906e+00 0.000000000000000000e+00
6.111986637115478516e+00 5.760709285736083984e+00 0.000000000000000000e+00
8.376608848571777344e+00 3.079997301101684570e-01 0.000000000000000000e+00
2.504995346069335938e+00 -9.343513488769531250e+00 0.000000000000000000e+00
1.409111022949218750e+01 6.684057235717773438e+00 0.000000000000000000e+00
-1.533248805999755859e+01 -4.153533458709716797e+00 0.000000000000000000e+00
-1.017602252960205078e+01 1.266099548339843750e+01 0.000000000000000000e+00
1.749193787574768066e+00 -1.157684612274169922e+01 0.000000000000000000e+00
8.228396773338317871e-01 -2.232797145843505859e+00 0.000000000000000000e+00
2.302488803863525391e+00 4.812847614288330078e+00 0.000000000000000000e+00
-3.019570112228393555e+00 -5.794393539428710938e+00 0.000000000000000000e+00
7.149702548980712891e+00 -9.897101402282714844e+00 0.000000000000000000e+00
4.928716182708740234e+00 1.605479431152343750e+01 0.000000000000000000e+00
6.741764068603515625e+00 -3.538008689880371094e+00 0.000000000000000000e+00
3.059850335121154785e-01 -5.990864753723144531e+00 0.000000000000000000e+00
1.039908790588378906e+01 2.717151641845703125e+00 0.000000000000000000e+00
-5.518560409545898438e+00 -1.347839450836181641e+01 0.000000000000000000e+00
4.020409584045410156e+00 -1.686214637756347656e+01 0.000000000000000000e+00
-1.107273578643798828e+01 -8.608027547597885132e-02 0.000000000000000000e+00
-1.271745920181274414e+00 1.411673069000244141e+01 0.000000000000000000e+00
1.245522212982177734e+01 -3.181048631668090820e+00 0.000000000000000000e+00
1.103962230682373047e+01 9.521261215209960938e+00 0.000000000000000000e+00
-4.861057281494140625e+00 -1.074663448333740234e+01 0.000000000000000000e+00
-4.403233528137207031e+00 -8.156202316284179688e+00 0.000000000000000000e+00
1.466116428375244141e+01 -8.686596870422363281e+00 0.000000000000000000e+00
-8.666593551635742188e+00 -3.360163569450378418e-01 0.000000000000000000e+00
3.205859899520874023e+00 6.710648059844970703e+00 0.000000000000000000e+00
-3.158854246139526367e+00 -2.289570331573486328e+00 0.000000000000000000e+00
7.661638736724853516e+00 1.695912480354309082e+00 0.000000000000000000e+00
5.705147266387939453e+00 -8.653543472290039062e+00 0.000000000000000000e+00
5.939975261688232422e+00 1.085355281829833984e+01 0.000000000000000000e+00
1.567474842071533203e+01 -4.775024414062500000e+00 0.000000000000000000e+00
1.189031791687011719e+01 1.414437174797058105e+00 0.000000000000000000e+00
-1.351007652282714844e+01 -1.047814846038818359e+01 0.000000000000000000e+00
9.465067863464355469e+00 -1.049233913421630859e+01 0.000000000000000000e+00
-1.041155624389648438e+01 7.608272552490234375e+00 0.000000000000000000e+00
5.652774333953857422e+00 2.386160850524902344e+00 0.000000000000000000e+00
1.725950837135314941e+00 1.265311717987060547e+00 0.000000000000000000e+00
-6.317490100860595703e+00 -5.450690269470214844e+00 0.000000000000000000e+00
5.041000366210937500e+00 -4.635060310363769531e+00 0.000000000000000000e+00
1.718599438667297363e+00 -6.514629840850830078e+00 0.000000000000000000e+00
2.400180578231811523e+00 1.723135185241699219e+01 0.000000000000000000e+00
-1.544589710235595703e+01 -8.243124485015869141e-01 0.000000000000000000e+00
-7.044956207275390625e+00 1.367074298858642578e+01 0.000000000000000000e+00
-7.198946952819824219e+00 -3.815217018127441406e+00 0.000000000000000000e+00
3.494739532470703125e-01 1.720142936706542969e+01 0.000000000000000000e+00
7.064462661743164062e+00 -1.513131713867187500e+01 0.000000000000000000e+00
-3.127548217773437500e+00 6.370656013488769531e+00 0.000000000000000000e+00
-1.539209270477294922e+01 -8.174086570739746094e+00 0.000000000000000000e+00
-3.653219699859619141e+00 1.292328262329101562e+01 0.000000000000000000e+00
-1.186420822143554688e+01 1.024798393249511719e+01 0.000000000000000000e+00
-1.647614860534667969e+01 -5.864210605621337891e+00 0.000000000000000000e+00
-4.129076957702636719e+00 1.028809833526611328e+01 0.000000000000000000e+00
-5.854914665222167969e+00 1.036995315551757812e+01 0.000000000000000000e+00
2.596305370330810547e+00 -3.992604732513427734e+00 0.000000000000000000e+00
-1.280478835105895996e+00 1.001947307586669922e+01 0.000000000000000000e+00
1.569195175170898438e+01 7.691557407379150391e+00 0.000000000000000000e+00
-5.009971618652343750e+00 -3.847784280776977539e+00 0.000000000000000000e+00
-8.921010017395019531e+00 -3.445427179336547852e+00 0.000000000000000000e+00
2.987234115600585938e+00 1.034233093261718750e+01 0.000000000000000000e+00
1.099154663085937500e+01 -1.000456809997558594e+01 0.000000000000000000e+00
7.679511547088623047e+00 3.428369998931884766e+00 0.000000000000000000e+00
-2.352862596511840820e+00 1.747312068939208984e+00 0.000000000000000000e+00
1.601477742195129395e+00 1.574753570556640625e+01 0.000000000000000000e+00
9.886077880859375000e+00 -1.432987499237060547e+01 0.000000000000000000e+00
-7.323884487152099609e+00 -1.429895114898681641e+01 0.000000000000000000e+00
-4.822393417358398438e+00 7.504202365875244141e+00 0.000000000000000000e+00
-1.340544509887695312e+01 -3.745978116989135742e+00 0.000000000000000000e+00
1.424762630462646484e+01 -3.897025585174560547e+00 0.000000000000000000e+00
-9.908509254455566406e+00 -2.073745489120483398e+00 0.000000000000000000e+00
-1.229723215103149414e+00 -1.637190437316894531e+01 0.000000000000000000e+00
-1.188539028167724609e+01 -6.201526641845703125e+00 0.000000000000000000e+00
-1.454920864105224609e+01 5.781931877136230469e+00 0.000000000000000000e+00
-1.056629562377929688e+01 -1.297025394439697266e+01 0.000000000000000000e+00
8.497094154357910156e+00 -1.208736515045166016e+01 0.000000000000000000e+00
-1.580553054809570312e+00 -1.371082687377929688e+01 0.000000000000000000e+00
-2.315013170242309570e+00 -1.025512790679931641e+01 0.000000000000000000e+00
1.002386188507080078e+01 6.219879150390625000e+00 0.000000000000000000e+00
-2.123529195785522461e+00 1.686552047729492188e+01 0.000000000000000000e+00
-1.138120937347412109e+01 -3.862049579620361328e+00 0.000000000000000000e+00
1.354602050781250000e+01 -6.472852826118469238e-01 0.000000000000000000e+00
-5.517314434051513672e+00 6.109203815460205078e+00 0.000000000000000000e+00
-9.363708496093750000e+00 6.310345649719238281e+00 0.000000000000000000e+00
-1.335075473785400391e+01 -5.578344821929931641e+00 0.000000000000000000e+00
7.961208343505859375e+00 1.211892509460449219e+01 0.000000000000000000e+00
1.236863708496093750e+01 4.990683555603027344e+00 0.000000000000000000e+00
-1.198930931091308594e+01 1.239351367950439453e+01 0.000000000000000000e+00
2.093518495559692383e+00 -1.688833427429199219e+01 0.000000000000000000e+00
3.480936288833618164e-01 9.374049186706542969e+00 0.000000000000000000e+00
-1.191360569000244141e+01 -1.186534500122070312e+01 0.000000000000000000e+00
3.196160316467285156e+00 1.280514240264892578e+01 0.000000000000000000e+00
-3.264000177383422852e+00 3.013710737228393555e+00 0.000000000000000000e+00
-1.718957710266113281e+01 4.069823920726776123e-01 0.000000000000000000e+00
-1.457382202148437500e+01 3.235584497451782227e+00 0.000000000000000000e+00
3.911606311798095703e+00 -2.462357521057128906e+00 0.000000000000000000e+00
2.289196014404296875e+00 -1.300034046173095703e+01 0.000000000000000000e+00
1.319489383697509766e+01 -6.048516750335693359e+00 0.000000000000000000e+00
1.314792037010192871e+00 -1.550634670257568359e+01 0.000000000000000000e+00
1.341340780258178711e+00 6.314988136291503906e+00 0.000000000000000000e+00
-4.388091087341308594e+00 1.206637382507324219e+00 0.000000000000000000e+00
-8.408393859863281250e+00 2.667115449905395508e+00 0.000000000000000000e+00
-1.222674274444580078e+01 5.023278713226318359e+00 0.000000000000000000e+00
1.246409893035888672e+01 7.721128463745117188e+00 0.000000000000000000e+00
5.161021709442138672e+00 -6.984403133392333984e+00 0.000000000000000000e+00
-7.329269886016845703e+00 7.722722053527832031e+00 0.000000000000000000e+00
1.557791709899902344e+01 -7.346303462982177734e+00 0.000000000000000000e+00
1.075347900390625000e+01 1.192672157287597656e+01 0.000000000000000000e+00
-1.256842494010925293e+00 -1.469440221786499023e+00 0.000000000000000000e+00
-1.402976226806640625e+01 1.215548440814018250e-01 0.000000000000000000e+00
-9.240768432617187500e+00 -1.105281066894531250e+01 0.000000000000000000e+00
-1.418716192245483398e+00 1.210154819488525391e+01 0.000000000000000000e+00
5.211683750152587891e+00 -1.535947132110595703e+01 0.000000000000000000e+00
-3.663056373596191406e+00 -1.473009014129638672e+01 0.000000000000000000e+00
1.209706592559814453e+01 -4.778294563293457031e+00 0.000000000000000000e+00
-2.945968389511108398e+00 -1.621418571472167969e+01 0.000000000000000000e+00
8.818106651306152344e+00 -1.239657163619995117e+00 0.000000000000000000e+00
1.657645702362060547e+00 2.908164739608764648e+00 0.000000000000000000e+00
6.540995121002197266e+00 8.003549575805664062e+00 0.000000000000000000e+00
-1.046926212310791016e+01 -5.197158813476562500e+00 0.000000000000000000e+00
1.537312221527099609e+01 5.298395156860351562e+00 0.000000000000000000e+00
-1.200355720520019531e+01 -1.018399906158447266e+01 0.000000000000000000e+00
-1.214724540710449219e+01 8.589801788330078125e+00 0.000000000000000000e+00
-7.135645866394042969e+00 1.290627121925354004e+00 0.000000000000000000e+00
-1.631494903564453125e+01 3.829919815063476562e+00 0.000000000000000000e+00
6.873236656188964844e+00 -9.656922221183776855e-01 0.000000000000000000e+00
-9.558596611022949219e+00 1.089825439453125000e+01 0.000000000000000000e+00
-7.426196575164794922e+00 1.005358219146728516e+01 0.000000000000000000e+00
1.062147808074951172e+01 -1.188667678833007812e+01 0.000000000000000000e+00
4.749814987182617188e+00 -1.036440944671630859e+01 0.000000000000000000e+00
7.497428894042968750e+00 1.562860679626464844e+01 0.000000000000000000e+00
1.721208190917968750e+01 -1.086863636970520020e+00 0.000000000000000000e+00
2.287166938185691833e-02 1.519881725311279297e+01 0.000000000000000000e+00
-7.947129726409912109e+00 -2.170987129211425781e+00 0.000000000000000000e+00
7.933108806610107422e+00 9.219988822937011719e+00 0.000000000000000000e+00
-1.411596107482910156e+01 8.050950050354003906e+00 0.000000000000000000e+00
-4.199147224426269531e+00 1.646800041198730469e+01 0.000000000000000000e+00
4.535491466522216797e+00 1.174263095855712891e+01 0.000000000000000000e+00
5.501852989196777344e+00 1.292580604553222656e+01 0.000000000000000000e+00
-2.631645679473876953e+00 -5.519767999649047852e-01 0.000000000000000000e+00
1.029923915863037109e+01 6.561507582664489746e-01 0.000000000000000000e+00
-4.678413867950439453e+00 -1.038822054862976074e+00 0.000000000000000000e+00
-8.505811691284179688e+00 1.458610248565673828e+01 0.000000000000000000e+00
-3.493770837783813477e+00 -4.162185668945312500e+00 0.000000000000000000e+00
-5.073908329010009766e+00 -6.786802768707275391e+00 0.000000000000000000e+00
-5.833217620849609375e+00 8.727603912353515625e+00 0.000000000000000000e+00
1.676783180236816406e+01 -3.404342889785766602e+00 0.000000000000000000e+00
-1.600355863571166992e+00 -7.517588138580322266e+00 0.000000000000000000e+00
-1.691707420349121094e+01 -1.990199446678161621e+00 0.000000000000000000e+00
-3.902390971779823303e-02 -1.461527442932128906e+01 0.000000000000000000e+00
-1.408350181579589844e+01 -9.035923957824707031e+00 0.000000000000000000e+00
5.999849796295166016e+00 -1.317654895782470703e+01 0.000000000000000000e+00
-9.025589823722839355e-01 -1.213886928558349609e+01 0.000000000000000000e+00
-3.818164587020874023e+00 8.765579223632812500e+00 0.000000000000000000e+00
9.171430587768554688e+00 1.662284374237060547e+00 0.000000000000000000e+00
8.888310432434082031e+00 -6.707683086395263672e+00 0.000000000000000000e+00
7.639062404632568359e+00 6.701229572296142578e+00 0.000000000000000000e+00
4.109582424163818359e+00 2.895554304122924805e+00 0.000000000000000000e+00
-1.321300601959228516e+01 -1.264465570449829102e+00 0.000000000000000000e+00
-5.970192909240722656e+00 1.506228923797607422e+01 0.000000000000000000e+00
-1.305774211883544922e+01 -7.172235965728759766e+00 0.000000000000000000e+00
-5.493126869201660156e+00 1.253241062164306641e+01 0.000000000000000000e+00
6.392834186553955078e+00 7.383546829223632812e-01 0.000000000000000000e+00
-3.171024560928344727e+00 -1.175304126739501953e+01 0.000000000000000000e+00
1.380108547210693359e+01 -2.457643508911132812e+00 0.000000000000000000e+00
-1.036971950531005859e+01 5.039093971252441406e+00 0.000000000000000000e+00
1.684275150299072266e+00 1.308944988250732422e+01 0.000000000000000000e+00
7.034124374389648438e+00 -5.925153255462646484e+00 0.000000000000000000e+00
-4.962783813476562500e+00 3.529442548751831055e+00 0.000000000000000000e+00
1.295117187500000000e+01 -7.718343257904052734e+00 0.000000000000000000e+00
-1.490762424468994141e+01 -6.436421871185302734e+00 0.000000000000000000e+00
7.819354534149169922e+00 -1.361216735839843750e+01 0.000000000000000000e+00
1.067919063568115234e+01 -2.400175571441650391e+00 0.000000000000000000e+00
9.015858769416809082e-01 -1.805794835090637207e-01 0.000000000000000000e+00
-7.449179172515869141e+00 6.084633827209472656e+00 0.000000000000000000e+00
5.584431171417236328e+00 1.469741535186767578e+01 0.000000000000000000e+00
5.414403915405273438e+00 -2.363137722015380859e+00 0.000000000000000000e+00
-1.442280101776123047e+01 -2.472314357757568359e+00 0.000000000000000000e+00
3.222083806991577148e+00 -1.512480449676513672e+01 0.000000000000000000e+00
-4.009730815887451172e+00 -1.323290920257568359e+01 0.000000000000000000e+00
-1.103149127960205078e+01 -8.980543136596679688e+00 0.000000000000000000e+00
4.614256381988525391e+00 7.347877502441406250e+00 0.000000000000000000e+00
-8.699517250061035156e+00 -1.493122577667236328e+01 0.000000000000000000e+00
-6.510129451751708984e+00 2.862441539764404297e+00 0.000000000000000000e+00
1.456596851348876953e+01 3.637084245681762695e+00 0.000000000000000000e+00
-8.836522102355957031e+00 -5.297158718109130859e+00 0.000000000000000000e+00
1.438368225097656250e+01 8.899611473083496094e+00 0.000000000000000000e+00
-1.731260299682617188e+01 2.387464761734008789e+00 0.000000000000000000e+00
1.086204147338867188e+01 1.350204849243164062e+01 0.000000000000000000e+00
1.087330722808837891e+01 -5.812299251556396484e+00 0.000000000000000000e+00
-1.018771553039550781e+01 -7.602053642272949219e+00 0.000000000000000000e+00
-1.688733291625976562e+01 -3.737705469131469727e+00 0.000000000000000000e+00
8.671051979064941406e+00 -5.059728145599365234e+00 0.000000000000000000e+00
1.193700695037841797e+01 -1.265633392333984375e+01 0.000000000000000000e+00
3.863015890121459961e+00 -7.837342262268066406e+00 0.000000000000000000e+00
-1.305821609497070312e+01 1.121943855285644531e+01 0.000000000000000000e+00
-5.760407447814941406e+00 -2.422960042953491211e+00 0.000000000000000000e+00
