9.541379928588867188e+00 1.687686681747436523e+00 0.000000000000000000e+00
6.874916553497314453e+00 7.008086681365966797e+00 0.000000000000000000e+00
-1.315508961677551270e+00 -3.867641925811767578e+00 0.000000000000000000e+00
4.244696617126464844e+00 -4.211944580078125000e+00 0.000000000000000000e+00
1.222919559478759766e+01 -1.185792636871337891e+01 0.000000000000000000e+00
5.907287120819091797e+00 1.245505332946777344e+01 0.000000000000000000e+00
-6.666016101837158203e+00 -4.060708999633789062e+00 0.000000000000000000e+00
7.885101795196533203e+00 1.359682464599609375e+01 0.000000000000000000e+00
-9.476106643676757812e+00 7.879094600677490234e+00 0.000000000000000000e+00
-1.148603725433349609e+01 -2.308418035507202148e+00 0.000000000000000000e+00
-6.019881248474121094e+00 -7.110558986663818359e+00 0.000000000000000000e+00
-7.084268569946289062e+00 1.242387104034423828e+01 0.000000000000000000e+00
-3.291357994079589844e+00 1.301193714141845703e+01 0.000000000000000000e+00
1.034524250030517578e+01 -4.122621715068817139e-01 0.000000000000000000e+00
3.105100393295288086e+00 1.194497108459472656e+01 0.000000000000000000e+00
1.512166500091552734e+00 1.158798313140869141e+01 0.000000000000000000e+00
-4.286973953247070312e+00 1.477530670166015625e+01 0.000000000000000000e+00
1.424676227569580078e+01 -1.325069785118103027e+00 0.000000000000000000e+00
7.313313007354736328e+00 -3.732391893863677979e-01 0.000000000000000000e+00
1.111976528167724609e+01 1.219952297210693359e+01 0.000000000000000000e+00
1.368679332733154297e+01 -6.309549331665039062e+00 0.000000000000000000e+00
-1.203685092926025391e+01 1.292738676071166992e+00 0.000000000000000000e+00
5.180366039276123047e+00 -1.546383476257324219e+01 0.000000000000000000e+00
1.000797939300537109e+01 8.196207046508789062e+00 0.000000000000000000e+00
1.237640666961669922e+01 -2.637388706207275391e+00 0.000000000000000000e+00
-1.631917357444763184e+00 -1.056463956832885742e+00 0.000000000000000000e+00
2.177654504776000977e+00 -1.985385298728942871e+00 0.000000000000000000e+00
-1.071881198883056641e+01 -4.719781875610351562e-01 0.000000000000000000e+00
-1.369300365447998047e+01 5.434679985046386719e-01 0.000000000000000000e+00
1.561712932586669922e+01 -4.607923984527587891e+00 0.000000000000000000e+00
9.427370071411132812e+00 -1.247916316986083984e+01 0.000000000000000000e+00
9.912328720092773438e+00 -1.430030918121337891e+01 0.000000000000000000e+00
2.703136205673217773e-01 1.509745979309082031e+01 0.000000000000000000e+00
4.158473491668701172e+00 -1.179243278503417969e+01 0.000000000000000000e+00
5.656092166900634766e+00 1.491603088378906250e+01 0.000000000000000000e+00
-2.432079553604125977e+00 4.697701930999755859e+00 0.000000000000000000e+00
2.373994827270507812e+00 -1.168205547332763672e+01 0.000000000000000000e+00
-1.051262569427490234e+01 1.092622566223144531e+01 0.000000000000000000e+00
1.608550453186035156e+01 -1.489992380142211914e+00 0.000000000000000000e+00
-1.154445457458496094e+01 -9.152732849121093750e+00 0.000000000000000000e+00
-1.435814476013183594e+01 9.929376602172851562e+00 0.000000000000000000e+00
-1.263322544097900391e+01 6.472414493560791016e+00 0.000000000000000000e+00
3.474926471710205078e+00 3.637439966201782227e+00 0.000000000000000000e+00
7.391957640647888184e-01 -1.077240562438964844e+01 0.000000000000000000e+00
-1.035819721221923828e+01 3.412174701690673828e+00 0.000000000000000000e+00
-7.319777488708496094e+00 -1.308135032653808594e+01 0.000000000000000000e+00
1.810857772827148438e+00 1.517199325561523438e+01 0.000000000000000000e+00
9.297491073608398438e+00 9.591562271118164062e+00 0.000000000000000000e+00
3.872149944305419922e+00 1.679237747192382812e+01 0.000000000000000000e+00
2.401608943939208984e+00 9.508750915527343750e+00 0.000000000000000000e+00
1.023959159851074219e+01 -2.373689413070678711e+00 0.000000000000000000e+00
-1.719736695289611816e+00 6.110748291015625000e+00 0.000000000000000000e+00
3.085984945297241211e+00 6.980693817138671875e+00 0.000000000000000000e+00
-1.355171203613281250e+01 -2.284256696701049805e+00 0.000000000000000000e+00
-6.085322380065917969e+00 6.112146854400634766e+00 0.000000000000000000e+00
-7.174374103546142578e+00 -9.215168952941894531e+00 0.000000000000000000e+00
-8.524646759033203125e+00 -3.923236846923828125e+00 0.000000000000000000e+00
-7.918591499328613281e-01 -1.012005138397216797e+01 0.000000000000000000e+00
-3.515816926956176758e+00 -1.257342243194580078e+01 0.000000000000000000e+00
5.522218227386474609e+00 -9.463623046875000000e+00 0.000000000000000000e+00
2.863203287124633789e+00 8.250343799591064453e-01 0.000000000000000000e+00
-6.830728054046630859e+00 1.541018390655517578e+01 0.000000000000000000e+00
-8.254539489746093750e+00 -1.032766342163085938e+01 0.000000000000000000e+00
-1.054057407379150391e+01 -5.116099834442138672e+00 0.000000000000000000e+00
-8.728665351867675781e+00 -5.631711483001708984e+00 0.000000000000000000e+00
1.290909099578857422e+01 1.031117153167724609e+01 0.000000000000000000e+00
-3.960994958877563477e+00 7.251893043518066406e+00 0.000000000000000000e+00
-7.792413234710693359e+00 -6.483696103096008301e-01 0.000000000000000000e+00
-1.630982995033264160e+00 -5.909672737121582031e+00 0.000000000000000000e+00
-1.422240161895751953e+01 -6.949209690093994141e+00 0.000000000000000000e+00
-2.398557901382446289e+00 1.390042543411254883e+00 0.000000000000000000e+00
1.861509203910827637e+00 -4.976216852664947510e-01 0.000000000000000000e+00
5.700414180755615234e+00 -1.198871898651123047e+01 0.000000000000000000e+00
-7.738500237464904785e-01 -1.466187000274658203e+01 0.000000000000000000e+00
1.430718803405761719e+01 3.467057704925537109e+00 0.000000000000000000e+00
-1.006827735900878906e+01 1.417441558837890625e+01 0.000000000000000000e+00
-5.356926918029785156e+00 -4.804934978485107422e+00 0.000000000000000000e+00
1.327812480926513672e+01 5.550133228302001953e+00 0.000000000000000000e+00
-9.983950614929199219e+00 -3.243741750717163086e+00 0.000000000000000000e+00
-6.038329124450683594e+00 1.046027278900146484e+01 0.000000000000000000e+00
5.561428546905517578e+00 4.884031772613525391e+00 0.000000000000000000e+00
-4.229397296905517578e+00 2.758770063519477844e-02 0.000000000000000000e+00
-4.840469837188720703e+00 -1.652663421630859375e+01 0.000000000000000000e+00
-3.580772161483764648e+00 1.052735328674316406e+01 0.000000000000000000e+00
-7.901134490966796875e+00 3.740430831909179688e+00 0.000000000000000000e+00
1.616396903991699219e+00 -8.797101974487304688e+00 0.000000000000000000e+00
-1.510266780853271484e+00 -1.617689323425292969e+01 0.000000000000000000e+00
2.357562780380249023e+00 -1.596202182769775391e+01 0.000000000000000000e+00
1.548548221588134766e+01 5.874272346496582031e+00 0.000000000000000000e+00
1.426557826995849609e+01 7.604873657226562500e+00 0.000000000000000000e+00
-1.057139587402343750e+01 5.913121223449707031e+00 0.000000000000000000e+00
-6.428226947784423828e+00 -1.145699596405029297e+01 0.000000000000000000e+00
1.609454536437988281e+01 1.392950177192687988e+00 0.000000000000000000e+00
-4.101907253265380859e+00 -1.068547439575195312e+01 0.000000000000000000e+00
8.201094627380371094e+00 1.165628528594970703e+01 0.000000000000000000e+00
8.572505712509155273e-01 -1.475329017639160156e+01 0.000000000000000000e+00
-8.329115867614746094e+00 5.882396221160888672e+00 0.000000000000000000e+00
-2.910066604614257812e+00 -8.296915054321289062e+00 0.000000000000000000e+00
-9.209327697753906250e+00 -1.375604534149169922e+01 0.000000000000000000e+00
-3.087695360183715820e+00 -1.445715999603271484e+01 0.000000000000000000e+00
1.154292821884155273e+00 -1.283272171020507812e+01 0.000000000000000000e+00
-2.254453748464584351e-01 6.830532550811767578e+00 0.000000000000000000e+00
-1.329421043395996094e+01 -1.059117317199707031e+01 0.000000000000000000e+00
-1.226803874969482422e+01 -4.028912544250488281e+00 0.000000000000000000e+00
5.972992420196533203e+00 7.179991006851196289e-01 0.000000000000000000e+00
-3.864897251129150391e+00 -1.567722916603088379e+00 0.000000000000000000e+00
-1.344124317169189453e+01 2.658390760421752930e+00 0.000000000000000000e+00
7.190815925598144531e+00 5.455503463745117188e+00 0.000000000000000000e+00
1.037430763244628906e+01 -7.583107471466064453e+00 0.000000000000000000e+00
5.329103469848632812e+00 6.430806636810302734e+00 0.000000000000000000e+00
8.461068153381347656e+00 -2.763964891433715820e+00 0.000000000000000000e+00
7.352461814880371094e+00 -9.721240997314453125e+00 0.000000000000000000e+00
-1.440027952194213867e-01 1.722301483154296875e+01 0.000000000000000000e+00
-1.642048454284667969e+01 -5.382104396820068359e+00 0.000000000000000000e+00
3.615022182464599609e+00 1.519011974334716797e+01 0.000000000000000000e+00
-5.105116844177246094e+00 3.510436296463012695e+00 0.000000000000000000e+00
1.372269630432128906e+01 4.468809366226196289e-01 0.000000000000000000e+00
-1.620992422103881836e+00 -7.513621807098388672e+00 0.000000000000000000e+00
-5.330480933189392090e-01 1.029740238189697266e+01 0.000000000000000000e+00
-1.633455085754394531e+01 4.948008060455322266e+00 0.000000000000000000e+00
2.875645399093627930e+00 -7.406900405883789062e+00 0.000000000000000000e+00
8.884852409362792969e+00 -6.034090042114257812e+00 0.000000000000000000e+00
-9.218643188476562500e+00 -1.768161207437515259e-01 0.000000000000000000e+00
-9.289936065673828125e+00 2.231971025466918945e+00 0.000000000000000000e+00
7.771513462066650391e+00 9.381764411926269531e+00 0.000000000000000000e+00
-1.644306182861328125e+01 -6.174798682332038879e-02 0.000000000000000000e+00
-3.976528167724609375e+00 -5.994698047637939453e+00 0.000000000000000000e+00
-1.056042432785034180e+00 -1.215278530120849609e+01 0.000000000000000000e+00
1.253147721290588379e+00 5.250161647796630859e+00 0.000000000000000000e+00
-1.572680473327636719e+01 -6.912757873535156250e+00 0.000000000000000000e+00
-5.281464099884033203e+00 -2.412868022918701172e+00 0.000000000000000000e+00
5.684519767761230469e+00 2.576835393905639648e+00 0.000000000000000000e+00
-5.617805004119873047e+00 7.589144706726074219e+00 0.000000000000000000e+00
-1.488843059539794922e+01 -3.245477199554443359e+00 0.000000000000000000e+00
1.207576847076416016e+01 4.400550842285156250e+00 0.000000000000000000e+00
8.147220611572265625e+00 -4.338052749633789062e+00 0.000000000000000000e+00
1.236868667602539062e+01 -7.481951713562011719e+00 0.000000000000000000e+00
1.269498538970947266e+01 -9.943280220031738281e+00 0.000000000000000000e+00
-1.266081714630126953e+01 -6.855737209320068359e+00 0.000000000000000000e+00
1.093820667266845703e+01 6.459424018859863281e+00 0.000000000000000000e+00
6.496773242950439453e+00 -6.518366336822509766e+00 0.000000000000000000e+00
-1.724424934387207031e+01 1.584284186363220215e+00 0.000000000000000000e+00
7.655263900756835938e+00 2.194642543792724609e+00 0.000000000000000000e+00
3.140478134155273438e+00 -5.733902931213378906e+00 0.000000000000000000e+00
4.037598967552185059e-01 2.518991470336914062e+00 0.000000000000000000e+00
1.253887939453125000e+01 -4.619051933288574219e+00 0.000000000000000000e+00
1.029277038574218750e+01 3.669679641723632812e+00 0.000000000000000000e+00
-1.103770923614501953e+01 1.276057243347167969e+01 0.000000000000000000e+00
-1.233562278747558594e+01 -9.801844954490661621e-01 0.000000000000000000e+00
-3.966057538986206055e+00 1.979354858398437500e+00 0.000000000000000000e+00
2.974124670028686523e+00 -3.278958797454833984e+00 0.000000000000000000e+00
-1.108057975769042969e+01 8.144582748413085938e+00 0.000000000000000000e+00
2.273369729518890381e-01 1.309811019897460938e+01 0.000000000000000000e+00
-2.324168443679809570e+00 1.732352066040039062e+01 0.000000000000000000e+00
-1.267854928970336914e+00 2.716438531875610352e+00 0.000000000000000000e+00
1.619553565979003906e+01 4.438860893249511719e+00 0.000000000000000000e+00
4.980206489562988281e+00 -7.229083061218261719e+00 0.000000000000000000e+00
-2.121596097946166992e+00 -2.517221212387084961e+00 0.000000000000000000e+00
-6.453573703765869141e+00 -1.477769947052001953e+01 0.000000000000000000e+00
-7.731457710266113281e+00 9.953780174255371094e+00 0.000000000000000000e+00
-9.751248359680175781e+00 -7.378001689910888672e+00 0.000000000000000000e+00
1.079973411560058594e+01 -5.677941799163818359e+00 0.000000000000000000e+00
-9.235440254211425781e+00 1.241680717468261719e+01 0.000000000000000000e+00
-1.606005477905273438e+01 2.857269525527954102e+00 0.000000000000000000e+00
8.335016250610351562e+00 -1.370275211334228516e+01 0.000000000000000000e+00
-8.849050521850585938e+00 -2.107626199722290039e+00 0.000000000000000000e+00
1.569422245025634766e+00 8.195343971252441406e+00 0.000000000000000000e+00
-4.520047187805175781e+00 5.185630798339843750e+00 0.000000000000000000e+00
-2.288938760757446289e+00 1.170734310150146484e+01 0.000000000000000000e+00
-3.165228366851806641e+00 8.943085670471191406e+00 0.000000000000000000e+00
-4.984406948089599609e+00 -1.366306495666503906e+01 0.000000000000000000e+00
5.264413833618164062e+00 -5.350818634033203125e+00 0.000000000000000000e+00
-1.494449710845947266e+01 -1.146795153617858887e+00 0.000000000000000000e+00
1.172929167747497559e+00 -3.772785663604736328e+00 0.000000000000000000e+00
1.080205821990966797e+01 -9.704560279846191406e+00 0.000000000000000000e+00
7.593947052955627441e-01 -5.223931312561035156e+00 0.000000000000000000e+00
-8.041567802429199219e+00 1.358840656280517578e+01 0.000000000000000000e+00
1.307961082458496094e+01 8.608555793762207031e+00 0.000000000000000000e+00
3.738656044006347656e+00 -1.029979038238525391e+01 0.000000000000000000e+00
1.636744117736816406e+01 -6.139535903930664062e+00 0.000000000000000000e+00
-1.418555068969726562e+01 6.246873378753662109e+00 0.000000000000000000e+00
-1.292116284370422363e+00 1.614929580688476562e+01 0.000000000000000000e+00
-5.406190872192382812e+00 -9.830855369567871094e+00 0.000000000000000000e+00
1.220675277709960938e+01 2.897191524505615234e+00 0.000000000000000000e+00
-7.046147346496582031e+00 1.608021855354309082e+00 0.000000000000000000e+00
-5.421338558197021484e+00 1.623040580749511719e+01 0.000000000000000000e+00
-4.576236248016357422e+00 -7.612297534942626953e+00 0.000000000000000000e+00
3.935966730117797852e+00 8.273497581481933594e+00 0.000000000000000000e+00
-1.090437412261962891e+01 -1.287988758087158203e+01 0.000000000000000000e+00
-8.033791542053222656e+00 -1.535225391387939453e+01 0.000000000000000000e+00
-6.214663028717041016e+00 1.382452774047851562e+01 0.000000000000000000e+00
-8.102236747741699219e+00 -7.948274135589599609e+00 0.000000000000000000e+00
-3.339285552501678467e-01 -8.530981063842773438e+00 0.000000000000000000e+00
5.030306339263916016e+00 1.107121944427490234e+01 0.000000000000000000e+00
-5.642193317413330078e+00 6.282262206077575684e-01 0.000000000000000000e+00
9.081745147705078125e+00 4.566328048706054688e+00 0.000000000000000000e+00
1.723032569885253906e+01 -3.765120506286621094e-01 0.000000000000000000e+00
2.832461595535278320e+00 -1.452617645263671875e+01 0.000000000000000000e+00
-3.628398656845092773e+00 -4.144923686981201172e+00 0.000000000000000000e+00
4.782875776290893555e-01 8.822780251502990723e-01 0.000000000000000000e+00
3.904888868331909180e+00 -1.481073260307312012e+00 0.000000000000000000e+00
5.957831859588623047e+00 -2.238039970397949219e+00 0.000000000000000000e+00
2.829709053039550781e+00 1.368135261535644531e+01 0.000000000000000000e+00
-5.956801772117614746e-01 8.508518218994140625e+00 0.000000000000000000e+00
1.453554916381835938e+01 -3.022003173828125000e+00 0.000000000000000000e+00
-3.990562438964843750e+00 1.693583106994628906e+01 0.000000000000000000e+00
-1.240628433227539062e+01 1.141993904113769531e+01 0.000000000000000000e+00
-1.698022270202636719e+01 -3.541463136672973633e+00 0.000000000000000000e+00
1.270697975158691406e+01 7.072082042694091797e+00 0.000000000000000000e+00
-1.870254635810852051e+00 1.455387401580810547e+01 0.000000000000000000e+00
2.062170505523681641e+00 1.705221366882324219e+01 0.000000000000000000e+00
1.458591175079345703e+01 -8.462688446044921875e+00 0.000000000000000000e+00
-1.303087043762207031e+01 8.792219161987304688e+00 0.000000000000000000e+00
8.433711051940917969e+00 6.619082927703857422e+00 0.000000000000000000e+00
3.438390791416168213e-01 -9.800337553024291992e-01 0.000000000000000000e+00
5.949543476104736328e+00 8.916205406188964844e+00 0.000000000000000000e+00
6.810189247131347656e+00 -1.302957534790039062e+01 0.000000000000000000e+00
-1.030539512634277344e+01 -1.055087375640869141e+01 0.000000000000000000e+00
-1.197971248626708984e+01 5.077344417572021484e+00 0.000000000000000000e+00
1.067562007904052734e+01 -4.165284633636474609e+00 0.000000000000000000e+00
-7.589850902557373047e+00 7.423670291900634766e+00 0.000000000000000000e+00
9.334007263183593750e+00 1.408580017089843750e+01 0.000000000000000000e+00
1.115114879608154297e+01 1.050365161895751953e+01 0.000000000000000000e+00
-1.514170360565185547e+01 -8.700204849243164062e+00 0.000000000000000000e+00
-1.656932258605957031e+01 -1.889522194862365723e+00 0.000000000000000000e+00
7.879366874694824219e+00 -1.184486293792724609e+01 0.000000000000000000e+00
-2.336963415145874023e+00 -1.056530570983886719e+01 0.000000000000000000e+00
9.465684294700622559e-01 -1.703861427307128906e+01 0.000000000000000000e+00
6.914608478546142578e+00 -8.135327339172363281e+00 0.000000000000000000e+00
1.689145851135253906e+01 -3.741919040679931641e+00 0.000000000000000000e+00
-2.040618419647216797e+00 1.017102909088134766e+01 0.000000000000000000e+00
3.917303085327148438e+00 -1.645758438110351562e+01 0.000000000000000000e+00
4.672081470489501953e+00 -1.331994438171386719e+01 0.000000000000000000e+00
8.549088478088378906e+00 -8.329034805297851562e+00 0.000000000000000000e+00
7.336161613464355469e+00 -1.534261512756347656e+01 0.000000000000000000e+00
-5.172545433044433594e+00 1.173490047454833984e+01 0.000000000000000000e+00
9.001313209533691406e+00 -1.021621036529541016e+01 0.000000000000000000e+00
-1.479059696197509766e+01 4.307431221008300781e+00 0.000000000000000000e+00
-6.423363685607910156e-01 4.344541072845458984e+00 0.000000000000000000e+00
8.901152610778808594e+00 -1.254268884658813477e+00 0.000000000000000000e+00
1.209220409393310547e+01 6.612166762351989746e-01 0.000000000000000000e+00
-1.193691921234130859e+01 2.901523351669311523e+00 0.000000000000000000e+00
2.248219251632690430e-01 -6.738737583160400391e+00 0.000000000000000000e+00
6.743848800659179688e+00 1.070440578460693359e+01 0.000000000000000000e+00
-1.228481197357177734e+01 -1.174151420593261719e+01 0.000000000000000000e+00
4.376920700073242188e+00 9.713326454162597656e+00 0.000000000000000000e+00
8.694253921508789062e+00 3.632260262966156006e-01 0.000000000000000000e+00
-1.370379829406738281e+01 -5.382798671722412109e+00 0.000000000000000000e+00
-6.957232475280761719e+00 -2.503955602645874023e+00 0.000000000000000000e+00
-9.143395423889160156e+00 -1.169396877288818359e+01 0.000000000000000000e+00
1.556086444854736328e+01 -1.226115319877862930e-02 0.000000000000000000e+00
4.265435695648193359e+00 -8.616713523864746094e+00 0.000000000000000000e+00
-2.960700750350952148e+00 -1.659118843078613281e+01 0.000000000000000000e+00
1.090010166168212891e+01 -1.279555320739746094e+01 0.000000000000000000e+00
-2.992655277252197266e+00 1.571639633178710938e+01 0.000000000000000000e+00
3.080696344375610352e+00 -1.302912616729736328e+01 0.000000000000000000e+00
