3.668744087219238281e+00 7.590607166290283203e+00 0.000000000000000000e+00
-5.135519027709960938e+00 -9.764364242553710938e+00 0.000000000000000000e+00
-1.039220428466796875e+01 1.395200920104980469e+01 0.000000000000000000e+00
9.497026443481445312e+00 1.292504119873046875e+01 0.000000000000000000e+00
1.081176948547363281e+01 -1.041300392150878906e+01 0.000000000000000000e+00
3.861885070800781250e+00 -7.239021301269531250e+00 0.000000000000000000e+00
-3.739207029342651367e+00 1.184085369110107422e+01 0.000000000000000000e+00
-6.661847591400146484e+00 1.433973407745361328e+01 0.000000000000000000e+00
-1.713161659240722656e+01 2.410595417022705078e+00 0.000000000000000000e+00
5.324951171875000000e+00 1.360851287841796875e+01 0.000000000000000000e+00
-1.344184207916259766e+01 -8.511230468750000000e+00 0.000000000000000000e+00
-1.328197002410888672e+01 3.256404876708984375e+00 0.000000000000000000e+00
-2.623438358306884766e+00 2.339158773422241211e+00 0.000000000000000000e+00
2.816012382507324219e+00 1.497872829437255859e+01 0.000000000000000000e+00
-1.240836906433105469e+01 -2.446351051330566406e+00 0.000000000000000000e+00
3.529838085174560547e+00 1.115386009216308594e+01 0.000000000000000000e+00
6.317351460456848145e-01 3.093143701553344727e+00 0.000000000000000000e+00
-7.544266700744628906e+00 2.877790927886962891e+00 0.000000000000000000e+00
-2.726123571395874023e+00 -7.865162849426269531e+00 0.000000000000000000e+00
1.250176620483398438e+01 8.756340980529785156e+00 0.000000000000000000e+00
5.484322547912597656e+00 4.628124713897705078e+00 0.000000000000000000e+00
-2.640749216079711914e-01 -6.626661777496337891e+00 0.000000000000000000e+00
5.005819320678710938e+00 -1.311609649658203125e+01 0.000000000000000000e+00
-2.321786403656005859e+00 -1.362241840362548828e+01 0.000000000000000000e+00
-5.195368289947509766e+00 -1.195473003387451172e+01 0.000000000000000000e+00
8.623226165771484375e+00 8.647917747497558594e+00 0.000000000000000000e+00
-3.509921550750732422e+00 7.906950473785400391e+00 0.000000000000000000e+00
1.021365547180175781e+01 1.150922203063964844e+01 0.000000000000000000e+00
-6.673167347908020020e-01 1.454453319311141968e-01 0.000000000000000000e+00
-9.798638343811035156e+00 -5.919771194458007812e+00 0.000000000000000000e+00
3.481112957000732422e+00 5.681962490081787109e+00 0.000000000000000000e+00
9.363411903381347656e+00 5.763625144958496094e+00 0.000000000000000000e+00
-4.303721427917480469e+00 -3.025047540664672852e+00 0.000000000000000000e+00
1.389072513580322266e+01 -7.476180076599121094e+00 0.000000000000000000e+00
-1.607097434997558594e+01 -3.805779814720153809e-01 0.000000000000000000e+00
1.558573365211486816e+00 -1.057070255279541016e+01 0.000000000000000000e+00
1.216198921203613281e+01 -1.115588378906250000e+01 0.000000000000000000e+00
-1.592148661613464355e+00 1.103197002410888672e+01 0.000000000000000000e+00
1.972686171531677246e+00 7.987364292144775391e+00 0.000000000000000000e+00
-9.189805984497070312e-01 3.825454711914062500e+00 0.000000000000000000e+00
-9.469497680664062500e+00 1.236802577972412109e+01 0.000000000000000000e+00
1.245643997192382812e+01 1.223513698577880859e+01 0.000000000000000000e+00
9.091467261314392090e-01 -1.258994579315185547e+01 0.000000000000000000e+00
-1.958930134773254395e+00 -1.513076496124267578e+01 0.000000000000000000e+00
-7.153153419494628906e-01 1.423202896118164062e+01 0.000000000000000000e+00
1.301733303070068359e+01 4.856804847717285156e+00 0.000000000000000000e+00
1.077322578430175781e+01 -4.365425586700439453e+00 0.000000000000000000e+00
-6.696989059448242188e+00 -3.294081449508666992e+00 0.000000000000000000e+00
-7.987469196319580078e+00 7.588304996490478516e+00 0.000000000000000000e+00
-1.440829277038574219e+01 -6.825651645660400391e+00 0.000000000000000000e+00
5.954038143157958984e+00 1.555368900299072266e+01 0.000000000000000000e+00
6.538368761539459229e-02 1.485961437225341797e+00 0.000000000000000000e+00
8.815791130065917969e+00 -3.154844522476196289e+00 0.000000000000000000e+00
7.000319480895996094e+00 1.051202106475830078e+01 0.000000000000000000e+00
-1.353640317916870117e+00 -1.101394939422607422e+01 0.000000000000000000e+00
4.822798728942871094e+00 -1.885916352272033691e+00 0.000000000000000000e+00
1.040431022644042969e+01 -1.368837738037109375e+01 0.000000000000000000e+00
-5.290880680084228516e+00 6.324294567108154297e+00 0.000000000000000000e+00
-6.704432964324951172e+00 -6.652301549911499023e-01 0.000000000000000000e+00
-1.796808242797851562e-01 7.821909904479980469e+00 0.000000000000000000e+00
1.698540925979614258e+00 6.519419550895690918e-01 0.000000000000000000e+00
-7.534729480743408203e+00 -6.214976310729980469e+00 0.000000000000000000e+00
1.429379749298095703e+01 -9.940379858016967773e-01 0.000000000000000000e+00
-4.216639995574951172e+00 -5.591337680816650391e+00 0.000000000000000000e+00
6.417123794555664062e+00 -8.417644500732421875e+00 0.000000000000000000e+00
1.155103778839111328e+01 -9.103902816772460938e+00 0.000000000000000000e+00
5.260172843933105469e+00 -1.639928817749023438e+01 0.000000000000000000e+00
3.983730316162109375e+00 -9.285691261291503906e+00 0.000000000000000000e+00
4.978658854961395264e-01 1.198421287536621094e+01 0.000000000000000000e+00
1.992198109626770020e+00 1.023221683502197266e+01 0.000000000000000000e+00
3.800631523132324219e+00 1.699172019958496094e+01 0.000000000000000000e+00
2.435873270034790039e+00 -1.126479864120483398e+00 0.000000000000000000e+00
-2.469055950641632080e-01 -2.049836635589599609e+00 0.000000000000000000e+00
-9.853916168212890625e+00 -1.374712181091308594e+01 0.000000000000000000e+00
6.699603557586669922e+00 1.229965972900390625e+01 0.000000000000000000e+00
1.608758163452148438e+01 5.444895029067993164e-01 0.000000000000000000e+00
-1.816136479377746582e+00 8.430778503417968750e+00 0.000000000000000000e+00
1.500590562820434570e+00 -3.612202882766723633e+00 0.000000000000000000e+00
-4.605048656463623047e+00 9.226937294006347656e+00 0.000000000000000000e+00
-1.407204270362854004e+00 6.136713981628417969e+00 0.000000000000000000e+00
7.015383243560791016e+00 -3.047897577285766602e+00 0.000000000000000000e+00
1.065531635284423828e+01 2.655953407287597656e+00 0.000000000000000000e+00
-5.216404914855957031e+00 1.574823856353759766e+01 0.000000000000000000e+00
1.357966661453247070e+00 1.612796592712402344e+01 0.000000000000000000e+00
-1.144531440734863281e+01 3.719881772994995117e+00 0.000000000000000000e+00
4.549151897430419922e+00 -5.386915206909179688e+00 0.000000000000000000e+00
-9.784752845764160156e+00 -8.233191370964050293e-01 0.000000000000000000e+00
1.120999622344970703e+01 1.256956219673156738e+00 0.000000000000000000e+00
1.628018569946289062e+01 -2.568106412887573242e+00 0.000000000000000000e+00
-9.141581535339355469e+00 -9.710584640502929688e+00 0.000000000000000000e+00
-1.078660774230957031e+01 7.174018025398254395e-01 0.000000000000000000e+00
-1.429628849029541016e+01 8.850640296936035156e+00 0.000000000000000000e+00
-6.405926704406738281e+00 -1.077876758575439453e+01 0.000000000000000000e+00
1.161166000366210938e+01 1.072287845611572266e+01 0.000000000000000000e+00
-1.017361831665039062e+01 7.144909858703613281e+00 0.000000000000000000e+00
4.174691200256347656e+00 1.082777857780456543e+00 0.000000000000000000e+00
1.490594005584716797e+01 5.698020935058593750e+00 0.000000000000000000e+00
-1.224698162078857422e+01 7.614793300628662109e+00 0.000000000000000000e+00
-1.553934955596923828e+01 6.678249359130859375e+00 0.000000000000000000e+00
3.521084189414978027e-01 -1.497268104553222656e+01 0.000000000000000000e+00
-5.115178108215332031e+00 4.034703731536865234e+00 0.000000000000000000e+00
-8.764688491821289062e+00 -1.217326068878173828e+01 0.000000000000000000e+00
1.169547748565673828e+01 6.940902709960937500e+00 0.000000000000000000e+00
1.274806308746337891e+01 -3.770054817199707031e+00 0.000000000000000000e+00
-1.375146484375000000e+01 6.286574363708496094e+00 0.000000000000000000e+00
6.777009010314941406e+00 6.441411972045898438e+00 0.000000000000000000e+00
4.573863029479980469e+00 1.226043605804443359e+01 0.000000000000000000e+00
9.292015075683593750e+00 1.446548366546630859e+01 0.000000000000000000e+00
-6.586743831634521484e+00 -7.615583896636962891e+00 0.000000000000000000e+00
1.410721015930175781e+01 -9.872871398925781250e+00 0.000000000000000000e+00
6.753878593444824219e+00 2.523519277572631836e+00 0.000000000000000000e+00
6.913009643554687500e+00 -1.146471977233886719e+01 0.000000000000000000e+00
1.519872188568115234e+01 3.042773962020874023e+00 0.000000000000000000e+00
-1.294322776794433594e+01 1.036453056335449219e+01 0.000000000000000000e+00
-4.001688480377197266e+00 1.668637466430664062e+01 0.000000000000000000e+00
-7.281033039093017578e+00 1.043254470825195312e+01 0.000000000000000000e+00
1.581385135650634766e+01 -7.482212543487548828e+00 0.000000000000000000e+00
-1.565777778625488281e+00 1.298728561401367188e+01 0.000000000000000000e+00
-2.667858123779296875e+00 1.450444126129150391e+01 0.000000000000000000e+00
1.385518074035644531e+01 1.036925506591796875e+01 0.000000000000000000e+00
3.031085729598999023e+00 1.282843875885009766e+01 0.000000000000000000e+00
-1.445174789428710938e+01 -2.206733703613281250e+00 0.000000000000000000e+00
5.528516173362731934e-01 4.823228359222412109e+00 0.000000000000000000e+00
7.787108898162841797e+00 -1.981928348541259766e-01 0.000000000000000000e+00
-1.451337242126464844e+01 -3.896268606185913086e-01 0.000000000000000000e+00
-6.286566734313964844e+00 -1.509368228912353516e+01 0.000000000000000000e+00
1.019911193847656250e+01 -6.307603836059570312e+00 0.000000000000000000e+00
2.844068527221679688e+00 -1.295415401458740234e+01 0.000000000000000000e+00
-8.202323913574218750e+00 -1.361855697631835938e+01 0.000000000000000000e+00
-1.293178081512451172e+01 -3.136667609214782715e-02 0.000000000000000000e+00
-7.924474477767944336e-01 9.757065773010253906e+00 0.000000000000000000e+00
8.276514053344726562e+00 -8.548485755920410156e+00 0.000000000000000000e+00
-2.786944627761840820e+00 -1.186924362182617188e+01 0.000000000000000000e+00
-7.368931174278259277e-01 1.609150505065917969e+01 0.000000000000000000e+00
5.576525211334228516e+00 8.859264373779296875e+00 0.000000000000000000e+00
4.885773658752441406e+00 -3.518858432769775391e+00 0.000000000000000000e+00
9.220894813537597656e+00 -4.700231552124023438e+00 0.000000000000000000e+00
-4.526400089263916016e+00 -1.405055522918701172e+01 0.000000000000000000e+00
-4.123696804046630859e+00 5.220997333526611328e+00 0.000000000000000000e+00
-9.289836883544921875e+00 4.947120666503906250e+00 0.000000000000000000e+00
-2.465602636337280273e+00 1.348465532064437866e-01 0.000000000000000000e+00
-7.514754295349121094e+00 5.720901489257812500e+00 0.000000000000000000e+00
1.184064388275146484e+01 -5.857323646545410156e+00 0.000000000000000000e+00
1.537485790252685547e+01 -3.846507310867309570e+00 0.000000000000000000e+00
2.197000265121459961e+00 4.020637035369873047e+00 0.000000000000000000e+00
-1.141135120391845703e+01 -1.124455451965332031e+01 0.000000000000000000e+00
1.043374156951904297e+01 -2.397755622863769531e+00 0.000000000000000000e+00
-5.739637374877929688e+00 1.242101192474365234e+01 0.000000000000000000e+00
-1.125845336914062500e+01 1.017287921905517578e+01 0.000000000000000000e+00
-1.674128150939941406e+01 -3.123848915100097656e+00 0.000000000000000000e+00
-2.518199205398559570e+00 4.852441310882568359e+00 0.000000000000000000e+00
-8.998351097106933594e+00 -4.633943557739257812e+00 0.000000000000000000e+00
1.355364513397216797e+01 3.063115596771240234e+00 0.000000000000000000e+00
-1.187798500061035156e+01 -8.921297073364257812e+00 0.000000000000000000e+00
-2.628548145294189453e+00 -3.613150596618652344e+00 0.000000000000000000e+00
-3.147860288619995117e+00 -1.720972251892089844e+01 0.000000000000000000e+00
7.124023437500000000e+00 -1.463047027587890625e+01 0.000000000000000000e+00
-1.123087525367736816e+00 -1.651729011535644531e+01 0.000000000000000000e+00
-1.658876800537109375e+01 4.584569931030273438e+00 0.000000000000000000e+00
-1.199586486816406250e+01 -5.362998485565185547e+00 0.000000000000000000e+00
8.525489807128906250e+00 -1.093966960906982422e+01 0.000000000000000000e+00
9.803775787353515625e+00 -8.277050971984863281e+00 0.000000000000000000e+00
-9.353063583374023438e+00 1.070636653900146484e+01 0.000000000000000000e+00
1.315580248832702637e+00 6.205400943756103516e+00 0.000000000000000000e+00
-5.635811328887939453e+00 1.059043502807617188e+01 0.000000000000000000e+00
-1.747726500034332275e-01 -4.218886375427246094e+00 0.000000000000000000e+00
5.075971126556396484e+00 -2.251211255788803101e-01 0.000000000000000000e+00
-8.904202461242675781e+00 1.439460659027099609e+01 0.000000000000000000e+00
-1.598584747314453125e+01 -6.194240093231201172e+00 0.000000000000000000e+00
1.502110576629638672e+01 -5.400631427764892578e+00 0.000000000000000000e+00
-1.128833293914794922e+01 -3.826417446136474609e+00 0.000000000000000000e+00
1.162599623203277588e-01 -9.666869163513183594e+00 0.000000000000000000e+00
4.624529361724853516e+00 -1.482278823852539062e+01 0.000000000000000000e+00
-2.715931177139282227e+00 -1.583256363868713379e+00 0.000000000000000000e+00
-1.543299198150634766e+01 -4.552985668182373047e+00 0.000000000000000000e+00
5.200900077819824219e+00 6.485641002655029297e+00 0.000000000000000000e+00
-6.471980094909667969e+00 8.329072594642639160e-01 0.000000000000000000e+00
-1.279395103454589844e+01 1.704261779785156250e+00 0.000000000000000000e+00
1.658261680603027344e+01 -4.785027027130126953e+00 0.000000000000000000e+00
6.837492465972900391e+00 -5.538624763488769531e+00 0.000000000000000000e+00
-1.456278896331787109e+01 -9.633914947509765625e+00 0.000000000000000000e+00
-9.416778564453125000e+00 1.887311339378356934e+00 0.000000000000000000e+00
2.296064376831054688e+00 -9.159536361694335938e+00 0.000000000000000000e+00
-4.202449798583984375e+00 1.141630053520202637e+00 0.000000000000000000e+00
4.687205791473388672e+00 2.907275915145874023e+00 0.000000000000000000e+00
8.169385910034179688e+00 -1.304330158233642578e+01 0.000000000000000000e+00
-1.157156562805175781e+01 5.327848911285400391e+00 0.000000000000000000e+00
-1.527547836303710938e+01 1.952014565467834473e+00 0.000000000000000000e+00
-8.202561378479003906e+00 -8.244542121887207031e+00 0.000000000000000000e+00
2.428117990493774414e+00 -6.748095512390136719e+00 0.000000000000000000e+00
5.302574157714843750e+00 -1.143223762512207031e+01 0.000000000000000000e+00
8.587822914123535156e+00 1.105940699577331543e+00 0.000000000000000000e+00
3.115697145462036133e+00 -1.064030551910400391e+01 0.000000000000000000e+00
-5.554465770721435547e+00 8.045614242553710938e+00 0.000000000000000000e+00
8.369278907775878906e+00 1.182646656036376953e+01 0.000000000000000000e+00
-9.156901359558105469e+00 8.929352760314941406e+00 0.000000000000000000e+00
8.612671852111816406e+00 7.106091976165771484e+00 0.000000000000000000e+00
-2.498602390289306641e+00 -9.384486198425292969e+00 0.000000000000000000e+00
-1.285471248626708984e+01 -7.024663925170898438e+00 0.000000000000000000e+00
-4.303075313568115234e+00 -1.246844649314880371e+00 0.000000000000000000e+00
8.228781700134277344e+00 4.763377189636230469e+00 0.000000000000000000e+00
1.444592571258544922e+01 7.580135822296142578e+00 0.000000000000000000e+00
3.339196205139160156e+00 -2.591142177581787109e+00 0.000000000000000000e+00
2.241444110870361328e+00 -1.534694766998291016e+01 0.000000000000000000e+00
1.377808856964111328e+01 9.042198061943054199e-01 0.000000000000000000e+00
-1.507644844055175781e+01 4.923405647277832031e+00 0.000000000000000000e+00
-2.973010778427124023e+00 6.373915195465087891e+00 0.000000000000000000e+00
1.093218708038330078e+01 4.544002532958984375e+00 0.000000000000000000e+00
1.060585594177246094e+01 9.149398803710937500e+00 0.000000000000000000e+00
3.113884925842285156e+00 2.272149562835693359e+00 0.000000000000000000e+00
-5.645841598510742188e+00 -6.262870311737060547e+00 0.000000000000000000e+00
3.943139314651489258e+00 9.302545547485351562e+00 0.000000000000000000e+00
-1.540785312652587891e+01 -8.157123565673828125e+00 0.000000000000000000e+00
-7.821395874023437500e+00 -2.097036361694335938e+00 0.000000000000000000e+00
1.701141357421875000e+01 2.483665704727172852e+00 0.000000000000000000e+00
8.939665794372558594e+00 -1.235895156860351562e+00 0.000000000000000000e+00
1.187419223785400391e+01 -1.016053318977355957e+00 0.000000000000000000e+00
1.028584766387939453e+01 -1.191578960418701172e+01 0.000000000000000000e+00
-7.868492007255554199e-01 -8.450319290161132812e+00 0.000000000000000000e+00
7.711912631988525391e+00 1.480770397186279297e+01 0.000000000000000000e+00
-6.762754917144775391e+00 4.367065906524658203e+00 0.000000000000000000e+00
3.075667858123779297e+00 -4.701482772827148438e+00 0.000000000000000000e+00
-1.935433268547058105e+00 -5.412022113800048828e+00 0.000000000000000000e+00
1.107975840568542480e+00 -1.642445373535156250e+01 0.000000000000000000e+00
-1.147957420349121094e+01 -1.293274974822998047e+01 0.000000000000000000e+00
-2.185565948486328125e+00 1.662966537475585938e+01 0.000000000000000000e+00
-1.157025527954101562e+01 1.294894695281982422e+01 0.000000000000000000e+00
8.790734410285949707e-01 9.117226600646972656e+00 0.000000000000000000e+00
3.202113151550292969e+00 -1.712249946594238281e+01 0.000000000000000000e+00
5.966787338256835938e+00 -9.881661415100097656e+00 0.000000000000000000e+00
-4.284639358520507812e+00 -1.589548110961914062e+01 0.000000000000000000e+00
1.638446617126464844e+01 5.420021533966064453e+00 0.000000000000000000e+00
1.182007884979248047e+01 -7.428752422332763672e+00 0.000000000000000000e+00
6.515212655067443848e-01 -7.774493098258972168e-01 0.000000000000000000e+00
-4.316487789154052734e+00 -8.227676391601562500e+00 0.000000000000000000e+00
-7.201679229736328125e+00 -9.374442100524902344e+00 0.000000000000000000e+00
-8.093652725219726562e+00 4.140405952930450439e-01 0.000000000000000000e+00
9.941165924072265625e+00 -9.789844602346420288e-02 0.000000000000000000e+00
-5.455195903778076172e+00 2.397611618041992188e+00 0.000000000000000000e+00
-1.318532657623291016e+01 -1.049385356903076172e+01 0.000000000000000000e+00
-2.936267375946044922e+00 9.565526962280273438e+00 0.000000000000000000e+00
9.443005561828613281e+00 3.593889713287353516e+00 0.000000000000000000e+00
-1.552145195007324219e+01 3.433025121688842773e+00 0.000000000000000000e+00
-1.077691745758056641e+01 -2.047769784927368164e+00 0.000000000000000000e+00
6.040383815765380859e+00 9.388660192489624023e-01 0.000000000000000000e+00
1.476029634475708008e+00 1.312580680847167969e+01 0.000000000000000000e+00
-1.335958099365234375e+01 -4.171504497528076172e+00 0.000000000000000000e+00
4.412919044494628906e+00 1.562020111083984375e+01 0.000000000000000000e+00
1.699281883239746094e+01 -1.119867920875549316e+00 0.000000000000000000e+00
-7.326271057128906250e+00 1.571321296691894531e+01 0.000000000000000000e+00
-6.195838451385498047e+00 -1.332702064514160156e+01 0.000000000000000000e+00
-7.463339805603027344e+00 1.226909637451171875e+01 0.000000000000000000e+00
6.473447322845458984e+00 -1.165143847465515137e+00 0.000000000000000000e+00
-1.322506141662597656e+01 4.860550403594970703e+00 0.000000000000000000e+00
9.015069007873535156e+00 1.009775066375732422e+01 0.000000000000000000e+00
-1.127258777618408203e+01 -6.796304702758789062e+00 0.000000000000000000e+00
