9.859809875488281250e+00 -1.000977134704589844e+01 0.000000000000000000e+00
4.988504409790039062e+00 -6.916537761688232422e+00 0.000000000000000000e+00
1.088206291198730469e+01 -9.963934421539306641e-01 0.000000000000000000e+00
-4.282774448394775391e+00 4.396513938903808594e+00 0.000000000000000000e+00
1.173877143859863281e+01 5.812872886657714844e+00 0.000000000000000000e+00
1.617200660705566406e+01 -5.168795585632324219e+00 0.000000000000000000e+00
-2.212888002395629883e+00 -1.084187626838684082e-01 0.000000000000000000e+00
1.398062419891357422e+01 3.366507291793823242e+00 0.000000000000000000e+00
-5.019962787628173828e+00 8.209525108337402344e+00 0.000000000000000000e+00
4.790929317474365234e+00 -3.954557180404663086e+00 0.000000000000000000e+00
-4.553833484649658203e+00 -3.339471101760864258e+00 0.000000000000000000e+00
-1.228976631164550781e+01 8.273441314697265625e+00 0.000000000000000000e+00
7.723935127258300781e+00 1.412909221649169922e+01 0.000000000000000000e+00
1.469638919830322266e+01 -6.581537246704101562e+00 0.000000000000000000e+00
-7.973597049713134766e+00 -7.158936977386474609e+00 0.000000000000000000e+00
-1.418818187713623047e+01 4.187815189361572266e-01 0.000000000000000000e+00
7.336930274963378906e+00 -1.178923130035400391e+01 0.000000000000000000e+00
-1.221428775787353516e+01 -1.229099750518798828e+01 0.000000000000000000e+00
1.582343292236328125e+01 1.049526572227478027e+00 0.000000000000000000e+00
-1.607596969604492188e+01 2.366413593292236328e+00 0.000000000000000000e+00
-5.008176803588867188e+00 -1.510379886627197266e+01 0.000000000000000000e+00
-3.854843616485595703e+00 4.068384170532226562e-01 0.000000000000000000e+00
-1.631063967943191528e-02 1.053035640716552734e+01 0.000000000000000000e+00
1.552878189086914062e+01 5.093356609344482422e+00 0.000000000000000000e+00
5.981848239898681641e-01 -1.662016105651855469e+01 0.000000000000000000e+00
5.447873473167419434e-01 7.365481853485107422e+00 0.000000000000000000e+00
-2.478674650192260742e+00 -4.157271385192871094e+00 0.000000000000000000e+00
4.745344161987304688e+00 -1.600216293334960938e+01 0.000000000000000000e+00
8.059814453125000000e+00 6.009048938751220703e+00 0.000000000000000000e+00
2.192334175109863281e+00 -1.615915489196777344e+01 0.000000000000000000e+00
-9.155469894409179688e+00 1.014559864997863770e+00 0.000000000000000000e+00
-9.885542869567871094e+00 3.185936689376831055e+00 0.000000000000000000e+00
-9.893924713134765625e+00 -1.038408756256103516e+01 0.000000000000000000e+00
-1.366993713378906250e+01 -4.419549942016601562e+00 0.000000000000000000e+00
6.525796890258789062e+00 5.866548418998718262e-02 0.000000000000000000e+00
2.608392953872680664e+00 7.601956129074096680e-01 0.000000000000000000e+00
3.179209470748901367e+00 -3.432086944580078125e+00 0.000000000000000000e+00
1.435998249053955078e+01 8.645006179809570312e+00 0.000000000000000000e+00
3.355825424194335938e+00 -9.454798698425292969e+00 0.000000000000000000e+00
7.172124385833740234e+00 -1.548655271530151367e+00 0.000000000000000000e+00
7.729921340942382812e+00 3.957235574722290039e+00 0.000000000000000000e+00
1.374655628204345703e+01 -2.254859209060668945e+00 0.000000000000000000e+00
-7.042284965515136719e+00 9.300988197326660156e+00 0.000000000000000000e+00
9.036521911621093750e+00 9.893206596374511719e+00 0.000000000000000000e+00
-9.082311630249023438e+00 -1.403468036651611328e+01 0.000000000000000000e+00
1.375072574615478516e+01 -8.092594146728515625e+00 0.000000000000000000e+00
3.402263402938842773e+00 -1.267393469810485840e+00 0.000000000000000000e+00
-7.043058872222900391e-01 1.350902438163757324e+00 0.000000000000000000e+00
-2.112365722656250000e+00 1.517235469818115234e+01 0.000000000000000000e+00
-8.459800720214843750e+00 -1.212806797027587891e+01 0.000000000000000000e+00
-7.058072090148925781e+00 -6.304684281349182129e-01 0.000000000000000000e+00
-1.351571369171142578e+01 -1.181585550308227539e+00 0.000000000000000000e+00
-7.595456123352050781e+00 1.117378139495849609e+01 0.000000000000000000e+00
1.239160251617431641e+01 -4.747006893157958984e+00 0.000000000000000000e+00
-1.405379295349121094e+01 -8.436347007751464844e+00 0.000000000000000000e+00
4.870455265045166016e+00 4.381238937377929688e+00 0.000000000000000000e+00
1.149456119537353516e+01 8.000080108642578125e+00 0.000000000000000000e+00
8.315371870994567871e-01 -5.526425361633300781e+00 0.000000000000000000e+00
-7.285564422607421875e+00 1.309251213073730469e+01 0.000000000000000000e+00
7.874190807342529297e-01 -1.369361972808837891e+01 0.000000000000000000e+00
5.991485595703125000e+00 -1.459947490692138672e+01 0.000000000000000000e+00
1.644590187072753906e+01 -2.139123916625976562e+00 0.000000000000000000e+00
4.738599300384521484e+00 1.299239063262939453e+01 0.000000000000000000e+00
-1.234807205200195312e+01 5.696161746978759766e+00 0.000000000000000000e+00
-7.927254438400268555e-01 5.025996685028076172e+00 0.000000000000000000e+00
-4.305583000183105469e+00 1.487230682373046875e+01 0.000000000000000000e+00
-3.731666088104248047e+00 -6.615368366241455078e+00 0.000000000000000000e+00
-1.374244594573974609e+01 8.866645812988281250e+00 0.000000000000000000e+00
7.366436481475830078e+00 -5.211242198944091797e+00 0.000000000000000000e+00
-1.577472448348999023e+00 -2.661199569702148438e+00 0.000000000000000000e+00
-6.285848140716552734e+00 3.848739147186279297e+00 0.000000000000000000e+00
3.369326114654541016e+00 2.584270715713500977e+00 0.000000000000000000e+00
-7.504401206970214844e+00 -5.278397083282470703e+00 0.000000000000000000e+00
-1.779184460639953613e+00 6.775083541870117188e+00 0.000000000000000000e+00
-1.049002075195312500e+01 -5.223053455352783203e+00 0.000000000000000000e+00
-1.908634781837463379e+00 1.137873363494873047e+01 0.000000000000000000e+00
1.317281842231750488e+00 -3.314493596553802490e-01 0.000000000000000000e+00
-1.312643909454345703e+01 1.984884619712829590e+00 0.000000000000000000e+00
-5.177974224090576172e+00 -9.773057699203491211e-01 0.000000000000000000e+00
2.614019155502319336e+00 1.652060127258300781e+01 0.000000000000000000e+00
-1.055416584014892578e+01 1.248152160644531250e+01 0.000000000000000000e+00
6.935845851898193359e+00 1.062581729888916016e+01 0.000000000000000000e+00
1.573088836669921875e+01 3.057557344436645508e+00 0.000000000000000000e+00
1.508318710327148438e+01 7.092319488525390625e+00 0.000000000000000000e+00
1.346698570251464844e+01 1.018792629241943359e+01 0.000000000000000000e+00
-4.882459163665771484e+00 2.562341451644897461e+00 0.000000000000000000e+00
-1.664729690551757812e+01 -1.884146630764007568e-01 0.000000000000000000e+00
-1.090266990661621094e+01 5.009750366210937500e+00 0.000000000000000000e+00
9.515190124511718750e+00 6.404984474182128906e+00 0.000000000000000000e+00
-1.032906436920166016e+01 -8.727548599243164062e+00 0.000000000000000000e+00
-9.778795242309570312e+00 9.816447257995605469e+00 0.000000000000000000e+00
-6.538722991943359375e+00 6.171255111694335938e+00 0.000000000000000000e+00
-2.640874147415161133e+00 -1.578100490570068359e+01 0.000000000000000000e+00
3.270375013351440430e+00 4.670407772064208984e+00 0.000000000000000000e+00
-2.144734859466552734e+00 -1.321323680877685547e+01 0.000000000000000000e+00
1.812850594520568848e+00 -1.095770931243896484e+01 0.000000000000000000e+00
-4.686852931976318359e+00 -8.457689285278320312e+00 0.000000000000000000e+00
7.522922992706298828e+00 9.087928771972656250e+00 0.000000000000000000e+00
-6.075580596923828125e+00 -1.330857086181640625e+01 0.000000000000000000e+00
3.283042907714843750e+00 1.247841453552246094e+01 0.000000000000000000e+00
1.486000061035156250e+01 -7.765470743179321289e-01 0.000000000000000000e+00
-6.432970523834228516e+00 -6.819248199462890625e+00 0.000000000000000000e+00
-5.635729789733886719e+00 -1.003438282012939453e+01 0.000000000000000000e+00
-1.683950233459472656e+01 4.635860919952392578e+00 0.000000000000000000e+00
7.498640537261962891e+00 -1.452299880981445312e+01 0.000000000000000000e+00
9.279993057250976562e+00 -3.371130704879760742e+00 0.000000000000000000e+00
1.195432186126708984e+01 -1.092409515380859375e+01 0.000000000000000000e+00
-4.089094161987304688e+00 9.682101249694824219e+00 0.000000000000000000e+00
-1.718921089172363281e+01 -2.538699388504028320e+00 0.000000000000000000e+00
1.488083839416503906e+00 5.713136196136474609e+00 0.000000000000000000e+00
9.932930946350097656e+00 4.762006759643554688e+00 0.000000000000000000e+00
9.987978935241699219e+00 -1.263891029357910156e+01 0.000000000000000000e+00
-6.002373993396759033e-02 -7.528520584106445312e+00 0.000000000000000000e+00
3.517166852951049805e+00 6.185000419616699219e+00 0.000000000000000000e+00
-8.894284248352050781e+00 -2.330528259277343750e+00 0.000000000000000000e+00
4.927782535552978516e+00 9.092909812927246094e+00 0.000000000000000000e+00
-1.188532447814941406e+01 3.106967210769653320e+00 0.000000000000000000e+00
2.670946598052978516e+00 -5.366066455841064453e+00 0.000000000000000000e+00
-9.568955421447753906e+00 1.408138942718505859e+01 0.000000000000000000e+00
9.056109428405761719e+00 -1.144494414329528809e+00 0.000000000000000000e+00
4.650054454803466797e+00 -1.265682029724121094e+01 0.000000000000000000e+00
1.222629737854003906e+01 2.578179121017456055e+00 0.000000000000000000e+00
1.172432065010070801e+00 2.150335788726806641e+00 0.000000000000000000e+00
5.207931995391845703e+00 1.101840400695800781e+01 0.000000000000000000e+00
-1.159602451324462891e+01 -6.818213462829589844e+00 0.000000000000000000e+00
3.621340394020080566e-01 -3.457676887512207031e+00 0.000000000000000000e+00
-7.568856239318847656e+00 7.301194190979003906e+00 0.000000000000000000e+00
-7.904872417449951172e+00 -8.832345962524414062e+00 0.000000000000000000e+00
1.138604068756103516e+01 1.248687362670898438e+01 0.000000000000000000e+00
5.876823425292968750e+00 1.646149444580078125e+01 0.000000000000000000e+00
-1.003103733062744141e+00 -1.577523708343505859e+01 0.000000000000000000e+00
-1.487313628196716309e+00 9.914415359497070312e+00 0.000000000000000000e+00
1.367091751098632812e+01 5.149675846099853516e+00 0.000000000000000000e+00
5.280344963073730469e+00 -8.825689315795898438e+00 0.000000000000000000e+00
1.076971817016601562e+01 -8.233022689819335938e+00 0.000000000000000000e+00
8.550750732421875000e+00 -1.312897205352783203e+01 0.000000000000000000e+00
7.785295486450195312e+00 -7.567622184753417969e+00 0.000000000000000000e+00
-3.075938224792480469e+00 -2.391227483749389648e+00 0.000000000000000000e+00
2.985745191574096680e+00 -1.293882942199707031e+01 0.000000000000000000e+00
9.817846298217773438e+00 8.114800453186035156e+00 0.000000000000000000e+00
-8.964258193969726562e+00 7.896444320678710938e+00 0.000000000000000000e+00
1.348954582214355469e+01 -9.853537559509277344e+00 0.000000000000000000e+00
-2.630809783935546875e+00 -8.234489440917968750e+00 0.000000000000000000e+00
-2.627447128295898438e+00 4.281734943389892578e+00 0.000000000000000000e+00
-7.355486869812011719e+00 2.322002887725830078e+00 0.000000000000000000e+00
2.490927457809448242e+00 8.688158988952636719e+00 0.000000000000000000e+00
4.442986488342285156e+00 -1.089394474029541016e+01 0.000000000000000000e+00
1.714979743957519531e+01 2.143785953521728516e+00 0.000000000000000000e+00
6.994925498962402344e+00 -9.228681564331054688e+00 0.000000000000000000e+00
-1.612257957458496094e+01 -3.950658798217773438e+00 0.000000000000000000e+00
1.418050193786621094e+01 -4.316799163818359375e+00 0.000000000000000000e+00
-4.163477897644042969e+00 -1.107808589935302734e+01 0.000000000000000000e+00
3.597952425479888916e-02 -1.003512859344482422e+01 0.000000000000000000e+00
4.662909507751464844e+00 3.042773902416229248e-01 0.000000000000000000e+00
1.913806319236755371e+00 1.460414600372314453e+01 0.000000000000000000e+00
-3.944927692413330078e+00 1.643173217773437500e+01 0.000000000000000000e+00
5.443583130836486816e-01 1.361649036407470703e+01 0.000000000000000000e+00
-8.132538795471191406e+00 4.147847175598144531e+00 0.000000000000000000e+00
-1.608295559883117676e+00 -6.032783031463623047e+00 0.000000000000000000e+00
-1.427355289459228516e+01 -2.942415237426757812e+00 0.000000000000000000e+00
4.913619041442871094e+00 -1.528807640075683594e+00 0.000000000000000000e+00
-1.181350040435791016e+01 1.037352657318115234e+01 0.000000000000000000e+00
-1.371827602386474609e+01 3.696763038635253906e+00 0.000000000000000000e+00
-1.171636581420898438e+01 -9.946949005126953125e+00 0.000000000000000000e+00
-1.518834495544433594e+01 8.256030082702636719e+00 0.000000000000000000e+00
9.029900550842285156e+00 3.180047750473022461e+00 0.000000000000000000e+00
-1.115148544311523438e+01 -3.869001626968383789e+00 0.000000000000000000e+00
4.234380722045898438e+00 1.469690990447998047e+01 0.000000000000000000e+00
1.067678260803222656e+01 1.586130619049072266e+00 0.000000000000000000e+00
9.197523117065429688e+00 -5.704824447631835938e+00 0.000000000000000000e+00
-9.063737869262695312e+00 1.266750621795654297e+01 0.000000000000000000e+00
-1.243255019187927246e+00 1.732954025268554688e+01 0.000000000000000000e+00
6.512253761291503906e+00 -1.310092830657958984e+01 0.000000000000000000e+00
-1.050633525848388672e+01 -1.219480609893798828e+01 0.000000000000000000e+00
-5.225291252136230469e+00 1.171743774414062500e+01 0.000000000000000000e+00
1.145648384094238281e+01 -3.369970560073852539e+00 0.000000000000000000e+00
1.147210502624511719e+01 9.911373138427734375e+00 0.000000000000000000e+00
7.473152279853820801e-01 1.631241798400878906e+01 0.000000000000000000e+00
1.004442310333251953e+01 1.112794208526611328e+01 0.000000000000000000e+00
-9.551272392272949219e+00 -7.135842442512512207e-01 0.000000000000000000e+00
-6.823909759521484375e+00 -1.532330417633056641e+01 0.000000000000000000e+00
1.198092555999755859e+01 4.202855110168457031e+00 0.000000000000000000e+00
-7.167862415313720703e+00 -1.093879508972167969e+01 0.000000000000000000e+00
-4.588603973388671875e+00 6.162384033203125000e+00 0.000000000000000000e+00
-9.448042511940002441e-01 1.308407402038574219e+01 0.000000000000000000e+00
9.242725372314453125e+00 -8.577644348144531250e+00 0.000000000000000000e+00
2.123595952987670898e+00 -7.360188007354736328e+00 0.000000000000000000e+00
1.279345512390136719e+01 -9.388002157211303711e-01 0.000000000000000000e+00
-6.434823036193847656e+00 1.556798839569091797e+01 0.000000000000000000e+00
1.085944271087646484e+01 -6.019340038299560547e+00 0.000000000000000000e+00
-1.064534950256347656e+01 8.159687995910644531e+00 0.000000000000000000e+00
-5.962885379791259766e+00 1.402894115447998047e+01 0.000000000000000000e+00
-1.182451438903808594e+01 3.501557707786560059e-01 0.000000000000000000e+00
-3.678338050842285156e+00 -1.686584281921386719e+01 0.000000000000000000e+00
-2.853331089019775391e+00 2.202459096908569336e+00 0.000000000000000000e+00
-4.557644367218017578e+00 -1.289523506164550781e+01 0.000000000000000000e+00
-9.950428962707519531e+00 6.295797348022460938e+00 0.000000000000000000e+00
-6.420954704284667969e+00 -3.904558897018432617e+00 0.000000000000000000e+00
8.502079010009765625e+00 1.173067092895507812e+01 0.000000000000000000e+00
-5.337140083312988281e+00 -5.779167652130126953e+00 0.000000000000000000e+00
2.191650152206420898e+00 -1.460527610778808594e+01 0.000000000000000000e+00
1.747270774841308594e+01 -6.651618331670761108e-02 0.000000000000000000e+00
-6.185970306396484375e-01 -1.161442279815673828e+00 0.000000000000000000e+00
-1.539325618743896484e+01 -6.532105445861816406e+00 0.000000000000000000e+00
1.151690673828125000e+01 -1.296417331695556641e+01 0.000000000000000000e+00
8.283122777938842773e-01 8.966489791870117188e+00 0.000000000000000000e+00
5.336831092834472656e+00 1.750180363655090332e+00 0.000000000000000000e+00
6.785205364227294922e+00 1.284498882293701172e+01 0.000000000000000000e+00
9.514963150024414062e+00 1.368378448486328125e+01 0.000000000000000000e+00
-1.335763168334960938e+01 -1.067179203033447266e+01 0.000000000000000000e+00
-1.471465587615966797e+01 5.633647918701171875e+00 0.000000000000000000e+00
1.642581105232238770e+00 -8.989497184753417969e+00 0.000000000000000000e+00
-3.522537469863891602e+00 1.212554359436035156e+01 0.000000000000000000e+00
9.953227043151855469e+00 2.323252409696578979e-01 0.000000000000000000e+00
5.981739044189453125e+00 -1.075990676879882812e+01 0.000000000000000000e+00
6.225505352020263672e+00 7.616706371307373047e+00 0.000000000000000000e+00
1.206837081909179688e+01 -9.310176849365234375e+00 0.000000000000000000e+00
1.285365867614746094e+01 1.158698654174804688e+01 0.000000000000000000e+00
-1.492496967315673828e+00 -1.057865428924560547e+01 0.000000000000000000e+00
8.133297920227050781e+00 3.330378830432891846e-01 0.000000000000000000e+00
-1.384434795379638672e+01 -6.395223617553710938e+00 0.000000000000000000e+00
9.293681144714355469e+00 -1.478773498535156250e+01 0.000000000000000000e+00
7.008077144622802734e+00 -3.223429441452026367e+00 0.000000000000000000e+00
7.513619661331176758e-01 3.780302047729492188e+00 0.000000000000000000e+00
-2.963027000427246094e+00 8.164953231811523438e+00 0.000000000000000000e+00
-1.127412033081054688e+01 -1.190039396286010742e+00 0.000000000000000000e+00
-2.804908275604248047e+00 1.378175354003906250e+01 0.000000000000000000e+00
1.231737041473388672e+01 5.485506653785705566e-01 0.000000000000000000e+00
1.348053359985351562e+01 7.171008586883544922e+00 0.000000000000000000e+00
-6.410006523132324219e+00 -2.025377273559570312e+00 0.000000000000000000e+00
7.361379146575927734e+00 2.482757568359375000e+00 0.000000000000000000e+00
-1.359993171691894531e+01 1.090616035461425781e+01 0.000000000000000000e+00
-1.572900962829589844e+01 -1.730781435966491699e+00 0.000000000000000000e+00
6.248372077941894531e+00 5.061828136444091797e+00 0.000000000000000000e+00
-8.914154052734375000e+00 -4.251273155212402344e+00 0.000000000000000000e+00
3.195123195648193359e+00 1.014933204650878906e+01 0.000000000000000000e+00
-6.294072151184082031e+00 -8.541401863098144531e+00 0.000000000000000000e+00
1.396174240112304688e+01 1.563488602638244629e+00 0.000000000000000000e+00
-3.675048589706420898e+00 -1.428135490417480469e+01 0.000000000000000000e+00
1.677661657333374023e+00 1.228556728363037109e+01 0.000000000000000000e+00
-7.180422544479370117e-01 -1.268725585937500000e+01 0.000000000000000000e+00
-1.380847167968750000e+01 7.109026908874511719e+00 0.000000000000000000e+00
6.447724819183349609e+00 -6.566626071929931641e+00 0.000000000000000000e+00
-6.572726249694824219e+00 9.528793692588806152e-01 0.000000000000000000e+00
-8.548254966735839844e+00 5.612105846405029297e+00 0.000000000000000000e+00
4.341004371643066406e+00 7.465291976928710938e+00 0.000000000000000000e+00
1.518045997619628906e+01 -2.967976331710815430e+00 0.000000000000000000e+00
-5.617858886718750000e+00 1.017565250396728516e+01 0.000000000000000000e+00
-9.932625770568847656e+00 -6.752580165863037109e+00 0.000000000000000000e+00
4.111208915710449219e+00 -1.410733318328857422e+01 0.000000000000000000e+00
-1.211565399169921875e+01 1.200277709960937500e+01 0.000000000000000000e+00
-7.955534934997558594e+00 1.543898582458496094e+01 0.000000000000000000e+00
-1.520763635635375977e+00 3.206600904464721680e+00 0.000000000000000000e+00
1.859842181205749512e+00 -1.809098720550537109e+00 0.000000000000000000e+00
-1.243274402618408203e+01 -8.348013877868652344e+00 0.000000000000000000e+00
1.236606025695800781e+01 -6.717888355255126953e+00 0.000000000000000000e+00
