5.065312584212978919e+00 1.211446097648431675e+01 -1.765533165078991829e-04
9.334182345188111185e+00 9.235133041732353831e+00 2.230920377037648450e-04
-2.084647907830344593e+00 1.072470834202283108e+01 2.851644626362670465e-04
2.185214643191939921e+00 7.844681910167484062e+00 -4.077331047636079120e-05
6.455078186986994204e+00 4.964655382897962710e+00 -3.666389882375220566e-04
1.072394794796209538e+01 2.085327447584339300e+00 3.300562307617660451e-05
-9.233616805787690396e+00 9.334249291793655701e+00 2.728714993427416857e-05
-4.963632438011822856e+00 6.455625715978765555e+00 -1.056367877994013327e-04
-6.948823050006379676e-01 3.574902748805260710e+00 9.507851209122897274e-05
3.574980279021651608e+00 6.954793950487645482e-01 5.668228697283117512e-04
7.843850006996779811e+00 -2.184451617802051437e+00 1.687860931909312967e-04
1.211371255801903324e+01 -5.064478050219060279e+00 -1.571524228216603092e-04
-1.211359412595856000e+01 5.065865162285760448e+00 3.620682881213532767e-04
-7.843731574936277262e+00 2.185838730430411658e+00 3.613051500828134976e-05
-3.574980246021646213e+00 -6.948763169499123649e-01 2.308592610219539765e-04
6.948823050006072144e-01 -3.574902749366920762e+00 -9.507925499030456251e-05
4.963752065975740813e+00 -6.454230684118885009e+00 3.045660992224696884e-04
9.233734245017602760e+00 -9.332862084307230077e+00 1.775566158173091935e-04
-1.072382951590162392e+01 -2.083940335517639131e+00 1.719102422237384076e-04
-6.454959754926491655e+00 -4.963268270269603377e+00 5.715555964362906138e-04
-2.185097203904238672e+00 -7.843294702686611330e+00 2.456170804241430972e-04
2.084767535849922027e+00 -1.072331331035582735e+01 -8.623617292791152522e-05
-9.334063913127609524e+00 -9.233745929103992722e+00 -1.817542950544037694e-05
-5.065194152152477258e+00 -1.211307386385595741e+01 3.814699247071118293e-04
