-2.117954452334283033e+00 -1.595468250338246685e+00
-1.943792385002271139e+00 -3.576606827807367606e-01
-1.769630317670258801e+00 8.801468847767732750e-01
-1.595468250338246685e+00 2.117954452334283033e+00
-8.801468847767732750e-01 -1.769630317670258801e+00
-7.059848174447610480e-01 -5.318227501127489321e-01
-5.318227501127489321e-01 7.059848174447610480e-01
-3.576606827807367606e-01 1.943792385002271139e+00
3.576606827807367606e-01 -1.943792385002271139e+00
5.318227501127489321e-01 -7.059848174447610480e-01
7.059848174447610480e-01 5.318227501127489321e-01
8.801468847767732750e-01 1.769630317670258801e+00
1.595468250338246685e+00 -2.117954452334283033e+00
1.769630317670258801e+00 -8.801468847767732750e-01
1.943792385002271139e+00 3.576606827807367606e-01
2.117954452334283033e+00 1.595468250338246685e+00
