3.674748182296752930e+00 -1.662912750244140625e+01 0.000000000000000000e+00
9.119761586189270020e-01 1.417812347412109375e+01 0.000000000000000000e+00
6.057664871215820312e+00 1.637086296081542969e+01 0.000000000000000000e+00
-1.361018657684326172e+01 1.018832087516784668e+00 0.000000000000000000e+00
-1.692033195495605469e+01 -4.260423183441162109e+00 0.000000000000000000e+00
-5.999869346618652344e+00 7.045865058898925781e+00 0.000000000000000000e+00
-1.503949546813964844e+01 -9.872423410415649414e-01 0.000000000000000000e+00
-4.522264480590820312e+00 2.600134134292602539e+00 0.000000000000000000e+00
5.906140327453613281e+00 -9.227141380310058594e+00 0.000000000000000000e+00
-3.156348466873168945e+00 4.982121467590332031e+00 0.000000000000000000e+00
-4.035388469696044922e+00 9.056736946105957031e+00 0.000000000000000000e+00
-4.999499797821044922e+00 -1.199116992950439453e+01 0.000000000000000000e+00
-1.832390308380126953e+00 1.074514865875244141e+01 0.000000000000000000e+00
-1.014000511169433594e+01 -3.707507133483886719e+00 0.000000000000000000e+00
-4.015601634979248047e+00 -1.737782955169677734e+00 0.000000000000000000e+00
1.545454025268554688e+01 1.714393854141235352e+00 0.000000000000000000e+00
-9.386852264404296875e+00 -6.907260894775390625e+00 0.000000000000000000e+00
-5.584663748741149902e-01 -1.166279602050781250e+01 0.000000000000000000e+00
1.188663387298583984e+01 -1.183404541015625000e+01 0.000000000000000000e+00
-4.742006301879882812e+00 -6.479116439819335938e+00 0.000000000000000000e+00
-7.355293631553649902e-01 7.220340728759765625e+00 0.000000000000000000e+00
-9.372932910919189453e-01 -1.322062683105468750e+01 0.000000000000000000e+00
-9.686796188354492188e+00 1.063229465484619141e+01 0.000000000000000000e+00
1.260363101959228516e+01 -9.318764686584472656e+00 0.000000000000000000e+00
1.503342628479003906e+01 -8.514955520629882812e+00 0.000000000000000000e+00
4.864692211151123047e+00 5.925262451171875000e+00 0.000000000000000000e+00
-4.682213306427001953e+00 -1.567516994476318359e+01 0.000000000000000000e+00
-1.737874269485473633e+00 3.497557163238525391e+00 0.000000000000000000e+00
4.132416248321533203e+00 1.561216545104980469e+01 0.000000000000000000e+00
-1.599837398529052734e+01 6.937792301177978516e+00 0.000000000000000000e+00
-8.587222099304199219e+00 -2.316566556692123413e-01 0.000000000000000000e+00
8.610093116760253906e+00 5.304344177246093750e+00 0.000000000000000000e+00
-9.436479568481445312e+00 4.680640697479248047e+00 0.000000000000000000e+00
8.204727172851562500e+00 -5.500018596649169922e+00 0.000000000000000000e+00
2.073634862899780273e-01 -5.102627277374267578e+00 0.000000000000000000e+00
4.997595310211181641e+00 8.717695236206054688e+00 0.000000000000000000e+00
4.305241107940673828e+00 1.347457218170166016e+01 0.000000000000000000e+00
-1.847756356000900269e-01 3.026789188385009766e+00 0.000000000000000000e+00
7.614893913269042969e+00 2.235432863235473633e+00 0.000000000000000000e+00
7.843437671661376953e+00 -3.003084063529968262e-01 0.000000000000000000e+00
1.769232273101806641e+00 5.705524444580078125e+00 0.000000000000000000e+00
-7.825928688049316406e+00 -8.847636222839355469e+00 0.000000000000000000e+00
-1.065710163116455078e+01 1.315010929107666016e+01 0.000000000000000000e+00
4.207027435302734375e+00 2.818718433380126953e+00 0.000000000000000000e+00
-1.247875499725341797e+01 -7.862701892852783203e+00 0.000000000000000000e+00
-2.830585479736328125e+00 -2.884511470794677734e+00 0.000000000000000000e+00
6.020377635955810547e+00 7.389421463012695312e+00 0.000000000000000000e+00
6.551445007324218750e+00 9.105453491210937500e+00 0.000000000000000000e+00
8.192837715148925781e+00 -1.478155899047851562e+01 0.000000000000000000e+00
-1.501448917388916016e+01 1.956165671348571777e+00 0.000000000000000000e+00
-3.377236366271972656e+00 -7.518985271453857422e+00 0.000000000000000000e+00
2.375753402709960938e+00 1.726020240783691406e+01 0.000000000000000000e+00
1.154083251953125000e+01 1.099281311035156250e+01 0.000000000000000000e+00
5.121484279632568359e+00 -1.911081314086914062e+00 0.000000000000000000e+00
-1.261729907989501953e+01 -3.526690721511840820e+00 0.000000000000000000e+00
-7.272214889526367188e+00 -3.311428070068359375e+00 0.000000000000000000e+00
-5.409141063690185547e+00 1.624864387512207031e+01 0.000000000000000000e+00
8.108794689178466797e-01 6.964724540710449219e+00 0.000000000000000000e+00
-8.973242759704589844e+00 3.013882875442504883e+00 0.000000000000000000e+00
6.304028511047363281e+00 6.614522933959960938e-01 0.000000000000000000e+00
2.510798573493957520e-01 1.007435321807861328e+01 0.000000000000000000e+00
-5.072250843048095703e+00 -1.404732799530029297e+01 0.000000000000000000e+00
-1.249403595924377441e+00 1.484884142875671387e+00 0.000000000000000000e+00
2.641909122467041016e+00 -3.733127355575561523e+00 0.000000000000000000e+00
2.088654518127441406e+00 2.193089485168457031e+00 0.000000000000000000e+00
7.241911411285400391e+00 1.148851871490478516e+01 0.000000000000000000e+00
1.565813899040222168e+00 -1.207376480102539062e+01 0.000000000000000000e+00
5.566448211669921875e+00 -1.101729679107666016e+01 0.000000000000000000e+00
-2.930984735488891602e+00 -1.121311569213867188e+01 0.000000000000000000e+00
-1.297933816909790039e+00 -7.261018276214599609e+00 0.000000000000000000e+00
-2.505124807357788086e+00 -1.324219346046447754e+00 0.000000000000000000e+00
5.041157722473144531e+00 -1.506277275085449219e+01 0.000000000000000000e+00
-7.935905456542968750e+00 -5.044280529022216797e+00 0.000000000000000000e+00
9.736738204956054688e+00 1.036640548706054688e+01 0.000000000000000000e+00
-4.243581771850585938e+00 -4.528954029083251953e+00 0.000000000000000000e+00
-1.069348335266113281e+01 6.344887733459472656e+00 0.000000000000000000e+00
9.085386276245117188e+00 1.189534854888916016e+01 0.000000000000000000e+00
9.299172401428222656e+00 7.900730609893798828e+00 0.000000000000000000e+00
2.329407215118408203e+00 7.131175994873046875e+00 0.000000000000000000e+00
-1.587122058868408203e+01 -5.867505550384521484e+00 0.000000000000000000e+00
1.432840919494628906e+01 6.506309032440185547e+00 0.000000000000000000e+00
-3.609803199768066406e+00 1.692375755310058594e+01 0.000000000000000000e+00
-3.503751277923583984e+00 1.416153335571289062e+01 0.000000000000000000e+00
-1.162048053741455078e+01 1.121791172027587891e+01 0.000000000000000000e+00
-1.385925292968750000e+01 4.303174495697021484e+00 0.000000000000000000e+00
-1.160593032836914062e+01 7.674046993255615234e+00 0.000000000000000000e+00
-3.461796641349792480e-01 -3.164185047149658203e+00 0.000000000000000000e+00
-8.597430229187011719e+00 -2.461868762969970703e+00 0.000000000000000000e+00
7.221374511718750000e+00 -1.193229007720947266e+01 0.000000000000000000e+00
1.102204513549804688e+01 -1.921941637992858887e+00 0.000000000000000000e+00
-8.640452384948730469e+00 -1.349605369567871094e+01 0.000000000000000000e+00
1.472487163543701172e+01 -2.945990324020385742e+00 0.000000000000000000e+00
1.121627330780029297e+01 1.254267501831054688e+01 0.000000000000000000e+00
-1.111418008804321289e+00 1.691045570373535156e+01 0.000000000000000000e+00
1.248451328277587891e+01 5.036917686462402344e+00 0.000000000000000000e+00
7.185821533203125000e+00 1.313389682769775391e+01 0.000000000000000000e+00
3.086658477783203125e+00 -9.876171112060546875e+00 0.000000000000000000e+00
2.504840373992919922e+00 -1.504901313781738281e+01 0.000000000000000000e+00
1.637548446655273438e+00 -1.039889216423034668e+00 0.000000000000000000e+00
4.725043773651123047e+00 -6.995865345001220703e+00 0.000000000000000000e+00
1.121885871887207031e+01 -3.442118167877197266e+00 0.000000000000000000e+00
9.213132858276367188e+00 1.423507022857666016e+01 0.000000000000000000e+00
5.223012924194335938e+00 1.064143180847167969e+01 0.000000000000000000e+00
-1.124313640594482422e+01 -1.079071044921875000e+01 0.000000000000000000e+00
4.030467987060546875e+00 1.198878097534179688e+01 0.000000000000000000e+00
-1.020489120483398438e+01 -5.144876837730407715e-01 0.000000000000000000e+00
-6.278318405151367188e+00 1.067677307128906250e+01 0.000000000000000000e+00
-7.865083813667297363e-01 -1.686463165283203125e+01 0.000000000000000000e+00
9.825478792190551758e-01 -1.664638900756835938e+01 0.000000000000000000e+00
1.350557613372802734e+01 1.094470024108886719e+01 0.000000000000000000e+00
9.773562431335449219e+00 -1.300815486907958984e+01 0.000000000000000000e+00
-5.641215801239013672e+00 -1.267382740974426270e+00 0.000000000000000000e+00
-1.272012615203857422e+01 -5.957190513610839844e+00 0.000000000000000000e+00
-3.804857015609741211e+00 5.841807126998901367e-01 0.000000000000000000e+00
-6.227277278900146484e+00 -9.409476280212402344e+00 0.000000000000000000e+00
4.768321037292480469e+00 -1.239454174041748047e+01 0.000000000000000000e+00
8.934073448181152344e+00 -1.542813539505004883e+00 0.000000000000000000e+00
-1.730652046203613281e+01 -5.027105566114187241e-03 0.000000000000000000e+00
-6.789263248443603516e+00 1.548679828643798828e+01 0.000000000000000000e+00
-1.447608113288879395e+00 1.270769023895263672e+01 0.000000000000000000e+00
9.466321945190429688e+00 2.685925722122192383e+00 0.000000000000000000e+00
-9.390908241271972656e+00 -1.030217075347900391e+01 0.000000000000000000e+00
-8.342818260192871094e+00 5.878102779388427734e+00 0.000000000000000000e+00
-9.897789359092712402e-01 -8.109942674636840820e-01 0.000000000000000000e+00
-8.162505149841308594e+00 1.221235942840576172e+01 0.000000000000000000e+00
3.695249319076538086e+00 -1.407367229461669922e+01 0.000000000000000000e+00
1.165430450439453125e+01 1.062063097953796387e+00 0.000000000000000000e+00
3.060847997665405273e+00 -7.950922489166259766e+00 0.000000000000000000e+00
9.321560859680175781e+00 -3.881187200546264648e+00 0.000000000000000000e+00
-1.373943805694580078e+01 -9.561527252197265625e+00 0.000000000000000000e+00
7.334724426269531250e+00 6.344201087951660156e+00 0.000000000000000000e+00
-9.978390693664550781e+00 -5.436814308166503906e+00 0.000000000000000000e+00
1.461301231384277344e+01 4.859822750091552734e+00 0.000000000000000000e+00
8.807738304138183594e+00 -9.695943832397460938e+00 0.000000000000000000e+00
9.720597267150878906e-01 1.150904941558837891e+01 0.000000000000000000e+00
1.297309303283691406e+01 2.386104583740234375e+00 0.000000000000000000e+00
-6.848133563995361328e+00 1.818219274282455444e-01 0.000000000000000000e+00
-7.186864852905273438e+00 4.613960742950439453e+00 0.000000000000000000e+00
1.474907875061035156e+01 -1.340229630470275879e+00 0.000000000000000000e+00
-6.584218025207519531e+00 -1.457450389862060547e+01 0.000000000000000000e+00
6.295253276824951172e+00 -3.927767992019653320e+00 0.000000000000000000e+00
3.700843751430511475e-01 -6.971804141998291016e+00 0.000000000000000000e+00
-1.427937889099121094e+01 8.263976097106933594e+00 0.000000000000000000e+00
-5.636181354522705078e+00 1.376142024993896484e+01 0.000000000000000000e+00
5.928512096405029297e+00 2.686265230178833008e+00 0.000000000000000000e+00
6.864250183105468750e+00 -1.376207542419433594e+01 0.000000000000000000e+00
-1.135040283203125000e+01 -1.298210144042968750e+01 0.000000000000000000e+00
1.074992656707763672e+01 -5.494247436523437500e+00 0.000000000000000000e+00
4.192170619964599609e+00 7.421259880065917969e+00 0.000000000000000000e+00
1.131127166748046875e+01 8.422924041748046875e+00 0.000000000000000000e+00
1.615930938720703125e+01 -5.862980842590332031e+00 0.000000000000000000e+00
-1.253662872314453125e+01 3.393736600875854492e+00 0.000000000000000000e+00
-1.430175209045410156e+01 1.003820896148681641e+01 0.000000000000000000e+00
1.098892021179199219e+01 6.746025085449218750e+00 0.000000000000000000e+00
-8.649663925170898438e+00 1.445267868041992188e+01 0.000000000000000000e+00
-1.372170639038085938e+01 6.594207763671875000e+00 0.000000000000000000e+00
-7.755154609680175781e+00 -1.042121696472167969e+01 0.000000000000000000e+00
3.245162487030029297e+00 4.490395069122314453e+00 0.000000000000000000e+00
3.983196496963500977e+00 -3.983719944953918457e-01 0.000000000000000000e+00
1.312638378143310547e+01 -4.023444175720214844e+00 0.000000000000000000e+00
-3.928904771804809570e+00 1.094765567779541016e+01 0.000000000000000000e+00
-1.628386306762695312e+01 4.689942836761474609e+00 0.000000000000000000e+00
-8.162877082824707031e+00 1.028512191772460938e+01 0.000000000000000000e+00
1.586757469177246094e+01 3.393105268478393555e+00 0.000000000000000000e+00
1.356882953643798828e+01 9.216265678405761719e+00 0.000000000000000000e+00
9.467218399047851562e+00 2.920791041105985641e-03 0.000000000000000000e+00
-1.525319290161132812e+01 -3.535424470901489258e+00 0.000000000000000000e+00
-1.037476778030395508e+00 9.193283081054687500e+00 0.000000000000000000e+00
6.998254299163818359e+00 -6.547727108001708984e+00 0.000000000000000000e+00
-1.090255069732666016e+01 -7.989387035369873047e+00 0.000000000000000000e+00
-1.700274276733398438e+01 -2.156608819961547852e+00 0.000000000000000000e+00
1.301863384246826172e+01 -2.215346813201904297e+00 0.000000000000000000e+00
8.324184417724609375e+00 -7.273129463195800781e+00 0.000000000000000000e+00
-1.172086238861083984e+01 -4.779360294342041016e+00 0.000000000000000000e+00
1.321054267883300781e+01 1.634405106306076050e-01 0.000000000000000000e+00
1.369422197341918945e+00 -1.024348068237304688e+01 0.000000000000000000e+00
1.299907016754150391e+01 -5.822983741760253906e+00 0.000000000000000000e+00
2.545868873596191406e+00 -5.519640922546386719e+00 0.000000000000000000e+00
-7.215855598449707031e+00 -1.573934078216552734e+00 0.000000000000000000e+00
7.333874702453613281e+00 -2.431139707565307617e+00 0.000000000000000000e+00
-1.274558925628662109e+01 9.923066139221191406e+00 0.000000000000000000e+00
1.276806068420410156e+01 7.306123733520507812e+00 0.000000000000000000e+00
2.489670276641845703e+00 1.026270389556884766e+01 0.000000000000000000e+00
-3.181393384933471680e+00 7.165445327758789062e+00 0.000000000000000000e+00
2.104190587997436523e+00 4.578956961631774902e-01 0.000000000000000000e+00
-6.535159111022949219e+00 -1.295265674591064453e+01 0.000000000000000000e+00
1.127758026123046875e+01 -7.930362701416015625e+00 0.000000000000000000e+00
-1.188534927368164062e+01 1.531529784202575684e+00 0.000000000000000000e+00
-2.496350049972534180e+00 -9.687352180480957031e+00 0.000000000000000000e+00
-5.652727127075195312e+00 4.510030269622802734e+00 0.000000000000000000e+00
-6.324253559112548828e+00 -6.457485675811767578e+00 0.000000000000000000e+00
-4.675668716430664062e+00 -9.122229576110839844e+00 0.000000000000000000e+00
4.595362544059753418e-01 1.610893440246582031e+01 0.000000000000000000e+00
-1.091440486907958984e+01 9.189785957336425781e+00 0.000000000000000000e+00
4.554739475250244141e+00 -4.958347797393798828e+00 0.000000000000000000e+00
-4.704952239990234375e-01 -1.007827377319335938e+01 0.000000000000000000e+00
5.731207370758056641e+00 1.275025177001953125e+01 0.000000000000000000e+00
-1.173132991790771484e+01 -1.904580235481262207e+00 0.000000000000000000e+00
9.134185791015625000e+00 -1.143696880340576172e+01 0.000000000000000000e+00
-6.463857173919677734e+00 3.058791875839233398e+00 0.000000000000000000e+00
1.300896358489990234e+01 -7.402655601501464844e+00 0.000000000000000000e+00
-2.762021780014038086e+00 -1.662973403930664062e+01 0.000000000000000000e+00
3.636137008666992188e+00 1.211008310317993164e+00 0.000000000000000000e+00
-1.160142993927001953e+01 4.747413635253906250e+00 0.000000000000000000e+00
-1.650765419006347656e+01 1.568514585494995117e+00 0.000000000000000000e+00
-1.979368627071380615e-01 4.978405475616455078e+00 0.000000000000000000e+00
-4.658051490783691406e+00 5.824793338775634766e+00 0.000000000000000000e+00
-1.398123645782470703e+01 -2.302606105804443359e+00 0.000000000000000000e+00
1.748636603355407715e+00 8.678728103637695312e+00 0.000000000000000000e+00
-8.325325012207031250e+00 8.416105270385742188e+00 0.000000000000000000e+00
7.372170925140380859e+00 1.548885440826416016e+01 0.000000000000000000e+00
1.503816699981689453e+01 2.158502191305160522e-01 0.000000000000000000e+00
1.459552764892578125e+01 -5.795672893524169922e+00 0.000000000000000000e+00
-6.255874633789062500e+00 8.955428123474121094e+00 0.000000000000000000e+00
-3.163711547851562500e+00 -5.913886070251464844e+00 0.000000000000000000e+00
3.101784229278564453e+00 -1.746852397918701172e+00 0.000000000000000000e+00
1.676520538330078125e+01 -3.723867416381835938e+00 0.000000000000000000e+00
-6.191800117492675781e+00 -4.387188434600830078e+00 0.000000000000000000e+00
1.029225707054138184e+00 -1.356388282775878906e+01 0.000000000000000000e+00
-9.722516059875488281e+00 -1.185413932800292969e+01 0.000000000000000000e+00
-1.530336475372314453e+01 -7.955575942993164062e+00 0.000000000000000000e+00
1.731248283386230469e+01 -2.431289702653884888e-01 0.000000000000000000e+00
1.325276279449462891e+01 -1.120202064514160156e+01 0.000000000000000000e+00
1.719724082946777344e+01 1.708715796470642090e+00 0.000000000000000000e+00
-1.026557445526123047e+00 1.508938312530517578e+01 0.000000000000000000e+00
1.122962665557861328e+01 2.600467443466186523e+00 0.000000000000000000e+00
-1.391829490661621094e+01 -4.368486404418945312e+00 0.000000000000000000e+00
-1.095815467834472656e+01 3.239225864410400391e+00 0.000000000000000000e+00
8.141166687011718750e+00 9.043509483337402344e+00 0.000000000000000000e+00
-9.861123561859130859e-02 -1.517803096771240234e+01 0.000000000000000000e+00
-6.405019760131835938e+00 -1.114050865173339844e+01 0.000000000000000000e+00
1.064101505279541016e+01 4.705971717834472656e+00 0.000000000000000000e+00
5.779260635375976562e+00 4.530118942260742188e+00 0.000000000000000000e+00
5.039210082031786442e-04 -8.546576499938964844e+00 0.000000000000000000e+00
-3.298773765563964844e+00 -1.306177520751953125e+01 0.000000000000000000e+00
7.378094196319580078e+00 -1.038944244384765625e+01 0.000000000000000000e+00
2.839200735092163086e+00 1.442890834808349609e+01 0.000000000000000000e+00
-5.307399749755859375e+00 -2.771748304367065430e+00 0.000000000000000000e+00
-4.346336364746093750e+00 1.252370262145996094e+01 0.000000000000000000e+00
5.516121387481689453e+00 1.441027927398681641e+01 0.000000000000000000e+00
-1.254861235618591309e+00 -4.616871356964111328e+00 0.000000000000000000e+00
-3.135240554809570312e+00 -1.483709812164306641e+01 0.000000000000000000e+00
2.662600755691528320e+00 1.281964111328125000e+01 0.000000000000000000e+00
9.761397361755371094e+00 -8.406883239746093750e+00 0.000000000000000000e+00
-9.948791503906250000e+00 1.261447310447692871e+00 0.000000000000000000e+00
-2.794886827468872070e+00 2.282545089721679688e+00 0.000000000000000000e+00
-7.495244503021240234e+00 1.727915525436401367e+00 0.000000000000000000e+00
6.751843452453613281e+00 -1.557415866851806641e+01 0.000000000000000000e+00
8.264630317687988281e+00 -1.314805412292480469e+01 0.000000000000000000e+00
8.075274467468261719e+00 3.854004621505737305e+00 0.000000000000000000e+00
1.683894920349121094e+01 -1.766032695770263672e+00 0.000000000000000000e+00
1.586453914642333984e+01 6.781647205352783203e+00 0.000000000000000000e+00
3.156343460083007812e+00 -1.200924110412597656e+01 0.000000000000000000e+00
1.192244768142700195e+00 -3.016934156417846680e+00 0.000000000000000000e+00
-1.755479931831359863e+00 5.855983257293701172e+00 0.000000000000000000e+00
1.074815845489501953e+01 -9.813040733337402344e+00 0.000000000000000000e+00
