-2.172197017916866368e+00 1.520792594456283453e+00
-9.412004804591497242e-01 1.737927402276477684e+00
2.897960569985668089e-01 1.955062210096672137e+00
1.520792594456283453e+00 2.172197017916866368e+00
-1.955062210096672137e+00 2.897960569985668089e-01
-7.240656726389553821e-01 5.069308648187611510e-01
5.069308648187611510e-01 7.240656726389553821e-01
1.737927402276477684e+00 9.412004804591497242e-01
-1.737927402276477684e+00 -9.412004804591497242e-01
-5.069308648187611510e-01 -7.240656726389553821e-01
7.240656726389553821e-01 -5.069308648187611510e-01
1.955062210096672137e+00 -2.897960569985668089e-01
-1.520792594456283453e+00 -2.172197017916866368e+00
-2.897960569985668089e-01 -1.955062210096672137e+00
9.412004804591497242e-01 -1.737927402276477684e+00
2.172197017916866368e+00 -1.520792594456283453e+00
