-2.619053020373637963e+00 4.145012382028843145e-01
-1.607868267514797278e+00 1.149351832259802197e+00
-5.966835146559565928e-01 1.884202426316720302e+00
4.145012382028843145e-01 2.619053020373637963e+00
-1.884202426316720302e+00 -5.966835146559565928e-01
-8.730176734578792841e-01 1.381670794009614012e-01
1.381670794009614012e-01 8.730176734578792841e-01
1.149351832259802197e+00 1.607868267514797278e+00
-1.149351832259802197e+00 -1.607868267514797278e+00
-1.381670794009614012e-01 -8.730176734578792841e-01
8.730176734578792841e-01 -1.381670794009614012e-01
1.884202426316720302e+00 5.966835146559565928e-01
-4.145012382028843145e-01 -2.619053020373637963e+00
5.966835146559565928e-01 -1.884202426316720302e+00
1.607868267514797278e+00 -1.149351832259802197e+00
2.619053020373637963e+00 -4.145012382028843145e-01
