-2.602927167041348078e+00 -5.059843506256911372e-01
-1.903946228236129246e+00 5.303194885966553418e-01
-1.204965289430910191e+00 1.566623327819001821e+00
-5.059843506256911372e-01 2.602927167041348078e+00
-1.566623327819001821e+00 -1.204965289430910191e+00
-8.676423890137827666e-01 -1.686614502085637124e-01
-1.686614502085637124e-01 8.676423890137827666e-01
5.303194885966553418e-01 1.903946228236129246e+00
-5.303194885966553418e-01 -1.903946228236129246e+00
1.686614502085637124e-01 -8.676423890137827666e-01
8.676423890137827666e-01 1.686614502085637124e-01
1.566623327819001821e+00 1.204965289430910191e+00
5.059843506256911372e-01 -2.602927167041348078e+00
1.204965289430910191e+00 -1.566623327819001821e+00
1.903946228236129246e+00 -5.303194885966553418e-01
2.602927167041348078e+00 5.059843506256911372e-01
