3.771094569145655218e+00 1.257663388383849323e+01 2.202717046824176350e-04
8.318026845108043688e+00 1.015881407027912964e+01 2.000334177232332422e-04
-3.194155211856115173e+00 1.044640690173383213e+01 1.279735970056705696e-04
1.352897651956467939e+00 8.029378947446211612e+00 -4.909449456489412000e-04
5.899829927974547417e+00 5.611559134255631243e+00 -5.111835114242069267e-04
1.044664260897305397e+01 3.192947367496897115e+00 6.733176384265959769e-05
-1.015928556796682436e+01 8.317566936837803127e+00 2.406641970758016669e-04
-5.612353292004402583e+00 5.899747123840099583e+00 2.204266530156928638e-04
-1.065419820027216913e+00 3.481935230249821434e+00 1.942005116482015126e-04
3.481512455935202865e+00 1.064115417252117446e+00 1.739629675880927095e-04
8.029437554942649768e+00 -1.353799814937442614e+00 2.258234010404924774e-04
1.257636983090507066e+01 -3.771619627935146823e+00 2.055858569802726521e-04
-1.257748347798657029e+01 3.770312095865249624e+00 -4.706245528052210858e-04
-8.030551201968490815e+00 1.352492282674668145e+00 -4.908631185807088571e-04
-3.482626103016704278e+00 -1.065422949322014201e+00 -4.390016634130411433e-04
1.064307401960488120e+00 -3.482631764813440611e+00 3.324543259697332331e-04
5.612232500912273991e+00 -5.900546996810122735e+00 3.843157811371789023e-04
1.015916576976094632e+01 -8.318366904858770283e+00 3.641500578108747277e-04
-1.044676343300949739e+01 -3.194350318196990113e+00 -2.602717392559128484e-04
-5.899949759180431741e+00 -5.612962180375450139e+00 3.183156355603955490e-04
-1.353017483218042383e+00 -8.030781993934812846e+00 2.980773486007670670e-04
3.194035583723087157e+00 -1.044780193320240258e+01 -3.269008691946240219e-04
-8.318147636200205142e+00 -1.015961394381081107e+01 4.047082735301188450e-04
-3.771215360182093246e+00 -1.257743375643973138e+01 3.844704506539287081e-04
