-2.403208759645599546e+00 -1.120641627623504721e+00
-1.975686382304901345e+00 5.397516813286329374e-02
-1.548164004964202922e+00 1.228591963889231531e+00
-1.120641627623504721e+00 2.403208759645599546e+00
-1.228591963889231531e+00 -1.548164004964202922e+00
-8.010695865485333300e-01 -3.735472092078349626e-01
-3.735472092078349626e-01 8.010695865485333300e-01
5.397516813286329374e-02 1.975686382304901345e+00
-5.397516813286329374e-02 -1.975686382304901345e+00
3.735472092078349626e-01 -8.010695865485333300e-01
8.010695865485333300e-01 3.735472092078349626e-01
1.228591963889231531e+00 1.548164004964202922e+00
1.120641627623504721e+00 -2.403208759645599546e+00
1.548164004964202922e+00 -1.228591963889231531e+00
1.975686382304901345e+00 -5.397516813286329374e-02
2.403208759645599546e+00 1.120641627623504721e+00
