-1.264597606658935547e+01 8.162020683288574219e+00 0.000000000000000000e+00
-6.600749492645263672e+00 -1.219758701324462891e+01 0.000000000000000000e+00
-1.420437335968017578e+01 -2.985416352748870850e-01 0.000000000000000000e+00
2.464735269546508789e+00 -8.590188980102539062e+00 0.000000000000000000e+00
7.150914192199707031e+00 2.324355125427246094e+00 0.000000000000000000e+00
-4.260415136814117432e-01 1.293805241584777832e+00 0.000000000000000000e+00
8.133685111999511719e+00 -5.811155796051025391e+00 0.000000000000000000e+00
2.362647533416748047e+00 1.246458435058593750e+01 0.000000000000000000e+00
6.303252220153808594e+00 1.045220375061035156e+00 0.000000000000000000e+00
-3.814456701278686523e+00 -9.453951835632324219e+00 0.000000000000000000e+00
-7.776863574981689453e+00 -2.978294849395751953e+00 0.000000000000000000e+00
-4.431819438934326172e+00 6.745285034179687500e+00 0.000000000000000000e+00
-6.051349639892578125e+00 1.083103942871093750e+01 0.000000000000000000e+00
1.611494064331054688e+01 1.394993662834167480e+00 0.000000000000000000e+00
-2.034804821014404297e+00 -1.598160934448242188e+01 0.000000000000000000e+00
-3.445998430252075195e+00 -5.465805530548095703e+00 0.000000000000000000e+00
-1.488720703125000000e+01 -4.074217796325683594e+00 0.000000000000000000e+00
-2.967318534851074219e+00 -1.825757026672363281e-01 0.000000000000000000e+00
3.377291202545166016e+00 2.993359565734863281e+00 0.000000000000000000e+00
5.966647148132324219e+00 -9.840911865234375000e+00 0.000000000000000000e+00
8.460036277770996094e+00 1.300692844390869141e+01 0.000000000000000000e+00
-8.744469642639160156e+00 1.453875350952148438e+01 0.000000000000000000e+00
-1.999324858188629150e-01 -1.059853267669677734e+01 0.000000000000000000e+00
6.035652160644531250e+00 3.831517457962036133e+00 0.000000000000000000e+00
-8.925352096557617188e+00 -1.267874622344970703e+01 0.000000000000000000e+00
1.332812404632568359e+01 3.036019325256347656e+00 0.000000000000000000e+00
-1.282584762573242188e+01 3.208045721054077148e+00 0.000000000000000000e+00
-9.930130004882812500e+00 7.663478374481201172e+00 0.000000000000000000e+00
-1.215353775024414062e+01 -8.764908790588378906e+00 0.000000000000000000e+00
1.220220851898193359e+01 -1.157220458984375000e+01 0.000000000000000000e+00
-1.739361190795898438e+01 -5.504720211029052734e-01 0.000000000000000000e+00
-8.838765144348144531e+00 1.453283429145812988e+00 0.000000000000000000e+00
5.231652408838272095e-02 -2.811000585556030273e+00 0.000000000000000000e+00
-2.653100013732910156e+00 2.746185779571533203e+00 0.000000000000000000e+00
1.012112522125244141e+01 -6.416504859924316406e+00 0.000000000000000000e+00
-7.710399478673934937e-02 4.104644775390625000e+00 0.000000000000000000e+00
-2.222820669412612915e-01 1.435190773010253906e+01 0.000000000000000000e+00
-9.483752250671386719e+00 -6.823686122894287109e+00 0.000000000000000000e+00
-1.800152212381362915e-01 1.742672729492187500e+01 0.000000000000000000e+00
1.097839927673339844e+01 8.708828926086425781e+00 0.000000000000000000e+00
8.900252342224121094e+00 -8.619742393493652344e+00 0.000000000000000000e+00
-1.138634872436523438e+01 -1.139477252960205078e+01 0.000000000000000000e+00
9.776543617248535156e+00 -1.136056613922119141e+01 0.000000000000000000e+00
1.248976898193359375e+01 -1.771120667457580566e+00 0.000000000000000000e+00
3.165039792656898499e-02 -1.523429107666015625e+01 0.000000000000000000e+00
9.497781753540039062e+00 1.038626956939697266e+01 0.000000000000000000e+00
-2.403683662414550781e+00 7.511262893676757812e+00 0.000000000000000000e+00
-2.330785274505615234e+00 -2.624896287918090820e+00 0.000000000000000000e+00
4.042077541351318359e+00 7.626546382904052734e+00 0.000000000000000000e+00
1.147303104400634766e+01 -5.003573894500732422e-01 0.000000000000000000e+00
-6.699599742889404297e+00 9.348299026489257812e+00 0.000000000000000000e+00
6.022707462310791016e+00 8.755205154418945312e+00 0.000000000000000000e+00
-6.087612628936767578e+00 -1.911137104034423828e+00 0.000000000000000000e+00
-1.662109947204589844e+01 2.962270736694335938e+00 0.000000000000000000e+00
-6.595345020294189453e+00 4.971314430236816406e+00 0.000000000000000000e+00
-1.151855850219726562e+01 1.108922481536865234e+01 0.000000000000000000e+00
5.108919620513916016e+00 1.072744846343994141e+01 0.000000000000000000e+00
-3.717094421386718750e+00 1.373764419555664062e+01 0.000000000000000000e+00
-1.122812628746032715e+00 2.925184488296508789e+00 0.000000000000000000e+00
4.309160709381103516e+00 5.495594501495361328e+00 0.000000000000000000e+00
4.044726848602294922e+00 -1.004808902740478516e+01 0.000000000000000000e+00
5.896665573120117188e+00 -8.331261634826660156e+00 0.000000000000000000e+00
-8.853202819824218750e+00 -5.217812061309814453e-01 0.000000000000000000e+00
-8.608623504638671875e+00 -1.493057060241699219e+01 0.000000000000000000e+00
2.471552133560180664e+00 -1.071097946166992188e+01 0.000000000000000000e+00
-7.492406368255615234e+00 7.341388702392578125e+00 0.000000000000000000e+00
5.478006362915039062e+00 -1.249885845184326172e+01 0.000000000000000000e+00
5.718066215515136719e+00 1.547993183135986328e+01 0.000000000000000000e+00
-5.519902229309082031e+00 2.266613960266113281e+00 0.000000000000000000e+00
-9.120677947998046875e+00 -1.092238712310791016e+01 0.000000000000000000e+00
-6.763659954071044922e+00 3.443011641502380371e-02 0.000000000000000000e+00
1.032149982452392578e+01 -1.303526496887207031e+01 0.000000000000000000e+00
-1.294506311416625977e+00 -1.246520614624023438e+01 0.000000000000000000e+00
1.127901935577392578e+01 -9.572556495666503906e+00 0.000000000000000000e+00
1.343839359283447266e+01 -2.938983678817749023e+00 0.000000000000000000e+00
2.955625057220458984e+00 -6.717652320861816406e+00 0.000000000000000000e+00
-1.431711006164550781e+01 8.017555236816406250e+00 0.000000000000000000e+00
6.699768066406250000e+00 5.956505298614501953e+00 0.000000000000000000e+00
5.167570590972900391e+00 1.359428310394287109e+01 0.000000000000000000e+00
1.905781626701354980e+00 -1.719207000732421875e+01 0.000000000000000000e+00
-4.037561893463134766e+00 -1.628446578979492188e+01 0.000000000000000000e+00
7.678573131561279297e+00 -1.017348575592041016e+01 0.000000000000000000e+00
1.109740734100341797e+01 4.243289947509765625e+00 0.000000000000000000e+00
1.436470270156860352e+00 1.103755474090576172e+01 0.000000000000000000e+00
7.302933216094970703e+00 7.503379344940185547e+00 0.000000000000000000e+00
1.427778434753417969e+01 4.900582313537597656e+00 0.000000000000000000e+00
-5.980078220367431641e+00 1.497141933441162109e+01 0.000000000000000000e+00
-1.112185382843017578e+01 -1.292821502685546875e+01 0.000000000000000000e+00
1.359209346771240234e+01 -5.525255680084228516e+00 0.000000000000000000e+00
1.067471742630004883e+00 8.813404083251953125e+00 0.000000000000000000e+00
2.454632043838500977e+00 -1.629874825477600098e+00 0.000000000000000000e+00
-2.476149052381515503e-01 9.812423706054687500e+00 0.000000000000000000e+00
-9.729607582092285156e+00 -3.344847440719604492e+00 0.000000000000000000e+00
-3.276061058044433594e+00 9.217298507690429688e+00 0.000000000000000000e+00
-1.332782459259033203e+01 -3.610571622848510742e+00 0.000000000000000000e+00
9.681136131286621094e+00 8.649520874023437500e-01 0.000000000000000000e+00
-3.212490558624267578e+00 -1.143509578704833984e+01 0.000000000000000000e+00
2.380823850631713867e+00 7.945259571075439453e+00 0.000000000000000000e+00
7.860820293426513672e+00 -1.238697624206542969e+01 0.000000000000000000e+00
6.165482997894287109e+00 -4.301973819732666016e+00 0.000000000000000000e+00
-4.464699268341064453e+00 1.117176628112792969e+01 0.000000000000000000e+00
1.229129791259765625e+01 1.191137695312500000e+01 0.000000000000000000e+00
-6.233746409416198730e-01 5.734343528747558594e+00 0.000000000000000000e+00
1.561494255065917969e+01 -4.355624675750732422e+00 0.000000000000000000e+00
9.135462760925292969e+00 2.364415645599365234e+00 0.000000000000000000e+00
1.509330463409423828e+01 8.241570472717285156e+00 0.000000000000000000e+00
8.261383056640625000e+00 -1.503742599487304688e+01 0.000000000000000000e+00
4.859133720397949219e+00 -6.431424617767333984e+00 0.000000000000000000e+00
-1.424532771110534668e+00 -4.103455066680908203e+00 0.000000000000000000e+00
-1.671515464782714844e+01 1.397193670272827148e+00 0.000000000000000000e+00
-3.707163631916046143e-01 -3.553959131240844727e-01 0.000000000000000000e+00
2.098476409912109375e+00 -1.447222709655761719e+01 0.000000000000000000e+00
1.242491912841796875e+01 1.188277602195739746e+00 0.000000000000000000e+00
-9.096712470054626465e-01 -7.263566017150878906e+00 0.000000000000000000e+00
9.786429405212402344e+00 6.332010746002197266e+00 0.000000000000000000e+00
1.642362594604492188e+01 3.543160438537597656e+00 0.000000000000000000e+00
1.416387367248535156e+01 1.680472970008850098e+00 0.000000000000000000e+00
9.515725135803222656e+00 -3.887932777404785156e+00 0.000000000000000000e+00
-8.713217735290527344e+00 1.195823574066162109e+01 0.000000000000000000e+00
-1.050269985198974609e+01 -5.534409284591674805e-01 0.000000000000000000e+00
1.660322380065917969e+01 -1.944064617156982422e+00 0.000000000000000000e+00
4.728774070739746094e+00 -1.951188206672668457e+00 0.000000000000000000e+00
-1.449601364135742188e+01 -6.150288581848144531e+00 0.000000000000000000e+00
2.720464229583740234e+00 9.250208139419555664e-01 0.000000000000000000e+00
-1.365041732788085938e+01 1.052120208740234375e+01 0.000000000000000000e+00
2.472257316112518311e-01 -4.557703495025634766e+00 0.000000000000000000e+00
1.620867156982421875e+01 -6.405822277069091797e+00 0.000000000000000000e+00
7.978163242340087891e+00 3.624957799911499023e+00 0.000000000000000000e+00
1.318872928619384766e+00 1.369210910797119141e+01 0.000000000000000000e+00
-1.163479995727539062e+01 4.880999565124511719e+00 0.000000000000000000e+00
-1.176976776123046875e+01 4.949648380279541016e-01 0.000000000000000000e+00
-7.615898132324218750e+00 -6.787024974822998047e+00 0.000000000000000000e+00
2.659198045730590820e+00 -4.778643608093261719e+00 0.000000000000000000e+00
-1.483114910125732422e+01 6.538939476013183594e+00 0.000000000000000000e+00
-4.794022560119628906e+00 8.767776489257812500e+00 0.000000000000000000e+00
1.714263343811035156e+01 -3.413029432296752930e+00 0.000000000000000000e+00
-1.878556013107299805e+00 1.484987640380859375e+01 0.000000000000000000e+00
1.498223304748535156e+01 -1.639112234115600586e+00 0.000000000000000000e+00
-8.286584854125976562e+00 4.485001564025878906e+00 0.000000000000000000e+00
-5.197967529296875000e+00 1.328007221221923828e+01 0.000000000000000000e+00
4.823680400848388672e+00 2.474666118621826172e+00 0.000000000000000000e+00
1.432339096069335938e+01 9.776875495910644531e+00 0.000000000000000000e+00
-1.346237421035766602e+00 -1.443060588836669922e+01 0.000000000000000000e+00
-3.134583711624145508e+00 -7.836296558380126953e+00 0.000000000000000000e+00
4.317403316497802734e+00 -1.659024810791015625e+01 0.000000000000000000e+00
-7.465944766998291016e+00 2.253138780593872070e+00 0.000000000000000000e+00
1.025955772399902344e+01 1.354107189178466797e+01 0.000000000000000000e+00
-7.200025558471679688e+00 -9.776528358459472656e+00 0.000000000000000000e+00
-5.613156795501708984e+00 1.643662834167480469e+01 0.000000000000000000e+00
8.541770935058593750e+00 8.876936912536621094e+00 0.000000000000000000e+00
-4.120941162109375000e+00 -2.415010452270507812e+00 0.000000000000000000e+00
-1.154005146026611328e+01 6.665580749511718750e+00 0.000000000000000000e+00
-1.445205116271972656e+01 1.399810194969177246e+00 0.000000000000000000e+00
6.720654487609863281e+00 -9.960795640945434570e-01 0.000000000000000000e+00
-6.491261959075927734e+00 -4.509783267974853516e+00 0.000000000000000000e+00
2.991614341735839844e+00 1.042140293121337891e+01 0.000000000000000000e+00
8.184819221496582031e+00 6.182114601135253906e+00 0.000000000000000000e+00
1.128143596649169922e+01 -7.752164840698242188e+00 0.000000000000000000e+00
-3.754278182983398438e+00 4.591556072235107422e+00 0.000000000000000000e+00
-1.042387008666992188e+01 1.403282546997070312e+01 0.000000000000000000e+00
1.595282912254333496e+00 3.405162811279296875e+00 0.000000000000000000e+00
-8.769426494836807251e-02 1.139098644256591797e+01 0.000000000000000000e+00
2.576791048049926758e+00 -3.277672290802001953e+00 0.000000000000000000e+00
-3.178748130798339844e+00 -1.345836544036865234e+01 0.000000000000000000e+00
-1.411794757843017578e+01 -9.952224731445312500e+00 0.000000000000000000e+00
1.371176147460937500e+01 -7.478858947753906250e+00 0.000000000000000000e+00
-1.446590328216552734e+01 -8.291023254394531250e+00 0.000000000000000000e+00
-1.242051982879638672e+01 -2.031017303466796875e+00 0.000000000000000000e+00
1.068464517593383789e+00 6.822440624237060547e+00 0.000000000000000000e+00
-1.483146786689758301e+00 1.331626319885253906e+01 0.000000000000000000e+00
-5.308522224426269531e+00 -1.004477119445800781e+01 0.000000000000000000e+00
6.906861066818237305e-01 -7.745072841644287109e+00 0.000000000000000000e+00
3.428060114383697510e-01 1.576563644409179688e+01 0.000000000000000000e+00
-1.224056339263916016e+01 -5.432758331298828125e+00 0.000000000000000000e+00
-9.168434143066406250e+00 1.017249298095703125e+01 0.000000000000000000e+00
1.542057991027832031e+01 6.187480449676513672e+00 0.000000000000000000e+00
-5.468111515045166016e+00 -1.321145343780517578e+01 0.000000000000000000e+00
2.540918827056884766e+00 1.538978672027587891e+01 0.000000000000000000e+00
-5.588627338409423828e+00 -6.486553668975830078e+00 0.000000000000000000e+00
1.429115486145019531e+01 1.416081339120864868e-01 0.000000000000000000e+00
-8.249479532241821289e-01 -8.906523704528808594e+00 0.000000000000000000e+00
1.217816638946533203e+01 6.948771953582763672e+00 0.000000000000000000e+00
-1.340654182434082031e+01 5.167754173278808594e+00 0.000000000000000000e+00
-2.022731542587280273e+00 -1.030188655853271484e+01 0.000000000000000000e+00
1.561854124069213867e+00 -1.270207309722900391e+01 0.000000000000000000e+00
2.696658372879028320e+00 1.713826560974121094e+01 0.000000000000000000e+00
-4.981328010559082031e+00 -4.850109100341796875e+00 0.000000000000000000e+00
7.915588855743408203e+00 -2.611573696136474609e+00 0.000000000000000000e+00
4.388849735260009766e+00 1.667227745056152344e+01 0.000000000000000000e+00
1.431216716766357422e+01 -9.653607368469238281e+00 0.000000000000000000e+00
2.590258359909057617e+00 5.659606933593750000e+00 0.000000000000000000e+00
1.217660331726074219e+01 9.940540313720703125e+00 0.000000000000000000e+00
-9.250392913818359375e-01 -5.614690780639648438e+00 0.000000000000000000e+00
-4.577714920043945312e+00 -1.480431079864501953e+01 0.000000000000000000e+00
-2.868574857711791992e+00 5.851706504821777344e+00 0.000000000000000000e+00
6.305219173431396484e+00 -1.590063381195068359e+01 0.000000000000000000e+00
9.352841973304748535e-01 -6.137636184692382812e+00 0.000000000000000000e+00
1.163141155242919922e+01 -4.982409954071044922e+00 0.000000000000000000e+00
-1.050988769531250000e+01 2.778312444686889648e+00 0.000000000000000000e+00
-1.497261047363281250e+01 4.060310840606689453e+00 0.000000000000000000e+00
-6.751040458679199219e+00 1.274886322021484375e+01 0.000000000000000000e+00
-9.199302673339843750e+00 6.023393630981445312e+00 0.000000000000000000e+00
4.257043361663818359e+00 -8.345763206481933594e+00 0.000000000000000000e+00
-1.701534080505371094e+01 -2.917551040649414062e+00 0.000000000000000000e+00
-7.311235904693603516e+00 -1.585264396667480469e+01 0.000000000000000000e+00
5.284913063049316406e+00 -4.041834175586700439e-01 0.000000000000000000e+00
3.793487310409545898e+00 -1.178860855102539062e+01 0.000000000000000000e+00
1.264315795898437500e+01 5.110256671905517578e+00 0.000000000000000000e+00
-3.680780649185180664e+00 1.650205421447753906e+01 0.000000000000000000e+00
-1.065609741210937500e+01 -5.852892875671386719e+00 0.000000000000000000e+00
4.171402931213378906e+00 1.222611236572265625e+01 0.000000000000000000e+00
-1.291661739349365234e+01 -1.161484432220458984e+01 0.000000000000000000e+00
-1.184721088409423828e+01 1.284741592407226562e+01 0.000000000000000000e+00
3.948653459548950195e+00 -1.351586437225341797e+01 0.000000000000000000e+00
6.583473682403564453e+00 -6.955257892608642578e+00 0.000000000000000000e+00
-5.271594047546386719e+00 -4.876059591770172119e-01 0.000000000000000000e+00
1.391875267028808594e+01 7.020505905151367188e+00 0.000000000000000000e+00
-3.414240837097167969e+00 1.398599267005920410e+00 0.000000000000000000e+00
1.270974159240722656e+01 -9.100377082824707031e+00 0.000000000000000000e+00
-8.262858390808105469e+00 -5.046472549438476562e+00 0.000000000000000000e+00
7.750974178314208984e+00 1.096630859375000000e+01 0.000000000000000000e+00
-1.083816432952880859e+01 8.957259178161621094e+00 0.000000000000000000e+00
-2.030780911445617676e-01 -1.742419433593750000e+01 0.000000000000000000e+00
-7.079371452331542969e+00 -1.382930374145507812e+01 0.000000000000000000e+00
-2.141069412231445312e+00 1.686772346496582031e+01 0.000000000000000000e+00
7.583337306976318359e+00 1.568303012847900391e+01 0.000000000000000000e+00
6.589597225189208984e+00 1.408715629577636719e+01 0.000000000000000000e+00
-1.033442687988281250e+01 -8.758848190307617188e+00 0.000000000000000000e+00
-4.930139064788818359e+00 -8.151555061340332031e+00 0.000000000000000000e+00
8.815761566162109375e+00 -6.217187643051147461e-01 0.000000000000000000e+00
6.709299087524414062e+00 1.235844612121582031e+01 0.000000000000000000e+00
-6.715142130851745605e-01 7.812625408172607422e+00 0.000000000000000000e+00
1.084277915954589844e+01 -2.654535293579101562e+00 0.000000000000000000e+00
-5.550199031829833984e+00 -1.595802116394042969e+01 0.000000000000000000e+00
-1.291366195678710938e+01 1.607561230659484863e+00 0.000000000000000000e+00
-8.435412406921386719e+00 -8.512239456176757812e+00 0.000000000000000000e+00
-1.563641166687011719e+01 1.625909805297851562e-01 0.000000000000000000e+00
-1.559419536590576172e+01 -1.407741785049438477e+00 0.000000000000000000e+00
8.507165908813476562e-01 -9.472760200500488281e+00 0.000000000000000000e+00
-1.287736892700195312e-01 -1.345702934265136719e+01 0.000000000000000000e+00
-1.589703321456909180e+00 1.050118541717529297e+01 0.000000000000000000e+00
-1.640831184387207031e+01 -5.727235317230224609e+00 0.000000000000000000e+00
-1.298099994659423828e+01 -6.901532649993896484e+00 0.000000000000000000e+00
-5.105177402496337891e+00 -1.171761512756347656e+01 0.000000000000000000e+00
9.513991475105285645e-01 6.192080378532409668e-01 0.000000000000000000e+00
3.548135280609130859e+00 -1.525883960723876953e+01 0.000000000000000000e+00
5.949414253234863281e+00 -1.427364730834960938e+01 0.000000000000000000e+00
-1.111042308807373047e+01 -4.085944652557373047e+00 0.000000000000000000e+00
1.539270114898681641e+01 -7.726716518402099609e+00 0.000000000000000000e+00
1.638071441650390625e+01 -4.375812411308288574e-01 0.000000000000000000e+00
8.024269104003906250e+00 8.053052425384521484e-01 0.000000000000000000e+00
-1.419460487365722656e+01 -2.182973146438598633e+00 0.000000000000000000e+00
1.105430030822753906e+01 2.257532835006713867e+00 0.000000000000000000e+00
-6.646719932556152344e+00 -7.934638023376464844e+00 0.000000000000000000e+00
1.303808498382568359e+01 8.269863128662109375e+00 0.000000000000000000e+00
-1.670450019836425781e+01 4.658820152282714844e+00 0.000000000000000000e+00
