-2.123948900834731202e+00 1.295671182130366894e+01 1.946507079226833525e-04
3.022819458173718221e+00 1.277635734801094713e+01 -3.112832855949321242e-04
-7.451158266006047803e+00 7.989310788720862533e+00 8.272858517566206160e-05
-2.304389873997591653e+00 7.809559393526993354e+00 3.744767224076461787e-04
2.842378485008758560e+00 7.629204920608607665e+00 -1.314575541231377542e-04
7.990259327968398217e+00 7.450753138649977458e+00 4.313186107478550468e-04
-1.277725740195805848e+01 3.022598467088314145e+00 -5.499321604449658452e-04
-7.630487813990496804e+00 2.842854991494747630e+00 -2.641715988043191743e-04
-2.483839017003744321e+00 2.662311642545402535e+00 6.263293535586633709e-04
2.663048970024313622e+00 2.483352201481344057e+00 3.193243926475908268e-04
7.809817329030663835e+00 2.302997728562958368e+00 -1.866098838827490169e-04
1.295658572098132844e+01 2.123246333374643413e+00 1.051382491525920670e-04
-1.295670654496211327e+01 -2.124649284267613680e+00 -2.980792462812242860e-04
-7.809936956996649471e+00 -2.304392759486843190e+00 -1.231896765374607128e-05
-2.663168564988194653e+00 -2.484144154680713257e+00 2.794291695789041796e-04
2.483719421982073072e+00 -2.663103595739217511e+00 -2.757579552881139762e-05
7.629375362979483377e+00 -2.844154603226776157e+00 -6.855230244795507133e-06
1.277713657803299618e+01 -3.024001417050841578e+00 3.569916273995499267e-04
-7.990377930159479725e+00 -7.451545186701858725e+00 1.675077897309584785e-04
-2.843489943189211555e+00 -7.630504627760362091e+00 -1.394971753772011880e-04
2.304271271864300363e+00 -7.810351441584428400e+00 2.243496822669222013e-04
7.451039630814960013e+00 -7.990705914871595539e+00 -2.815843154477803978e-04
-3.022939086137574893e+00 -1.277775237874750758e+01 1.123554599704590373e-04
2.123829305813090151e+00 -1.295750377393582298e+01 4.041035930058001213e-04
