-5.766037940979003906e+00 -6.861982822418212891e+00 0.000000000000000000e+00
-1.329810428619384766e+01 -4.492006778717041016e+00 0.000000000000000000e+00
7.990678787231445312e+00 -1.238302898406982422e+01 0.000000000000000000e+00
5.148966312408447266e+00 3.415560007095336914e+00 0.000000000000000000e+00
6.114461421966552734e-01 1.134379863739013672e+01 0.000000000000000000e+00
-8.536860466003417969e+00 -3.487118244171142578e+00 0.000000000000000000e+00
6.571320533752441406e+00 -2.827384471893310547e+00 0.000000000000000000e+00
-7.211167812347412109e+00 8.239974021911621094e+00 0.000000000000000000e+00
5.705921649932861328e+00 1.351940155029296875e+01 0.000000000000000000e+00
4.648642539978027344e+00 1.088369941711425781e+01 0.000000000000000000e+00
4.883765220642089844e+00 5.467709064483642578e+00 0.000000000000000000e+00
7.886326313018798828e+00 -5.899509906768798828e+00 0.000000000000000000e+00
-4.103768825531005859e+00 4.787171840667724609e+00 0.000000000000000000e+00
-1.018929195404052734e+01 9.728046417236328125e+00 0.000000000000000000e+00
1.401784801483154297e+01 2.039907455444335938e+00 0.000000000000000000e+00
-3.675098419189453125e-01 1.628211975097656250e+01 0.000000000000000000e+00
-2.630752801895141602e+00 1.011063194274902344e+01 0.000000000000000000e+00
7.106859207153320312e+00 2.698582112789154053e-01 0.000000000000000000e+00
-6.280894279479980469e-01 -1.666503310203552246e+00 0.000000000000000000e+00
-7.721358776092529297e+00 1.141761302947998047e+01 0.000000000000000000e+00
-1.296041011810302734e+01 9.385712623596191406e+00 0.000000000000000000e+00
4.094804286956787109e+00 1.197948098182678223e+00 0.000000000000000000e+00
-1.312202167510986328e+01 4.233402252197265625e+00 0.000000000000000000e+00
9.222564697265625000e+00 -7.346010684967041016e+00 0.000000000000000000e+00
-6.268678188323974609e+00 4.983971595764160156e+00 0.000000000000000000e+00
-1.162491416931152344e+01 -3.126674652099609375e+00 0.000000000000000000e+00
-7.682842254638671875e+00 -6.362273216247558594e+00 0.000000000000000000e+00
1.549411487579345703e+01 -6.374785423278808594e+00 0.000000000000000000e+00
3.378538370132446289e+00 -9.578230857849121094e+00 0.000000000000000000e+00
3.858238935470581055e+00 -7.494822025299072266e+00 0.000000000000000000e+00
-8.198112845420837402e-01 -1.434016132354736328e+01 0.000000000000000000e+00
-8.319247245788574219e+00 1.360958385467529297e+01 0.000000000000000000e+00
-2.675989389419555664e+00 -1.155316066741943359e+01 0.000000000000000000e+00
-1.184890937805175781e+01 1.275313186645507812e+01 0.000000000000000000e+00
1.788703203201293945e+00 1.365318584442138672e+01 0.000000000000000000e+00
-7.302760601043701172e+00 6.116574764251708984e+00 0.000000000000000000e+00
1.420618724822998047e+01 -1.301855683326721191e+00 0.000000000000000000e+00
-4.467891216278076172e+00 8.107612609863281250e+00 0.000000000000000000e+00
1.256923770904541016e+01 -2.887814044952392578e+00 0.000000000000000000e+00
-6.067829132080078125e+00 -2.747696876525878906e+00 0.000000000000000000e+00
9.215025305747985840e-01 -1.727464103698730469e+01 0.000000000000000000e+00
-4.402804851531982422e+00 -8.375821113586425781e+00 0.000000000000000000e+00
2.262249469757080078e+00 -2.115559101104736328e+00 0.000000000000000000e+00
1.061512827873229980e+00 1.920487135648727417e-01 0.000000000000000000e+00
1.741591572761535645e+00 1.557459354400634766e+01 0.000000000000000000e+00
-1.599937534332275391e+01 5.476033687591552734e+00 0.000000000000000000e+00
-1.012199687957763672e+01 1.406973934173583984e+01 0.000000000000000000e+00
-5.623506069183349609e+00 1.350494956970214844e+01 0.000000000000000000e+00
1.547235107421875000e+01 -4.587245464324951172e+00 0.000000000000000000e+00
3.916661024093627930e+00 -1.177843189239501953e+01 0.000000000000000000e+00
-7.934389710426330566e-01 1.261297035217285156e+01 0.000000000000000000e+00
-5.729956150054931641e+00 1.159464550018310547e+01 0.000000000000000000e+00
-1.490323257446289062e+01 2.527430057525634766e+00 0.000000000000000000e+00
-9.909586906433105469e+00 1.163497734069824219e+01 0.000000000000000000e+00
-6.665491580963134766e+00 -4.795246601104736328e+00 0.000000000000000000e+00
-1.161681175231933594e+00 -4.573789596557617188e+00 0.000000000000000000e+00
7.456726551055908203e+00 -1.491198158264160156e+01 0.000000000000000000e+00
1.113642597198486328e+01 1.275638961791992188e+01 0.000000000000000000e+00
-5.537559032440185547e+00 3.558981791138648987e-02 0.000000000000000000e+00
3.981546163558959961e+00 -2.094976186752319336e+00 0.000000000000000000e+00
-1.578089046478271484e+01 -8.749355077743530273e-01 0.000000000000000000e+00
1.052045631408691406e+01 -1.241051578521728516e+01 0.000000000000000000e+00
-9.258710861206054688e+00 5.651699542999267578e+00 0.000000000000000000e+00
9.491406440734863281e+00 1.009589099884033203e+01 0.000000000000000000e+00
1.201557064056396484e+01 -6.328770637512207031e+00 0.000000000000000000e+00
-1.371015834808349609e+01 -1.283394932746887207e+00 0.000000000000000000e+00
-1.107156181335449219e+01 -6.176124095916748047e+00 0.000000000000000000e+00
-3.483292341232299805e+00 1.639401626586914062e+01 0.000000000000000000e+00
-3.359844684600830078e+00 -1.532411575317382812e+01 0.000000000000000000e+00
5.824932575225830078e+00 -1.536156749725341797e+01 0.000000000000000000e+00
1.194085502624511719e+01 4.523065567016601562e+00 0.000000000000000000e+00
4.177393913269042969e+00 -1.515450477600097656e+01 0.000000000000000000e+00
8.090129852294921875e+00 -4.201233386993408203e+00 0.000000000000000000e+00
3.487673044204711914e+00 1.608633804321289062e+01 0.000000000000000000e+00
1.198886013031005859e+01 1.006914424896240234e+01 0.000000000000000000e+00
2.777293920516967773e-01 3.516826629638671875e+00 0.000000000000000000e+00
-1.074642181396484375e+01 6.693203449249267578e+00 0.000000000000000000e+00
1.866307854652404785e+00 -1.540614891052246094e+01 0.000000000000000000e+00
-1.274607062339782715e+00 -9.152431488037109375e+00 0.000000000000000000e+00
1.727847814559936523e+00 -9.885926246643066406e+00 0.000000000000000000e+00
1.407223415374755859e+01 -9.109802246093750000e+00 0.000000000000000000e+00
6.137489318847656250e+00 -1.124260711669921875e+01 0.000000000000000000e+00
-1.331985473632812500e+01 -1.071218013763427734e+01 0.000000000000000000e+00
9.206296920776367188e+00 7.306384563446044922e+00 0.000000000000000000e+00
-1.444046878814697266e+01 -6.318095207214355469e+00 0.000000000000000000e+00
-1.510381698608398438e+00 4.432188034057617188e+00 0.000000000000000000e+00
4.845046997070312500e+00 -5.343025684356689453e+00 0.000000000000000000e+00
-1.028276538848876953e+01 -9.016138076782226562e+00 0.000000000000000000e+00
-1.125877571105957031e+01 -3.374966979026794434e-01 0.000000000000000000e+00
7.697940826416015625e+00 4.124781131744384766e+00 0.000000000000000000e+00
-1.360727119445800781e+01 -2.795765161514282227e+00 0.000000000000000000e+00
1.003691291809082031e+01 -3.624702453613281250e+00 0.000000000000000000e+00
7.429363727569580078e+00 1.041837215423583984e+01 0.000000000000000000e+00
-1.175567436218261719e+01 -7.770786762237548828e+00 0.000000000000000000e+00
1.235955047607421875e+01 -3.148158788681030273e-01 0.000000000000000000e+00
8.054145812988281250e+00 8.654506683349609375e+00 0.000000000000000000e+00
-8.643505096435546875e+00 -1.206759166717529297e+01 0.000000000000000000e+00
8.452500343322753906e+00 1.523982238769531250e+01 0.000000000000000000e+00
8.836408853530883789e-01 8.454287528991699219e+00 0.000000000000000000e+00
3.354332208633422852e+00 9.246432304382324219e+00 0.000000000000000000e+00
5.673424243927001953e+00 8.737474441528320312e+00 0.000000000000000000e+00
1.000020790100097656e+01 -5.231750011444091797e+00 0.000000000000000000e+00
8.442666053771972656e+00 -9.984673500061035156e+00 0.000000000000000000e+00
-1.678018569946289062e+01 3.608608484268188477e+00 0.000000000000000000e+00
-6.539186239242553711e-01 9.742733001708984375e+00 0.000000000000000000e+00
-3.126265764236450195e+00 -7.513448596000671387e-01 0.000000000000000000e+00
-1.246418285369873047e+01 6.692397117614746094e+00 0.000000000000000000e+00
1.334918117523193359e+01 -1.126107883453369141e+01 0.000000000000000000e+00
-8.841180801391601562e+00 1.045895099639892578e+00 0.000000000000000000e+00
1.164051055908203125e+01 -1.081572246551513672e+01 0.000000000000000000e+00
1.196421337127685547e+01 1.900060057640075684e+00 0.000000000000000000e+00
-1.969220787286758423e-01 -5.798399925231933594e+00 0.000000000000000000e+00
-5.932010173797607422e+00 1.614474868774414062e+01 0.000000000000000000e+00
-7.391964435577392578e+00 -1.007362937927246094e+01 0.000000000000000000e+00
2.124642133712768555e+00 -3.786332130432128906e+00 0.000000000000000000e+00
7.750304698944091797e+00 1.753816127777099609e+00 0.000000000000000000e+00
1.011863994598388672e+01 -1.424533653259277344e+01 0.000000000000000000e+00
1.478410124778747559e+00 1.813811063766479492e+00 0.000000000000000000e+00
5.449672698974609375e+00 1.554204845428466797e+01 0.000000000000000000e+00
6.217711925506591797e+00 1.888263344764709473e+00 0.000000000000000000e+00
2.206364870071411133e+00 5.294400691986083984e+00 0.000000000000000000e+00
-6.445240020751953125e+00 -1.332878112792968750e+01 0.000000000000000000e+00
3.631810426712036133e+00 -3.858194351196289062e+00 0.000000000000000000e+00
-1.140662288665771484e+01 3.569846630096435547e+00 0.000000000000000000e+00
-4.544019699096679688e+00 -1.767179489135742188e+00 0.000000000000000000e+00
-2.834316253662109375e+00 7.176660060882568359e+00 0.000000000000000000e+00
4.096405506134033203e-01 1.435312080383300781e+01 0.000000000000000000e+00
-3.656582355499267578e+00 2.454258441925048828e+00 0.000000000000000000e+00
-4.425663471221923828e+00 -1.666801071166992188e+01 0.000000000000000000e+00
-1.465722751617431641e+01 9.122915267944335938e+00 0.000000000000000000e+00
1.653332901000976562e+01 1.435793340206146240e-01 0.000000000000000000e+00
-9.322130203247070312e+00 -5.668444156646728516e+00 0.000000000000000000e+00
8.909344673156738281e+00 -2.268944263458251953e+00 0.000000000000000000e+00
1.176521492004394531e+01 -4.654167175292968750e+00 0.000000000000000000e+00
-1.717017936706542969e+01 -3.094630002975463867e+00 0.000000000000000000e+00
9.274136543273925781e+00 1.039277315139770508e+00 0.000000000000000000e+00
6.233155131340026855e-01 6.225090980529785156e+00 0.000000000000000000e+00
-5.787168502807617188e+00 -1.494753837585449219e+01 0.000000000000000000e+00
-1.252857494354248047e+01 -9.345362663269042969e+00 0.000000000000000000e+00
6.825887680053710938e+00 -7.245143413543701172e+00 0.000000000000000000e+00
-2.203046083450317383e+00 4.686846137046813965e-01 0.000000000000000000e+00
3.664056777954101562e+00 -1.347900390625000000e+01 0.000000000000000000e+00
8.842329978942871094e-01 -8.182224273681640625e+00 0.000000000000000000e+00
7.743295192718505859e+00 6.805231094360351562e+00 0.000000000000000000e+00
1.612540125846862793e+00 -6.695285320281982422e+00 0.000000000000000000e+00
1.646662330627441406e+01 1.772682309150695801e+00 0.000000000000000000e+00
-3.180947780609130859e+00 -3.716669797897338867e+00 0.000000000000000000e+00
1.659259986877441406e+01 -2.208323001861572266e+00 0.000000000000000000e+00
1.137059402465820312e+01 -9.238758087158203125e+00 0.000000000000000000e+00
-1.495901870727539062e+01 4.074382781982421875e+00 0.000000000000000000e+00
5.085727665573358536e-03 -1.281551265716552734e+01 0.000000000000000000e+00
1.469108772277832031e+01 7.199906826019287109e+00 0.000000000000000000e+00
1.386828708648681641e+01 1.030694103240966797e+01 0.000000000000000000e+00
-1.122065186500549316e+00 6.481735229492187500e+00 0.000000000000000000e+00
9.593570709228515625e+00 1.246170425415039062e+01 0.000000000000000000e+00
-7.891852378845214844e+00 -8.745091557502746582e-01 0.000000000000000000e+00
6.118613719940185547e+00 -1.361243820190429688e+01 0.000000000000000000e+00
-2.325110673904418945e+00 -1.365416336059570312e+01 0.000000000000000000e+00
1.648278427124023438e+01 3.371144533157348633e+00 0.000000000000000000e+00
-3.662969172000885010e-01 9.037603735923767090e-01 0.000000000000000000e+00
-3.392962217330932617e+00 1.206882858276367188e+01 0.000000000000000000e+00
2.815024137496948242e+00 2.993227005004882812e+00 0.000000000000000000e+00
-1.260888695716857910e+00 -1.592435359954833984e+01 0.000000000000000000e+00
-5.796561717987060547e+00 1.765257358551025391e+00 0.000000000000000000e+00
-1.243233799934387207e+00 -7.295304298400878906e+00 0.000000000000000000e+00
-1.457871341705322266e+01 6.151719570159912109e+00 0.000000000000000000e+00
-1.874010324478149414e+00 1.633968544006347656e+01 0.000000000000000000e+00
-1.470678520202636719e+01 -9.318904876708984375e+00 0.000000000000000000e+00
1.334379673004150391e+00 -5.064462661743164062e+00 0.000000000000000000e+00
-7.880133152008056641e+00 2.484073638916015625e+00 0.000000000000000000e+00
-5.863921165466308594e+00 -1.152271270751953125e+01 0.000000000000000000e+00
-1.007467174530029297e+01 -2.023928642272949219e+00 0.000000000000000000e+00
-3.444465637207031250e+00 -6.442695140838623047e+00 0.000000000000000000e+00
1.416087436676025391e+01 8.667590141296386719e+00 0.000000000000000000e+00
7.133373737335205078e+00 1.432410621643066406e+01 0.000000000000000000e+00
3.793203115463256836e+00 7.071219444274902344e+00 0.000000000000000000e+00
-3.204899311065673828e+00 1.430811119079589844e+01 0.000000000000000000e+00
6.757750988006591797e+00 -8.844073295593261719e+00 0.000000000000000000e+00
3.617714881896972656e+00 1.269044303894042969e+01 0.000000000000000000e+00
1.325652694702148438e+01 5.501660346984863281e+00 0.000000000000000000e+00
-1.619746398925781250e+01 1.762095928192138672e+00 0.000000000000000000e+00
-1.168904542922973633e+00 1.497945594787597656e+01 0.000000000000000000e+00
-1.811494350433349609e+00 1.140560340881347656e+01 0.000000000000000000e+00
-1.381521129608154297e+01 8.818321228027343750e-01 0.000000000000000000e+00
-8.521304130554199219e+00 1.509723091125488281e+01 0.000000000000000000e+00
-1.056486415863037109e+01 -1.252423763275146484e+01 0.000000000000000000e+00
-9.673178791999816895e-01 -1.145280075073242188e+01 0.000000000000000000e+00
-1.609345436096191406e+01 -4.533010005950927734e+00 0.000000000000000000e+00
-7.314600944519042969e+00 -1.475054264068603516e+01 0.000000000000000000e+00
9.886802434921264648e-01 -1.165480422973632812e+01 0.000000000000000000e+00
-2.276799440383911133e+00 8.607425689697265625e+00 0.000000000000000000e+00
-1.007757663726806641e+01 -1.418162155151367188e+01 0.000000000000000000e+00
-4.615560054779052734e+00 -1.377412796020507812e+01 0.000000000000000000e+00
1.023373603820800781e+01 -1.434451103210449219e+00 0.000000000000000000e+00
-2.290464401245117188e+00 -2.246106624603271484e+00 0.000000000000000000e+00
1.025746917724609375e+01 4.798407554626464844e+00 0.000000000000000000e+00
-5.512260437011718750e+00 -9.429503440856933594e+00 0.000000000000000000e+00
1.241085052490234375e+01 8.050295829772949219e+00 0.000000000000000000e+00
6.080061912536621094e+00 6.725778579711914062e+00 0.000000000000000000e+00
-8.779459953308105469e+00 -8.354994773864746094e+00 0.000000000000000000e+00
-8.371681213378906250e+00 9.595011711120605469e+00 0.000000000000000000e+00
1.520775794982910156e+01 8.913401961326599121e-01 0.000000000000000000e+00
-4.889996051788330078e+00 1.034442424774169922e+01 0.000000000000000000e+00
-9.752186775207519531e+00 8.238190650939941406e+00 0.000000000000000000e+00
-5.116793155670166016e+00 3.521752357482910156e+00 0.000000000000000000e+00
1.957827806472778320e+00 1.723887443542480469e+01 0.000000000000000000e+00
-4.989845275878906250e+00 -5.406699657440185547e+00 0.000000000000000000e+00
5.714931964874267578e+00 -4.105210304260253906e+00 0.000000000000000000e+00
-2.944780826568603516e+00 -1.705461311340332031e+01 0.000000000000000000e+00
6.359089374542236328e+00 1.151723670959472656e+01 0.000000000000000000e+00
9.431665420532226562e+00 2.689226627349853516e+00 0.000000000000000000e+00
-1.270475196838378906e+01 -6.246824741363525391e+00 0.000000000000000000e+00
1.097839736938476562e+01 -7.479333877563476562e+00 0.000000000000000000e+00
5.548251152038574219e+00 1.035986319184303284e-01 0.000000000000000000e+00
-1.278555107116699219e+01 1.136655902862548828e+01 0.000000000000000000e+00
1.529873728752136230e+00 9.842638015747070312e+00 0.000000000000000000e+00
-1.774146318435668945e+00 2.821974277496337891e+00 0.000000000000000000e+00
-1.569884490966796875e+01 -2.501048088073730469e+00 0.000000000000000000e+00
1.404481315612792969e+01 -5.916273117065429688e+00 0.000000000000000000e+00
7.931602478027343750e+00 1.281966781616210938e+01 0.000000000000000000e+00
-1.169719505310058594e+01 8.344679832458496094e+00 0.000000000000000000e+00
1.104387187957763672e+01 7.187754154205322266e+00 0.000000000000000000e+00
-1.527659893035888672e+01 -7.773964881896972656e+00 0.000000000000000000e+00
9.461025238037109375e+00 -8.855478286743164062e+00 0.000000000000000000e+00
1.426556015014648438e+01 -2.929847717285156250e+00 0.000000000000000000e+00
-9.629602432250976562e+00 -5.748556256294250488e-01 0.000000000000000000e+00
-9.482675552368164062e+00 2.470310926437377930e+00 0.000000000000000000e+00
-9.761740684509277344e+00 -1.060571765899658203e+01 0.000000000000000000e+00
3.013687849044799805e+00 1.116294860839843750e+01 0.000000000000000000e+00
-1.321278762817382812e+01 2.509215593338012695e+00 0.000000000000000000e+00
-2.875595569610595703e+00 -9.741919517517089844e+00 0.000000000000000000e+00
-4.063634395599365234e+00 6.265085339546203613e-01 0.000000000000000000e+00
1.273596668243408203e+01 -7.836637496948242188e+00 0.000000000000000000e+00
1.440238857269287109e+01 -7.613839626312255859e+00 0.000000000000000000e+00
-4.672364234924316406e+00 1.511655998229980469e+01 0.000000000000000000e+00
-4.417809009552001953e+00 6.494348049163818359e+00 0.000000000000000000e+00
1.042427062988281250e+01 8.764974594116210938e+00 0.000000000000000000e+00
-1.498976421356201172e+01 7.623738765716552734e+00 0.000000000000000000e+00
1.523525047302246094e+01 4.218070507049560547e+00 0.000000000000000000e+00
-1.623699951171875000e+01 -6.254730701446533203e+00 0.000000000000000000e+00
-1.736070823669433594e+01 -2.881221771240234375e-01 0.000000000000000000e+00
4.879757881164550781e+00 -1.008665752410888672e+01 0.000000000000000000e+00
-1.140069675445556641e+01 -1.057163333892822266e+01 0.000000000000000000e+00
-1.002633380889892578e+01 -7.333833694458007812e+00 0.000000000000000000e+00
7.124681472778320312e-01 -2.810526847839355469e+00 0.000000000000000000e+00
3.055884838104248047e+00 -5.899042129516601562e+00 0.000000000000000000e+00
8.491748809814453125e+00 -4.036489725112915039e-01 0.000000000000000000e+00
-4.388341426849365234e+00 -1.213331794738769531e+01 0.000000000000000000e+00
3.369577646255493164e+00 -1.644307327270507812e+01 0.000000000000000000e+00
5.286189556121826172e+00 -6.822384357452392578e+00 0.000000000000000000e+00
2.025871753692626953e+00 -1.318424510955810547e+01 0.000000000000000000e+00
3.415241241455078125e+00 -3.547750115394592285e-01 0.000000000000000000e+00
-1.216136074066162109e+01 1.232855677604675293e+00 0.000000000000000000e+00
1.297554779052734375e+01 1.161235141754150391e+01 0.000000000000000000e+00
-1.076628589630126953e+01 -4.540261268615722656e+00 0.000000000000000000e+00
-6.929495334625244141e+00 -8.208827018737792969e+00 0.000000000000000000e+00
