-9.885789871215820312e+00 -1.531398773193359375e+00 0.000000000000000000e+00
3.942916393280029297e+00 -1.532976436614990234e+01 0.000000000000000000e+00
-1.032968711853027344e+01 4.457503795623779297e+00 0.000000000000000000e+00
8.470863342285156250e+00 1.286491751670837402e+00 0.000000000000000000e+00
-2.588686227798461914e+00 6.918617248535156250e+00 0.000000000000000000e+00
3.262731313705444336e+00 8.693032264709472656e+00 0.000000000000000000e+00
-5.544325351715087891e+00 4.238471508026123047e+00 0.000000000000000000e+00
6.847447395324707031e+00 7.808700561523437500e+00 0.000000000000000000e+00
1.243251991271972656e+01 1.068115425109863281e+01 0.000000000000000000e+00
-6.304307460784912109e+00 1.305705833435058594e+01 0.000000000000000000e+00
8.241282105445861816e-01 1.446296787261962891e+01 0.000000000000000000e+00
-5.895258426666259766e+00 -1.090877342224121094e+01 0.000000000000000000e+00
-5.302599430084228516e+00 -4.846259117126464844e+00 0.000000000000000000e+00
-5.600200176239013672e+00 -1.498403739929199219e+01 0.000000000000000000e+00
2.732291698455810547e+00 1.618610262870788574e+00 0.000000000000000000e+00
-1.285768413543701172e+01 -1.012253379821777344e+01 0.000000000000000000e+00
-5.915474891662597656e+00 -8.720238804817199707e-01 0.000000000000000000e+00
8.338062167167663574e-01 8.703355789184570312e+00 0.000000000000000000e+00
1.895265340805053711e+00 -1.037840270996093750e+01 0.000000000000000000e+00
1.591067314147949219e+00 3.856191635131835938e+00 0.000000000000000000e+00
-9.311400413513183594e+00 8.825086593627929688e+00 0.000000000000000000e+00
-1.484825992584228516e+01 1.614795327186584473e+00 0.000000000000000000e+00
9.272571206092834473e-01 1.907057642936706543e+00 0.000000000000000000e+00
-1.750208735466003418e+00 1.352956771850585938e+01 0.000000000000000000e+00
6.571315765380859375e+00 -3.404546022415161133e+00 0.000000000000000000e+00
1.367665886878967285e+00 1.144864940643310547e+01 0.000000000000000000e+00
-1.117852401733398438e+01 1.139725112915039062e+01 0.000000000000000000e+00
2.829292535781860352e+00 1.433773231506347656e+01 0.000000000000000000e+00
4.685986042022705078e+00 1.331372833251953125e+01 0.000000000000000000e+00
-1.430005931854248047e+01 -3.335802316665649414e+00 0.000000000000000000e+00
-1.335881203413009644e-01 1.061304187774658203e+01 0.000000000000000000e+00
1.404514122009277344e+01 8.919235229492187500e+00 0.000000000000000000e+00
-8.023732185363769531e+00 6.504120349884033203e+00 0.000000000000000000e+00
1.504576206207275391e+01 -6.854754924774169922e+00 0.000000000000000000e+00
8.535489082336425781e+00 3.397549629211425781e+00 0.000000000000000000e+00
8.162045478820800781e+00 1.480426025390625000e+01 0.000000000000000000e+00
-7.759018540382385254e-01 1.486697196960449219e+01 0.000000000000000000e+00
-2.890470504760742188e+00 -4.175611019134521484e+00 0.000000000000000000e+00
-8.789624214172363281e+00 -6.444813728332519531e+00 0.000000000000000000e+00
7.795944690704345703e+00 -9.552921295166015625e+00 0.000000000000000000e+00
1.189378070831298828e+01 -3.919557332992553711e+00 0.000000000000000000e+00
3.572911739349365234e+00 -5.633897304534912109e+00 0.000000000000000000e+00
-1.251373100280761719e+01 -1.824160814285278320e+00 0.000000000000000000e+00
2.223099708557128906e+00 -2.384995937347412109e+00 0.000000000000000000e+00
-5.722166061401367188e+00 7.489509105682373047e+00 0.000000000000000000e+00
-1.369874095916748047e+01 -6.243143558502197266e+00 0.000000000000000000e+00
1.242657184600830078e+01 1.544267892837524414e+00 0.000000000000000000e+00
-9.122246742248535156e+00 -1.216126155853271484e+01 0.000000000000000000e+00
3.271330595016479492e+00 3.687393903732299805e+00 0.000000000000000000e+00
-8.401555061340332031e+00 1.055591464042663574e+00 0.000000000000000000e+00
1.409138488769531250e+01 4.609209537506103516e+00 0.000000000000000000e+00
-7.422021389007568359e+00 -2.674380064010620117e+00 0.000000000000000000e+00
9.051392555236816406e+00 1.182810878753662109e+01 0.000000000000000000e+00
9.013053894042968750e+00 -3.466756582260131836e+00 0.000000000000000000e+00
1.002090835571289062e+01 9.433273315429687500e+00 0.000000000000000000e+00
7.165315151214599609e+00 9.392861366271972656e+00 0.000000000000000000e+00
-7.646755218505859375e+00 -1.161740970611572266e+01 0.000000000000000000e+00
-8.460716247558593750e+00 1.045575046539306641e+01 0.000000000000000000e+00
-9.468332290649414062e+00 -1.397013854980468750e+01 0.000000000000000000e+00
-5.984263896942138672e+00 1.575797843933105469e+01 0.000000000000000000e+00
-1.518177413940429688e+01 6.759171962738037109e+00 0.000000000000000000e+00
9.464850425720214844e+00 7.052293300628662109e+00 0.000000000000000000e+00
1.115308094024658203e+01 -7.030372142791748047e+00 0.000000000000000000e+00
7.725633144378662109e+00 -1.215529060363769531e+01 0.000000000000000000e+00
-1.759661078453063965e+00 8.874626159667968750e+00 0.000000000000000000e+00
1.255943965911865234e+01 -6.116410493850708008e-01 0.000000000000000000e+00
1.011446189880371094e+01 -1.116248321533203125e+01 0.000000000000000000e+00
-1.470587158203125000e+01 -1.560581207275390625e+00 0.000000000000000000e+00
-3.569038629531860352e+00 -7.839189171791076660e-01 0.000000000000000000e+00
-1.399760246276855469e+01 5.109323501586914062e+00 0.000000000000000000e+00
1.929090142250061035e+00 -7.790589809417724609e+00 0.000000000000000000e+00
-1.100513935089111328e+01 5.985825061798095703e-01 0.000000000000000000e+00
-4.937854290008544922e+00 1.053553390502929688e+01 0.000000000000000000e+00
1.561457824707031250e+01 2.862904548645019531e+00 0.000000000000000000e+00
1.488218212127685547e+01 4.711930751800537109e-01 0.000000000000000000e+00
-6.491526126861572266e+00 -7.144418239593505859e+00 0.000000000000000000e+00
-1.075539588928222656e+01 -7.689052104949951172e+00 0.000000000000000000e+00
3.512807190418243408e-01 -1.561156392097473145e+00 0.000000000000000000e+00
-4.830365628004074097e-02 1.299090480804443359e+01 0.000000000000000000e+00
1.041054534912109375e+01 -4.559181213378906250e+00 0.000000000000000000e+00
-7.476010322570800781e+00 -8.702421784400939941e-01 0.000000000000000000e+00
1.538059043884277344e+01 6.758028030395507812e+00 0.000000000000000000e+00
5.959177494049072266e+00 -8.592114448547363281e+00 0.000000000000000000e+00
1.052038860321044922e+01 -2.958997964859008789e+00 0.000000000000000000e+00
-3.749724626541137695e+00 7.925543785095214844e+00 0.000000000000000000e+00
2.284380197525024414e+00 -1.306565666198730469e+01 0.000000000000000000e+00
9.596268534660339355e-01 1.663187980651855469e+01 0.000000000000000000e+00
7.633458614349365234e+00 5.341019153594970703e+00 0.000000000000000000e+00
-7.772230625152587891e+00 -4.804073333740234375e+00 0.000000000000000000e+00
7.778491497039794922e+00 -5.663295984268188477e-01 0.000000000000000000e+00
-1.591170668601989746e+00 -1.550914049148559570e+00 0.000000000000000000e+00
1.140770626068115234e+01 5.785618782043457031e+00 0.000000000000000000e+00
6.024819374084472656e+00 -1.377485942840576172e+01 0.000000000000000000e+00
1.041813731193542480e+00 -5.477100372314453125e+00 0.000000000000000000e+00
4.750601768493652344e+00 9.061947822570800781e+00 0.000000000000000000e+00
-3.458131849765777588e-02 5.468499660491943359e+00 0.000000000000000000e+00
1.011618614196777344e+01 2.834271192550659180e+00 0.000000000000000000e+00
-4.027552127838134766e+00 2.063336133956909180e+00 0.000000000000000000e+00
-9.520672559738159180e-01 3.054273366928100586e+00 0.000000000000000000e+00
5.139157772064208984e+00 4.397486209869384766e+00 0.000000000000000000e+00
1.687261819839477539e+00 -1.735693931579589844e+01 0.000000000000000000e+00
-1.176578903198242188e+01 7.603207588195800781e+00 0.000000000000000000e+00
-4.566267490386962891e+00 -1.220390510559082031e+01 0.000000000000000000e+00
-3.048506259918212891e+00 -1.033226108551025391e+01 0.000000000000000000e+00
9.205948829650878906e+00 -7.576830387115478516e+00 0.000000000000000000e+00
3.697393894195556641e+00 -7.855363368988037109e+00 0.000000000000000000e+00
4.805417537689208984e+00 -3.929976701736450195e+00 0.000000000000000000e+00
-1.185931777954101562e+01 5.392776966094970703e+00 0.000000000000000000e+00
-1.509879779815673828e+01 3.247929334640502930e+00 0.000000000000000000e+00
-1.680695343017578125e+01 -1.511459231376647949e+00 0.000000000000000000e+00
-4.187088489532470703e+00 -2.720431804656982422e+00 0.000000000000000000e+00
-2.647623538970947266e+00 -1.250227165222167969e+01 0.000000000000000000e+00
-1.015086078643798828e+01 -9.866648674011230469e+00 0.000000000000000000e+00
-9.465604424476623535e-01 1.061922192573547363e+00 0.000000000000000000e+00
9.245167732238769531e+00 -1.332038307189941406e+01 0.000000000000000000e+00
-1.746235132217407227e+00 -6.767029762268066406e+00 0.000000000000000000e+00
-1.282447719573974609e+01 -1.171500778198242188e+01 0.000000000000000000e+00
5.625461101531982422e+00 4.934718906879425049e-01 0.000000000000000000e+00
-2.111684978008270264e-01 -1.516317749023437500e+01 0.000000000000000000e+00
-8.099428176879882812e+00 -1.016214752197265625e+01 0.000000000000000000e+00
-3.965714871883392334e-01 -1.255662822723388672e+01 0.000000000000000000e+00
5.721508979797363281e+00 -1.190634346008300781e+01 0.000000000000000000e+00
-1.109059333801269531e+01 -4.023697853088378906e+00 0.000000000000000000e+00
6.624788761138916016e+00 1.134344291687011719e+01 0.000000000000000000e+00
1.429016304016113281e+01 -9.602734565734863281e+00 0.000000000000000000e+00
-9.876331329345703125e+00 6.420836925506591797e+00 0.000000000000000000e+00
-3.713490724563598633e+00 3.667310237884521484e+00 0.000000000000000000e+00
7.614508152008056641e+00 -1.571533679962158203e+01 0.000000000000000000e+00
3.317867040634155273e+00 2.325494140386581421e-01 0.000000000000000000e+00
6.400308609008789062e-01 -8.766814231872558594e+00 0.000000000000000000e+00
3.274060964584350586e+00 -1.172046279907226562e+01 0.000000000000000000e+00
-1.676217842102050781e+01 3.822915315628051758e+00 0.000000000000000000e+00
9.400411605834960938e+00 4.672784328460693359e+00 0.000000000000000000e+00
-1.253598499298095703e+01 -2.147449254989624023e-01 0.000000000000000000e+00
-2.840756893157958984e+00 1.054074001312255859e+01 0.000000000000000000e+00
-1.359027624130249023e+00 -4.435440063476562500e+00 0.000000000000000000e+00
3.802458524703979492e+00 -1.336531066894531250e+01 0.000000000000000000e+00
3.895731925964355469e+00 -9.403645515441894531e+00 0.000000000000000000e+00
-1.088419723510742188e+01 9.338877677917480469e+00 0.000000000000000000e+00
6.016278743743896484e+00 -1.641349983215332031e+01 0.000000000000000000e+00
3.722468614578247070e+00 6.176334857940673828e+00 0.000000000000000000e+00
1.578451061248779297e+01 -9.071483016014099121e-01 0.000000000000000000e+00
-1.100518584251403809e+00 -9.427375793457031250e+00 0.000000000000000000e+00
-4.208754539489746094e+00 1.386087322235107422e+01 0.000000000000000000e+00
4.783794403076171875e+00 1.557743835449218750e+01 0.000000000000000000e+00
-1.598093795776367188e+01 -4.560049533843994141e+00 0.000000000000000000e+00
-6.949202537536621094e+00 -1.424699687957763672e+01 0.000000000000000000e+00
-7.217668533325195312e+00 2.487688779830932617e+00 0.000000000000000000e+00
1.133977699279785156e+01 -1.244375324249267578e+01 0.000000000000000000e+00
-8.153319358825683594e+00 -8.363848686218261719e+00 0.000000000000000000e+00
-7.707642078399658203e+00 1.464102077484130859e+01 0.000000000000000000e+00
-2.113805294036865234e+00 -1.479289531707763672e+01 0.000000000000000000e+00
-1.980447530746459961e+00 4.302011489868164062e+00 0.000000000000000000e+00
-3.390180826187133789e+00 -8.799152374267578125e+00 0.000000000000000000e+00
-1.263508987426757812e+01 3.123207092285156250e+00 0.000000000000000000e+00
-6.177202224731445312e+00 -9.181814193725585938e+00 0.000000000000000000e+00
6.694419860839843750e+00 -5.913313865661621094e+00 0.000000000000000000e+00
1.339952182769775391e+01 -7.531847953796386719e+00 0.000000000000000000e+00
1.721394538879394531e+01 1.139002084732055664e+00 0.000000000000000000e+00
5.118253231048583984e+00 -1.758074641227722168e+00 0.000000000000000000e+00
-6.851269721984863281e+00 9.183277130126953125e+00 0.000000000000000000e+00
4.502681255340576172e+00 1.638891100883483887e+00 0.000000000000000000e+00
1.590530395507812500e+01 4.841715335845947266e+00 0.000000000000000000e+00
-1.612701225280761719e+01 -6.720886230468750000e+00 0.000000000000000000e+00
5.218528747558593750e+00 6.538356781005859375e+00 0.000000000000000000e+00
-2.516566276550292969e+00 2.254476785659790039e+00 0.000000000000000000e+00
2.794282436370849609e+00 1.648791694641113281e+01 0.000000000000000000e+00
1.312014007568359375e+01 -4.873480319976806641e+00 0.000000000000000000e+00
1.165698051452636719e+01 -1.037175846099853516e+01 0.000000000000000000e+00
8.142747879028320312e+00 -2.087239980697631836e+00 0.000000000000000000e+00
4.618288516998291016e+00 1.071862316131591797e+01 0.000000000000000000e+00
3.697316348552703857e-01 -4.068692207336425781e+00 0.000000000000000000e+00
1.411269092559814453e+01 -3.413601398468017578e+00 0.000000000000000000e+00
-4.174657821655273438e+00 1.679041481018066406e+01 0.000000000000000000e+00
-1.442767620086669922e+01 9.586681365966796875e+00 0.000000000000000000e+00
1.194816589355468750e+01 1.246701049804687500e+01 0.000000000000000000e+00
-2.735038757324218750e+00 -1.655540084838867188e+01 0.000000000000000000e+00
-9.806106567382812500e+00 1.347537231445312500e+01 0.000000000000000000e+00
1.710542678833007812e+01 -3.023331165313720703e+00 0.000000000000000000e+00
6.107739448547363281e+00 1.393243694305419922e+01 0.000000000000000000e+00
-2.263919353485107422e+00 1.663360404968261719e+01 0.000000000000000000e+00
-1.311792278289794922e+01 1.040616035461425781e+01 0.000000000000000000e+00
-8.081091880798339844e+00 1.208656692504882812e+01 0.000000000000000000e+00
-3.099257707595825195e+00 1.240225410461425781e+01 0.000000000000000000e+00
-9.905410766601562500e+00 2.286135673522949219e+00 0.000000000000000000e+00
1.124495410919189453e+01 -1.441458463668823242e+00 0.000000000000000000e+00
1.523418521881103516e+01 -4.915725231170654297e+00 0.000000000000000000e+00
-1.734141921997070312e+01 1.872197985649108887e+00 0.000000000000000000e+00
-5.169178009033203125e+00 -1.653225898742675781e+01 0.000000000000000000e+00
6.437464237213134766e+00 2.746601819992065430e+00 0.000000000000000000e+00
-1.321884441375732422e+01 -8.053671836853027344e+00 0.000000000000000000e+00
5.651191473007202148e-01 -1.123004436492919922e+01 0.000000000000000000e+00
-1.342444705963134766e+01 8.354721069335937500e+00 0.000000000000000000e+00
5.408480167388916016e+00 -1.014537715911865234e+01 0.000000000000000000e+00
4.516844749450683594e+00 -1.681744194030761719e+01 0.000000000000000000e+00
-8.777472496032714844e+00 -3.507705688476562500e+00 0.000000000000000000e+00
2.539774417877197266e+00 -1.463078880310058594e+01 0.000000000000000000e+00
-1.314966869354248047e+01 -4.576116561889648438e+00 0.000000000000000000e+00
-1.245799446105957031e+01 1.474009037017822266e+00 0.000000000000000000e+00
-7.773632049560546875e+00 4.268423080444335938e+00 0.000000000000000000e+00
2.882531881332397461e+00 1.015995407104492188e+01 0.000000000000000000e+00
-4.239923000335693359e+00 -1.384517955780029297e+01 0.000000000000000000e+00
-5.731502532958984375e+00 -2.964609384536743164e+00 0.000000000000000000e+00
1.264307117462158203e+01 7.238887786865234375e+00 0.000000000000000000e+00
-1.085688781738281250e+01 -1.196675872802734375e+01 0.000000000000000000e+00
-5.465911865234375000e+00 2.615703105926513672e+00 0.000000000000000000e+00
-7.902983576059341431e-02 -1.694775009155273438e+01 0.000000000000000000e+00
-4.955103874206542969e+00 -6.913912296295166016e+00 0.000000000000000000e+00
-6.529068946838378906e+00 1.072426128387451172e+01 0.000000000000000000e+00
-4.356617450714111328e+00 5.430598258972167969e+00 0.000000000000000000e+00
1.201393318176269531e+01 9.218091964721679688e+00 0.000000000000000000e+00
1.348967647552490234e+01 -1.095318603515625000e+01 0.000000000000000000e+00
2.650159358978271484e+00 1.260577011108398438e+01 0.000000000000000000e+00
-1.651872444152832031e+01 3.790201842784881592e-01 0.000000000000000000e+00
1.216028022766113281e+01 3.088708639144897461e+00 0.000000000000000000e+00
9.978861808776855469e+00 -9.644555091857910156e+00 0.000000000000000000e+00
1.020157909393310547e+01 3.357723653316497803e-01 0.000000000000000000e+00
1.085813903808593750e+01 8.009785652160644531e+00 0.000000000000000000e+00
-1.425213813781738281e+01 -9.393075942993164062e+00 0.000000000000000000e+00
-1.655184173583984375e+01 5.406453609466552734e+00 0.000000000000000000e+00
8.863194465637207031e+00 -5.993760585784912109e+00 0.000000000000000000e+00
1.411277389526367188e+01 2.509012699127197266e+00 0.000000000000000000e+00
8.914970159530639648e-01 6.941304206848144531e+00 0.000000000000000000e+00
-1.465452766418457031e+01 -7.433607578277587891e+00 0.000000000000000000e+00
1.064013481140136719e+01 1.379323959350585938e+01 0.000000000000000000e+00
7.903274536132812500e+00 1.313712406158447266e+01 0.000000000000000000e+00
-3.141441583633422852e+00 1.508231639862060547e+01 0.000000000000000000e+00
8.700434863567352295e-02 -6.758130073547363281e+00 0.000000000000000000e+00
1.423153209686279297e+01 -1.014815330505371094e+00 0.000000000000000000e+00
-9.840986251831054688e+00 -5.289189338684082031e+00 0.000000000000000000e+00
1.545255184173583984e+01 -2.552828311920166016e+00 0.000000000000000000e+00
2.104851722717285156e+00 5.380378723144531250e+00 0.000000000000000000e+00
1.220577001571655273e+00 2.528143525123596191e-01 0.000000000000000000e+00
-1.140833473205566406e+01 1.322569370269775391e+01 0.000000000000000000e+00
1.248840808868408203e+01 -9.083532333374023438e+00 0.000000000000000000e+00
3.474788427352905273e+00 -1.313839197158813477e+00 0.000000000000000000e+00
-1.486764907836914062e+00 1.167388629913330078e+01 0.000000000000000000e+00
-4.679127693176269531e+00 -9.668301582336425781e+00 0.000000000000000000e+00
6.776464462280273438e+00 -1.082737541198730469e+01 0.000000000000000000e+00
9.498543739318847656e+00 -1.262740731239318848e+00 0.000000000000000000e+00
-5.182348489761352539e-01 1.724125099182128906e+01 0.000000000000000000e+00
-1.404261684417724609e+01 -2.691411226987838745e-02 0.000000000000000000e+00
-1.351051044464111328e+01 6.727387428283691406e+00 0.000000000000000000e+00
1.731527900695800781e+01 -1.080236673355102539e+00 0.000000000000000000e+00
6.622163772583007812e+00 1.611115455627441406e+01 0.000000000000000000e+00
-1.158486938476562500e+01 -9.062292098999023438e+00 0.000000000000000000e+00
5.072797298431396484e+00 -6.932532787322998047e+00 0.000000000000000000e+00
7.526504993438720703e+00 -7.905335426330566406e+00 0.000000000000000000e+00
-4.803821086883544922e+00 2.135774642229080200e-01 0.000000000000000000e+00
1.983199954032897949e+00 -4.286401748657226562e+00 0.000000000000000000e+00
-8.363288879394531250e+00 -1.529537582397460938e+01 0.000000000000000000e+00
1.045053386688232422e+01 1.097944545745849609e+01 0.000000000000000000e+00
-6.252537250518798828e+00 7.860578298568725586e-01 0.000000000000000000e+00
-3.495634794235229492e+00 -6.433961391448974609e+00 0.000000000000000000e+00
-1.164392566680908203e+01 -6.054262638092041016e+00 0.000000000000000000e+00
-9.589482545852661133e-01 6.992142677307128906e+00 0.000000000000000000e+00
