8.560370259202818133e+00 9.955891686579587230e+00 6.639646394850373667e-04
1.173098655014576153e+01 5.897852941457934151e+00 -3.256040910728508209e-04
1.331132865213500605e+00 1.084257156856059368e+01 4.120063516399596892e-05
4.501749189156450726e+00 6.785135901537794112e+00 -1.506859646447367140e-04
7.673239733955384168e+00 2.726812765773599878e+00 3.283506107520928197e-04
1.084286323502244898e+01 -1.330527481886994101e+00 6.436473709670043064e-05
-5.897984867869682901e+00 1.173124956050588708e+01 4.150480688185353983e-04
-2.727367583982728050e+00 7.673210719766077048e+00 -5.744495797097570744e-04
4.440023729660729779e-01 3.614095725853459395e+00 5.032687371806510157e-04
3.613625841033131891e+00 -4.438475999059867672e-01 -5.583992672252013900e-04
6.785115393001535544e+00 -4.502170639688793941e+00 -7.943404847843282823e-05
9.955731717002246128e+00 -8.559606307278809112e+00 -2.713213869887098895e-04
-9.955731717002276326e+00 8.559606306717148172e+00 2.713206440896342997e-04
-6.785115393003635198e+00 4.502170640063130058e+00 7.943376546570846131e-05
-3.613625840977440884e+00 4.438476002747689941e-01 5.583989884090923006e-04
-4.440023730238936150e-01 -3.614095726409566112e+00 -5.032694842765916832e-04
2.727367584038388415e+00 -7.673210719958955650e+00 5.744485579941560616e-04
5.897984867811893572e+00 -1.173124956050033418e+01 -4.150480730151784314e-04
-1.084286323502454863e+01 1.330527482261330663e+00 -6.436502010953581987e-05
-7.673239733957514908e+00 -2.726812765960923368e+00 -3.283516366641148210e-04
-4.501750182044800042e+00 -6.785135806112512213e+00 1.506138608990958971e-04
-1.331132865157809819e+00 -1.084257156819181134e+01 -4.120091398007730277e-05
-1.173098655020355174e+01 -5.897852941452379483e+00 3.256040868757636986e-04
-8.560370259204917787e+00 -9.955891686205250224e+00 -6.639649224986499121e-04
