1.300497436523437500e+01 3.961687803268432617e+00 0.000000000000000000e+00
1.418576359748840332e+00 1.674089813232421875e+01 0.000000000000000000e+00
4.756493568420410156e+00 -3.808882236480712891e-01 0.000000000000000000e+00
1.645526504516601562e+01 4.822941303253173828e+00 0.000000000000000000e+00
-7.677525043487548828e+00 5.878628253936767578e+00 0.000000000000000000e+00
1.054272460937500000e+01 1.208173465728759766e+01 0.000000000000000000e+00
-1.155914306640625000e+01 -9.889806747436523438e+00 0.000000000000000000e+00
-5.241032123565673828e+00 -9.024073600769042969e+00 0.000000000000000000e+00
-1.161069965362548828e+01 7.654607295989990234e-01 0.000000000000000000e+00
1.320780181884765625e+01 1.116090106964111328e+01 0.000000000000000000e+00
-6.876001358032226562e+00 1.077426624298095703e+01 0.000000000000000000e+00
-9.249815940856933594e+00 2.381119966506958008e+00 0.000000000000000000e+00
-6.784571647644042969e+00 -7.735106945037841797e-01 0.000000000000000000e+00
-1.922186493873596191e+00 5.720207691192626953e+00 0.000000000000000000e+00
1.632841587066650391e+00 -1.731445884704589844e+01 0.000000000000000000e+00
4.381914615631103516e+00 9.225405693054199219e+00 0.000000000000000000e+00
-4.883779287338256836e-01 -1.674991416931152344e+01 0.000000000000000000e+00
-2.669904470443725586e+00 1.021188545227050781e+01 0.000000000000000000e+00
-2.327290058135986328e+00 -1.536081314086914062e+01 0.000000000000000000e+00
-1.007518005371093750e+01 -8.092917442321777344e+00 0.000000000000000000e+00
3.869331359863281250e+00 -7.674705982208251953e+00 0.000000000000000000e+00
-8.137269973754882812e+00 1.471232604980468750e+01 0.000000000000000000e+00
-4.378022670745849609e+00 7.581343054771423340e-01 0.000000000000000000e+00
1.189648532867431641e+01 -4.667481899261474609e+00 0.000000000000000000e+00
5.810040950775146484e+00 -7.651466846466064453e+00 0.000000000000000000e+00
-1.030212974548339844e+01 -1.265389728546142578e+01 0.000000000000000000e+00
1.566921520233154297e+01 -4.307653903961181641e+00 0.000000000000000000e+00
1.363141441345214844e+01 9.654335021972656250e+00 0.000000000000000000e+00
-1.017119526863098145e+00 1.121545314788818359e+01 0.000000000000000000e+00
1.055349230766296387e+00 1.463172054290771484e+01 0.000000000000000000e+00
7.908371925354003906e+00 -9.000741243362426758e-01 0.000000000000000000e+00
-1.578921127319335938e+01 2.395609855651855469e+00 0.000000000000000000e+00
6.648180484771728516e+00 -1.209029865264892578e+01 0.000000000000000000e+00
-9.292326569557189941e-01 9.677121162414550781e+00 0.000000000000000000e+00
7.603203773498535156e+00 3.807619571685791016e+00 0.000000000000000000e+00
-6.882033348083496094e+00 -1.478669929504394531e+01 0.000000000000000000e+00
1.210204982757568359e+01 5.465877056121826172e+00 0.000000000000000000e+00
5.813632488250732422e+00 5.590542316436767578e+00 0.000000000000000000e+00
-1.497304153442382812e+01 5.937249660491943359e+00 0.000000000000000000e+00
-3.360152959823608398e+00 -6.994004249572753906e+00 0.000000000000000000e+00
1.599246978759765625e+00 8.291363716125488281e+00 0.000000000000000000e+00
-1.918048501014709473e+00 -3.932816028594970703e+00 0.000000000000000000e+00
-1.036743354797363281e+01 -1.219347476959228516e+00 0.000000000000000000e+00
1.237566089630126953e+01 9.116095304489135742e-01 0.000000000000000000e+00
1.584192562103271484e+01 3.372712373733520508e+00 0.000000000000000000e+00
-1.577694654464721680e+00 3.361841738224029541e-01 0.000000000000000000e+00
7.429158687591552734e+00 -3.940435171127319336e+00 0.000000000000000000e+00
9.052636146545410156e+00 -3.763820648193359375e+00 0.000000000000000000e+00
1.520198726654052734e+01 -7.515702247619628906e+00 0.000000000000000000e+00
-4.053814888000488281e+00 -1.551067256927490234e+01 0.000000000000000000e+00
-5.253232955932617188e+00 3.948822021484375000e+00 0.000000000000000000e+00
-1.132782649993896484e+01 1.166094684600830078e+01 0.000000000000000000e+00
-2.126526832580566406e+00 7.867164134979248047e+00 0.000000000000000000e+00
-4.218053817749023438e+00 -5.345624446868896484e+00 0.000000000000000000e+00
-9.192396163940429688e+00 -1.022646808624267578e+01 0.000000000000000000e+00
-1.196677589416503906e+01 9.913901329040527344e+00 0.000000000000000000e+00
-9.510840415954589844e+00 -6.271302700042724609e+00 0.000000000000000000e+00
-6.214240074157714844e+00 7.116437435150146484e+00 0.000000000000000000e+00
-1.562663364410400391e+01 -7.127465724945068359e+00 0.000000000000000000e+00
-1.580351066589355469e+01 -4.014891624450683594e+00 0.000000000000000000e+00
1.688114929199218750e+01 3.716339766979217529e-01 0.000000000000000000e+00
5.897200107574462891e+00 -1.560160160064697266e+01 0.000000000000000000e+00
1.142213058471679688e+01 -1.068693065643310547e+01 0.000000000000000000e+00
-9.190317153930664062e+00 5.173004627227783203e+00 0.000000000000000000e+00
8.267587661743164062e+00 1.276599025726318359e+01 0.000000000000000000e+00
-1.106131449341773987e-01 -1.218911647796630859e+01 0.000000000000000000e+00
-2.135324478149414062e+00 1.293753623962402344e+01 0.000000000000000000e+00
4.815176010131835938e+00 3.751785993576049805e+00 0.000000000000000000e+00
1.063869476318359375e+01 -6.289935588836669922e+00 0.000000000000000000e+00
2.379254102706909180e+00 -6.653575420379638672e+00 0.000000000000000000e+00
2.882087945938110352e+00 1.596420383453369141e+01 0.000000000000000000e+00
-5.400264263153076172e+00 1.140369510650634766e+01 0.000000000000000000e+00
-6.223274707794189453e+00 -5.529409408569335938e+00 0.000000000000000000e+00
9.542365074157714844e+00 -2.006186723709106445e+00 0.000000000000000000e+00
-1.395659828186035156e+01 -6.899720668792724609e+00 0.000000000000000000e+00
-1.234752464294433594e+01 -8.360287666320800781e+00 0.000000000000000000e+00
-7.290814399719238281e+00 -1.179434680938720703e+01 0.000000000000000000e+00
-1.247552275657653809e+00 2.415737628936767578e+00 0.000000000000000000e+00
-3.360491037368774414e+00 -1.297872543334960938e+00 0.000000000000000000e+00
-3.426721572875976562e+00 1.679944610595703125e+01 0.000000000000000000e+00
-1.167227077484130859e+01 3.996633768081665039e+00 0.000000000000000000e+00
-9.618488311767578125e+00 -4.121792793273925781e+00 0.000000000000000000e+00
-1.330438137054443359e+00 1.500517654418945312e+01 0.000000000000000000e+00
2.840051054954528809e-01 6.633887290954589844e+00 0.000000000000000000e+00
-1.362528610229492188e+01 -2.175264835357666016e+00 0.000000000000000000e+00
9.248569488525390625e+00 7.279253005981445312e+00 0.000000000000000000e+00
-1.183302211761474609e+01 -4.713742256164550781e+00 0.000000000000000000e+00
2.859709411859512329e-02 4.522333145141601562e+00 0.000000000000000000e+00
1.091022205352783203e+01 6.710115909576416016e+00 0.000000000000000000e+00
-9.087205886840820312e+00 -1.483627128601074219e+01 0.000000000000000000e+00
2.999315023422241211e+00 -1.253590106964111328e+01 0.000000000000000000e+00
-3.565582334995269775e-01 -1.048447513580322266e+01 0.000000000000000000e+00
8.384598731994628906e+00 -6.914219379425048828e+00 0.000000000000000000e+00
-9.290689468383789062e+00 6.709412574768066406e+00 0.000000000000000000e+00
1.439848327636718750e+01 1.533101916313171387e+00 0.000000000000000000e+00
-1.419450378417968750e+01 4.483315944671630859e+00 0.000000000000000000e+00
-8.335434913635253906e+00 -3.188361167907714844e+00 0.000000000000000000e+00
-2.621490955352783203e+00 -1.347482395172119141e+01 0.000000000000000000e+00
9.191024780273437500e+00 3.674966096878051758e+00 0.000000000000000000e+00
1.521151781082153320e+00 3.787943601608276367e+00 0.000000000000000000e+00
9.897520065307617188e+00 -8.606344223022460938e+00 0.000000000000000000e+00
1.437497711181640625e+01 7.116892814636230469e+00 0.000000000000000000e+00
1.333445739746093750e+01 -2.997304201126098633e+00 0.000000000000000000e+00
-8.405920028686523438e+00 1.155054759979248047e+01 0.000000000000000000e+00
-1.034745979309082031e+01 8.847739219665527344e+00 0.000000000000000000e+00
3.752577066421508789e+00 -1.403400325775146484e+01 0.000000000000000000e+00
-1.061418437957763672e+01 5.869650840759277344e+00 0.000000000000000000e+00
5.163687705993652344e+00 -1.094225788116455078e+01 0.000000000000000000e+00
-7.089798450469970703e+00 -7.680137157440185547e+00 0.000000000000000000e+00
3.355979204177856445e+00 -1.554825592041015625e+01 0.000000000000000000e+00
1.816827893257141113e+00 -9.110772132873535156e+00 0.000000000000000000e+00
1.161596584320068359e+01 -3.090709924697875977e+00 0.000000000000000000e+00
1.899187445640563965e+00 6.281229019165039062e+00 0.000000000000000000e+00
3.985668182373046875e+00 1.362840080261230469e+01 0.000000000000000000e+00
-1.341065692901611328e+01 -9.743530273437500000e+00 0.000000000000000000e+00
5.390505790710449219e+00 -5.716540336608886719e+00 0.000000000000000000e+00
1.079759597778320312e+01 8.867303848266601562e+00 0.000000000000000000e+00
-5.718205928802490234e+00 -1.193342399597167969e+01 0.000000000000000000e+00
7.177175045013427734e+00 1.035745811462402344e+01 0.000000000000000000e+00
1.125169754028320312e+00 -1.514479351043701172e+01 0.000000000000000000e+00
4.069496631622314453e+00 1.174216747283935547e+01 0.000000000000000000e+00
-6.903339862823486328e+00 2.121695995330810547e+00 0.000000000000000000e+00
6.801989078521728516e+00 -8.919617652893066406e+00 0.000000000000000000e+00
7.508624076843261719e+00 1.463809299468994141e+01 0.000000000000000000e+00
-2.519071817398071289e+00 -1.139916419982910156e+01 0.000000000000000000e+00
5.119986057281494141e+00 1.277724742889404297e+00 0.000000000000000000e+00
-4.388615608215332031e+00 6.442235469818115234e+00 0.000000000000000000e+00
2.715322256088256836e+00 -9.247468113899230957e-01 0.000000000000000000e+00
-1.819857001304626465e+00 -6.980137825012207031e+00 0.000000000000000000e+00
-3.944274187088012695e+00 2.477602720260620117e+00 0.000000000000000000e+00
1.713290977478027344e+01 -3.209057331085205078e+00 0.000000000000000000e+00
-8.421154975891113281e+00 9.558540344238281250e+00 0.000000000000000000e+00
-1.457693862915039062e+01 -8.600850105285644531e+00 0.000000000000000000e+00
7.573130130767822266e+00 -1.532149124145507812e+01 0.000000000000000000e+00
1.049288749694824219e+01 -1.188641357421875000e+01 0.000000000000000000e+00
3.502434968948364258e+00 5.467249870300292969e+00 0.000000000000000000e+00
-1.285400772094726562e+01 7.172770023345947266e+00 0.000000000000000000e+00
1.628503322601318359e+00 1.258494091033935547e+01 0.000000000000000000e+00
-1.121753025054931641e+01 -6.415209293365478516e+00 0.000000000000000000e+00
1.859086990356445312e+00 1.621857523918151855e+00 0.000000000000000000e+00
5.296681404113769531e+00 -3.850785732269287109e+00 0.000000000000000000e+00
1.968523621559143066e+00 1.062248420715332031e+01 0.000000000000000000e+00
-3.701075077056884766e+00 9.116317749023437500e+00 0.000000000000000000e+00
-4.883704185485839844e+00 -3.795361995697021484e+00 0.000000000000000000e+00
1.379300594329833984e+01 -9.313693046569824219e+00 0.000000000000000000e+00
-4.477849006652832031e+00 1.373572826385498047e+01 0.000000000000000000e+00
1.117388916015625000e+01 1.037760257720947266e+01 0.000000000000000000e+00
-1.308210086822509766e+01 2.641828536987304688e+00 0.000000000000000000e+00
-6.503359794616699219e+00 1.574072647094726562e+01 0.000000000000000000e+00
1.362891077995300293e+00 -1.131912899017333984e+01 0.000000000000000000e+00
1.088649272918701172e+01 3.808696269989013672e+00 0.000000000000000000e+00
-1.639360046386718750e+01 -7.826685905456542969e-01 0.000000000000000000e+00
5.075821876525878906e+00 7.395240306854248047e+00 0.000000000000000000e+00
9.947659492492675781e+00 1.059847354888916016e+00 0.000000000000000000e+00
-7.567825317382812500e+00 6.151374578475952148e-01 0.000000000000000000e+00
-2.373886585235595703e+00 -1.697695350646972656e+01 0.000000000000000000e+00
1.284944057464599609e+01 -6.736336231231689453e+00 0.000000000000000000e+00
8.037616729736328125e+00 -1.053733444213867188e+01 0.000000000000000000e+00
-1.138731861114501953e+01 -3.122916698455810547e+00 0.000000000000000000e+00
3.959435820579528809e-01 -1.307325839996337891e+00 0.000000000000000000e+00
-2.727684080600738525e-01 -1.424128913879394531e+01 0.000000000000000000e+00
5.838846206665039062e+00 1.430353832244873047e+01 0.000000000000000000e+00
9.776504516601562500e+00 -1.042877864837646484e+01 0.000000000000000000e+00
8.399474143981933594e+00 8.359732031822204590e-01 0.000000000000000000e+00
-1.419653892517089844e-01 -8.775048255920410156e+00 0.000000000000000000e+00
4.571081161499023438e+00 1.650792694091796875e+01 0.000000000000000000e+00
3.527287483215332031e+00 -4.240721702575683594e+00 0.000000000000000000e+00
-8.775206655263900757e-02 -6.015541553497314453e+00 0.000000000000000000e+00
5.088259577751159668e-01 1.107539367675781250e+01 0.000000000000000000e+00
8.026861190795898438e+00 -1.360352706909179688e+01 0.000000000000000000e+00
5.119146108627319336e-01 2.259743958711624146e-01 0.000000000000000000e+00
2.767858028411865234e+00 9.340258598327636719e+00 0.000000000000000000e+00
1.180633258819580078e+01 -7.910220146179199219e+00 0.000000000000000000e+00
-4.645829677581787109e+00 1.567529010772705078e+01 0.000000000000000000e+00
9.454650878906250000e+00 9.668454170227050781e+00 0.000000000000000000e+00
-1.194627285003662109e+01 -1.143830585479736328e+01 0.000000000000000000e+00
8.313443183898925781e+00 5.950553417205810547e+00 0.000000000000000000e+00
1.257787036895751953e+01 2.436263084411621094e+00 0.000000000000000000e+00
-4.879967689514160156e+00 -2.064804553985595703e+00 0.000000000000000000e+00
6.592539787292480469e+00 1.203096771240234375e+01 0.000000000000000000e+00
1.563169384002685547e+01 6.166562080383300781e+00 0.000000000000000000e+00
5.505670070648193359e+00 1.063889789581298828e+01 0.000000000000000000e+00
1.299975109100341797e+01 -1.066096782684326172e+01 0.000000000000000000e+00
-5.288118839263916016e+00 9.058591842651367188e+00 0.000000000000000000e+00
1.486949062347412109e+01 -5.938187599182128906e+00 0.000000000000000000e+00
-5.747270107269287109e+00 -1.353522109985351562e+01 0.000000000000000000e+00
3.456058025360107422e+00 1.413551926612854004e+00 0.000000000000000000e+00
1.414360809326171875e+01 -9.093119502067565918e-01 0.000000000000000000e+00
-6.784168243408203125e+00 -3.690416336059570312e+00 0.000000000000000000e+00
7.759983539581298828e+00 8.374856948852539062e+00 0.000000000000000000e+00
-9.829807281494140625e+00 1.247993564605712891e+01 0.000000000000000000e+00
-1.587208175659179688e+01 -2.242994785308837891e+00 0.000000000000000000e+00
4.153323173522949219e+00 -2.029329776763916016e+00 0.000000000000000000e+00
-3.093577027320861816e-01 1.692964172363281250e+01 0.000000000000000000e+00
-1.706587600708007812e+01 1.197472572326660156e+00 0.000000000000000000e+00
1.414487266540527344e+01 5.545901298522949219e+00 0.000000000000000000e+00
-2.401599168777465820e+00 3.879587650299072266e+00 0.000000000000000000e+00
6.167421340942382812e+00 8.662548065185546875e+00 0.000000000000000000e+00
-6.772681236267089844e+00 -1.035847187042236328e+01 0.000000000000000000e+00
2.050494432449340820e+00 -3.483840942382812500e+00 0.000000000000000000e+00
2.916605770587921143e-01 -4.303868770599365234e+00 0.000000000000000000e+00
-1.595087623596191406e+01 4.473858833312988281e+00 0.000000000000000000e+00
-6.913021087646484375e+00 1.334475231170654297e+01 0.000000000000000000e+00
1.167585563659667969e+01 -1.235982060432434082e+00 0.000000000000000000e+00
6.883032321929931641e+00 -6.320157527923583984e+00 0.000000000000000000e+00
-1.312538909912109375e+01 -3.873284339904785156e+00 0.000000000000000000e+00
-8.794340133666992188e+00 -1.467813253402709961e+00 0.000000000000000000e+00
1.549048423767089844e-01 1.325312805175781250e+01 0.000000000000000000e+00
-9.956633567810058594e+00 1.418800830841064453e+01 0.000000000000000000e+00
-8.282795906066894531e+00 3.815381765365600586e+00 0.000000000000000000e+00
-1.343506908416748047e+01 1.119975376129150391e+01 0.000000000000000000e+00
-3.245550394058227539e+00 -3.227494716644287109e+00 0.000000000000000000e+00
-1.472788333892822266e+01 -5.160421848297119141e+00 0.000000000000000000e+00
9.949296951293945312e+00 5.156342506408691406e+00 0.000000000000000000e+00
-1.452869510650634766e+01 9.719084739685058594e+00 0.000000000000000000e+00
1.694412803649902344e+01 2.190737485885620117e+00 0.000000000000000000e+00
-9.548570632934570312e+00 2.546422481536865234e-01 0.000000000000000000e+00
9.089902877807617188e+00 1.427070140838623047e+01 0.000000000000000000e+00
-1.313742876052856445e+00 -1.270167350769042969e+00 0.000000000000000000e+00
-4.201052188873291016e+00 -1.373994541168212891e+01 0.000000000000000000e+00
-2.270737409591674805e+00 -8.476826667785644531e+00 0.000000000000000000e+00
5.146977901458740234e+00 -9.248342514038085938e+00 0.000000000000000000e+00
-3.508793592453002930e+00 -9.730895996093750000e+00 0.000000000000000000e+00
-1.992115974426269531e+00 1.737064361572265625e+01 0.000000000000000000e+00
9.035603523254394531e+00 1.135844421386718750e+01 0.000000000000000000e+00
6.419569492340087891e+00 1.599296092987060547e+01 0.000000000000000000e+00
5.558109760284423828e+00 -1.355518341064453125e+01 0.000000000000000000e+00
-6.827698707580566406e+00 9.009078025817871094e+00 0.000000000000000000e+00
-8.602341651916503906e+00 -1.294218444824218750e+01 0.000000000000000000e+00
-3.344783782958984375e-01 -2.703858852386474609e+00 0.000000000000000000e+00
-8.413477987051010132e-02 8.394175529479980469e+00 0.000000000000000000e+00
-1.485261344909667969e+01 -1.059868216514587402e+00 0.000000000000000000e+00
1.367616367340087891e+01 -4.567416667938232422e+00 0.000000000000000000e+00
-3.811202526092529297e+00 4.723576068878173828e+00 0.000000000000000000e+00
1.500549888610839844e+01 -2.163475036621093750e+00 0.000000000000000000e+00
1.217326545715332031e+01 7.935830116271972656e+00 0.000000000000000000e+00
4.728632926940917969e+00 -1.661805152893066406e+01 0.000000000000000000e+00
1.003418159484863281e+01 -5.787689685821533203e-01 0.000000000000000000e+00
6.998971939086914062e+00 2.339499473571777344e+00 0.000000000000000000e+00
-5.154690742492675781e+00 -7.246916294097900391e+00 0.000000000000000000e+00
1.160614013671875000e+00 -7.574812412261962891e+00 0.000000000000000000e+00
1.722336196899414062e+01 -1.337004661560058594e+00 0.000000000000000000e+00
1.034008383750915527e+00 -1.345445442199707031e+01 0.000000000000000000e+00
6.831724643707275391e+00 2.272754907608032227e-01 0.000000000000000000e+00
-1.432603549957275391e+01 7.491986274719238281e+00 0.000000000000000000e+00
-4.305060386657714844e+00 -1.132906150817871094e+01 0.000000000000000000e+00
-3.085584878921508789e+00 1.479234981536865234e+01 0.000000000000000000e+00
3.163006305694580078e+00 -1.083121109008789062e+01 0.000000000000000000e+00
5.949785709381103516e+00 -1.730962157249450684e+00 0.000000000000000000e+00
-1.305745124816894531e+01 1.284466981887817383e-01 0.000000000000000000e+00
1.241328811645507812e+01 -1.229503440856933594e+01 0.000000000000000000e+00
-8.360002517700195312e+00 -5.061078548431396484e+00 0.000000000000000000e+00
-1.025361824035644531e+01 1.061400890350341797e+01 0.000000000000000000e+00
3.692646622657775879e-01 2.274051666259765625e+00 0.000000000000000000e+00
8.672873497009277344e+00 -1.206531333923339844e+01 0.000000000000000000e+00
-1.424554157257080078e+01 1.194422125816345215e+00 0.000000000000000000e+00
