1.277713851264184619e+01 3.023142486300490539e+00 4.660286354785103669e-04
1.295726976566129629e+01 -2.124115825632678423e+00 7.108452300195189366e-04
7.450894943853604957e+00 7.990237807987078611e+00 4.674742739574355710e-07
7.630034366658558831e+00 2.843074819264379105e+00 1.732574479529347400e-04
7.810165619678010707e+00 -2.304183492668790301e+00 4.180740424939433098e-04
7.990417460821951146e+00 -7.450643915153905894e+00 7.218716944601411001e-05
2.124532772876321474e+00 1.295654108012412919e+01 1.337315107621250831e-04
2.303791790700878028e+00 7.810170045531240390e+00 -2.922316137019542737e-04
2.483923043664639341e+00 2.662911733229289091e+00 -4.741474034486437006e-05
2.663061473639064314e+00 -2.484251159512023577e+00 1.253038766837466511e-04
2.843313347782980394e+00 -7.630108504459947483e+00 5.770983914867855447e-04
3.023564195824134160e+00 -1.277657486263764142e+01 2.231621708972397755e-04
-3.022571340162650610e+00 1.277707649081808583e+01 6.386427328042287854e-04
-2.843312322338093168e+00 7.630705456225199690e+00 2.126796083388171610e-04
-2.663061474354729175e+00 2.484239098053058648e+00 -1.412566164471495966e-04
-2.483923043994626489e+00 -2.662917763774380830e+00 3.943823105512223037e-05
-2.303790798200305634e+00 -7.810176171496058473e+00 2.843272039609878732e-04
-2.123539950216911443e+00 -1.295664252910653857e+01 -6.960827792479307163e-05
-7.989423612332006819e+00 7.451145448288961859e+00 7.896895507912837786e-04
-7.810165587338009807e+00 2.304774509115799397e+00 3.636543267773184596e-04
-7.630034366988545536e+00 -2.843080849809470401e+00 -1.812339572426768797e-04
-7.450894944183591662e+00 -7.990243838532169462e+00 -8.443983563921619862e-06
-1.295738932834090029e+01 2.123914887949876373e+00 6.696362373950215385e-04
-1.277713848002751718e+01 -3.022545439115511989e+00 3.236772647978725104e-04
