-1.779182076454162598e+00 -1.491356563568115234e+01 0.000000000000000000e+00
-1.522612476348876953e+01 6.746112108230590820e-01 0.000000000000000000e+00
-1.364401912689208984e+01 6.624719619750976562e+00 0.000000000000000000e+00
1.078502535820007324e+00 1.212594890594482422e+01 0.000000000000000000e+00
-8.502893447875976562e+00 1.207608413696289062e+01 0.000000000000000000e+00
1.339676380157470703e+01 -3.254451274871826172e+00 0.000000000000000000e+00
4.185337543487548828e+00 -1.155390739440917969e+01 0.000000000000000000e+00
8.376152038574218750e+00 6.671148300170898438e+00 0.000000000000000000e+00
4.725531101226806641e+00 4.968758583068847656e+00 0.000000000000000000e+00
9.648406028747558594e+00 -7.498949527740478516e+00 0.000000000000000000e+00
3.420193672180175781e+00 1.355033779144287109e+01 0.000000000000000000e+00
9.275258064270019531e+00 -1.439050006866455078e+01 0.000000000000000000e+00
-1.116470432281494141e+01 -2.897920846939086914e+00 0.000000000000000000e+00
3.790297746658325195e+00 2.167851209640502930e+00 0.000000000000000000e+00
7.762115597724914551e-01 -1.733131790161132812e+01 0.000000000000000000e+00
1.645873641967773438e+01 4.547652721405029297e+00 0.000000000000000000e+00
-3.376650810241699219e+00 -1.501473617553710938e+01 0.000000000000000000e+00
1.030410408973693848e+00 1.699718856811523438e+01 0.000000000000000000e+00
-4.226360797882080078e+00 -7.819729804992675781e+00 0.000000000000000000e+00
-2.410663366317749023e+00 1.014678478240966797e+01 0.000000000000000000e+00
1.048065376281738281e+01 -8.956520080566406250e+00 0.000000000000000000e+00
1.457563877105712891e+01 2.106164544820785522e-01 0.000000000000000000e+00
-7.159698963165283203e+00 2.308861017227172852e+00 0.000000000000000000e+00
2.060428619384765625e+00 1.069109201431274414e+00 0.000000000000000000e+00
1.032823371887207031e+01 -2.610223293304443359e+00 0.000000000000000000e+00
7.544353961944580078e+00 -1.430321502685546875e+01 0.000000000000000000e+00
-3.211516618728637695e+00 -3.907899856567382812e+00 0.000000000000000000e+00
-1.551937770843505859e+01 4.714066028594970703e+00 0.000000000000000000e+00
8.788454532623291016e-01 -1.131892776489257812e+01 0.000000000000000000e+00
7.707159519195556641e+00 -1.280719661712646484e+01 0.000000000000000000e+00
-4.336325645446777344e+00 6.090966463088989258e-01 0.000000000000000000e+00
-6.901007175445556641e+00 -7.340173244476318359e+00 0.000000000000000000e+00
-2.717271804809570312e+00 4.603509902954101562e+00 0.000000000000000000e+00
3.559144973754882812e+00 1.068292617797851562e+01 0.000000000000000000e+00
5.295560359954833984e+00 -1.324640083312988281e+01 0.000000000000000000e+00
-9.042019844055175781e+00 2.308974504470825195e+00 0.000000000000000000e+00
1.003285408020019531e+01 1.229600667953491211e+00 0.000000000000000000e+00
-1.081228733062744141e+01 -1.094554901123046875e+01 0.000000000000000000e+00
1.123357391357421875e+01 -4.686203956604003906e+00 0.000000000000000000e+00
-4.978080749511718750e+00 -9.177880287170410156e+00 0.000000000000000000e+00
2.910030364990234375e+00 1.590138435363769531e+01 0.000000000000000000e+00
-1.271823120117187500e+01 -7.108595222234725952e-02 0.000000000000000000e+00
5.811929225921630859e+00 1.446182441711425781e+01 0.000000000000000000e+00
3.257398307323455811e-01 -1.364710044860839844e+01 0.000000000000000000e+00
-4.533419132232666016e+00 -1.130908870697021484e+01 0.000000000000000000e+00
7.772003173828125000e+00 1.492371559143066406e+00 0.000000000000000000e+00
9.795866012573242188e+00 -1.154325103759765625e+01 0.000000000000000000e+00
5.430300712585449219e+00 1.784277081489562988e+00 0.000000000000000000e+00
-6.744194984436035156e+00 1.292838478088378906e+01 0.000000000000000000e+00
1.255934333801269531e+01 4.563270092010498047e+00 0.000000000000000000e+00
1.265533828735351562e+01 -6.185510158538818359e+00 0.000000000000000000e+00
-5.299500226974487305e-01 6.198138713836669922e+00 0.000000000000000000e+00
9.582946777343750000e+00 3.002673387527465820e+00 0.000000000000000000e+00
-2.470628261566162109e+00 1.362809276580810547e+01 0.000000000000000000e+00
1.141624927520751953e+01 2.757455110549926758e-01 0.000000000000000000e+00
1.006704044342041016e+01 -4.252384603023529053e-01 0.000000000000000000e+00
-1.601125597953796387e+00 -1.107943534851074219e+01 0.000000000000000000e+00
5.982834339141845703e+00 -5.271635577082633972e-02 0.000000000000000000e+00
-9.126729965209960938e+00 1.051937866210937500e+01 0.000000000000000000e+00
-8.502575874328613281e+00 5.875683307647705078e+00 0.000000000000000000e+00
7.023431777954101562e+00 -5.492107391357421875e+00 0.000000000000000000e+00
-6.792715549468994141e+00 -7.598176002502441406e-01 0.000000000000000000e+00
8.620191574096679688e+00 1.440273284912109375e+01 0.000000000000000000e+00
-8.954421997070312500e+00 -7.830967903137207031e+00 0.000000000000000000e+00
-1.193687248229980469e+01 -1.428286671638488770e+00 0.000000000000000000e+00
4.109280586242675781e+00 -3.359443902969360352e+00 0.000000000000000000e+00
1.559571170806884766e+01 -2.631021022796630859e+00 0.000000000000000000e+00
-9.556247711181640625e+00 -1.195307922363281250e+01 0.000000000000000000e+00
-1.048032665252685547e+01 -1.387696266174316406e+01 0.000000000000000000e+00
-7.400461673736572266e+00 -2.773298978805541992e+00 0.000000000000000000e+00
-1.431467819213867188e+01 9.676346778869628906e+00 0.000000000000000000e+00
1.617821216583251953e+00 7.001504421234130859e+00 0.000000000000000000e+00
1.648820114135742188e+01 2.311856508255004883e+00 0.000000000000000000e+00
4.937311172485351562e+00 1.568457603454589844e+01 0.000000000000000000e+00
-7.908446788787841797e+00 4.266582012176513672e+00 0.000000000000000000e+00
1.164458942413330078e+01 7.284430503845214844e+00 0.000000000000000000e+00
1.126466155052185059e+00 4.138430118560791016e+00 0.000000000000000000e+00
-3.234743475914001465e-01 1.298342704772949219e+01 0.000000000000000000e+00
1.130748462677001953e+01 9.023200988769531250e+00 0.000000000000000000e+00
6.912319064140319824e-01 -2.413682460784912109e+00 0.000000000000000000e+00
-1.450986289978027344e+01 3.312531948089599609e+00 0.000000000000000000e+00
2.248793363571166992e+00 -1.872078418731689453e+00 0.000000000000000000e+00
-6.580604910850524902e-01 6.584387421607971191e-01 0.000000000000000000e+00
-8.231756210327148438e+00 -1.520654392242431641e+01 0.000000000000000000e+00
-3.390985250473022461e+00 2.212404012680053711e+00 0.000000000000000000e+00
6.150475025177001953e+00 -1.563157439231872559e+00 0.000000000000000000e+00
1.124193859100341797e+01 -6.885448455810546875e+00 0.000000000000000000e+00
-4.796197414398193359e+00 6.105645656585693359e+00 0.000000000000000000e+00
-1.693706130981445312e+01 -3.415669918060302734e+00 0.000000000000000000e+00
-5.959319323301315308e-02 1.568408870697021484e+01 0.000000000000000000e+00
-1.263845539093017578e+01 9.933918952941894531e+00 0.000000000000000000e+00
8.413454055786132812e+00 -2.072107315063476562e+00 0.000000000000000000e+00
2.573045969009399414e+00 -1.367260456085205078e+01 0.000000000000000000e+00
-1.206524085998535156e+01 4.550318241119384766e+00 0.000000000000000000e+00
3.184116125106811523e+00 -1.011715030670166016e+01 0.000000000000000000e+00
-6.507928371429443359e-01 -1.433801531791687012e+00 0.000000000000000000e+00
-7.659068107604980469e+00 -1.155757617950439453e+01 0.000000000000000000e+00
1.199311256408691406e+00 8.516260147094726562e+00 0.000000000000000000e+00
-5.224286079406738281e+00 -1.514892387390136719e+01 0.000000000000000000e+00
-1.249900102615356445e+00 -1.264621639251708984e+01 0.000000000000000000e+00
1.406864643096923828e+01 -7.007052898406982422e+00 0.000000000000000000e+00
-1.881474971771240234e+00 -8.611012458801269531e+00 0.000000000000000000e+00
-4.524251520633697510e-01 3.770179986953735352e+00 0.000000000000000000e+00
6.246258735656738281e+00 -1.206852436065673828e+01 0.000000000000000000e+00
1.363162708282470703e+01 -1.046090245246887207e+00 0.000000000000000000e+00
-1.209946990013122559e+00 -5.592660427093505859e+00 0.000000000000000000e+00
-5.981495857238769531e+00 -1.383796691894531250e+01 0.000000000000000000e+00
9.867039680480957031e+00 4.726101398468017578e+00 0.000000000000000000e+00
1.142294287681579590e+00 -2.775422632694244385e-01 0.000000000000000000e+00
1.098552131652832031e+01 3.639104127883911133e+00 0.000000000000000000e+00
4.606358528137207031e+00 9.254666328430175781e+00 0.000000000000000000e+00
7.723021507263183594e+00 8.807507514953613281e+00 0.000000000000000000e+00
-1.656135177612304688e+01 -4.917253494262695312e+00 0.000000000000000000e+00
1.798636198043823242e+00 -8.262645721435546875e+00 0.000000000000000000e+00
7.734600067138671875e+00 1.059366321563720703e+01 0.000000000000000000e+00
6.800986766815185547e+00 5.572234630584716797e+00 0.000000000000000000e+00
5.596105098724365234e+00 -6.055711269378662109e+00 0.000000000000000000e+00
-6.645524501800537109e+00 9.465405464172363281e+00 0.000000000000000000e+00
-5.204553127288818359e+00 2.591675281524658203e+00 0.000000000000000000e+00
2.348138809204101562e+00 -3.724294662475585938e+00 0.000000000000000000e+00
-1.122574520111083984e+01 1.087837791442871094e+01 0.000000000000000000e+00
2.031414270401000977e+00 -6.501166820526123047e+00 0.000000000000000000e+00
1.901791453361511230e+00 1.041250038146972656e+01 0.000000000000000000e+00
1.311701965332031250e+01 -1.117031288146972656e+01 0.000000000000000000e+00
8.299158096313476562e+00 -9.381796836853027344e+00 0.000000000000000000e+00
-9.841153144836425781e+00 -5.240167140960693359e+00 0.000000000000000000e+00
-8.827440261840820312e+00 -9.992331504821777344e+00 0.000000000000000000e+00
-9.216018676757812500e+00 -3.400082349777221680e+00 0.000000000000000000e+00
-9.308345913887023926e-01 -3.564751863479614258e+00 0.000000000000000000e+00
-1.003164100646972656e+01 7.583999633789062500e+00 0.000000000000000000e+00
-1.422570705413818359e+01 -9.120181083679199219e+00 0.000000000000000000e+00
-1.218771553039550781e+01 -7.519067287445068359e+00 0.000000000000000000e+00
1.049222850799560547e+01 1.091293334960937500e+01 0.000000000000000000e+00
-8.381025314331054688e+00 1.464688396453857422e+01 0.000000000000000000e+00
1.377575874328613281e+01 -4.827229022979736328e+00 0.000000000000000000e+00
4.594069480895996094e+00 -7.884994029998779297e+00 0.000000000000000000e+00
3.502412796020507812e+00 5.588482618331909180e-01 0.000000000000000000e+00
-5.786190509796142578e+00 1.075789165496826172e+01 0.000000000000000000e+00
4.209853172302246094e+00 -1.451203918457031250e+01 0.000000000000000000e+00
-1.058468151092529297e+01 1.636104822158813477e+00 0.000000000000000000e+00
1.535203742980957031e+01 -5.725589275360107422e+00 0.000000000000000000e+00
5.360882282257080078e+00 -9.784759521484375000e+00 0.000000000000000000e+00
-1.231679630279541016e+01 -4.293289184570312500e+00 0.000000000000000000e+00
5.832401275634765625e+00 -4.374379158020019531e+00 0.000000000000000000e+00
5.696351051330566406e+00 -1.562440681457519531e+01 0.000000000000000000e+00
-1.326655387878417969e+01 1.814226031303405762e+00 0.000000000000000000e+00
-4.120853424072265625e+00 -1.665585136413574219e+01 0.000000000000000000e+00
1.312926864624023438e+01 1.015952205657958984e+01 0.000000000000000000e+00
-1.040981960296630859e+01 4.562851428985595703e+00 0.000000000000000000e+00
1.728722381591796875e+01 3.885709047317504883e-01 0.000000000000000000e+00
-1.398363399505615234e+01 -4.402024269104003906e+00 0.000000000000000000e+00
1.192970371246337891e+01 2.242279529571533203e+00 0.000000000000000000e+00
-1.904078960418701172e+00 8.318903923034667969e+00 0.000000000000000000e+00
-1.682764053344726562e+01 3.221519947052001953e+00 0.000000000000000000e+00
1.424122905731201172e+01 4.307910919189453125e+00 0.000000000000000000e+00
6.089781761169433594e+00 1.105331134796142578e+01 0.000000000000000000e+00
-1.502663516998291016e+01 -6.763023853302001953e+00 0.000000000000000000e+00
8.519644737243652344e+00 -4.825383186340332031e+00 0.000000000000000000e+00
-4.706329345703125000e+00 1.553011989593505859e+01 0.000000000000000000e+00
-9.164012908935546875e+00 -1.395363330841064453e+00 0.000000000000000000e+00
1.510555267333984375e+00 1.503730583190917969e+01 0.000000000000000000e+00
1.417905712127685547e+01 -9.616976737976074219e+00 0.000000000000000000e+00
-2.138022422790527344e+00 6.158583641052246094e+00 0.000000000000000000e+00
-7.103343486785888672e+00 7.174649238586425781e+00 0.000000000000000000e+00
7.055655479431152344e+00 3.935030460357666016e+00 0.000000000000000000e+00
7.847930431365966797e+00 -6.963500976562500000e+00 0.000000000000000000e+00
-2.487054586410522461e+00 -6.802084445953369141e+00 0.000000000000000000e+00
1.443664455413818359e+01 7.937765598297119141e+00 0.000000000000000000e+00
-1.736730098724365234e+00 1.179196357727050781e+01 0.000000000000000000e+00
8.029668807983398438e+00 -6.025829315185546875e-01 0.000000000000000000e+00
1.209204292297363281e+01 -8.548172950744628906e+00 0.000000000000000000e+00
-1.174343585968017578e+01 -5.845676898956298828e+00 0.000000000000000000e+00
-3.035843849182128906e+00 -9.758938789367675781e+00 0.000000000000000000e+00
2.781397819519042969e+00 5.177381038665771484e+00 0.000000000000000000e+00
1.157425022125244141e+01 -1.063282012939453125e+01 0.000000000000000000e+00
-2.235106706619262695e+00 -1.989842772483825684e+00 0.000000000000000000e+00
2.709425449371337891e+00 -1.204703330993652344e+01 0.000000000000000000e+00
-7.274993062019348145e-01 9.946544647216796875e+00 0.000000000000000000e+00
-1.553638172149658203e+01 6.779415130615234375e+00 0.000000000000000000e+00
1.106233596801757812e+00 -9.699844360351562500e+00 0.000000000000000000e+00
-2.208766788244247437e-01 -8.614010810852050781e+00 0.000000000000000000e+00
-1.930530220270156860e-01 2.237840652465820312e+00 0.000000000000000000e+00
3.583289623260498047e+00 3.726287364959716797e+00 0.000000000000000000e+00
-1.307918930053710938e+01 8.480455398559570312e+00 0.000000000000000000e+00
-1.522390556335449219e+01 -1.735053300857543945e+00 0.000000000000000000e+00
-4.441120624542236328e+00 -2.174731492996215820e+00 0.000000000000000000e+00
-1.716280937194824219e+01 -3.419676125049591064e-01 0.000000000000000000e+00
-1.329655551910400391e+01 -6.090394496917724609e+00 0.000000000000000000e+00
-3.086045026779174805e+00 1.554481124877929688e+01 0.000000000000000000e+00
2.780395746231079102e+00 -1.528677177429199219e+01 0.000000000000000000e+00
-3.105944633483886719e+00 1.711779212951660156e+01 0.000000000000000000e+00
9.392303466796875000e+00 8.023663520812988281e+00 0.000000000000000000e+00
4.116892337799072266e+00 1.210503864288330078e+01 0.000000000000000000e+00
-1.007958030700683594e+01 -8.863440513610839844e+00 0.000000000000000000e+00
4.574432849884033203e+00 7.523972988128662109e+00 0.000000000000000000e+00
-5.667630672454833984e+00 -4.144602775573730469e+00 0.000000000000000000e+00
-9.643177032470703125e+00 1.358639526367187500e+01 0.000000000000000000e+00
1.275967502593994141e+01 1.163273620605468750e+01 0.000000000000000000e+00
-3.805644035339355469e+00 8.856882095336914062e+00 0.000000000000000000e+00
-8.837444305419921875e+00 5.393537282943725586e-01 0.000000000000000000e+00
8.099386215209960938e+00 1.292076015472412109e+01 0.000000000000000000e+00
-6.737751960754394531e+00 -5.460206985473632812e+00 0.000000000000000000e+00
-1.040361118316650391e+01 -4.170463979244232178e-01 0.000000000000000000e+00
-1.333107829093933105e+00 1.461006736755371094e+01 0.000000000000000000e+00
-4.936696529388427734e+00 1.266517257690429688e+01 0.000000000000000000e+00
1.727763366699218750e+01 -1.622963547706604004e+00 0.000000000000000000e+00
-1.888640403747558594e+00 -1.703390884399414062e+01 0.000000000000000000e+00
6.418106555938720703e+00 -8.675566673278808594e+00 0.000000000000000000e+00
3.931021392345428467e-01 -1.562926673889160156e+01 0.000000000000000000e+00
1.660663604736328125e+01 -4.372734069824218750e+00 0.000000000000000000e+00
-8.419585227966308594e+00 -6.213110446929931641e+00 0.000000000000000000e+00
-1.099942302703857422e+01 6.133466720581054688e+00 0.000000000000000000e+00
-1.745608520507812500e+01 1.231602191925048828e+00 0.000000000000000000e+00
-2.993449211120605469e+00 -1.327140426635742188e+01 0.000000000000000000e+00
-1.097257518768310547e+01 3.120570659637451172e+00 0.000000000000000000e+00
-1.262150192260742188e+01 -9.285470962524414062e+00 0.000000000000000000e+00
4.367147445678710938e+00 -1.296045780181884766e+00 0.000000000000000000e+00
-1.777199268341064453e+00 1.726748704910278320e+00 0.000000000000000000e+00
-4.150148391723632812e+00 -6.089443683624267578e+00 0.000000000000000000e+00
-1.281530094146728516e+01 -1.172999858856201172e+01 0.000000000000000000e+00
1.594552040100097656e+01 -4.441277980804443359e-01 0.000000000000000000e+00
7.081235408782958984e+00 -1.077047061920166016e+01 0.000000000000000000e+00
1.194885540008544922e+01 -1.220925998687744141e+01 0.000000000000000000e+00
9.852737426757812500e+00 9.535676956176757812e+00 0.000000000000000000e+00
-5.358919143676757812e+00 4.173097133636474609e+00 0.000000000000000000e+00
9.199224114418029785e-01 -4.345192432403564453e+00 0.000000000000000000e+00
-8.527109146118164062e+00 -1.370972156524658203e+01 0.000000000000000000e+00
-1.066942119598388672e+01 9.298374176025390625e+00 0.000000000000000000e+00
2.802928924560546875e+00 8.574887275695800781e+00 0.000000000000000000e+00
-6.031945228576660156e+00 -1.106984710693359375e+01 0.000000000000000000e+00
-8.433495521545410156e+00 8.791920661926269531e+00 0.000000000000000000e+00
-4.521232604980468750e+00 -1.342091560363769531e+01 0.000000000000000000e+00
-1.307291507720947266e+00 1.729459762573242188e+01 0.000000000000000000e+00
-6.739626407623291016e+00 5.474333286285400391e+00 0.000000000000000000e+00
1.408762550354003906e+01 1.859288215637207031e+00 0.000000000000000000e+00
-2.108183860778808594e+00 -2.371400296688079834e-01 0.000000000000000000e+00
1.142733097076416016e+01 5.605017662048339844e+00 0.000000000000000000e+00
-1.250642585754394531e+01 1.217924404144287109e+01 0.000000000000000000e+00
9.508502006530761719e+00 -5.967370510101318359e+00 0.000000000000000000e+00
7.390576362609863281e+00 -3.536280632019042969e+00 0.000000000000000000e+00
-3.355541467666625977e+00 7.174571037292480469e+00 0.000000000000000000e+00
9.765758514404296875e+00 1.271451473236083984e+01 0.000000000000000000e+00
6.438283443450927734e+00 7.560313701629638672e+00 0.000000000000000000e+00
3.398850440979003906e+00 -1.696764183044433594e+01 0.000000000000000000e+00
-3.512750625610351562e+00 1.146484756469726562e+01 0.000000000000000000e+00
-7.621726036071777344e+00 -8.841164588928222656e+00 0.000000000000000000e+00
1.928642630577087402e+00 2.636256217956542969e+00 0.000000000000000000e+00
1.305837631225585938e+01 4.536384642124176025e-01 0.000000000000000000e+00
6.806828975677490234e+00 1.568819713592529297e+01 0.000000000000000000e+00
1.174228286743164062e+01 -1.724709153175354004e+00 0.000000000000000000e+00
1.566158962249755859e+01 6.983335494995117188e+00 0.000000000000000000e+00
-1.184956932067871094e+01 7.458722591400146484e+00 0.000000000000000000e+00
1.310293102264404297e+01 5.980176448822021484e+00 0.000000000000000000e+00
4.948675259947776794e-02 -6.860566616058349609e+00 0.000000000000000000e+00
-5.908496379852294922e+00 7.648868560791015625e-01 0.000000000000000000e+00
-6.528223991394042969e+00 1.502390098571777344e+01 0.000000000000000000e+00
