8.208685218142132811e+00 1.024708260548402272e+01 -8.732435423386419870e-05
1.151807036996950906e+01 6.302485057573413485e+00 -3.480087055032221599e-04
9.521865872149931631e-01 1.088221730433906664e+01 1.704910641748824673e-04
4.263557385021134571e+00 6.937428918992160298e+00 5.400545426059721876e-05
7.572941543960192590e+00 2.992831467068491236e+00 -2.067502578551039250e-04
1.088319893098246460e+01 -9.526533581823999342e-01 2.033451098812921742e-04
-6.302206802827258869e+00 1.151795311952439604e+01 -2.624759958447242525e-05
-2.992941246019484858e+00 7.572563617483973886e+00 3.118211472887821856e-04
3.174357360224202007e-01 3.627870746924555245e+00 1.231641597811972133e-04
3.628805540998001788e+00 -3.169175430026239804e-01 6.606450317803158612e-06
6.937950477011328054e+00 -4.263701980921539736e+00 1.456745291186223312e-04
1.024832845182807262e+01 -8.208394947831127553e+00 -4.291082292251502395e-05
-1.024745426402565585e+01 8.206904400809424516e+00 -8.384682789452924112e-05
-6.938070105028806722e+00 4.262306948880199897e+00 -3.446025358133653071e-04
-3.627812718006504955e+00 3.168221241909696118e-01 6.549357482207862624e-05
-3.164429130309544536e-01 -3.627966166297869943e+00 -5.106487754069632956e-05
2.992822643776849922e+00 -7.573355667776631606e+00 2.870046122320779602e-04
6.303199625818755258e+00 -1.151804853833604980e+01 9.834762472582525561e-05
-1.088232573601060693e+01 9.511629065804219074e-01 -3.301748602476672900e-04
-7.572941577013758696e+00 -2.993434545348801379e+00 -5.909305681670584676e-04
-4.262683197218686715e+00 -6.938919465452203283e+00 -1.807623621785658941e-04
-9.513133921853459407e-01 -1.088370775594659889e+01 -2.973208103451696616e-04
-1.151806941019254715e+01 -6.303088231835110911e+00 -4.496007638694621278e-04
-8.207812023170244942e+00 -1.024857305652434114e+01 -3.950465323399043882e-05
