6.912392616271972656e+00 1.101188182830810547e+01 0.000000000000000000e+00
-8.898126602172851562e+00 -8.970993041992187500e+00 0.000000000000000000e+00
-1.469991397857666016e+01 -2.399627417325973511e-01 0.000000000000000000e+00
1.723572349548339844e+01 2.021419286727905273e+00 0.000000000000000000e+00
8.786294937133789062e+00 9.144783020019531250e+00 0.000000000000000000e+00
2.056310653686523438e+00 -7.328620433807373047e+00 0.000000000000000000e+00
-1.376643276214599609e+01 5.762291431427001953e+00 0.000000000000000000e+00
-9.710095405578613281e+00 -3.873630046844482422e+00 0.000000000000000000e+00
-1.433841705322265625e+01 3.518863439559936523e+00 0.000000000000000000e+00
1.076990413665771484e+01 -9.154151916503906250e+00 0.000000000000000000e+00
1.477926921844482422e+01 3.027346134185791016e+00 0.000000000000000000e+00
1.577219867706298828e+01 6.435657978057861328e+00 0.000000000000000000e+00
9.654464721679687500e+00 -1.349652004241943359e+01 0.000000000000000000e+00
-1.317966556549072266e+01 7.482125759124755859e+00 0.000000000000000000e+00
1.714934158325195312e+01 -8.566874265670776367e-01 0.000000000000000000e+00
3.538163185119628906e+00 -4.583833694458007812e+00 0.000000000000000000e+00
-7.046388626098632812e+00 -1.436090850830078125e+01 0.000000000000000000e+00
-1.009291553497314453e+01 8.600646972656250000e+00 0.000000000000000000e+00
3.714019536972045898e+00 -9.595579147338867188e+00 0.000000000000000000e+00
-1.705129027366638184e+00 8.686110496520996094e+00 0.000000000000000000e+00
-2.925189971923828125e+00 -1.238623809814453125e+01 0.000000000000000000e+00
9.592700958251953125e+00 1.088129234313964844e+01 0.000000000000000000e+00
-7.895029187202453613e-01 1.552493286132812500e+01 0.000000000000000000e+00
8.293153762817382812e+00 -1.089233684539794922e+01 0.000000000000000000e+00
1.054909324645996094e+01 1.393081283569335938e+01 0.000000000000000000e+00
1.842553853988647461e+00 -9.754743576049804688e+00 0.000000000000000000e+00
1.483450126647949219e+01 -5.134631633758544922e+00 0.000000000000000000e+00
5.081839561462402344e+00 9.174913406372070312e+00 0.000000000000000000e+00
-1.011250114440917969e+01 4.362399578094482422e+00 0.000000000000000000e+00
-6.316596508026123047e+00 3.851253747940063477e+00 0.000000000000000000e+00
-7.595118045806884766e+00 1.147096252441406250e+01 0.000000000000000000e+00
1.207363319396972656e+01 -3.720835208892822266e+00 0.000000000000000000e+00
6.645116329193115234e+00 -1.286969184875488281e+01 0.000000000000000000e+00
-1.215976333618164062e+01 -2.070833921432495117e+00 0.000000000000000000e+00
-2.916082620620727539e+00 -1.611651992797851562e+01 0.000000000000000000e+00
1.349032211303710938e+01 -8.649538040161132812e+00 0.000000000000000000e+00
-5.800610542297363281e+00 -7.644511699676513672e+00 0.000000000000000000e+00
4.970596313476562500e+00 2.353084087371826172e+00 0.000000000000000000e+00
6.460536956787109375e+00 6.352436542510986328e+00 0.000000000000000000e+00
2.759573936462402344e+00 1.465130138397216797e+01 0.000000000000000000e+00
-6.201012134552001953e+00 6.593579769134521484e+00 0.000000000000000000e+00
-2.800825834274291992e+00 1.300907993316650391e+01 0.000000000000000000e+00
-1.088730812072753906e+01 -5.400508403778076172e+00 0.000000000000000000e+00
-3.913492560386657715e-01 -1.631798934936523438e+01 0.000000000000000000e+00
-1.196241188049316406e+01 2.070608854293823242e+00 0.000000000000000000e+00
5.653900146484375000e+00 -4.781066894531250000e+00 0.000000000000000000e+00
-1.268458747863769531e+01 -7.331396579742431641e+00 0.000000000000000000e+00
5.667983531951904297e+00 -7.593702316284179688e+00 0.000000000000000000e+00
-1.293307304382324219e+01 -1.162737560272216797e+01 0.000000000000000000e+00
-2.963145077228546143e-02 -2.309512138366699219e+00 0.000000000000000000e+00
-1.146139812469482422e+01 -1.752045452594757080e-01 0.000000000000000000e+00
1.381827354431152344e+01 -9.956596493721008301e-01 0.000000000000000000e+00
-2.275075167417526245e-01 -1.216200065612792969e+01 0.000000000000000000e+00
9.498674392700195312e+00 -4.283587932586669922e-01 0.000000000000000000e+00
6.954155921936035156e+00 -1.602425765991210938e+01 0.000000000000000000e+00
-1.512089061737060547e+01 -2.466333866119384766e+00 0.000000000000000000e+00
-1.243980312347412109e+01 1.168698692321777344e+01 0.000000000000000000e+00
-2.564435482025146484e+00 -2.187507390975952148e+00 0.000000000000000000e+00
-1.043787956237792969e+01 -9.475150108337402344e+00 0.000000000000000000e+00
1.425630474090576172e+01 6.109006881713867188e+00 0.000000000000000000e+00
-4.538335800170898438e+00 9.327819943428039551e-01 0.000000000000000000e+00
7.016827583312988281e+00 1.308365821838378906e+01 0.000000000000000000e+00
6.627139091491699219e+00 5.985267758369445801e-01 0.000000000000000000e+00
-6.603376865386962891e+00 1.271260356903076172e+01 0.000000000000000000e+00
1.403756999969482422e+01 9.941458702087402344e+00 0.000000000000000000e+00
-1.014294528961181641e+01 -2.352069377899169922e+00 0.000000000000000000e+00
5.277016162872314453e+00 1.153751373291015625e+01 0.000000000000000000e+00
-8.179346084594726562e+00 -1.134602737426757812e+01 0.000000000000000000e+00
-3.444307949393987656e-03 -1.396634387969970703e+01 0.000000000000000000e+00
5.569168090820312500e+00 1.575043106079101562e+01 0.000000000000000000e+00
9.601941108703613281e+00 -5.488216400146484375e+00 0.000000000000000000e+00
3.876544952392578125e+00 -2.858908891677856445e+00 0.000000000000000000e+00
-1.069377183914184570e+00 -5.090575218200683594e+00 0.000000000000000000e+00
4.786601543426513672e+00 -1.613959503173828125e+01 0.000000000000000000e+00
1.188796424865722656e+01 -7.061161398887634277e-01 0.000000000000000000e+00
-4.780781745910644531e+00 1.427915859222412109e+01 0.000000000000000000e+00
-1.092355632781982422e+01 1.296120834350585938e+01 0.000000000000000000e+00
-1.957616329193115234e+00 4.620060443878173828e+00 0.000000000000000000e+00
8.010415077209472656e+00 1.500708937644958496e+00 0.000000000000000000e+00
-2.241660356521606445e+00 2.491722345352172852e+00 0.000000000000000000e+00
-1.003716754913330078e+01 6.937868118286132812e+00 0.000000000000000000e+00
4.938812255859375000e+00 1.362943077087402344e+01 0.000000000000000000e+00
-3.405438959598541260e-01 4.352691650390625000e+00 0.000000000000000000e+00
8.836691856384277344e+00 5.541694641113281250e+00 0.000000000000000000e+00
-1.970227599143981934e+00 -9.048961639404296875e+00 0.000000000000000000e+00
-1.570188045501708984e+01 4.767995834350585938e+00 0.000000000000000000e+00
3.227605581283569336e+00 1.557641506195068359e+00 0.000000000000000000e+00
-7.572190761566162109e+00 7.597486972808837891e+00 0.000000000000000000e+00
-3.650372982025146484e+00 -1.047933483123779297e+01 0.000000000000000000e+00
7.051872253417968750e+00 -9.670707702636718750e+00 0.000000000000000000e+00
-1.181793332099914551e+00 1.268217563629150391e+00 0.000000000000000000e+00
-1.298740291595458984e+01 -9.915101051330566406e+00 0.000000000000000000e+00
1.151078224182128906e+01 -5.804970741271972656e+00 0.000000000000000000e+00
8.482217788696289062e+00 -1.528474807739257812e+01 0.000000000000000000e+00
-1.433324694633483887e+00 -7.478234767913818359e+00 0.000000000000000000e+00
3.770354747772216797e+00 6.847568511962890625e+00 0.000000000000000000e+00
-1.479393100738525391e+01 -5.861056327819824219e+00 0.000000000000000000e+00
-6.994501590728759766e+00 -7.412538528442382812e-01 0.000000000000000000e+00
1.353128194808959961e+00 5.531746149063110352e-01 0.000000000000000000e+00
1.175389957427978516e+01 7.603644847869873047e+00 0.000000000000000000e+00
1.272859573364257812e+00 -4.645245552062988281e+00 0.000000000000000000e+00
-1.267058277130126953e+01 -4.144725322723388672e+00 0.000000000000000000e+00
-4.348585605621337891e+00 -4.223083496093750000e+00 0.000000000000000000e+00
9.222668647766113281e+00 -7.777764797210693359e+00 0.000000000000000000e+00
-8.315549850463867188e+00 3.319235146045684814e-01 0.000000000000000000e+00
-3.983629465103149414e+00 1.205752372741699219e+01 0.000000000000000000e+00
1.662990760803222656e+01 4.484638690948486328e+00 0.000000000000000000e+00
-7.209239482879638672e+00 -1.265475654602050781e+01 0.000000000000000000e+00
-1.699013262987136841e-01 6.409994602203369141e+00 0.000000000000000000e+00
-4.325632095336914062e+00 8.157567977905273438e+00 0.000000000000000000e+00
1.157818889617919922e+01 1.008614826202392578e+01 0.000000000000000000e+00
7.630206584930419922e+00 1.523695945739746094e+01 0.000000000000000000e+00
1.582005786895751953e+01 -6.798658847808837891e+00 0.000000000000000000e+00
1.603328287601470947e-01 1.109863090515136719e+01 0.000000000000000000e+00
-2.509482622146606445e+00 6.649800300598144531e+00 0.000000000000000000e+00
1.586688995361328125e+00 7.911918640136718750e+00 0.000000000000000000e+00
3.334144830703735352e+00 -1.709208869934082031e+01 0.000000000000000000e+00
-9.659520149230957031e+00 -1.293259811401367188e+01 0.000000000000000000e+00
-3.614875316619873047e+00 -6.310688495635986328e+00 0.000000000000000000e+00
2.700240351259708405e-02 -9.871202468872070312e+00 0.000000000000000000e+00
-1.413088417053222656e+01 1.313774108886718750e+00 0.000000000000000000e+00
2.703272819519042969e+00 1.149828815460205078e+01 0.000000000000000000e+00
-1.719959449768066406e+01 -1.198373198509216309e+00 0.000000000000000000e+00
-1.102723598480224609e+01 9.799145698547363281e+00 0.000000000000000000e+00
1.183468401432037354e-01 1.279643154144287109e+01 0.000000000000000000e+00
-1.699476242065429688e+01 2.527968168258666992e+00 0.000000000000000000e+00
-1.657615852355957031e+01 -3.968870639801025391e+00 0.000000000000000000e+00
-5.868954181671142578e+00 -5.799252986907958984e+00 0.000000000000000000e+00
7.643255233764648438e+00 -4.148387432098388672e+00 0.000000000000000000e+00
-4.382089614868164062e+00 -9.099082946777343750e+00 0.000000000000000000e+00
-1.379024833440780640e-01 2.752383947372436523e+00 0.000000000000000000e+00
-3.732520818710327148e+00 1.010841274261474609e+01 0.000000000000000000e+00
-5.021748542785644531e+00 -1.639438056945800781e+01 0.000000000000000000e+00
6.146942615509033203e+00 -1.070680141448974609e+00 0.000000000000000000e+00
-9.016038894653320312e+00 2.730924367904663086e+00 0.000000000000000000e+00
7.579539299011230469e+00 3.858258485794067383e+00 0.000000000000000000e+00
1.593789958953857422e+01 -3.065496683120727539e+00 0.000000000000000000e+00
1.314010620117187500e+01 -1.073469638824462891e+01 0.000000000000000000e+00
2.319846868515014648e+00 -6.071044802665710449e-01 0.000000000000000000e+00
1.501401901245117188e+01 8.397474288940429688e+00 0.000000000000000000e+00
-5.030608654022216797e+00 -1.453042030334472656e+01 0.000000000000000000e+00
-1.294075965881347656e+01 1.704027205705642700e-01 0.000000000000000000e+00
-8.835675239562988281e+00 1.474252510070800781e+01 0.000000000000000000e+00
9.179561614990234375e+00 -9.669605255126953125e+00 0.000000000000000000e+00
-1.788523793220520020e+00 -1.354113769531250000e+01 0.000000000000000000e+00
-3.195533752441406250e+00 -7.797408580780029297e+00 0.000000000000000000e+00
-1.443700790405273438e+01 -7.376380920410156250e+00 0.000000000000000000e+00
-6.372401714324951172e+00 1.472416877746582031e+01 0.000000000000000000e+00
-6.004387855529785156e+00 -1.131644058227539062e+01 0.000000000000000000e+00
-1.447355937957763672e+01 8.829827308654785156e+00 0.000000000000000000e+00
-8.607668876647949219e+00 4.913109302520751953e+00 0.000000000000000000e+00
1.159775137901306152e+00 3.732353925704956055e+00 0.000000000000000000e+00
-1.684231567382812500e+01 3.428504765033721924e-01 0.000000000000000000e+00
1.252076148986816406e+01 8.350271582603454590e-01 0.000000000000000000e+00
4.847870349884033203e+00 5.339761257171630859e+00 0.000000000000000000e+00
-5.997246265411376953e+00 1.914451718330383301e+00 0.000000000000000000e+00
-4.343666553497314453e+00 -2.352154016494750977e+00 0.000000000000000000e+00
-9.097262382507324219e+00 1.234169578552246094e+01 0.000000000000000000e+00
-1.597776561975479126e-01 8.710609436035156250e+00 0.000000000000000000e+00
-8.638323783874511719e+00 -1.438071537017822266e+01 0.000000000000000000e+00
9.462015151977539062e+00 -3.746384859085083008e+00 0.000000000000000000e+00
-5.640723228454589844e+00 -1.281159114837646484e+01 0.000000000000000000e+00
-6.057077407836914062e+00 -2.692827463150024414e+00 0.000000000000000000e+00
-2.230227947235107422e+00 1.414474006742238998e-02 0.000000000000000000e+00
1.095812606811523438e+01 -7.447546005249023438e+00 0.000000000000000000e+00
3.213563919067382812e+00 -1.461720466613769531e+01 0.000000000000000000e+00
-1.197607898712158203e+01 8.629167556762695312e+00 0.000000000000000000e+00
4.132305145263671875e+00 -7.645102024078369141e+00 0.000000000000000000e+00
7.412181377410888672e+00 -2.193273305892944336e+00 0.000000000000000000e+00
2.429465293884277344e+00 4.648643970489501953e+00 0.000000000000000000e+00
-2.896949291229248047e+00 1.697656631469726562e+01 0.000000000000000000e+00
1.635237455368041992e+00 1.622257804870605469e+01 0.000000000000000000e+00
9.882068634033203125e+00 7.948798179626464844e+00 0.000000000000000000e+00
1.117010211944580078e+01 4.231611251831054688e+00 0.000000000000000000e+00
-4.029797554016113281e+00 4.572370052337646484e+00 0.000000000000000000e+00
1.740255475044250488e+00 1.312069797515869141e+01 0.000000000000000000e+00
4.695933818817138672e+00 2.457116544246673584e-01 0.000000000000000000e+00
3.605267047882080078e+00 1.277569198608398438e+01 0.000000000000000000e+00
1.526338768005371094e+01 8.154622912406921387e-01 0.000000000000000000e+00
-1.308328986167907715e+00 1.377681255340576172e+01 0.000000000000000000e+00
5.238273143768310547e+00 -1.432511425018310547e+01 0.000000000000000000e+00
-6.037247180938720703e+00 1.016207981109619141e+01 0.000000000000000000e+00
-8.064305305480957031e+00 -5.704913139343261719e+00 0.000000000000000000e+00
9.135721206665039062e+00 1.281780052185058594e+01 0.000000000000000000e+00
-8.328009605407714844e+00 -2.083457708358764648e+00 0.000000000000000000e+00
1.681279420852661133e+00 -1.130235481262207031e+01 0.000000000000000000e+00
3.548021793365478516e+00 -1.152140235900878906e+01 0.000000000000000000e+00
1.046229526400566101e-01 -7.341468334197998047e+00 0.000000000000000000e+00
-2.026074409484863281e+00 -3.801217794418334961e+00 0.000000000000000000e+00
1.023101806640625000e+01 2.310958862304687500e+00 0.000000000000000000e+00
3.232930660247802734e+00 -6.252326011657714844e+00 0.000000000000000000e+00
6.898249626159667969e+00 -6.665264129638671875e+00 0.000000000000000000e+00
-1.392896747589111328e+01 1.053448963165283203e+01 0.000000000000000000e+00
1.135108280181884766e+01 6.009855747222900391e+00 0.000000000000000000e+00
-9.978953361511230469e+00 7.617834210395812988e-01 0.000000000000000000e+00
5.623784065246582031e+00 -2.993658304214477539e+00 0.000000000000000000e+00
1.383359813690185547e+01 -6.701959133148193359e+00 0.000000000000000000e+00
-3.435887098312377930e+00 -1.402846336364746094e+01 0.000000000000000000e+00
-1.840234637260437012e+00 -1.122450065612792969e+01 0.000000000000000000e+00
-1.508865356445312500e+00 1.053870773315429688e+01 0.000000000000000000e+00
1.282885456085205078e+01 1.152514266967773438e+01 0.000000000000000000e+00
-1.012567424774169922e+01 -7.698797225952148438e+00 0.000000000000000000e+00
1.117067623138427734e+01 -1.105540084838867188e+01 0.000000000000000000e+00
-1.607094383239746094e+01 6.252652168273925781e+00 0.000000000000000000e+00
-9.186021804809570312e+00 1.071332073211669922e+01 0.000000000000000000e+00
3.682308197021484375e+00 1.583617210388183594e+01 0.000000000000000000e+00
-2.898825168609619141e+00 1.530315685272216797e+01 0.000000000000000000e+00
1.910711288452148438e+00 1.007984828948974609e+01 0.000000000000000000e+00
-7.670470714569091797e+00 -7.248724460601806641e+00 0.000000000000000000e+00
5.400743484497070312e+00 -9.282748222351074219e+00 0.000000000000000000e+00
1.284653949737548828e+01 2.714375495910644531e+00 0.000000000000000000e+00
1.319704532623291016e+01 4.242807388305664062e+00 0.000000000000000000e+00
-1.471041107177734375e+01 -9.437788963317871094e+00 0.000000000000000000e+00
1.542352557182312012e+00 -3.065538644790649414e+00 0.000000000000000000e+00
-7.879206657409667969e+00 1.355003833770751953e+01 0.000000000000000000e+00
6.255085468292236328e+00 -1.107482814788818359e+01 0.000000000000000000e+00
5.145726203918457031e-01 1.731442642211914062e+01 0.000000000000000000e+00
-5.891552448272705078e+00 8.600573539733886719e+00 0.000000000000000000e+00
3.561723947525024414e+00 9.403429031372070312e+00 0.000000000000000000e+00
-6.476478099822998047e+00 -4.327974796295166016e+00 0.000000000000000000e+00
3.794070720672607422e+00 -1.303567409515380859e+01 0.000000000000000000e+00
7.689741611480712891e+00 -1.396891403198242188e+01 0.000000000000000000e+00
1.099666404724121094e+01 -2.558600425720214844e+00 0.000000000000000000e+00
-1.199056625366210938e+01 5.277366638183593750e+00 0.000000000000000000e+00
-6.513196468353271484e+00 -9.885896682739257812e+00 0.000000000000000000e+00
-4.807105541229248047e+00 -5.619494318962097168e-01 0.000000000000000000e+00
1.385297870635986328e+01 -3.570102691650390625e+00 0.000000000000000000e+00
1.573000669479370117e+00 -1.353658294677734375e+01 0.000000000000000000e+00
1.295488834381103516e+00 -1.666150474548339844e+01 0.000000000000000000e+00
1.353421306610107422e+01 7.617394447326660156e+00 0.000000000000000000e+00
-5.440625190734863281e+00 1.632226562500000000e+01 0.000000000000000000e+00
6.651472568511962891e+00 2.422520399093627930e+00 0.000000000000000000e+00
-1.335376143455505371e+00 -1.498626327514648438e+01 0.000000000000000000e+00
3.470534324645996094e+00 3.365127563476562500e+00 0.000000000000000000e+00
6.639451026916503906e+00 8.712010383605957031e+00 0.000000000000000000e+00
1.304597258567810059e+00 -1.512536430358886719e+01 0.000000000000000000e+00
1.644806671142578125e+01 -5.192667484283447266e+00 0.000000000000000000e+00
-1.136048889160156250e+01 -1.211777114868164062e+01 0.000000000000000000e+00
8.170083045959472656e+00 -1.251294708251953125e+01 0.000000000000000000e+00
-1.133124709129333496e+00 1.735040855407714844e+01 0.000000000000000000e+00
-6.774994373321533203e+00 -1.585720539093017578e+01 0.000000000000000000e+00
1.135490226745605469e+01 -1.281347560882568359e+01 0.000000000000000000e+00
-7.912109851837158203e+00 -3.567419767379760742e+00 0.000000000000000000e+00
-3.878664016723632812e+00 2.450151443481445312e+00 0.000000000000000000e+00
1.127951240539550781e+01 1.203496456146240234e+01 0.000000000000000000e+00
1.304968261718750000e+01 -5.232853889465332031e+00 0.000000000000000000e+00
-4.018050670623779297e+00 6.220074653625488281e+00 0.000000000000000000e+00
1.983110308647155762e+00 6.193294525146484375e+00 0.000000000000000000e+00
9.454913139343261719e+00 -2.010826349258422852e+00 0.000000000000000000e+00
-1.470685100555419922e+01 7.279848575592041016e+00 0.000000000000000000e+00
-6.938827633857727051e-01 -3.678021430969238281e-01 0.000000000000000000e+00
-1.422403240203857422e+01 -4.208477497100830078e+00 0.000000000000000000e+00
1.089030551910400391e+01 6.032653450965881348e-01 0.000000000000000000e+00
-7.659846782684326172e+00 1.822048425674438477e+00 0.000000000000000000e+00
-1.366196918487548828e+01 -2.084670782089233398e+00 0.000000000000000000e+00
-1.153249263763427734e+01 3.703776359558105469e+00 0.000000000000000000e+00
