1.265322780609130859e+01 -7.480320930480957031e+00 0.000000000000000000e+00
7.616886615753173828e+00 5.692729473114013672e+00 0.000000000000000000e+00
1.069848060607910156e+01 -2.413254261016845703e+00 0.000000000000000000e+00
-1.385662269592285156e+01 9.057729721069335938e+00 0.000000000000000000e+00
-4.322907447814941406e+00 7.985738754272460938e+00 0.000000000000000000e+00
3.543707132339477539e-01 -1.462817001342773438e+01 0.000000000000000000e+00
7.619845867156982422e+00 1.388794040679931641e+01 0.000000000000000000e+00
-1.613746833801269531e+01 1.971138119697570801e+00 0.000000000000000000e+00
-1.554959774017333984e+00 -3.209975481033325195e+00 0.000000000000000000e+00
-2.319613933563232422e+00 -1.129086375236511230e+00 0.000000000000000000e+00
1.099122714996337891e+01 1.250195026397705078e+01 0.000000000000000000e+00
3.694277524948120117e+00 2.126080513000488281e+00 0.000000000000000000e+00
-6.757225513458251953e+00 7.883412241935729980e-01 0.000000000000000000e+00
7.909892559051513672e+00 -8.972407341003417969e+00 0.000000000000000000e+00
4.482301712036132812e+00 -1.183281326293945312e+01 0.000000000000000000e+00
-4.666624069213867188e+00 -1.563259029388427734e+01 0.000000000000000000e+00
2.781651496887207031e+00 7.550237655639648438e+00 0.000000000000000000e+00
5.268129825592041016e+00 -1.643174362182617188e+01 0.000000000000000000e+00
1.757198572158813477e+00 1.429439353942871094e+01 0.000000000000000000e+00
-3.908150792121887207e-01 7.914470195770263672e+00 0.000000000000000000e+00
-1.408309364318847656e+01 6.547925472259521484e+00 0.000000000000000000e+00
1.082584476470947266e+01 1.400672674179077148e+00 0.000000000000000000e+00
-5.940748214721679688e+00 -1.109108638763427734e+01 0.000000000000000000e+00
-1.333987331390380859e+01 -4.560572624206542969e+00 0.000000000000000000e+00
-1.194927024841308594e+01 5.740845203399658203e+00 0.000000000000000000e+00
1.678911209106445312e+01 -2.314860105514526367e+00 0.000000000000000000e+00
-2.749985218048095703e+00 1.795144915580749512e+00 0.000000000000000000e+00
1.215666413307189941e+00 -2.651169598102569580e-01 0.000000000000000000e+00
-1.346653461456298828e+01 -7.905074119567871094e+00 0.000000000000000000e+00
-1.641520690917968750e+01 -3.571923732757568359e+00 0.000000000000000000e+00
3.265851140022277832e-01 -1.067954063415527344e+01 0.000000000000000000e+00
-4.310127735137939453e+00 1.172250366210937500e+01 0.000000000000000000e+00
5.521855831146240234e+00 -1.320164012908935547e+01 0.000000000000000000e+00
-9.616996765136718750e+00 -8.594856262207031250e+00 0.000000000000000000e+00
-4.978325366973876953e+00 -7.397900581359863281e+00 0.000000000000000000e+00
-8.033475875854492188e+00 -7.375532150268554688e+00 0.000000000000000000e+00
-1.502442646026611328e+01 -8.846074104309082031e+00 0.000000000000000000e+00
6.144701957702636719e+00 4.932873725891113281e+00 0.000000000000000000e+00
-7.653729319572448730e-01 4.539978981018066406e+00 0.000000000000000000e+00
-1.011834430694580078e+01 -2.934525251388549805e+00 0.000000000000000000e+00
9.450460433959960938e+00 3.935144186019897461e+00 0.000000000000000000e+00
5.557325363159179688e+00 -7.247310638427734375e+00 0.000000000000000000e+00
9.529273986816406250e+00 6.436608314514160156e+00 0.000000000000000000e+00
-7.849636554718017578e+00 5.318782806396484375e+00 0.000000000000000000e+00
3.081318438053131104e-01 1.561518573760986328e+01 0.000000000000000000e+00
1.300995349884033203e+01 -5.494383811950683594e+00 0.000000000000000000e+00
-2.145649194717407227e+00 -8.454570770263671875e+00 0.000000000000000000e+00
-3.676314592361450195e+00 1.376654148101806641e+01 0.000000000000000000e+00
9.966493606567382812e+00 -8.277749061584472656e+00 0.000000000000000000e+00
-6.100926995277404785e-01 -7.765194892883300781e+00 0.000000000000000000e+00
1.049176502227783203e+01 -1.013218212127685547e+01 0.000000000000000000e+00
-1.081552791595458984e+01 -1.317915439605712891e+01 0.000000000000000000e+00
7.718369007110595703e+00 5.257570147514343262e-01 0.000000000000000000e+00
-7.042985439300537109e+00 6.900063991546630859e+00 0.000000000000000000e+00
-2.559759855270385742e+00 -1.680470085144042969e+01 0.000000000000000000e+00
5.626707077026367188e+00 1.239073634147644043e+00 0.000000000000000000e+00
-5.035782232880592346e-02 -4.119499206542968750e+00 0.000000000000000000e+00
8.493985176086425781e+00 7.558163642883300781e+00 0.000000000000000000e+00
-1.617315292358398438e+01 4.281734466552734375e+00 0.000000000000000000e+00
-8.421508789062500000e+00 -1.331747436523437500e+01 0.000000000000000000e+00
-8.340728759765625000e+00 1.463619995117187500e+01 0.000000000000000000e+00
-7.237511873245239258e-01 -5.516434669494628906e+00 0.000000000000000000e+00
2.059487253427505493e-01 1.242964839935302734e+01 0.000000000000000000e+00
4.610197544097900391e+00 9.701926231384277344e+00 0.000000000000000000e+00
2.121282368898391724e-01 1.036991310119628906e+01 0.000000000000000000e+00
1.530962467193603516e+01 2.924164533615112305e-01 0.000000000000000000e+00
3.471912622451782227e+00 -7.129916191101074219e+00 0.000000000000000000e+00
2.233495950698852539e+00 -5.564468383789062500e+00 0.000000000000000000e+00
2.216510057449340820e+00 -1.888038277626037598e+00 0.000000000000000000e+00
1.265060710906982422e+01 8.696002006530761719e+00 0.000000000000000000e+00
5.630365848541259766e+00 -2.383155822753906250e+00 0.000000000000000000e+00
6.224444389343261719e+00 1.025260829925537109e+01 0.000000000000000000e+00
1.419238758087158203e+01 -7.000667572021484375e+00 0.000000000000000000e+00
8.880673408508300781e+00 1.226600074768066406e+01 0.000000000000000000e+00
-7.010729312896728516e+00 -5.512396812438964844e+00 0.000000000000000000e+00
1.589990854263305664e+00 -1.328318977355957031e+01 0.000000000000000000e+00
-1.414576053619384766e+01 -2.476533174514770508e+00 0.000000000000000000e+00
8.921099662780761719e+00 -4.292725563049316406e+00 0.000000000000000000e+00
5.281345844268798828e+00 -3.882179021835327148e+00 0.000000000000000000e+00
-1.702378463745117188e+01 5.407618880271911621e-01 0.000000000000000000e+00
-7.107056140899658203e+00 1.286475372314453125e+01 0.000000000000000000e+00
-1.879671931266784668e+00 -1.522236537933349609e+01 0.000000000000000000e+00
1.094453430175781250e+01 3.469575166702270508e+00 0.000000000000000000e+00
-1.639340591430664062e+01 -1.305037617683410645e+00 0.000000000000000000e+00
-1.133309936523437500e+01 -4.836378574371337891e+00 0.000000000000000000e+00
-4.316743850708007812e+00 -4.117337226867675781e+00 0.000000000000000000e+00
4.338376998901367188e+00 -8.348305523395538330e-02 0.000000000000000000e+00
7.419683456420898438e+00 -1.791415095329284668e+00 0.000000000000000000e+00
1.562038993835449219e+01 -5.590570449829101562e+00 0.000000000000000000e+00
9.110903739929199219e+00 1.071823787689208984e+01 0.000000000000000000e+00
-7.624618530273437500e+00 3.294520616531372070e+00 0.000000000000000000e+00
-6.532868862152099609e+00 -1.576210784912109375e+01 0.000000000000000000e+00
-8.064463734626770020e-01 1.614282369613647461e+00 0.000000000000000000e+00
5.977739810943603516e+00 -9.197860717773437500e+00 0.000000000000000000e+00
1.464814281463623047e+01 -9.289385795593261719e+00 0.000000000000000000e+00
-4.248834609985351562e+00 -6.324401497840881348e-01 0.000000000000000000e+00
-1.239759683609008789e+00 -1.332974815368652344e+01 0.000000000000000000e+00
1.236964702606201172e+01 -9.466835975646972656e+00 0.000000000000000000e+00
-9.802922248840332031e+00 1.095937633514404297e+01 0.000000000000000000e+00
-1.098224830627441406e+01 9.338810920715332031e+00 0.000000000000000000e+00
-5.566985130310058594e+00 1.581622028350830078e+01 0.000000000000000000e+00
-9.639291763305664062e+00 8.451121330261230469e+00 0.000000000000000000e+00
1.941032409667968750e+00 1.763580560684204102e+00 0.000000000000000000e+00
-8.376914262771606445e-02 -1.700439071655273438e+01 0.000000000000000000e+00
-4.971661090850830078e+00 -9.341324806213378906e+00 0.000000000000000000e+00
9.028716087341308594e+00 -6.502461433410644531e+00 0.000000000000000000e+00
3.989083766937255859e+00 1.409626865386962891e+01 0.000000000000000000e+00
5.763478755950927734e+00 1.500122070312500000e+01 0.000000000000000000e+00
-3.537060737609863281e+00 -1.045937347412109375e+01 0.000000000000000000e+00
1.104456615447998047e+01 6.650959968566894531e+00 0.000000000000000000e+00
3.379544019699096680e+00 -8.682203292846679688e+00 0.000000000000000000e+00
2.694584131240844727e+00 9.122744560241699219e+00 0.000000000000000000e+00
-2.809841156005859375e+00 1.249920082092285156e+01 0.000000000000000000e+00
-1.321473789215087891e+01 1.307915329933166504e+00 0.000000000000000000e+00
-4.797389030456542969e+00 -2.264801025390625000e+00 0.000000000000000000e+00
6.936524868011474609e+00 8.508819580078125000e+00 0.000000000000000000e+00
-2.508337497711181641e+00 4.512371540069580078e+00 0.000000000000000000e+00
-5.855158329010009766e+00 2.766178131103515625e+00 0.000000000000000000e+00
-1.013594055175781250e+01 1.416253376007080078e+01 0.000000000000000000e+00
1.234290790557861328e+01 -3.084198951721191406e+00 0.000000000000000000e+00
2.682068824768066406e+00 -1.213625240325927734e+01 0.000000000000000000e+00
1.455937576293945312e+01 -2.323400020599365234e+00 0.000000000000000000e+00
-1.458452796936035156e+01 5.297845005989074707e-01 0.000000000000000000e+00
2.948152065277099609e+00 5.706119060516357422e+00 0.000000000000000000e+00
-1.271220397949218750e+01 -1.068787002563476562e+01 0.000000000000000000e+00
9.140092849731445312e+00 2.390089988708496094e+00 0.000000000000000000e+00
1.384222793579101562e+01 2.275499343872070312e+00 0.000000000000000000e+00
-2.305839061737060547e+00 8.059335708618164062e+00 0.000000000000000000e+00
-5.933429718017578125e+00 4.921761035919189453e+00 0.000000000000000000e+00
1.310458469390869141e+01 6.876922130584716797e+00 0.000000000000000000e+00
-3.606973648071289062e+00 6.025437831878662109e+00 0.000000000000000000e+00
9.714162826538085938e+00 -9.363940954208374023e-01 0.000000000000000000e+00
-8.520668983459472656e+00 -5.174349308013916016e+00 0.000000000000000000e+00
1.100165462493896484e+01 -5.471919536590576172e+00 0.000000000000000000e+00
-8.952795028686523438e+00 1.295737838745117188e+01 0.000000000000000000e+00
1.003035926818847656e+01 -1.206380653381347656e+01 0.000000000000000000e+00
1.553107500076293945e+00 -1.723000335693359375e+01 0.000000000000000000e+00
-4.516531467437744141e+00 1.102982640266418457e+00 0.000000000000000000e+00
-1.225614166259765625e+01 -3.052655220031738281e+00 0.000000000000000000e+00
3.994425535202026367e+00 1.695220184326171875e+01 0.000000000000000000e+00
9.425472259521484375e+00 1.431055641174316406e+01 0.000000000000000000e+00
1.168393993377685547e+01 1.013343620300292969e+01 0.000000000000000000e+00
-1.025592708587646484e+01 -2.529366612434387207e-01 0.000000000000000000e+00
-6.913534641265869141e+00 -1.100307703018188477e+00 0.000000000000000000e+00
1.345809578895568848e+00 3.192515611648559570e+00 0.000000000000000000e+00
5.728168487548828125e+00 -5.564548492431640625e+00 0.000000000000000000e+00
-5.857632160186767578e+00 -4.486184597015380859e+00 0.000000000000000000e+00
-8.755658566951751709e-02 6.180060863494873047e+00 0.000000000000000000e+00
-7.788901805877685547e+00 1.105590724945068359e+01 0.000000000000000000e+00
-1.017603302001953125e+01 -1.020050048828125000e+01 0.000000000000000000e+00
-1.222449183464050293e+00 9.182392120361328125e+00 0.000000000000000000e+00
-1.330856895446777344e+01 4.238440513610839844e+00 0.000000000000000000e+00
9.402199745178222656e+00 9.054324150085449219e+00 0.000000000000000000e+00
7.733207702636718750e+00 -7.324881553649902344e+00 0.000000000000000000e+00
3.608738481998443604e-01 -2.415561437606811523e+00 0.000000000000000000e+00
1.820779800415039062e+00 -7.275152206420898438e+00 0.000000000000000000e+00
-1.482463598251342773e+00 1.691772842407226562e+01 0.000000000000000000e+00
-1.105419254302978516e+01 -8.105340003967285156e+00 0.000000000000000000e+00
-1.113442707061767578e+01 1.176670742034912109e+01 0.000000000000000000e+00
-7.562194347381591797e+00 -3.898105382919311523e+00 0.000000000000000000e+00
6.900062561035156250e+00 3.479180812835693359e+00 0.000000000000000000e+00
1.694225120544433594e+01 -1.490490138530731201e-01 0.000000000000000000e+00
2.950937747955322266e+00 1.136985206604003906e+01 0.000000000000000000e+00
1.251175975799560547e+01 1.390683770179748535e+00 0.000000000000000000e+00
2.686958789825439453e+00 -1.460457134246826172e+01 0.000000000000000000e+00
-4.205105304718017578e+00 1.686020088195800781e+01 0.000000000000000000e+00
-1.466319441795349121e+00 1.482531070709228516e+01 0.000000000000000000e+00
1.531217002868652344e+01 7.130047798156738281e+00 0.000000000000000000e+00
1.227699661254882812e+01 5.389379501342773438e+00 0.000000000000000000e+00
2.427608489990234375e+00 -3.660267114639282227e+00 0.000000000000000000e+00
1.644565582275390625e+01 3.167406797409057617e+00 0.000000000000000000e+00
-7.820825576782226562e+00 -1.074425029754638672e+01 0.000000000000000000e+00
-1.697765231132507324e+00 -1.159894371032714844e+01 0.000000000000000000e+00
-1.113522529602050781e+01 2.482713699340820312e+00 0.000000000000000000e+00
-5.919251441955566406e+00 -1.303133583068847656e+01 0.000000000000000000e+00
-1.141176891326904297e+01 4.055685997009277344e+00 0.000000000000000000e+00
-9.946863174438476562e+00 4.881234645843505859e+00 0.000000000000000000e+00
9.646934509277343750e+00 -1.372819900512695312e+01 0.000000000000000000e+00
5.637379169464111328e+00 -1.067129039764404297e+01 0.000000000000000000e+00
7.144860267639160156e+00 -1.183032417297363281e+01 0.000000000000000000e+00
1.229224586486816406e+01 -1.124373054504394531e+01 0.000000000000000000e+00
5.035802364349365234e+00 7.903122901916503906e+00 0.000000000000000000e+00
-9.992267608642578125e+00 -1.188309860229492188e+01 0.000000000000000000e+00
1.333901500701904297e+01 4.131891727447509766e+00 0.000000000000000000e+00
-3.996899366378784180e+00 2.709692239761352539e+00 0.000000000000000000e+00
-5.086632370948791504e-01 8.758127689361572266e-02 0.000000000000000000e+00
-1.220223808288574219e+01 -9.136464118957519531e+00 0.000000000000000000e+00
-1.514322471618652344e+01 5.381881237030029297e+00 0.000000000000000000e+00
4.020483970642089844e+00 -2.096087217330932617e+00 0.000000000000000000e+00
1.424822330474853516e+01 9.925978660583496094e+00 0.000000000000000000e+00
-5.131614685058593750e+00 6.643450260162353516e+00 0.000000000000000000e+00
7.825603485107421875e+00 9.769371986389160156e+00 0.000000000000000000e+00
-5.667584419250488281e+00 1.090907192230224609e+01 0.000000000000000000e+00
-1.882284879684448242e+00 3.144674301147460938e+00 0.000000000000000000e+00
-1.488496208190917969e+01 -6.048186779022216797e+00 0.000000000000000000e+00
8.074897766113281250e+00 -1.485257530212402344e+01 0.000000000000000000e+00
5.177513122558593750e+00 3.346496582031250000e+00 0.000000000000000000e+00
-3.505657672882080078e+00 -1.414386844635009766e+01 0.000000000000000000e+00
8.438406944274902344e+00 -1.267295837402343750e+01 0.000000000000000000e+00
-3.703631877899169922e+00 -6.515678882598876953e+00 0.000000000000000000e+00
1.477468681335449219e+01 5.724388599395751953e+00 0.000000000000000000e+00
-1.201545047760009766e+01 -6.365775108337402344e+00 0.000000000000000000e+00
6.182659149169921875e+00 -1.514249801635742188e+01 0.000000000000000000e+00
5.392722606658935547e+00 1.300503540039062500e+01 0.000000000000000000e+00
-8.256318092346191406e+00 -2.227159261703491211e+00 0.000000000000000000e+00
7.329328060150146484e+00 1.234923839569091797e+01 0.000000000000000000e+00
2.230127573013305664e+00 1.590990066528320312e+01 0.000000000000000000e+00
-3.299522876739501953e+00 -1.227292537689208984e+01 0.000000000000000000e+00
4.724136888980865479e-01 -9.033028602600097656e+00 0.000000000000000000e+00
4.647340774536132812e+00 5.681066036224365234e+00 0.000000000000000000e+00
-7.695298671722412109e+00 -9.021499633789062500e+00 0.000000000000000000e+00
-8.542764663696289062e+00 6.810742855072021484e+00 0.000000000000000000e+00
1.596966648101806641e+01 -4.013072490692138672e+00 0.000000000000000000e+00
-8.713043212890625000e+00 5.558886528015136719e-01 0.000000000000000000e+00
1.330889987945556641e+01 -1.433046340942382812e+00 0.000000000000000000e+00
1.641689682006835938e+01 5.451715946197509766e+00 0.000000000000000000e+00
-1.175070381164550781e+01 -1.493362069129943848e+00 0.000000000000000000e+00
4.202698230743408203e+00 -5.449748992919921875e+00 0.000000000000000000e+00
-5.190985202789306641e+00 1.410459804534912109e+01 0.000000000000000000e+00
-1.464278125762939453e+01 2.436758756637573242e+00 0.000000000000000000e+00
1.451508045196533203e+00 6.636753559112548828e+00 0.000000000000000000e+00
-7.131022453308105469e+00 8.465936660766601562e+00 0.000000000000000000e+00
1.129277038574218750e+01 -1.295501518249511719e+01 0.000000000000000000e+00
-1.294095706939697266e+01 1.139523983001708984e+01 0.000000000000000000e+00
-3.176004409790039062e+00 1.067814159393310547e+01 0.000000000000000000e+00
3.820271492004394531e+00 -1.584890079498291016e+01 0.000000000000000000e+00
-9.493802070617675781e+00 3.173891067504882812e+00 0.000000000000000000e+00
8.354696273803710938e+00 -1.047999572753906250e+01 0.000000000000000000e+00
1.507749176025390625e+01 3.954122543334960938e+00 0.000000000000000000e+00
3.794597148895263672e+00 3.982391119003295898e+00 0.000000000000000000e+00
-1.272181868553161621e+00 1.297831821441650391e+01 0.000000000000000000e+00
1.191304779052734375e+01 -4.108095765113830566e-01 0.000000000000000000e+00
1.430786895751953125e+01 -4.357716083526611328e+00 0.000000000000000000e+00
-9.954548835754394531e+00 -6.704111099243164062e+00 0.000000000000000000e+00
2.322038173675537109e+00 -1.019147014617919922e+01 0.000000000000000000e+00
6.147653579711914062e+00 6.834737777709960938e+00 0.000000000000000000e+00
-1.492737293243408203e+00 1.101178455352783203e+01 0.000000000000000000e+00
7.236586093902587891e+00 -4.411139011383056641e+00 0.000000000000000000e+00
-1.485627365112304688e+01 -4.168063640594482422e+00 0.000000000000000000e+00
-2.190406084060668945e+00 -4.734694004058837891e+00 0.000000000000000000e+00
1.088703536987304688e+01 8.524497985839843750e+00 0.000000000000000000e+00
1.334124374389648438e+01 7.855612784624099731e-02 0.000000000000000000e+00
-1.184467315673828125e+01 7.791541576385498047e+00 0.000000000000000000e+00
-3.481768608093261719e+00 1.539684486389160156e+01 0.000000000000000000e+00
4.178767204284667969e+00 -1.417769622802734375e+01 0.000000000000000000e+00
1.040460300445556641e+01 5.100707054138183594e+00 0.000000000000000000e+00
-4.177257537841796875e+00 4.540870666503906250e+00 0.000000000000000000e+00
-1.624360275268554688e+01 -5.076202392578125000e+00 0.000000000000000000e+00
1.629478263854980469e+01 1.514378428459167480e+00 0.000000000000000000e+00
6.341966152191162109e+00 -1.117666736245155334e-01 0.000000000000000000e+00
1.737315893173217773e+00 1.047571659088134766e+01 0.000000000000000000e+00
2.731047630310058594e+00 -1.734784394502639771e-01 0.000000000000000000e+00
1.367806625366210938e+01 -1.059083366394042969e+01 0.000000000000000000e+00
-1.247056722640991211e+00 -9.987067222595214844e+00 0.000000000000000000e+00
-4.328678131103515625e+00 9.532331466674804688e+00 0.000000000000000000e+00
-1.683611392974853516e+00 6.201982975006103516e+00 0.000000000000000000e+00
