-1.083665752410888672e+01 -1.116800785064697266e+01 0.000000000000000000e+00
-9.839613914489746094e+00 -9.804710280150175095e-04 0.000000000000000000e+00
-1.040935420989990234e+01 1.181133460998535156e+01 0.000000000000000000e+00
9.132767677307128906e+00 -8.010334014892578125e+00 0.000000000000000000e+00
8.424560546875000000e+00 5.088038921356201172e+00 0.000000000000000000e+00
-3.471534729003906250e+00 -3.025062084197998047e+00 0.000000000000000000e+00
1.840648770332336426e+00 1.551145648956298828e+01 0.000000000000000000e+00
6.836816787719726562e+00 1.174714374542236328e+01 0.000000000000000000e+00
1.188437366485595703e+01 -8.832648277282714844e+00 0.000000000000000000e+00
5.407268047332763672e+00 4.697453081607818604e-01 0.000000000000000000e+00
1.452543354034423828e+01 -4.816853046417236328e+00 0.000000000000000000e+00
-1.168801498413085938e+01 9.306029319763183594e+00 0.000000000000000000e+00
-1.988611817359924316e+00 1.516589069366455078e+01 0.000000000000000000e+00
-7.819797039031982422e+00 -5.341795444488525391e+00 0.000000000000000000e+00
3.472911596298217773e+00 -1.640965843200683594e+01 0.000000000000000000e+00
4.113333225250244141e+00 -7.831428527832031250e+00 0.000000000000000000e+00
1.131005382537841797e+01 3.512557029724121094e+00 0.000000000000000000e+00
-1.292868518829345703e+01 7.660444974899291992e-01 0.000000000000000000e+00
-1.498372554779052734e+01 6.059032917022705078e+00 0.000000000000000000e+00
3.726581573486328125e+00 5.558444857597351074e-01 0.000000000000000000e+00
-5.094404697418212891e+00 -5.926599979400634766e+00 0.000000000000000000e+00
-1.456625223159790039e+00 1.692463493347167969e+01 0.000000000000000000e+00
1.700187110900878906e+01 3.781091570854187012e-01 0.000000000000000000e+00
-8.675004005432128906e+00 -1.140156841278076172e+01 0.000000000000000000e+00
1.262564563751220703e+01 -2.325234413146972656e+00 0.000000000000000000e+00
-9.412396430969238281e+00 -6.401865482330322266e+00 0.000000000000000000e+00
7.439167976379394531e+00 6.896221160888671875e+00 0.000000000000000000e+00
5.500497817993164062e+00 -1.131654143333435059e+00 0.000000000000000000e+00
2.073087692260742188e+00 -1.554229259490966797e+01 0.000000000000000000e+00
1.276059341430664062e+01 2.470781087875366211e+00 0.000000000000000000e+00
-2.983272552490234375e+00 -1.248072052001953125e+01 0.000000000000000000e+00
-8.744651794433593750e+00 5.486509323120117188e+00 0.000000000000000000e+00
1.669194793701171875e+01 -2.677024126052856445e+00 0.000000000000000000e+00
-6.927933216094970703e+00 -1.128520393371582031e+01 0.000000000000000000e+00
-5.139104723930358887e-01 -9.297185540199279785e-01 0.000000000000000000e+00
6.659078598022460938e-02 -1.253574275970458984e+01 0.000000000000000000e+00
-1.571209192276000977e+00 3.139348745346069336e+00 0.000000000000000000e+00
-1.696989440917968750e+01 -4.785477817058563232e-01 0.000000000000000000e+00
-1.157466220855712891e+01 2.439424037933349609e+00 0.000000000000000000e+00
1.416360950469970703e+01 -7.743803024291992188e+00 0.000000000000000000e+00
-6.469811797142028809e-01 -1.725648498535156250e+01 0.000000000000000000e+00
1.932617068290710449e+00 -6.694937944412231445e-01 0.000000000000000000e+00
-5.054313659667968750e+00 1.161418056488037109e+01 0.000000000000000000e+00
-2.204796552658081055e+00 -1.094085979461669922e+01 0.000000000000000000e+00
-9.037160277366638184e-01 -9.152043342590332031e+00 0.000000000000000000e+00
4.688242375850677490e-01 1.323938179016113281e+01 0.000000000000000000e+00
4.322432518005371094e+00 -1.009248733520507812e+01 0.000000000000000000e+00
-1.509263229370117188e+01 -1.404022455215454102e+00 0.000000000000000000e+00
4.929515361785888672e+00 1.351943016052246094e+01 0.000000000000000000e+00
4.547417163848876953e+00 5.627265930175781250e+00 0.000000000000000000e+00
6.332664012908935547e+00 -1.478707695007324219e+01 0.000000000000000000e+00
-1.096871852874755859e+01 -1.298818588256835938e+01 0.000000000000000000e+00
5.055450439453125000e+00 -5.062701225280761719e+00 0.000000000000000000e+00
1.176300716400146484e+01 -6.213974952697753906e+00 0.000000000000000000e+00
8.777040481567382812e+00 -7.949097156524658203e-01 0.000000000000000000e+00
4.318262577056884766e+00 7.707175254821777344e+00 0.000000000000000000e+00
2.014115571975708008e+00 5.681156158447265625e+00 0.000000000000000000e+00
8.950817108154296875e+00 2.344368457794189453e+00 0.000000000000000000e+00
8.361124992370605469e+00 9.602560043334960938e+00 0.000000000000000000e+00
-3.697312831878662109e+00 -9.104708671569824219e+00 0.000000000000000000e+00
-1.356585693359375000e+01 9.534474372863769531e+00 0.000000000000000000e+00
1.153062725067138672e+01 8.267610549926757812e+00 0.000000000000000000e+00
1.156768321990966797e+01 -1.031513309478759766e+01 0.000000000000000000e+00
1.024830532073974609e+01 -1.339830207824707031e+01 0.000000000000000000e+00
-7.095797538757324219e+00 -8.693512916564941406e+00 0.000000000000000000e+00
5.838691711425781250e+00 -1.206722640991210938e+01 0.000000000000000000e+00
-1.026328945159912109e+01 4.633023262023925781e+00 0.000000000000000000e+00
1.001890945434570312e+01 -4.895293235778808594e+00 0.000000000000000000e+00
-3.089489459991455078e+00 1.646721458435058594e+01 0.000000000000000000e+00
-1.669280433654785156e+01 5.160438060760498047e+00 0.000000000000000000e+00
1.101173400878906250e+01 -2.419471144676208496e-01 0.000000000000000000e+00
2.137434244155883789e+00 -6.944970607757568359e+00 0.000000000000000000e+00
-4.202523529529571533e-01 7.989162445068359375e+00 0.000000000000000000e+00
-5.217822074890136719e+00 8.769859313964843750e+00 0.000000000000000000e+00
3.879881143569946289e+00 -2.324660539627075195e+00 0.000000000000000000e+00
3.996322304010391235e-02 1.507692623138427734e+01 0.000000000000000000e+00
1.249910354614257812e+00 -1.402284431457519531e+01 0.000000000000000000e+00
1.309810280799865723e+00 -1.701213455200195312e+01 0.000000000000000000e+00
7.958290576934814453e-01 1.289881944656372070e+00 0.000000000000000000e+00
-5.596379041671752930e-01 -1.570056343078613281e+01 0.000000000000000000e+00
-1.055334377288818359e+01 8.259485244750976562e+00 0.000000000000000000e+00
-1.588395595550537109e+01 -4.144353866577148438e+00 0.000000000000000000e+00
-1.204124641418457031e+01 -7.350313186645507812e+00 0.000000000000000000e+00
-5.235380172729492188e+00 -2.872972249984741211e+00 0.000000000000000000e+00
9.735962867736816406e+00 8.888545036315917969e+00 0.000000000000000000e+00
1.399444103240966797e+00 8.393416404724121094e+00 0.000000000000000000e+00
1.535889911651611328e+01 -4.688337445259094238e-01 0.000000000000000000e+00
-1.649114131927490234e+00 1.102349162101745605e+00 0.000000000000000000e+00
-1.817857980728149414e+00 -7.441918373107910156e+00 0.000000000000000000e+00
-9.052662849426269531e+00 9.407324790954589844e+00 0.000000000000000000e+00
-1.256692790985107422e+01 5.620762825012207031e+00 0.000000000000000000e+00
1.044160652160644531e+01 1.211293506622314453e+01 0.000000000000000000e+00
-4.291133403778076172e+00 6.354653835296630859e+00 0.000000000000000000e+00
-1.367966651916503906e+01 -4.221141815185546875e+00 0.000000000000000000e+00
7.136613845825195312e+00 2.491225481033325195e+00 0.000000000000000000e+00
1.437160015106201172e+01 9.262941360473632812e+00 0.000000000000000000e+00
1.292357635498046875e+01 7.478163719177246094e+00 0.000000000000000000e+00
8.872898101806640625e+00 -3.112471580505371094e+00 0.000000000000000000e+00
2.716731071472167969e+00 1.180488586425781250e+01 0.000000000000000000e+00
4.781826019287109375e+00 1.145708179473876953e+01 0.000000000000000000e+00
3.534338235855102539e+00 -6.081028938293457031e+00 0.000000000000000000e+00
-8.735709190368652344e+00 -1.732583045959472656e+00 0.000000000000000000e+00
-1.446251869201660156e+01 6.426041722297668457e-01 0.000000000000000000e+00
1.301203823089599609e+01 4.166157722473144531e+00 0.000000000000000000e+00
8.018612116575241089e-02 -5.213853836059570312e+00 0.000000000000000000e+00
1.560581302642822266e+01 5.319550991058349609e+00 0.000000000000000000e+00
-1.007155609130859375e+01 2.266968965530395508e+00 0.000000000000000000e+00
-7.445183277130126953e+00 6.803416728973388672e+00 0.000000000000000000e+00
-4.315505981445312500e+00 -1.359352207183837891e+01 0.000000000000000000e+00
1.437687015533447266e+01 -9.561870574951171875e+00 0.000000000000000000e+00
-5.981718540191650391e+00 7.265317440032958984e+00 0.000000000000000000e+00
1.441654682159423828e+01 1.576354742050170898e+00 0.000000000000000000e+00
-7.149891376495361328e+00 -1.661461710929870605e+00 0.000000000000000000e+00
-8.922766685485839844e+00 3.574904918670654297e+00 0.000000000000000000e+00
2.713451147079467773e+00 -4.004319190979003906e+00 0.000000000000000000e+00
8.824933052062988281e+00 -6.319912910461425781e+00 0.000000000000000000e+00
6.878440856933593750e+00 -1.078015041351318359e+01 0.000000000000000000e+00
1.227844619750976562e+01 5.736513614654541016e+00 0.000000000000000000e+00
7.727089405059814453e+00 -1.296639060974121094e+01 0.000000000000000000e+00
6.737876892089843750e+00 1.511997509002685547e+01 0.000000000000000000e+00
-1.188531684875488281e+01 -4.506725311279296875e+00 0.000000000000000000e+00
-1.633948922157287598e+00 1.290483093261718750e+01 0.000000000000000000e+00
2.032277345657348633e+00 -8.853199958801269531e+00 0.000000000000000000e+00
-8.186824798583984375e+00 1.305330085754394531e+01 0.000000000000000000e+00
-1.065678501129150391e+01 -9.120751380920410156e+00 0.000000000000000000e+00
1.073961830139160156e+01 6.808653831481933594e+00 0.000000000000000000e+00
1.271489143371582031e+01 -5.041831016540527344e+00 0.000000000000000000e+00
-1.822175621986389160e+00 6.110813617706298828e+00 0.000000000000000000e+00
-1.328780364990234375e+01 3.794100046157836914e+00 0.000000000000000000e+00
-2.785872697830200195e+00 -6.161705970764160156e+00 0.000000000000000000e+00
-1.555543899536132812e+01 -7.464195728302001953e+00 0.000000000000000000e+00
-1.270363235473632812e+01 1.087816905975341797e+01 0.000000000000000000e+00
1.295145702362060547e+01 -1.149025821685791016e+01 0.000000000000000000e+00
-6.340145587921142578e+00 -1.277709960937500000e+01 0.000000000000000000e+00
-7.720812320709228516e+00 2.219495296478271484e+00 0.000000000000000000e+00
8.101209640502929688e+00 1.378281879425048828e+01 0.000000000000000000e+00
2.225909709930419922e+00 3.947181224822998047e+00 0.000000000000000000e+00
-4.757346153259277344e+00 -1.059592056274414062e+01 0.000000000000000000e+00
9.538973808288574219e+00 -1.026403999328613281e+01 0.000000000000000000e+00
4.554344654083251953e+00 3.182643651962280273e+00 0.000000000000000000e+00
-6.286626815795898438e+00 1.453363037109375000e+01 0.000000000000000000e+00
1.119400596618652344e+01 -1.193037605285644531e+01 0.000000000000000000e+00
1.546248149871826172e+01 -6.857844352722167969e+00 0.000000000000000000e+00
3.326858580112457275e-01 -3.426307439804077148e+00 0.000000000000000000e+00
1.078257274627685547e+01 1.044098377227783203e+01 0.000000000000000000e+00
5.167393684387207031e+00 9.871100425720214844e+00 0.000000000000000000e+00
-7.226021766662597656e+00 5.166346073150634766e+00 0.000000000000000000e+00
-1.109620571136474609e+01 6.160066604614257812e+00 0.000000000000000000e+00
-8.193126678466796875e+00 -3.874347686767578125e+00 0.000000000000000000e+00
-1.220281314849853516e+01 -8.910142183303833008e-01 0.000000000000000000e+00
-1.365077304840087891e+01 2.274250268936157227e+00 0.000000000000000000e+00
-8.152718544006347656e+00 1.525881767272949219e+01 0.000000000000000000e+00
-1.913269042968750000e+00 -1.378064727783203125e+01 0.000000000000000000e+00
8.778806686401367188e+00 1.184244728088378906e+01 0.000000000000000000e+00
9.780665397644042969e+00 1.393569946289062500e+01 0.000000000000000000e+00
-9.608433723449707031e+00 -4.804914474487304688e+00 0.000000000000000000e+00
1.643428421020507812e+01 3.068662405014038086e+00 0.000000000000000000e+00
-4.551939487457275391e+00 1.479528617858886719e+01 0.000000000000000000e+00
-7.603306293487548828e+00 -2.059866636991500854e-01 0.000000000000000000e+00
2.893624544143676758e+00 -1.131062793731689453e+01 0.000000000000000000e+00
-1.534290695190429688e+01 1.994841337203979492e+00 0.000000000000000000e+00
-5.324584007263183594e+00 2.244679689407348633e+00 0.000000000000000000e+00
-3.126665115356445312e+00 3.712147474288940430e+00 0.000000000000000000e+00
-6.294517993927001953e+00 3.594655036926269531e+00 0.000000000000000000e+00
-6.466526031494140625e+00 -4.562022209167480469e+00 0.000000000000000000e+00
1.040126228332519531e+01 -3.119163751602172852e+00 0.000000000000000000e+00
9.309858679771423340e-01 -1.092401504516601562e+01 0.000000000000000000e+00
-1.483084678649902344e+01 3.495479822158813477e+00 0.000000000000000000e+00
5.744515895843505859e+00 -3.167996168136596680e+00 0.000000000000000000e+00
5.435076236724853516e+00 1.633625030517578125e+01 0.000000000000000000e+00
8.331754684448242188e+00 -4.609561443328857422e+00 0.000000000000000000e+00
-3.889944314956665039e+00 9.875120162963867188e+00 0.000000000000000000e+00
-1.219264316558837891e+01 -1.197706794738769531e+01 0.000000000000000000e+00
6.487850666046142578e+00 8.802953720092773438e+00 0.000000000000000000e+00
1.353520965576171875e+01 -4.369041323661804199e-01 0.000000000000000000e+00
-3.117788314819335938e+00 -1.644473838806152344e+01 0.000000000000000000e+00
-3.778314828872680664e+00 7.929344654083251953e+00 0.000000000000000000e+00
-1.711634063720703125e+01 -2.261143207550048828e+00 0.000000000000000000e+00
7.067418098449707031e+00 -7.334874629974365234e+00 0.000000000000000000e+00
-5.640608310699462891e+00 -1.455025005340576172e+01 0.000000000000000000e+00
8.358234405517578125e+00 -1.453196907043457031e+01 0.000000000000000000e+00
-8.100120544433593750e+00 1.058002090454101562e+01 0.000000000000000000e+00
-1.363586711883544922e+01 -1.017349338531494141e+01 0.000000000000000000e+00
-2.252899408340454102e+00 1.040949821472167969e+01 0.000000000000000000e+00
1.862897276878356934e-01 1.030332374572753906e+01 0.000000000000000000e+00
-1.000842285156250000e+01 1.340039253234863281e+01 0.000000000000000000e+00
6.478268146514892578e+00 4.470377445220947266e+00 0.000000000000000000e+00
7.943179607391357422e+00 1.166602253913879395e+00 0.000000000000000000e+00
-1.104127407073974609e+00 -2.614302158355712891e+00 0.000000000000000000e+00
1.299598884582519531e+01 1.145129489898681641e+01 0.000000000000000000e+00
-1.205274200439453125e+01 -2.976314067840576172e+00 0.000000000000000000e+00
-2.809275627136230469e+00 -4.580571174621582031e+00 0.000000000000000000e+00
-2.870398461818695068e-01 -1.408755970001220703e+01 0.000000000000000000e+00
2.462543249130249023e+00 1.637342810630798340e+00 0.000000000000000000e+00
-6.743666648864746094e+00 -1.560478782653808594e+01 0.000000000000000000e+00
-7.824975013732910156e+00 -1.336220932006835938e+01 0.000000000000000000e+00
1.567364311218261719e+01 7.405457019805908203e+00 0.000000000000000000e+00
-8.733522415161132812e+00 -8.516537666320800781e+00 0.000000000000000000e+00
1.779031753540039062e-01 3.074791193008422852e+00 0.000000000000000000e+00
4.443118095397949219e+00 -1.521658992767333984e+01 0.000000000000000000e+00
1.045251274108886719e+01 1.646756768226623535e+00 0.000000000000000000e+00
3.869607686996459961e+00 1.618817710876464844e+01 0.000000000000000000e+00
1.679875373840332031e+00 -2.154604434967041016e+00 0.000000000000000000e+00
2.374781668186187744e-01 1.681577873229980469e+01 0.000000000000000000e+00
-5.071988105773925781e+00 -8.035849332809448242e-01 0.000000000000000000e+00
-5.171253681182861328e+00 4.678380489349365234e+00 0.000000000000000000e+00
-1.332818412780761719e+01 -8.628715515136718750e+00 0.000000000000000000e+00
-1.373262691497802734e+01 7.595205307006835938e+00 0.000000000000000000e+00
-8.899082183837890625e+00 -1.505206680297851562e+01 0.000000000000000000e+00
6.994257450103759766e+00 -1.585708379745483398e+00 0.000000000000000000e+00
-3.656533241271972656e+00 1.271218776702880859e+01 0.000000000000000000e+00
-5.636081695556640625e+00 -8.240809440612792969e+00 0.000000000000000000e+00
5.257345676422119141e+00 -1.651564598083496094e+01 0.000000000000000000e+00
-2.397938489913940430e+00 -8.939722180366516113e-01 0.000000000000000000e+00
3.489041805267333984e+00 -1.329393291473388672e+01 0.000000000000000000e+00
9.036485671997070312e+00 6.604416847229003906e+00 0.000000000000000000e+00
1.471048736572265625e+01 -2.736596584320068359e+00 0.000000000000000000e+00
-7.004418373107910156e+00 8.894556045532226562e+00 0.000000000000000000e+00
-8.551878929138183594e+00 9.588670730590820312e-01 0.000000000000000000e+00
-3.216661930084228516e+00 -1.462719249725341797e+01 0.000000000000000000e+00
6.147692680358886719e+00 6.094646453857421875e+00 0.000000000000000000e+00
-4.802205562591552734e+00 -1.612645721435546875e+01 0.000000000000000000e+00
5.095829963684082031e+00 -6.631446361541748047e+00 0.000000000000000000e+00
-5.047541260719299316e-01 -6.630375862121582031e+00 0.000000000000000000e+00
-1.740380287170410156e+00 8.895865440368652344e+00 0.000000000000000000e+00
2.631625175476074219e+00 1.384827423095703125e+01 0.000000000000000000e+00
-1.545750904083251953e+01 7.928044319152832031e+00 0.000000000000000000e+00
1.476379776000976562e+01 3.399900197982788086e+00 0.000000000000000000e+00
-6.201427459716796875e+00 1.263146114349365234e+01 0.000000000000000000e+00
-1.222209835052490234e+01 1.243155193328857422e+01 0.000000000000000000e+00
-1.451328086853027344e+01 -6.258571147918701172e+00 0.000000000000000000e+00
-2.053759694099426270e-01 5.457289695739746094e+00 0.000000000000000000e+00
3.197361826896667480e-01 -7.996911048889160156e+00 0.000000000000000000e+00
-1.086952114105224609e+01 -5.767061710357666016e+00 0.000000000000000000e+00
-3.714796781539916992e+00 7.497026920318603516e-01 0.000000000000000000e+00
-1.645105171203613281e+01 3.367758750915527344e+00 0.000000000000000000e+00
2.717489242553710938e+00 9.752665519714355469e+00 0.000000000000000000e+00
1.070852184295654297e+01 -7.375654220581054688e+00 0.000000000000000000e+00
1.690209507942199707e+00 -1.233292770385742188e+01 0.000000000000000000e+00
-1.217225360870361328e+01 7.614414215087890625e+00 0.000000000000000000e+00
-9.021265983581542969e+00 7.712096691131591797e+00 0.000000000000000000e+00
1.641040992736816406e+01 -4.574110031127929688e+00 0.000000000000000000e+00
9.498475074768066406e+00 -1.183875274658203125e+01 0.000000000000000000e+00
8.289495110511779785e-01 6.928990364074707031e+00 0.000000000000000000e+00
-5.604289054870605469e+00 1.644993591308593750e+01 0.000000000000000000e+00
5.865825653076171875e+00 -9.461092948913574219e+00 0.000000000000000000e+00
-1.128047275543212891e+01 8.140649199485778809e-01 0.000000000000000000e+00
7.598519325256347656e+00 -9.285376548767089844e+00 0.000000000000000000e+00
-5.838667869567871094e+00 1.017650985717773438e+01 0.000000000000000000e+00
1.435082912445068359e+01 6.425543308258056641e+00 0.000000000000000000e+00
7.359582901000976562e+00 -3.161788463592529297e+00 0.000000000000000000e+00
-9.275489807128906250e+00 -1.285477161407470703e+01 0.000000000000000000e+00
-1.688910865783691406e+01 1.089747667312622070e+00 0.000000000000000000e+00
-3.750850677490234375e+00 -7.593111991882324219e+00 0.000000000000000000e+00
2.730125188827514648e+00 7.446531295776367188e+00 0.000000000000000000e+00
-1.031179714202880859e+01 -2.699082851409912109e+00 0.000000000000000000e+00
