-1.270584774017333984e+01 -7.357707977294921875e+00 0.000000000000000000e+00
-6.378882408142089844e+00 -1.542361497879028320e+00 0.000000000000000000e+00
1.449634170532226562e+01 -5.930087566375732422e+00 0.000000000000000000e+00
-4.147394657135009766e+00 -1.557358741760253906e+01 0.000000000000000000e+00
7.076483726501464844e+00 -5.126880645751953125e+00 0.000000000000000000e+00
-1.193282699584960938e+01 1.978155851364135742e+00 0.000000000000000000e+00
-1.889267563819885254e+00 -1.083993625640869141e+01 0.000000000000000000e+00
-1.491228485107421875e+01 -8.270051002502441406e+00 0.000000000000000000e+00
-7.621994018554687500e+00 -8.606297492980957031e+00 0.000000000000000000e+00
-3.540165185928344727e+00 7.017926216125488281e+00 0.000000000000000000e+00
1.233861446380615234e+01 1.194719123840332031e+01 0.000000000000000000e+00
4.325667858123779297e+00 -1.487630456686019897e-01 0.000000000000000000e+00
-7.489844322204589844e+00 1.580321598052978516e+01 0.000000000000000000e+00
1.031169319152832031e+01 5.480851650238037109e+00 0.000000000000000000e+00
2.765007495880126953e+00 1.432818651199340820e+00 0.000000000000000000e+00
-2.409005403518676758e+00 1.638346481323242188e+01 0.000000000000000000e+00
6.865910530090332031e+00 6.083506107330322266e+00 0.000000000000000000e+00
-6.799526214599609375e+00 2.561135292053222656e+00 0.000000000000000000e+00
-7.637626647949218750e+00 -2.829047203063964844e+00 0.000000000000000000e+00
4.580050110816955566e-01 -1.612033653259277344e+01 0.000000000000000000e+00
6.865535736083984375e+00 2.124526977539062500e+00 0.000000000000000000e+00
7.133023262023925781e+00 -8.226741790771484375e+00 0.000000000000000000e+00
-5.683837890625000000e+00 -1.236874485015869141e+01 0.000000000000000000e+00
-9.009289741516113281e+00 1.789098262786865234e+00 0.000000000000000000e+00
-5.384075641632080078e+00 -7.775690078735351562e+00 0.000000000000000000e+00
-1.139308547973632812e+01 1.229207897186279297e+01 0.000000000000000000e+00
3.786374092102050781e+00 9.894508361816406250e+00 0.000000000000000000e+00
5.553618907928466797e+00 -4.159399986267089844e+00 0.000000000000000000e+00
9.223912239074707031e+00 -2.596984624862670898e+00 0.000000000000000000e+00
2.948976039886474609e+00 1.446753215789794922e+01 0.000000000000000000e+00
1.230598068237304688e+01 -2.151715517044067383e+00 0.000000000000000000e+00
1.685819625854492188e+01 -4.393662929534912109e+00 0.000000000000000000e+00
5.114094257354736328e+00 -1.002231216430664062e+01 0.000000000000000000e+00
3.336775302886962891e+00 1.668925476074218750e+01 0.000000000000000000e+00
7.857468128204345703e+00 2.251898944377899170e-01 0.000000000000000000e+00
-9.701901435852050781e+00 -5.261552810668945312e+00 0.000000000000000000e+00
-8.447706222534179688e+00 4.178083419799804688e+00 0.000000000000000000e+00
6.327333927154541016e+00 -5.345051288604736328e-01 0.000000000000000000e+00
2.304289102554321289e+00 8.564493179321289062e+00 0.000000000000000000e+00
2.412495374679565430e+00 5.782489299774169922e+00 0.000000000000000000e+00
-1.337371063232421875e+01 6.110873222351074219e+00 0.000000000000000000e+00
6.778901100158691406e+00 1.542062568664550781e+01 0.000000000000000000e+00
5.155187606811523438e+00 1.233379173278808594e+01 0.000000000000000000e+00
7.222942829132080078e+00 7.854202747344970703e+00 0.000000000000000000e+00
1.116462612152099609e+01 3.710776567459106445e+00 0.000000000000000000e+00
-1.268694782257080078e+01 9.629515647888183594e+00 0.000000000000000000e+00
-4.421567916870117188e+00 -2.890188694000244141e+00 0.000000000000000000e+00
1.012404823303222656e+01 1.395708656311035156e+01 0.000000000000000000e+00
4.616617202758789062e+00 1.647753477096557617e+00 0.000000000000000000e+00
-1.212120532989501953e+01 -3.407736778259277344e+00 0.000000000000000000e+00
7.902334213256835938e+00 4.557467937469482422e+00 0.000000000000000000e+00
-1.189633750915527344e+01 -8.817516565322875977e-01 0.000000000000000000e+00
5.480178356170654297e+00 5.211491584777832031e+00 0.000000000000000000e+00
1.508415317535400391e+01 9.474763274192810059e-01 0.000000000000000000e+00
-1.182820129394531250e+01 -8.696129798889160156e+00 0.000000000000000000e+00
-9.711432456970214844e+00 1.009591960906982422e+01 0.000000000000000000e+00
1.114186882972717285e+00 -7.024621486663818359e+00 0.000000000000000000e+00
1.732537865638732910e+00 1.150384521484375000e+01 0.000000000000000000e+00
8.495032310485839844e+00 1.777927041053771973e+00 0.000000000000000000e+00
1.009755706787109375e+01 1.154850864410400391e+01 0.000000000000000000e+00
1.340608882904052734e+01 -7.194812774658203125e+00 0.000000000000000000e+00
-1.146400070190429688e+01 -1.149327945709228516e+01 0.000000000000000000e+00
9.822769165039062500e-01 -1.187595939636230469e+01 0.000000000000000000e+00
-1.611722755432128906e+01 5.264933109283447266e+00 0.000000000000000000e+00
1.037819385528564453e+01 8.517000198364257812e+00 0.000000000000000000e+00
-1.296827602386474609e+01 3.114376962184906006e-01 0.000000000000000000e+00
1.075725555419921875e+01 -1.360352611541748047e+01 0.000000000000000000e+00
1.038168144226074219e+01 -1.203018474578857422e+01 0.000000000000000000e+00
-8.436577796936035156e+00 -1.019835090637207031e+01 0.000000000000000000e+00
-9.442301988601684570e-01 8.886286735534667969e+00 0.000000000000000000e+00
-1.147687530517578125e+01 4.522737026214599609e+00 0.000000000000000000e+00
-3.145534276962280273e+00 -5.091964721679687500e+00 0.000000000000000000e+00
2.804550409317016602e+00 -1.673030853271484375e+01 0.000000000000000000e+00
-5.226848125457763672e+00 2.577218294143676758e+00 0.000000000000000000e+00
-3.729220628738403320e+00 -1.373823738098144531e+01 0.000000000000000000e+00
-3.787639617919921875e+00 9.035069465637207031e+00 0.000000000000000000e+00
-1.521007537841796875e+00 4.406280517578125000e+00 0.000000000000000000e+00
1.483122062683105469e+01 5.866100311279296875e+00 0.000000000000000000e+00
-1.010382270812988281e+01 7.564756393432617188e+00 0.000000000000000000e+00
-1.481587600708007812e+01 2.807724237442016602e+00 0.000000000000000000e+00
-3.860379219055175781e+00 -6.612957477569580078e+00 0.000000000000000000e+00
-8.329508781433105469e+00 7.532890796661376953e+00 0.000000000000000000e+00
1.185174083709716797e+01 -3.647117614746093750e-01 0.000000000000000000e+00
1.287343597412109375e+01 2.755117416381835938e+00 0.000000000000000000e+00
7.410522460937500000e+00 1.192571640014648438e+01 0.000000000000000000e+00
2.579079866409301758e+00 4.238160610198974609e+00 0.000000000000000000e+00
8.870516419410705566e-01 1.395725917816162109e+01 0.000000000000000000e+00
3.787561893463134766e+00 -4.552484035491943359e+00 0.000000000000000000e+00
-1.101995182037353516e+01 -1.336653423309326172e+01 0.000000000000000000e+00
-6.724111557006835938e+00 -6.764694213867187500e+00 0.000000000000000000e+00
-6.758820056915283203e+00 9.340888977050781250e+00 0.000000000000000000e+00
-1.592927551269531250e+01 -1.774269104003906250e+00 0.000000000000000000e+00
-5.916461944580078125e+00 -1.071412086486816406e+01 0.000000000000000000e+00
-3.300316810607910156e+00 1.487796211242675781e+01 0.000000000000000000e+00
5.994359016418457031e+00 -2.589102745056152344e+00 0.000000000000000000e+00
-7.510102748870849609e+00 -1.412686538696289062e+01 0.000000000000000000e+00
1.490332031250000000e+01 3.684620618820190430e+00 0.000000000000000000e+00
-1.405174970626831055e+00 -7.034528732299804688e+00 0.000000000000000000e+00
-8.907191276550292969e+00 1.344490909576416016e+01 0.000000000000000000e+00
1.314446926116943359e+01 7.876622676849365234e-01 0.000000000000000000e+00
8.478095054626464844e+00 -1.463709354400634766e+01 0.000000000000000000e+00
9.233086585998535156e+00 -9.110186576843261719e+00 0.000000000000000000e+00
-2.704323768615722656e+00 1.106681728363037109e+01 0.000000000000000000e+00
1.594849824905395508e+00 -8.482380867004394531e+00 0.000000000000000000e+00
-2.776916503906250000e+00 -1.686862349510192871e+00 0.000000000000000000e+00
-1.309512901306152344e+01 -1.846203207969665527e+00 0.000000000000000000e+00
-8.017131090164184570e-01 6.153322696685791016e+00 0.000000000000000000e+00
-9.624728202819824219e+00 2.175413966178894043e-01 0.000000000000000000e+00
1.268545246124267578e+01 -1.038192367553710938e+01 0.000000000000000000e+00
-1.471743106842041016e+00 1.380331039428710938e+01 0.000000000000000000e+00
-5.538102626800537109e+00 -3.938224792480468750e+00 0.000000000000000000e+00
-1.619616127014160156e+01 -6.134522438049316406e+00 0.000000000000000000e+00
6.461112976074218750e+00 3.837544679641723633e+00 0.000000000000000000e+00
-2.034009397029876709e-01 1.660248184204101562e+01 0.000000000000000000e+00
1.505070781707763672e+01 -1.440979361534118652e+00 0.000000000000000000e+00
6.486255168914794922e+00 -1.173619270324707031e+01 0.000000000000000000e+00
-1.134514617919921875e+01 6.042074680328369141e+00 0.000000000000000000e+00
1.955856442451477051e+00 -2.790408372879028320e+00 0.000000000000000000e+00
7.347767353057861328e+00 -1.335528469085693359e+01 0.000000000000000000e+00
-1.304809665679931641e+01 -5.575740814208984375e+00 0.000000000000000000e+00
-1.710220718383789062e+01 -4.614618420600891113e-01 0.000000000000000000e+00
-9.554834365844726562e+00 -1.121106052398681641e+01 0.000000000000000000e+00
-1.468487930297851562e+01 6.928323745727539062e+00 0.000000000000000000e+00
2.488504409790039062e+00 -1.307222843170166016e-01 0.000000000000000000e+00
3.342234849929809570e+00 1.260163211822509766e+01 0.000000000000000000e+00
-8.389539718627929688e+00 5.766947269439697266e+00 0.000000000000000000e+00
1.554622650146484375e+01 -7.932708263397216797e+00 0.000000000000000000e+00
-9.894708633422851562e+00 5.103933334350585938e+00 0.000000000000000000e+00
5.453156471252441406e+00 -1.510897541046142578e+01 0.000000000000000000e+00
1.658887100219726562e+01 -3.861556947231292725e-01 0.000000000000000000e+00
-5.965279102325439453e+00 1.290619754791259766e+01 0.000000000000000000e+00
8.114307403564453125e+00 -3.835368394851684570e+00 0.000000000000000000e+00
-2.067432880401611328e+00 1.148834824562072754e+00 0.000000000000000000e+00
1.229765176773071289e+00 -1.382537651062011719e+01 0.000000000000000000e+00
-1.134893131256103516e+01 8.750905990600585938e+00 0.000000000000000000e+00
-5.801036357879638672e+00 -1.494177246093750000e+01 0.000000000000000000e+00
-6.938155889511108398e-01 1.228271389007568359e+01 0.000000000000000000e+00
2.899236679077148438e+00 -6.485971927642822266e+00 0.000000000000000000e+00
-6.558121681213378906e+00 6.781277179718017578e+00 0.000000000000000000e+00
-1.500241565704345703e+01 -4.645017147064208984e+00 0.000000000000000000e+00
1.131547546386718750e+01 6.819997310638427734e+00 0.000000000000000000e+00
1.325450515747070312e+01 9.045250892639160156e+00 0.000000000000000000e+00
1.311967182159423828e+01 -3.420310020446777344e+00 0.000000000000000000e+00
-7.677341461181640625e+00 -6.290232539176940918e-01 0.000000000000000000e+00
-1.599524021148681641e+00 -1.437209701538085938e+01 0.000000000000000000e+00
-1.636402702331542969e+01 2.136449575424194336e+00 0.000000000000000000e+00
-9.948028564453125000e+00 -9.212410926818847656e+00 0.000000000000000000e+00
-5.603574275970458984e+00 1.038952064514160156e+01 0.000000000000000000e+00
8.700972557067871094e+00 7.413053989410400391e+00 0.000000000000000000e+00
-2.751881122589111328e+00 -8.101078987121582031e+00 0.000000000000000000e+00
-8.261046409606933594e+00 1.133356189727783203e+01 0.000000000000000000e+00
-5.492233633995056152e-01 -5.610857963562011719e+00 0.000000000000000000e+00
4.802566528320312500e+00 -7.799453735351562500e+00 0.000000000000000000e+00
2.503070592880249023e+00 -1.147046470642089844e+01 0.000000000000000000e+00
4.605984687805175781e+00 -1.162187099456787109e+01 0.000000000000000000e+00
1.511221504211425781e+01 -3.455531358718872070e+00 0.000000000000000000e+00
-1.081933140754699707e+00 -1.906438112258911133e+00 0.000000000000000000e+00
-1.338337135314941406e+01 4.243350982666015625e+00 0.000000000000000000e+00
-2.823787212371826172e+00 2.498939275741577148e+00 0.000000000000000000e+00
1.184839248657226562e+01 -6.572156429290771484e+00 0.000000000000000000e+00
9.117324829101562500e+00 -6.135248184204101562e+00 0.000000000000000000e+00
-9.134919166564941406e+00 -1.449232578277587891e+00 0.000000000000000000e+00
5.182234287261962891e+00 1.518455219268798828e+01 0.000000000000000000e+00
-4.013409614562988281e+00 4.490043163299560547e+00 0.000000000000000000e+00
2.574306964874267578e+00 -1.469707870483398438e+01 0.000000000000000000e+00
-6.871463656425476074e-01 3.465710878372192383e-01 0.000000000000000000e+00
8.870006799697875977e-01 1.084370136260986328e+00 0.000000000000000000e+00
1.556854915618896484e+01 7.352227210998535156e+00 0.000000000000000000e+00
-4.130659103393554688e+00 -8.927731513977050781e+00 0.000000000000000000e+00
-7.884498596191406250e+00 -1.174901580810546875e+01 0.000000000000000000e+00
-1.394684505462646484e+01 8.455957412719726562e+00 0.000000000000000000e+00
-5.845695972442626953e+00 5.374726295471191406e+00 0.000000000000000000e+00
8.458891868591308594e+00 1.308698749542236328e+01 0.000000000000000000e+00
6.882076263427734375e-01 3.134583950042724609e+00 0.000000000000000000e+00
3.443010568618774414e+00 -9.664932250976562500e+00 0.000000000000000000e+00
-3.611147165298461914e+00 -1.370412111282348633e-01 0.000000000000000000e+00
4.176296234130859375e+00 6.794858932495117188e+00 0.000000000000000000e+00
8.391036391258239746e-01 6.779260635375976562e+00 0.000000000000000000e+00
-1.190853342413902283e-01 -1.022317600250244141e+01 0.000000000000000000e+00
1.364711666107177734e+01 -8.936882972717285156e+00 0.000000000000000000e+00
-1.317335414886474609e+01 1.145695877075195312e+01 0.000000000000000000e+00
-1.071972489356994629e+00 -1.655747795104980469e+01 0.000000000000000000e+00
-1.248447990417480469e+01 -1.035107707977294922e+01 0.000000000000000000e+00
8.673116683959960938e+00 -1.057539272308349609e+01 0.000000000000000000e+00
5.716845989227294922e+00 1.022848701477050781e+01 0.000000000000000000e+00
3.639264106750488281e+00 -1.304638862609863281e+01 0.000000000000000000e+00
-1.674735450744628906e+01 -3.081488609313964844e+00 0.000000000000000000e+00
4.212864935398101807e-01 -2.620141029357910156e+00 0.000000000000000000e+00
-1.440035343170166016e+01 -2.781311511993408203e+00 0.000000000000000000e+00
-5.904342651367187500e+00 1.557981586456298828e+01 0.000000000000000000e+00
1.525459885597229004e-01 1.042773628234863281e+01 0.000000000000000000e+00
1.629650115966796875e+01 2.200271606445312500e+00 0.000000000000000000e+00
-1.249959373474121094e+01 7.575973510742187500e+00 0.000000000000000000e+00
1.207333278656005859e+01 5.500593185424804688e+00 0.000000000000000000e+00
4.759346485137939453e+00 3.816394567489624023e+00 0.000000000000000000e+00
-8.735636711120605469e+00 -7.235898017883300781e+00 0.000000000000000000e+00
-4.245709896087646484e+00 -1.099380016326904297e+01 0.000000000000000000e+00
2.975088357925415039e+00 -1.652702808380126953e+00 0.000000000000000000e+00
-9.445793151855468750e+00 -1.430539703369140625e+01 0.000000000000000000e+00
1.394459605216979980e+00 1.677494621276855469e+01 0.000000000000000000e+00
-7.197546482086181641e+00 -1.560394001007080078e+01 0.000000000000000000e+00
8.292668342590332031e+00 9.867141723632812500e+00 0.000000000000000000e+00
9.404525756835937500e+00 -9.691565036773681641e-01 0.000000000000000000e+00
1.080311965942382812e+01 8.577703237533569336e-01 0.000000000000000000e+00
1.004651546478271484e+01 -4.340928554534912109e+00 0.000000000000000000e+00
1.063788414001464844e+01 -7.587525367736816406e+00 0.000000000000000000e+00
-1.301577329635620117e+00 -3.822397947311401367e+00 0.000000000000000000e+00
-4.450398385524749756e-01 -1.238080787658691406e+01 0.000000000000000000e+00
1.647106552124023438e+01 4.314332008361816406e+00 0.000000000000000000e+00
4.095615386962890625e+00 -2.867718219757080078e+00 0.000000000000000000e+00
1.080889225006103516e+01 1.017424011230468750e+01 0.000000000000000000e+00
-4.449290275573730469e+00 1.349080562591552734e+01 0.000000000000000000e+00
5.488360881805419922e+00 8.309593200683593750e+00 0.000000000000000000e+00
6.068122386932373047e+00 -6.682799816131591797e+00 0.000000000000000000e+00
-4.612666741013526917e-02 -1.462328243255615234e+01 0.000000000000000000e+00
-4.109077453613281250e+00 1.687854766845703125e+01 0.000000000000000000e+00
-6.100214958190917969e+00 -5.391365528106689453e+00 0.000000000000000000e+00
1.204594802856445312e+01 -8.570097923278808594e+00 0.000000000000000000e+00
1.689037322998046875e+01 -2.675673961639404297e+00 0.000000000000000000e+00
-1.046297645568847656e+01 -2.400403022766113281e+00 0.000000000000000000e+00
7.631169795989990234e+00 -2.044079542160034180e+00 0.000000000000000000e+00
1.351686477661132812e+01 1.087117767333984375e+01 0.000000000000000000e+00
8.870768547058105469e+00 -1.225393867492675781e+01 0.000000000000000000e+00
-1.427725219726562500e+01 -6.636287212371826172e+00 0.000000000000000000e+00
1.205159950256347656e+01 -4.537315845489501953e+00 0.000000000000000000e+00
-1.028148555755615234e+01 -7.489737033843994141e+00 0.000000000000000000e+00
8.128557205200195312e-01 4.649926185607910156e+00 0.000000000000000000e+00
-1.515622520446777344e+01 -3.293257057666778564e-01 0.000000000000000000e+00
-1.049331951141357422e+01 3.253409862518310547e+00 0.000000000000000000e+00
1.627554893493652344e+00 -4.439906597137451172e+00 0.000000000000000000e+00
-4.570363521575927734e+00 1.180777072906494141e+00 0.000000000000000000e+00
9.131836295127868652e-01 -7.688354849815368652e-01 0.000000000000000000e+00
-1.187170982360839844e+00 -8.892233848571777344e+00 0.000000000000000000e+00
-2.412362098693847656e+00 -1.285332965850830078e+01 0.000000000000000000e+00
-8.432811737060546875e+00 -4.381365299224853516e+00 0.000000000000000000e+00
-1.690678405761718750e+01 3.737802028656005859e+00 0.000000000000000000e+00
7.019812107086181641e+00 -1.002484989166259766e+01 0.000000000000000000e+00
-6.819918155670166016e+00 1.433745765686035156e+01 0.000000000000000000e+00
-5.668045997619628906e+00 5.699311941862106323e-02 0.000000000000000000e+00
8.631967544555664062e+00 1.522089385986328125e+01 0.000000000000000000e+00
-1.049346351623535156e+01 -3.926624536514282227e+00 0.000000000000000000e+00
-1.426543807983398438e+01 -9.746954917907714844e+00 0.000000000000000000e+00
-2.981302499771118164e+00 1.259608554840087891e+01 0.000000000000000000e+00
-2.906553983688354492e+00 -1.656543159484863281e+01 0.000000000000000000e+00
1.072437095642089844e+01 -9.433661460876464844e+00 0.000000000000000000e+00
9.500823020935058594e+00 3.801520586013793945e+00 0.000000000000000000e+00
7.078176498413085938e+00 -1.537224769592285156e+01 0.000000000000000000e+00
7.603178501129150391e+00 -6.641520500183105469e+00 0.000000000000000000e+00
1.020764923095703125e+01 2.435043573379516602e+00 0.000000000000000000e+00
-2.026905298233032227e+00 7.579404830932617188e+00 0.000000000000000000e+00
-1.133124923706054688e+01 -6.265978813171386719e+00 0.000000000000000000e+00
4.442655563354492188e+00 -6.169153690338134766e+00 0.000000000000000000e+00
-1.427694702148437500e+01 1.045704007148742676e+00 0.000000000000000000e+00
1.594222164154052734e+01 -6.478029251098632812e+00 0.000000000000000000e+00
-1.654422569274902344e+01 -4.581887722015380859e+00 0.000000000000000000e+00
-5.138886451721191406e+00 8.026673316955566406e+00 0.000000000000000000e+00
