3.488819599151611328e+00 5.483480930328369141e+00 0.000000000000000000e+00
-6.138698101043701172e+00 1.454156017303466797e+01 0.000000000000000000e+00
-4.587079882621765137e-01 1.283686733245849609e+01 0.000000000000000000e+00
-7.495679378509521484e+00 5.776258468627929688e+00 0.000000000000000000e+00
8.649386405944824219e+00 1.666293382644653320e+00 0.000000000000000000e+00
-1.536535549163818359e+01 1.514113187789916992e+00 0.000000000000000000e+00
1.456976294517517090e+00 -3.935235500335693359e+00 0.000000000000000000e+00
-8.920626640319824219e+00 -1.067244148254394531e+01 0.000000000000000000e+00
1.219648456573486328e+01 -1.157654094696044922e+01 0.000000000000000000e+00
1.453026676177978516e+01 -2.300671100616455078e+00 0.000000000000000000e+00
1.312249565124511719e+01 -7.288544654846191406e+00 0.000000000000000000e+00
1.322536587715148926e+00 -7.315451502799987793e-01 0.000000000000000000e+00
-1.743062782287597656e+01 1.054641962051391602e+00 0.000000000000000000e+00
-3.433309316635131836e+00 -7.651020526885986328e+00 0.000000000000000000e+00
-5.784798145294189453e+00 -4.190100669860839844e+00 0.000000000000000000e+00
4.434431552886962891e+00 -1.626405525207519531e+01 0.000000000000000000e+00
1.488299083709716797e+01 3.570397198200225830e-01 0.000000000000000000e+00
1.079743027687072754e+00 7.391597270965576172e+00 0.000000000000000000e+00
-7.591952800750732422e+00 -3.012948989868164062e+00 0.000000000000000000e+00
5.123808860778808594e+00 -1.416394329071044922e+01 0.000000000000000000e+00
-8.752267837524414062e+00 -5.838834762573242188e+00 0.000000000000000000e+00
1.018683433532714844e+00 3.137957334518432617e+00 0.000000000000000000e+00
-1.159219264984130859e+00 5.771080970764160156e+00 0.000000000000000000e+00
3.503230094909667969e+00 1.710692596435546875e+01 0.000000000000000000e+00
-5.838869571685791016e+00 -1.057457637786865234e+01 0.000000000000000000e+00
-1.031768798828125000e+01 -4.317346572875976562e+00 0.000000000000000000e+00
1.286754989624023438e+01 -2.255735874176025391e+00 0.000000000000000000e+00
-1.181411147117614746e+00 1.526300144195556641e+01 0.000000000000000000e+00
-6.707881689071655273e-01 1.674129867553710938e+01 0.000000000000000000e+00
-6.817642688751220703e+00 -7.295147895812988281e+00 0.000000000000000000e+00
1.500034570693969727e+00 5.019528388977050781e+00 0.000000000000000000e+00
-1.297820568084716797e+01 7.698138236999511719e+00 0.000000000000000000e+00
-4.109648227691650391e+00 -1.289329051971435547e+01 0.000000000000000000e+00
-1.651566314697265625e+01 3.437755107879638672e+00 0.000000000000000000e+00
-2.690132856369018555e+00 7.050455093383789062e+00 0.000000000000000000e+00
-1.690732091665267944e-01 -1.212140694260597229e-01 0.000000000000000000e+00
7.047794818878173828e+00 1.071048450469970703e+01 0.000000000000000000e+00
-1.418377017974853516e+01 -9.669819831848144531e+00 0.000000000000000000e+00
2.498588323593139648e+00 -8.315491676330566406e+00 0.000000000000000000e+00
-1.065886497497558594e+00 -1.020962429046630859e+01 0.000000000000000000e+00
4.303595423698425293e-01 -1.040822124481201172e+01 0.000000000000000000e+00
1.178457546234130859e+01 -9.803130149841308594e+00 0.000000000000000000e+00
2.257428646087646484e+00 -5.649236202239990234e+00 0.000000000000000000e+00
-9.838151931762695312e+00 -1.257014083862304688e+01 0.000000000000000000e+00
-1.744843244552612305e+00 -3.989597320556640625e+00 0.000000000000000000e+00
-3.291439533233642578e+00 -1.509340476989746094e+01 0.000000000000000000e+00
1.906632065773010254e+00 1.601217842102050781e+01 0.000000000000000000e+00
8.820032119750976562e+00 -1.511273097991943359e+01 0.000000000000000000e+00
1.313056945800781250e+01 1.133404541015625000e+01 0.000000000000000000e+00
-1.604530906677246094e+01 -3.638128995895385742e+00 0.000000000000000000e+00
1.615117835998535156e+01 -2.659528493881225586e+00 0.000000000000000000e+00
-8.458985328674316406e+00 5.628079175949096680e-01 0.000000000000000000e+00
4.238016128540039062e+00 8.625321984291076660e-01 0.000000000000000000e+00
1.326731300354003906e+01 -4.282043457031250000e+00 0.000000000000000000e+00
9.123580932617187500e+00 3.569510698318481445e+00 0.000000000000000000e+00
1.604314422607421875e+01 -5.256038665771484375e+00 0.000000000000000000e+00
1.096244812011718750e+01 -1.700475692749023438e+00 0.000000000000000000e+00
-3.317467451095581055e+00 -3.859914302825927734e+00 0.000000000000000000e+00
1.107449340820312500e+01 7.582029819488525391e+00 0.000000000000000000e+00
7.549527168273925781e+00 -6.333183288574218750e+00 0.000000000000000000e+00
1.108906269073486328e+01 -4.519288539886474609e+00 0.000000000000000000e+00
4.042565226554870605e-01 -5.079637527465820312e+00 0.000000000000000000e+00
-1.444119453430175781e+01 4.614999294281005859e+00 0.000000000000000000e+00
7.093935489654541016e+00 -8.944708824157714844e+00 0.000000000000000000e+00
-1.408519077301025391e+01 -7.772628307342529297e+00 0.000000000000000000e+00
8.034646987915039062e+00 -1.968590140342712402e+00 0.000000000000000000e+00
1.928800106048583984e+00 1.140275192260742188e+01 0.000000000000000000e+00
-3.507731676101684570e+00 1.579445552825927734e+01 0.000000000000000000e+00
9.071086883544921875e+00 7.713500976562500000e+00 0.000000000000000000e+00
-1.213274955749511719e+01 -3.554934740066528320e+00 0.000000000000000000e+00
1.293042850494384766e+01 2.560161828994750977e+00 0.000000000000000000e+00
1.448130607604980469e+01 9.502451896667480469e+00 0.000000000000000000e+00
4.391349315643310547e+00 1.167505836486816406e+01 0.000000000000000000e+00
-6.102181434631347656e+00 1.819605231285095215e+00 0.000000000000000000e+00
-1.258415126800537109e+01 -8.677164077758789062e+00 0.000000000000000000e+00
1.289271068572998047e+01 7.244666576385498047e+00 0.000000000000000000e+00
5.751829147338867188e+00 1.548188304901123047e+01 0.000000000000000000e+00
-1.138171291351318359e+01 -2.056114375591278076e-01 0.000000000000000000e+00
-2.119503021240234375e-01 1.031169509887695312e+01 0.000000000000000000e+00
-3.170579195022583008e+00 8.925787925720214844e+00 0.000000000000000000e+00
1.107447242736816406e+01 -8.144026756286621094e+00 0.000000000000000000e+00
-6.854475975036621094e+00 -1.577904796600341797e+01 0.000000000000000000e+00
-1.093633651733398438e+01 2.057444334030151367e+00 0.000000000000000000e+00
-2.775329828262329102e+00 -1.863626837730407715e+00 0.000000000000000000e+00
-3.251587867736816406e+00 1.178724956512451172e+01 0.000000000000000000e+00
-9.783888816833496094e+00 1.252039909362792969e+01 0.000000000000000000e+00
6.365724086761474609e+00 6.822672486305236816e-01 0.000000000000000000e+00
2.120933532714843750e+00 -2.360700607299804688e+00 0.000000000000000000e+00
-3.873274028301239014e-01 -1.483893489837646484e+01 0.000000000000000000e+00
-1.230320644378662109e+01 -1.096657466888427734e+01 0.000000000000000000e+00
4.307046890258789062e+00 9.004446983337402344e+00 0.000000000000000000e+00
1.170884895324707031e+01 3.831708192825317383e+00 0.000000000000000000e+00
-7.289580821990966797e+00 -1.151380538940429688e+01 0.000000000000000000e+00
1.372337532043457031e+01 4.487269401550292969e+00 0.000000000000000000e+00
-1.072588920593261719e+01 -6.294262409210205078e+00 0.000000000000000000e+00
1.618889427185058594e+01 4.834203720092773438e+00 0.000000000000000000e+00
7.531251430511474609e+00 1.232068157196044922e+01 0.000000000000000000e+00
-8.290086746215820312e+00 -1.389607906341552734e+01 0.000000000000000000e+00
-4.800406455993652344e+00 -1.655959510803222656e+01 0.000000000000000000e+00
2.462483644485473633e+00 -1.555709075927734375e+01 0.000000000000000000e+00
5.055924415588378906e+00 -5.690443515777587891e+00 0.000000000000000000e+00
6.212355136871337891e+00 -1.564412117004394531e+01 0.000000000000000000e+00
-9.633176773786544800e-02 -8.868542671203613281e+00 0.000000000000000000e+00
-1.041854763031005859e+01 4.188878059387207031e+00 0.000000000000000000e+00
-5.180220603942871094e+00 -2.156381130218505859e+00 0.000000000000000000e+00
2.539023570716381073e-02 -2.056236982345581055e+00 0.000000000000000000e+00
-1.290159702301025391e+01 1.156278800964355469e+01 0.000000000000000000e+00
-1.845118045806884766e+00 -1.426124095916748047e+01 0.000000000000000000e+00
1.032060050964355469e+01 1.134170913696289062e+01 0.000000000000000000e+00
5.259122371673583984e+00 -8.170673370361328125e+00 0.000000000000000000e+00
-1.127192616462707520e+00 2.492562294006347656e+00 0.000000000000000000e+00
8.449757575988769531e+00 -1.017874717712402344e+01 0.000000000000000000e+00
-1.255411529541015625e+01 6.013101577758789062e+00 0.000000000000000000e+00
-2.619537830352783203e+00 8.810852766036987305e-01 0.000000000000000000e+00
-8.105937838554382324e-01 7.784467697143554688e+00 0.000000000000000000e+00
6.105412006378173828e+00 4.886922359466552734e+00 0.000000000000000000e+00
-2.028509855270385742e+00 1.039460563659667969e+01 0.000000000000000000e+00
1.161394786834716797e+01 -3.027738034725189209e-01 0.000000000000000000e+00
-7.544050216674804688e+00 9.106657028198242188e+00 0.000000000000000000e+00
6.725955486297607422e+00 8.496233940124511719e+00 0.000000000000000000e+00
1.112505340576171875e+01 1.413898706436157227e+00 0.000000000000000000e+00
-1.378511524200439453e+01 -3.820194721221923828e+00 0.000000000000000000e+00
7.705151557922363281e+00 4.881978988647460938e+00 0.000000000000000000e+00
-6.003905296325683594e+00 6.962417125701904297e+00 0.000000000000000000e+00
-8.827039718627929688e+00 2.376998662948608398e+00 0.000000000000000000e+00
-8.005788803100585938e+00 -8.856728553771972656e+00 0.000000000000000000e+00
8.042790412902832031e+00 -1.235096263885498047e+01 0.000000000000000000e+00
-9.537049293518066406e+00 9.116759300231933594e+00 0.000000000000000000e+00
4.713960647583007812e+00 6.677811622619628906e+00 0.000000000000000000e+00
3.934062957763671875e+00 1.551771259307861328e+01 0.000000000000000000e+00
-3.942408084869384766e+00 -1.108186054229736328e+01 0.000000000000000000e+00
-2.552294254302978516e+00 4.703079700469970703e+00 0.000000000000000000e+00
-2.226203680038452148e+00 -6.604963302612304688e+00 0.000000000000000000e+00
5.859742164611816406e+00 -1.163935470581054688e+01 0.000000000000000000e+00
-4.971112310886383057e-01 4.222021579742431641e+00 0.000000000000000000e+00
2.868262767791748047e+00 7.024426937103271484e+00 0.000000000000000000e+00
8.160939216613769531e+00 1.427161121368408203e+01 0.000000000000000000e+00
-1.290202140808105469e+01 -9.009187221527099609e-01 0.000000000000000000e+00
4.795364379882812500e+00 -1.206264376640319824e+00 0.000000000000000000e+00
-4.681757450103759766e+00 7.728610515594482422e+00 0.000000000000000000e+00
1.001074409484863281e+01 1.293549346923828125e+01 0.000000000000000000e+00
-4.121436595916748047e+00 1.045972919464111328e+01 0.000000000000000000e+00
-1.567759227752685547e+01 7.019104003906250000e+00 0.000000000000000000e+00
4.876380920410156250e+00 1.421974372863769531e+01 0.000000000000000000e+00
-1.068993759155273438e+01 -9.355879783630371094e+00 0.000000000000000000e+00
5.973366737365722656e+00 1.296094608306884766e+01 0.000000000000000000e+00
-7.974244594573974609e+00 1.059348583221435547e+01 0.000000000000000000e+00
-6.582549571990966797e+00 2.113434672355651855e-01 0.000000000000000000e+00
-8.734940528869628906e+00 1.405568885803222656e+01 0.000000000000000000e+00
-1.521142870187759399e-01 -3.580352306365966797e+00 0.000000000000000000e+00
-1.240117073059082031e+01 -5.391573905944824219e+00 0.000000000000000000e+00
1.483189296722412109e+01 7.232899188995361328e+00 0.000000000000000000e+00
1.149671673774719238e+00 -1.639976882934570312e+01 0.000000000000000000e+00
-8.140145301818847656e+00 7.331084251403808594e+00 0.000000000000000000e+00
-1.679175949096679688e+01 -4.452643096446990967e-01 0.000000000000000000e+00
-9.753163337707519531e+00 -1.664069056510925293e+00 0.000000000000000000e+00
-1.311112880706787109e+01 1.483901619911193848e+00 0.000000000000000000e+00
1.359860610961914062e+01 -9.088286399841308594e+00 0.000000000000000000e+00
1.490139484405517578e+01 -6.860077857971191406e+00 0.000000000000000000e+00
-5.913784980773925781e+00 1.006350898742675781e+01 0.000000000000000000e+00
5.388189315795898438e+00 2.400893211364746094e+00 0.000000000000000000e+00
-1.449663066864013672e+01 8.147458076477050781e+00 0.000000000000000000e+00
-9.202638626098632812e+00 5.535534858703613281e+00 0.000000000000000000e+00
8.235004425048828125e+00 -7.955227375030517578e+00 0.000000000000000000e+00
1.676760101318359375e+01 -1.053783774375915527e+00 0.000000000000000000e+00
-2.455699490383267403e-03 -7.350340366363525391e+00 0.000000000000000000e+00
-3.815050840377807617e+00 1.368927383422851562e+01 0.000000000000000000e+00
-4.612193107604980469e+00 4.973784446716308594e+00 0.000000000000000000e+00
-5.888455867767333984e+00 -5.860600471496582031e+00 0.000000000000000000e+00
6.510933041572570801e-01 -1.262024593353271484e+01 0.000000000000000000e+00
3.822486877441406250e+00 -9.784790992736816406e+00 0.000000000000000000e+00
1.047217082977294922e+01 -6.193531990051269531e+00 0.000000000000000000e+00
-1.409532451629638672e+01 9.695250511169433594e+00 0.000000000000000000e+00
1.802175045013427734e+00 9.818898200988769531e+00 0.000000000000000000e+00
4.169775009155273438e+00 -6.986256599426269531e+00 0.000000000000000000e+00
-7.150605201721191406e+00 1.300892543792724609e+01 0.000000000000000000e+00
8.714316368103027344e+00 -3.319326162338256836e+00 0.000000000000000000e+00
1.673129844665527344e+01 1.760483145713806152e+00 0.000000000000000000e+00
-2.537604570388793945e+00 -1.163456916809082031e+01 0.000000000000000000e+00
8.946537017822265625e+00 9.673823356628417969e+00 0.000000000000000000e+00
-7.530048847198486328e+00 4.040888309478759766e+00 0.000000000000000000e+00
-5.710461616516113281e+00 3.463233709335327148e+00 0.000000000000000000e+00
-1.600017738342285156e+01 -5.684141635894775391e+00 0.000000000000000000e+00
-2.367661237716674805e+00 -1.731439971923828125e+01 0.000000000000000000e+00
-1.733088684082031250e+01 -2.007729530334472656e+00 0.000000000000000000e+00
8.977119445800781250e+00 -1.425425112247467041e-01 0.000000000000000000e+00
1.062188529968261719e+01 5.153766632080078125e+00 0.000000000000000000e+00
2.342847108840942383e+00 -1.226054096221923828e+01 0.000000000000000000e+00
-2.408802270889282227e+00 1.700750350952148438e+01 0.000000000000000000e+00
-1.929118514060974121e+00 -8.911633491516113281e+00 0.000000000000000000e+00
7.266759395599365234e+00 -4.274321556091308594e+00 0.000000000000000000e+00
6.797021389007568359e+00 6.485152721405029297e+00 0.000000000000000000e+00
1.480650138854980469e+01 -4.177066802978515625e+00 0.000000000000000000e+00
-5.372280120849609375e+00 -8.531769752502441406e+00 0.000000000000000000e+00
2.422839403152465820e+00 -1.073130416870117188e+01 0.000000000000000000e+00
1.148753166198730469e+01 1.011597824096679688e+01 0.000000000000000000e+00
1.468085098266601562e+01 2.897188425064086914e+00 0.000000000000000000e+00
1.022873401641845703e+01 -1.049356460571289062e+01 0.000000000000000000e+00
-8.736270904541015625e+00 -4.071471691131591797e+00 0.000000000000000000e+00
3.023400068283081055e+00 -1.706738471984863281e+01 0.000000000000000000e+00
-5.245485305786132812e+00 1.656084823608398438e+01 0.000000000000000000e+00
-1.085146617889404297e+01 6.305306434631347656e+00 0.000000000000000000e+00
6.350418090820312500e+00 -2.745986700057983398e+00 0.000000000000000000e+00
1.033738136291503906e+01 -1.222989845275878906e+01 0.000000000000000000e+00
4.237657070159912109e+00 -1.248146915435791016e+01 0.000000000000000000e+00
9.078771591186523438e+00 5.712756156921386719e+00 0.000000000000000000e+00
-6.313969135284423828e+00 -1.324506664276123047e+01 0.000000000000000000e+00
-4.942390918731689453e+00 6.272490620613098145e-01 0.000000000000000000e+00
-2.276245594024658203e+00 1.298551368713378906e+01 0.000000000000000000e+00
-7.552710056304931641e+00 1.519854354858398438e+01 0.000000000000000000e+00
-1.171541881561279297e+01 9.697717666625976562e+00 0.000000000000000000e+00
-8.388310074806213379e-01 -1.636141967773437500e+01 0.000000000000000000e+00
-1.105096530914306641e+01 1.168449592590332031e+01 0.000000000000000000e+00
1.087165927886962891e+01 -1.369247341156005859e+01 0.000000000000000000e+00
-3.496511697769165039e+00 -5.469500064849853516e+00 0.000000000000000000e+00
1.159401607513427734e+01 1.310060024261474609e+01 0.000000000000000000e+00
-1.189945030212402344e+01 -1.255819034576416016e+01 0.000000000000000000e+00
1.306589031219482422e+01 5.443489551544189453e-01 0.000000000000000000e+00
1.513733506202697754e+00 1.641645073890686035e+00 0.000000000000000000e+00
-6.206806182861328125e+00 1.157633686065673828e+01 0.000000000000000000e+00
2.814682960510253906e+00 3.518472909927368164e+00 0.000000000000000000e+00
6.663788318634033203e+00 -8.252885937690734863e-01 0.000000000000000000e+00
-1.386953830718994141e+01 -5.708524227142333984e+00 0.000000000000000000e+00
8.833617210388183594e+00 -5.059503078460693359e+00 0.000000000000000000e+00
-1.478528141975402832e+00 -1.025990366935729980e+00 0.000000000000000000e+00
-4.357577800750732422e+00 2.261626720428466797e+00 0.000000000000000000e+00
1.149067163467407227e+00 1.376720046997070312e+01 0.000000000000000000e+00
-1.486380290985107422e+01 -1.905915021896362305e+00 0.000000000000000000e+00
1.229871940612792969e+01 5.339138984680175781e+00 0.000000000000000000e+00
-3.933338880538940430e+00 -9.324949264526367188e+00 0.000000000000000000e+00
7.234258174896240234e+00 -1.377814292907714844e+01 0.000000000000000000e+00
-9.899699211120605469e+00 7.630111694335937500e+00 0.000000000000000000e+00
1.383812236785888672e+01 6.069008827209472656e+00 0.000000000000000000e+00
3.114826440811157227e+00 1.375014114379882812e+01 0.000000000000000000e+00
-8.219822883605957031e+00 -9.644178748130798340e-01 0.000000000000000000e+00
-9.356807708740234375e+00 -7.708291530609130859e+00 0.000000000000000000e+00
-1.438683319091796875e+01 1.227105408906936646e-01 0.000000000000000000e+00
4.374193191528320312e+00 -3.856605529785156250e+00 0.000000000000000000e+00
-3.361710786819458008e+00 3.410396575927734375e+00 0.000000000000000000e+00
1.533992385864257812e+01 -8.300164222717285156e+00 0.000000000000000000e+00
-1.097372627258300781e+01 -7.825823783874511719e+00 0.000000000000000000e+00
1.276757526397705078e+01 8.761120796203613281e+00 0.000000000000000000e+00
-1.303696727752685547e+01 3.842662334442138672e+00 0.000000000000000000e+00
1.218986511230468750e+01 -5.665058135986328125e+00 0.000000000000000000e+00
4.521270990371704102e-01 1.537521171569824219e+01 0.000000000000000000e+00
-1.320989418029785156e+01 -2.428224563598632812e+00 0.000000000000000000e+00
5.510388851165771484e+00 -1.000074195861816406e+01 0.000000000000000000e+00
7.307477474212646484e+00 3.376958608627319336e+00 0.000000000000000000e+00
1.367297410964965820e+00 -1.423894405364990234e+01 0.000000000000000000e+00
8.621640205383300781e+00 1.117509174346923828e+01 0.000000000000000000e+00
9.658883094787597656e+00 1.454566097259521484e+01 0.000000000000000000e+00
1.409978866577148438e+00 1.742794609069824219e+01 0.000000000000000000e+00
-1.607475471496582031e+01 5.103314399719238281e+00 0.000000000000000000e+00
-7.896735072135925293e-01 -1.305353069305419922e+01 0.000000000000000000e+00
-1.569559574127197266e+01 -7.343911647796630859e+00 0.000000000000000000e+00
3.292165994644165039e+00 -8.100987076759338379e-01 0.000000000000000000e+00
