1.578288056746404988e-01 1.312873766137345299e+01 4.063470479191977347e-04
5.195755709689512614e+00 1.205731001369541389e+01 3.903091594334995307e-04
-5.950513581309270883e+00 9.161678553860161500e+00 -2.997634866197529391e-05
-9.134598723198780190e-01 8.091741356479323244e+00 8.081533214721048353e-05
4.124467064694999685e+00 7.020916786900139428e+00 8.624595744111118734e-04
9.161401145664783030e+00 5.949584557290636511e+00 7.743222226141988074e-04
-1.205774351728423710e+01 5.195919059014895147e+00 -1.952724563083485521e-04
-7.020809403314447472e+00 4.125189907504245745e+00 5.142723226447820650e-04
-1.982882499299575940e+00 3.053762259826209302e+00 4.982344341584177272e-04
3.054051581670207849e+00 1.982430030216708161e+00 4.100970823610605720e-04
8.092098113704686568e+00 9.123974147673348245e-01 5.929882264816832560e-04
1.312915178969410590e+01 -1.581428601506948139e-01 -9.390148055975211516e-05
-1.312915079746782965e+01 1.581307040095680794e-01 7.802028271293448558e-05
-8.092216716442324653e+00 -9.132015246694905608e-01 -1.011660500122024686e-05
-3.054170184463565363e+00 -1.983234141049306398e+00 1.727740750362416478e-04
1.982763896561939632e+00 -3.054566369728365149e+00 8.463718732198977079e-05
7.020690833521125995e+00 -4.125390939676331747e+00 8.662817084019724945e-04
1.205774450951051158e+01 -5.195931215156021743e+00 1.793912584613366334e-04
-9.162512538447503019e+00 -5.949690171025405760e+00 5.341320663059256901e-04
-4.125578457421997136e+00 -7.021022399704463623e+00 4.459951785915627909e-04
9.123484465371844987e-01 -8.092450047751283293e+00 4.299575689215018315e-04
5.949402155526577474e+00 -9.162387245132121549e+00 5.407492497315757873e-04
-5.195874312484938251e+00 -1.205811412359201640e+01 1.925624578511531126e-04
-1.579474084679980961e-01 -1.312954177220604990e+01 1.765241094773273289e-04
