-5.687472343444824219e+00 -1.150912952423095703e+01 0.000000000000000000e+00
-8.887230873107910156e+00 -2.478152990341186523e+00 0.000000000000000000e+00
4.835007667541503906e+00 9.449608802795410156e+00 0.000000000000000000e+00
-8.988391876220703125e+00 -1.491255950927734375e+01 0.000000000000000000e+00
1.122633743286132812e+01 3.388841390609741211e+00 0.000000000000000000e+00
-1.081842041015625000e+01 1.304920768737792969e+01 0.000000000000000000e+00
1.092313098907470703e+01 -3.857929706573486328e+00 0.000000000000000000e+00
3.206930160522460938e+00 9.525835990905761719e+00 0.000000000000000000e+00
-6.793461799621582031e+00 -6.425247192382812500e+00 0.000000000000000000e+00
1.327194881439208984e+01 -2.896583795547485352e+00 0.000000000000000000e+00
6.723073959350585938e+00 -1.418718910217285156e+01 0.000000000000000000e+00
9.394102096557617188e-01 -5.202450752258300781e+00 0.000000000000000000e+00
-3.255128860473632812e+00 -1.123074722290039062e+01 0.000000000000000000e+00
1.484726238250732422e+01 -5.413312911987304688e+00 0.000000000000000000e+00
8.769556999206542969e+00 7.969150066375732422e+00 0.000000000000000000e+00
-1.177453613281250000e+01 -2.945431947708129883e+00 0.000000000000000000e+00
5.495845317840576172e+00 6.100931763648986816e-01 0.000000000000000000e+00
5.795063972473144531e+00 -1.600329017639160156e+01 0.000000000000000000e+00
-1.298478412628173828e+01 3.945945501327514648e+00 0.000000000000000000e+00
-7.145835876464843750e+00 1.143937015533447266e+01 0.000000000000000000e+00
4.418261051177978516e+00 -9.608253479003906250e+00 0.000000000000000000e+00
-1.703930282592773438e+01 4.550126791000366211e-01 0.000000000000000000e+00
-1.264577102661132812e+01 -1.108511829376220703e+01 0.000000000000000000e+00
-7.798966169357299805e-01 1.342856025695800781e+01 0.000000000000000000e+00
2.404659509658813477e+00 -1.421408748626708984e+01 0.000000000000000000e+00
9.922423362731933594e+00 4.560200691223144531e+00 0.000000000000000000e+00
8.696749687194824219e+00 1.417887973785400391e+01 0.000000000000000000e+00
-4.087566375732421875e+00 1.177670669555664062e+01 0.000000000000000000e+00
1.032327461242675781e+01 -6.804777622222900391e+00 0.000000000000000000e+00
-1.566117572784423828e+01 -3.853592395782470703e+00 0.000000000000000000e+00
1.470737457275390625e+01 5.410045623779296875e+00 0.000000000000000000e+00
-1.144530677795410156e+01 8.293988704681396484e-01 0.000000000000000000e+00
-1.108898067474365234e+01 -7.789247035980224609e+00 0.000000000000000000e+00
-8.967988967895507812e+00 -4.810363292694091797e+00 0.000000000000000000e+00
-3.328957796096801758e+00 -5.433526992797851562e+00 0.000000000000000000e+00
-1.727241039276123047e+00 -1.574727725982666016e+01 0.000000000000000000e+00
-1.172528862953186035e+00 -9.808833122253417969e+00 0.000000000000000000e+00
1.292046755552291870e-01 -7.037703037261962891e+00 0.000000000000000000e+00
1.433701992034912109e+00 -1.162811088562011719e+01 0.000000000000000000e+00
-9.709735870361328125e+00 7.377746582031250000e+00 0.000000000000000000e+00
-2.599550485610961914e+00 8.662935256958007812e+00 0.000000000000000000e+00
-7.271602630615234375e+00 -9.641174316406250000e+00 0.000000000000000000e+00
-4.361340045928955078e+00 -9.074633598327636719e+00 0.000000000000000000e+00
1.628395438194274902e+00 -9.612868309020996094e+00 0.000000000000000000e+00
5.876622676849365234e+00 -5.058331012725830078e+00 0.000000000000000000e+00
1.028764820098876953e+01 7.170838356018066406e+00 0.000000000000000000e+00
-1.691575813293457031e+01 -2.873096466064453125e+00 0.000000000000000000e+00
3.546658992767333984e+00 1.162574672698974609e+01 0.000000000000000000e+00
-3.426650047302246094e+00 1.423698806762695312e+01 0.000000000000000000e+00
8.916934967041015625e+00 -1.455894756317138672e+01 0.000000000000000000e+00
1.288378357887268066e+00 1.181939601898193359e+01 0.000000000000000000e+00
-2.240546226501464844e+00 -7.266003608703613281e+00 0.000000000000000000e+00
1.007584762573242188e+01 -1.352270317077636719e+01 0.000000000000000000e+00
3.864709138870239258e+00 -2.464851856231689453e+00 0.000000000000000000e+00
6.396395683288574219e+00 -1.003617763519287109e+01 0.000000000000000000e+00
1.907137930393218994e-01 6.075664043426513672e+00 0.000000000000000000e+00
-1.164410591125488281e+01 7.140141487121582031e+00 0.000000000000000000e+00
-4.780294895172119141e+00 -6.248840808868408203e+00 0.000000000000000000e+00
-5.156558990478515625e+00 -1.449209213256835938e+01 0.000000000000000000e+00
5.523227691650390625e+00 -2.551816225051879883e+00 0.000000000000000000e+00
-9.197935461997985840e-01 7.412541389465332031e+00 0.000000000000000000e+00
-1.143666553497314453e+01 4.310958862304687500e+00 0.000000000000000000e+00
1.615084648132324219e+01 1.699584007263183594e+00 0.000000000000000000e+00
-6.283683300018310547e+00 9.015121459960937500e+00 0.000000000000000000e+00
-3.896764755249023438e+00 -1.695303726196289062e+01 0.000000000000000000e+00
-8.892031669616699219e+00 -1.236933231353759766e+01 0.000000000000000000e+00
8.842384338378906250e+00 -7.728793621063232422e+00 0.000000000000000000e+00
1.721084403991699219e+01 -9.934113025665283203e-01 0.000000000000000000e+00
-8.120459556579589844e+00 6.342196464538574219e+00 0.000000000000000000e+00
7.677446365356445312e+00 -1.741301298141479492e+00 0.000000000000000000e+00
-5.408710479736328125e+00 7.990618795156478882e-02 0.000000000000000000e+00
7.249378681182861328e+00 7.059960365295410156e+00 0.000000000000000000e+00
-2.003222942352294922e+00 4.634500503540039062e+00 0.000000000000000000e+00
1.879380822181701660e+00 4.821146488189697266e+00 0.000000000000000000e+00
6.603505134582519531e+00 4.208657741546630859e+00 0.000000000000000000e+00
-1.092554926872253418e+00 9.169691085815429688e+00 0.000000000000000000e+00
-1.371961593627929688e+01 -9.017610549926757812e+00 0.000000000000000000e+00
1.335562992095947266e+01 -1.340446233749389648e+00 0.000000000000000000e+00
-1.697582721710205078e+00 -1.138619422912597656e+01 0.000000000000000000e+00
-7.509576797485351562e+00 -1.321786785125732422e+01 0.000000000000000000e+00
3.578686475753784180e+00 -1.706999206542968750e+01 0.000000000000000000e+00
8.784912109375000000e+00 2.672660112380981445e+00 0.000000000000000000e+00
-1.398058319091796875e+01 -5.655982971191406250e+00 0.000000000000000000e+00
1.665398216247558594e+01 -3.277550697326660156e+00 0.000000000000000000e+00
2.229003429412841797e+00 -2.716395139694213867e+00 0.000000000000000000e+00
1.022067546844482422e+00 -1.364725828170776367e+00 0.000000000000000000e+00
-1.331681919097900391e+01 -2.187986373901367188e+00 0.000000000000000000e+00
-5.348145961761474609e-01 -3.593232631683349609e+00 0.000000000000000000e+00
-2.886812925338745117e+00 -7.835271954536437988e-01 0.000000000000000000e+00
-1.096611595153808594e+01 -4.755020618438720703e+00 0.000000000000000000e+00
-8.307680130004882812e+00 9.024396896362304688e+00 0.000000000000000000e+00
9.709109306335449219e+00 9.992796897888183594e+00 0.000000000000000000e+00
-1.060088157653808594e+01 1.125745773315429688e+01 0.000000000000000000e+00
-6.149314403533935547e+00 1.309788703918457031e+01 0.000000000000000000e+00
1.910103917121887207e+00 1.344542884826660156e+01 0.000000000000000000e+00
-1.413974571228027344e+01 -3.720759153366088867e+00 0.000000000000000000e+00
7.699481487274169922e+00 9.459624290466308594e+00 0.000000000000000000e+00
5.640845775604248047e+00 -1.179976272583007812e+01 0.000000000000000000e+00
-5.397405028343200684e-01 -1.029583454132080078e+00 0.000000000000000000e+00
-4.779231071472167969e+00 4.043349266052246094e+00 0.000000000000000000e+00
1.103100299835205078e+01 -9.947209358215332031e+00 0.000000000000000000e+00
1.335814285278320312e+01 -4.456710815429687500e+00 0.000000000000000000e+00
1.612588882446289062e+01 3.287679433822631836e+00 0.000000000000000000e+00
-4.578063011169433594e+00 6.013326168060302734e+00 0.000000000000000000e+00
-8.220000267028808594e+00 -7.088310718536376953e+00 0.000000000000000000e+00
4.662593364715576172e+00 4.585119724273681641e+00 0.000000000000000000e+00
-6.799284815788269043e-01 2.915596008300781250e+00 0.000000000000000000e+00
5.071094512939453125e+00 -1.053327083587646484e+00 0.000000000000000000e+00
1.244243335723876953e+01 -1.052471923828125000e+01 0.000000000000000000e+00
-1.670413780212402344e+01 2.578725099563598633e+00 0.000000000000000000e+00
-5.220432281494140625e+00 1.604057121276855469e+01 0.000000000000000000e+00
-1.064032077789306641e+01 -1.042805480957031250e+01 0.000000000000000000e+00
9.902768731117248535e-01 -1.519061660766601562e+01 0.000000000000000000e+00
7.964442253112792969e+00 -5.689933300018310547e+00 0.000000000000000000e+00
3.362384080886840820e+00 -4.564460277557373047e+00 0.000000000000000000e+00
1.452692031860351562e+01 1.557399272918701172e+00 0.000000000000000000e+00
-7.150258541107177734e+00 3.298436164855957031e+00 0.000000000000000000e+00
1.147827720642089844e+01 -2.442574501037597656e+00 0.000000000000000000e+00
6.694893836975097656e+00 1.553886795043945312e+01 0.000000000000000000e+00
-9.619585037231445312e+00 4.217360973358154297e+00 0.000000000000000000e+00
9.724173545837402344e+00 1.397653073072433472e-01 0.000000000000000000e+00
1.124977874755859375e+01 1.220687627792358398e+00 0.000000000000000000e+00
5.172956466674804688e+00 1.414077472686767578e+01 0.000000000000000000e+00
9.701854705810546875e+00 -1.090505218505859375e+01 0.000000000000000000e+00
-1.256618881225585938e+01 -7.081946849822998047e+00 0.000000000000000000e+00
-2.788458108901977539e+00 -3.805109024047851562e+00 0.000000000000000000e+00
1.463568973541259766e+01 -3.362411856651306152e-01 0.000000000000000000e+00
-1.469891166687011719e+01 1.208329424262046814e-01 0.000000000000000000e+00
-1.467813301086425781e+01 7.830442905426025391e+00 0.000000000000000000e+00
-1.357598114013671875e+01 6.654788494110107422e+00 0.000000000000000000e+00
1.259267330169677734e+01 1.104490184783935547e+01 0.000000000000000000e+00
9.409522056579589844e+00 -4.732862949371337891e+00 0.000000000000000000e+00
-1.601240921020507812e+01 -6.297399997711181641e+00 0.000000000000000000e+00
-2.783036708831787109e+00 1.704097557067871094e+01 0.000000000000000000e+00
-1.227484512329101562e+01 9.651893615722656250e+00 0.000000000000000000e+00
1.131514358520507812e+01 -1.211743259429931641e+01 0.000000000000000000e+00
8.391247749328613281e+00 -9.907893180847167969e+00 0.000000000000000000e+00
1.502525329589843750e+00 1.547964382171630859e+01 0.000000000000000000e+00
-9.219123721122741699e-01 1.621085739135742188e+01 0.000000000000000000e+00
-1.068467807769775391e+01 -1.340095424652099609e+01 0.000000000000000000e+00
6.555121898651123047e+00 1.322501754760742188e+01 0.000000000000000000e+00
-5.594217777252197266e+00 1.057306289672851562e+01 0.000000000000000000e+00
6.528279304504394531e+00 -7.594303131103515625e+00 0.000000000000000000e+00
-4.745875358581542969e+00 1.472553014755249023e+00 0.000000000000000000e+00
-5.533454895019531250e+00 -4.714381217956542969e+00 0.000000000000000000e+00
9.375202178955078125e+00 -2.086100816726684570e+00 0.000000000000000000e+00
-2.914906740188598633e+00 1.048034858703613281e+01 0.000000000000000000e+00
-1.033178997039794922e+01 -6.163814663887023926e-01 0.000000000000000000e+00
1.251841664314270020e+00 1.031863307952880859e+01 0.000000000000000000e+00
-1.530508232116699219e+01 4.074810028076171875e+00 0.000000000000000000e+00
7.296756505966186523e-01 6.888279318809509277e-01 0.000000000000000000e+00
2.451330184936523438e+00 -5.964989662170410156e+00 0.000000000000000000e+00
4.084361076354980469e+00 -1.433898925781250000e+01 0.000000000000000000e+00
-9.316672325134277344e+00 1.037851428985595703e+01 0.000000000000000000e+00
-8.693532943725585938e+00 1.325439453125000000e+01 0.000000000000000000e+00
-6.515029907226562500e+00 -2.446605443954467773e+00 0.000000000000000000e+00
1.310851955413818359e+01 -8.246998786926269531e+00 0.000000000000000000e+00
5.053924083709716797e+00 6.477594852447509766e+00 0.000000000000000000e+00
1.946285367012023926e+00 7.645967483520507812e+00 0.000000000000000000e+00
3.308413267135620117e+00 -1.188511943817138672e+01 0.000000000000000000e+00
-3.680032968521118164e+00 7.439367771148681641e+00 0.000000000000000000e+00
-1.601661145687103271e-01 4.441536426544189453e+00 0.000000000000000000e+00
1.498329353332519531e+01 7.480260848999023438e+00 0.000000000000000000e+00
-2.565015792846679688e+00 -1.434660434722900391e+01 0.000000000000000000e+00
1.338113975524902344e+01 6.725189208984375000e+00 0.000000000000000000e+00
-1.313083076477050781e+01 2.161851406097412109e+00 0.000000000000000000e+00
5.735738277435302734e+00 2.292274713516235352e+00 0.000000000000000000e+00
1.627245903015136719e+00 -1.715995788574218750e+01 0.000000000000000000e+00
1.380609416961669922e+01 3.496987581253051758e+00 0.000000000000000000e+00
-7.026310443878173828e+00 1.366447210311889648e+00 0.000000000000000000e+00
-4.225896358489990234e+00 -1.307474803924560547e+01 0.000000000000000000e+00
1.466789436340332031e+01 -8.474255561828613281e+00 0.000000000000000000e+00
-7.480043888092041016e+00 1.577140045166015625e+01 0.000000000000000000e+00
4.115034103393554688e+00 3.054632902145385742e+00 0.000000000000000000e+00
1.160093593597412109e+01 -8.358006477355957031e+00 0.000000000000000000e+00
-1.017874431610107422e+01 -6.423769950866699219e+00 0.000000000000000000e+00
8.234753608703613281e-01 1.695898628234863281e+01 0.000000000000000000e+00
8.449565887451171875e+00 -1.262061691284179688e+01 0.000000000000000000e+00
-2.507354736328125000e+00 6.287617206573486328e+00 0.000000000000000000e+00
1.486964511871337891e+01 -3.088746786117553711e+00 0.000000000000000000e+00
-9.096783638000488281e+00 2.008114814758300781e+00 0.000000000000000000e+00
-5.553673505783081055e-01 1.101893138885498047e+01 0.000000000000000000e+00
-5.767116546630859375e+00 -1.619662475585937500e+01 0.000000000000000000e+00
3.552440881729125977e+00 -7.475107192993164062e+00 0.000000000000000000e+00
-4.156465053558349609e+00 9.112354278564453125e+00 0.000000000000000000e+00
-1.356421232223510742e+00 1.472851872444152832e+00 0.000000000000000000e+00
6.668023586273193359e+00 -3.650456190109252930e+00 0.000000000000000000e+00
1.650649452209472656e+01 4.934239864349365234e+00 0.000000000000000000e+00
-1.537002658843994141e+01 -1.904592394828796387e+00 0.000000000000000000e+00
2.074348211288452148e+00 -9.467782825231552124e-02 0.000000000000000000e+00
-1.274335289001464844e+01 1.169090080261230469e+01 0.000000000000000000e+00
8.137420654296875000e+00 1.145437812805175781e+01 0.000000000000000000e+00
1.184419727325439453e+01 -5.465672492980957031e+00 0.000000000000000000e+00
1.143386721611022949e+00 2.193718194961547852e+00 0.000000000000000000e+00
1.276667308807373047e+01 8.669577598571777344e+00 0.000000000000000000e+00
-6.015949249267578125e+00 6.737010002136230469e+00 0.000000000000000000e+00
-2.009565114974975586e+00 -1.726967239379882812e+01 0.000000000000000000e+00
3.835311651229858398e+00 7.469693660736083984e+00 0.000000000000000000e+00
-3.335571289062500000e+00 2.280687808990478516e+00 0.000000000000000000e+00
9.787057876586914062e+00 1.188309001922607422e+01 0.000000000000000000e+00
-7.111477851867675781e+00 -9.381617903709411621e-01 0.000000000000000000e+00
7.837326049804687500e+00 2.610767185688018799e-01 0.000000000000000000e+00
1.159728431701660156e+01 1.220531082153320312e+01 0.000000000000000000e+00
-4.402171611785888672e+00 -3.158440113067626953e+00 0.000000000000000000e+00
4.922319412231445312e+00 1.245310974121093750e+01 0.000000000000000000e+00
3.326758384704589844e+00 1.537954926490783691e+00 0.000000000000000000e+00
-1.126523852348327637e+00 -5.254758358001708984e+00 0.000000000000000000e+00
-2.773981809616088867e+00 -9.045256614685058594e+00 0.000000000000000000e+00
-2.341262102127075195e+00 1.226392459869384766e+01 0.000000000000000000e+00
5.028669357299804688e+00 -7.800734519958496094e+00 0.000000000000000000e+00
3.103225946426391602e+00 1.575849533081054688e+01 0.000000000000000000e+00
-9.283471107482910156e+00 -8.424448013305664062e+00 0.000000000000000000e+00
-1.196874809265136719e+01 -1.001279115676879883e+00 0.000000000000000000e+00
-2.019826412200927734e+00 -2.230196952819824219e+00 0.000000000000000000e+00
1.474349498748779297e+01 9.167430877685546875e+00 0.000000000000000000e+00
2.443681478500366211e+00 -1.587491512298583984e+01 0.000000000000000000e+00
-1.107728958129882812e+01 2.400445461273193359e+00 0.000000000000000000e+00
1.072778415679931641e+01 1.367764186859130859e+01 0.000000000000000000e+00
1.195753574371337891e+01 5.561467170715332031e+00 0.000000000000000000e+00
-8.858685493469238281e+00 2.740802988409996033e-02 0.000000000000000000e+00
-1.587580680847167969e+01 6.761981487274169922e+00 0.000000000000000000e+00
-1.526810550689697266e+01 -8.324529647827148438e+00 0.000000000000000000e+00
1.594354629516601562e+01 -7.044472217559814453e+00 0.000000000000000000e+00
1.292657661437988281e+01 2.008455276489257812e+00 0.000000000000000000e+00
-1.182118225097656250e+01 -9.265199661254882812e+00 0.000000000000000000e+00
-2.382328987121582031e+00 1.535711574554443359e+01 0.000000000000000000e+00
-1.304728031158447266e+01 5.724408626556396484e-01 0.000000000000000000e+00
3.476964473724365234e+00 1.356132698059082031e+01 0.000000000000000000e+00
-6.404593467712402344e+00 4.696201801300048828e+00 0.000000000000000000e+00
-7.175950050354003906e+00 -4.623227119445800781e+00 0.000000000000000000e+00
1.443878412246704102e-01 1.465213680267333984e+01 0.000000000000000000e+00
5.346999168395996094e+00 1.649516296386718750e+01 0.000000000000000000e+00
-1.434521198272705078e+01 9.952071189880371094e+00 0.000000000000000000e+00
-1.118354201316833496e+00 -1.344979572296142578e+01 0.000000000000000000e+00
-8.871354103088378906e+00 1.495538139343261719e+01 0.000000000000000000e+00
1.721784174442291260e-01 -1.656704711914062500e+01 0.000000000000000000e+00
-5.181816101074218750e+00 1.438176345825195312e+01 0.000000000000000000e+00
-1.065162849426269531e+01 8.972605705261230469e+00 0.000000000000000000e+00
1.161253929138183594e+01 -4.770234823226928711e-01 0.000000000000000000e+00
7.146302223205566406e+00 -1.154403305053710938e+01 0.000000000000000000e+00
8.184980392456054688e+00 5.681538581848144531e+00 0.000000000000000000e+00
5.675032138824462891e+00 1.109228134155273438e+01 0.000000000000000000e+00
-5.991919040679931641e+00 -8.430386543273925781e+00 0.000000000000000000e+00
-1.062249469757080078e+01 5.642865657806396484e+00 0.000000000000000000e+00
1.132335567474365234e+01 1.013677024841308594e+01 0.000000000000000000e+00
7.346255302429199219e+00 -1.583049106597900391e+01 0.000000000000000000e+00
2.567151784896850586e+00 3.280941724777221680e+00 0.000000000000000000e+00
8.288414001464843750e+00 -3.538944959640502930e+00 0.000000000000000000e+00
1.004988861083984375e+01 -8.809124946594238281e+00 0.000000000000000000e+00
1.314566326141357422e+01 -6.578548908233642578e+00 0.000000000000000000e+00
-1.549942111968994141e+01 1.495661258697509766e+00 0.000000000000000000e+00
1.969336867332458496e-01 -8.952928543090820312e+00 0.000000000000000000e+00
-1.266762447357177734e+01 -4.574522495269775391e+00 0.000000000000000000e+00
-1.313848209381103516e+01 8.322611808776855469e+00 0.000000000000000000e+00
6.018173098564147949e-01 -1.308702182769775391e+01 0.000000000000000000e+00
-1.706586265563964844e+01 -1.352780699729919434e+00 0.000000000000000000e+00
