-9.701099395751953125e+00 9.835083007812500000e+00 0.000000000000000000e+00
-5.712206959724426270e-01 1.231087017059326172e+01 0.000000000000000000e+00
5.498097419738769531e+00 -7.641209602355957031e+00 0.000000000000000000e+00
1.309335231781005859e+01 -1.790574550628662109e+00 0.000000000000000000e+00
8.137906193733215332e-01 -1.127666664123535156e+01 0.000000000000000000e+00
-2.742052555084228516e+00 -1.013490867614746094e+01 0.000000000000000000e+00
-7.239843368530273438e+00 -1.574265575408935547e+01 0.000000000000000000e+00
9.318234443664550781e+00 -6.611033678054809570e-01 0.000000000000000000e+00
2.572412490844726562e+00 -1.287318229675292969e+01 0.000000000000000000e+00
1.581788063049316406e+01 -5.201122283935546875e+00 0.000000000000000000e+00
-2.336434602737426758e+00 1.554926109313964844e+01 0.000000000000000000e+00
1.214422893524169922e+01 9.253540039062500000e+00 0.000000000000000000e+00
-1.435570049285888672e+01 8.504728317260742188e+00 0.000000000000000000e+00
9.159370422363281250e+00 1.150425720214843750e+01 0.000000000000000000e+00
1.128200626373291016e+01 -8.208612442016601562e+00 0.000000000000000000e+00
-1.737332820892333984e+00 -1.190565299987792969e+01 0.000000000000000000e+00
8.785301208496093750e+00 8.616349220275878906e+00 0.000000000000000000e+00
-3.138070181012153625e-02 -1.447250461578369141e+01 0.000000000000000000e+00
6.899971485137939453e+00 6.993605941534042358e-02 0.000000000000000000e+00
2.975463151931762695e+00 -9.372615814208984375e+00 0.000000000000000000e+00
-5.896293163299560547e+00 -1.481396675109863281e+01 0.000000000000000000e+00
8.858305931091308594e+00 -9.097361564636230469e+00 0.000000000000000000e+00
1.706609535217285156e+01 7.506982684135437012e-01 0.000000000000000000e+00
-6.310892581939697266e+00 1.046638965606689453e+01 0.000000000000000000e+00
3.762069940567016602e+00 9.419225692749023438e+00 0.000000000000000000e+00
2.028003931045532227e+00 1.618705368041992188e+01 0.000000000000000000e+00
-1.046256542205810547e+00 1.632062149047851562e+01 0.000000000000000000e+00
-4.025732517242431641e+00 1.241066837310791016e+01 0.000000000000000000e+00
-1.218926143646240234e+01 -3.311661005020141602e+00 0.000000000000000000e+00
1.069412994384765625e+01 4.022432327270507812e+00 0.000000000000000000e+00
-1.442855644226074219e+01 -7.272259712219238281e+00 0.000000000000000000e+00
-1.244809532165527344e+01 1.139955520629882812e+01 0.000000000000000000e+00
1.871468424797058105e+00 -1.431479740142822266e+01 0.000000000000000000e+00
4.491071224212646484e+00 -5.057763576507568359e+00 0.000000000000000000e+00
-1.319665145874023438e+01 6.826356053352355957e-01 0.000000000000000000e+00
4.943167567253112793e-01 1.002780818939208984e+01 0.000000000000000000e+00
1.096406459808349609e+01 -1.065692710876464844e+01 0.000000000000000000e+00
5.520289897918701172e+00 -1.486138629913330078e+01 0.000000000000000000e+00
-2.626907587051391602e+00 -6.251408576965332031e+00 0.000000000000000000e+00
-3.779657125473022461e+00 -7.458517551422119141e+00 0.000000000000000000e+00
-3.004837274551391602e+00 1.445809900760650635e-01 0.000000000000000000e+00
-1.677476882934570312e+01 4.812788963317871094e+00 0.000000000000000000e+00
7.174488544464111328e+00 7.633011817932128906e+00 0.000000000000000000e+00
1.046921730041503906e+01 6.779882907867431641e+00 0.000000000000000000e+00
-5.257085800170898438e+00 -3.253759622573852539e+00 0.000000000000000000e+00
1.722965621948242188e+01 -1.629723548889160156e+00 0.000000000000000000e+00
-1.132978343963623047e+01 4.042855262756347656e+00 0.000000000000000000e+00
7.919807910919189453e+00 2.008193016052246094e+00 0.000000000000000000e+00
2.084497451782226562e+00 2.654967308044433594e+00 0.000000000000000000e+00
1.152267074584960938e+01 2.735134840011596680e+00 0.000000000000000000e+00
-1.122128009796142578e+01 -7.893517494201660156e+00 0.000000000000000000e+00
-1.226988506317138672e+01 -6.421595573425292969e+00 0.000000000000000000e+00
-7.590137004852294922e+00 -4.736851692199707031e+00 0.000000000000000000e+00
-8.102724075317382812e+00 1.306012153625488281e+00 0.000000000000000000e+00
1.300318813323974609e+01 7.866945266723632812e+00 0.000000000000000000e+00
1.417307853698730469e+01 -9.502692222595214844e+00 0.000000000000000000e+00
-7.700649261474609375e+00 -2.167606502771377563e-01 0.000000000000000000e+00
3.330242395401000977e+00 1.366773796081542969e+01 0.000000000000000000e+00
5.514173984527587891e+00 5.234641075134277344e+00 0.000000000000000000e+00
2.039058208465576172e+00 1.167595195770263672e+01 0.000000000000000000e+00
-7.152401924133300781e+00 8.289988517761230469e+00 0.000000000000000000e+00
-9.955631256103515625e+00 -1.224764919281005859e+01 0.000000000000000000e+00
-1.191781520843505859e+01 -1.186046791076660156e+01 0.000000000000000000e+00
-2.656484127044677734e+00 -3.156117677688598633e+00 0.000000000000000000e+00
-2.807639598846435547e+00 -1.345120143890380859e+01 0.000000000000000000e+00
-9.349316358566284180e-01 -6.036556720733642578e+00 0.000000000000000000e+00
1.265528297424316406e+01 -4.195831298828125000e+00 0.000000000000000000e+00
-1.504912185668945312e+01 5.650835037231445312e+00 0.000000000000000000e+00
3.815183401107788086e+00 -1.152818965911865234e+01 0.000000000000000000e+00
-9.333538055419921875e+00 -8.024235725402832031e+00 0.000000000000000000e+00
5.332419395446777344e+00 9.904326796531677246e-01 0.000000000000000000e+00
1.085165882110595703e+01 1.180351257324218750e+00 0.000000000000000000e+00
5.323621273040771484e+00 1.286261558532714844e+01 0.000000000000000000e+00
-9.855948448181152344e+00 -1.480630636215209961e+00 0.000000000000000000e+00
-6.478712558746337891e+00 -1.601177334785461426e+00 0.000000000000000000e+00
-5.288154125213623047e+00 6.667746543884277344e+00 0.000000000000000000e+00
-1.849471807479858398e+00 -1.741310238838195801e+00 0.000000000000000000e+00
1.382732582092285156e+01 1.294195532798767090e+00 0.000000000000000000e+00
-4.503617286682128906e+00 -1.267864513397216797e+01 0.000000000000000000e+00
-1.737516403198242188e+01 -1.403141260147094727e+00 0.000000000000000000e+00
-3.945887804031372070e+00 1.603948211669921875e+01 0.000000000000000000e+00
5.634809970855712891e+00 -3.324031829833984375e+00 0.000000000000000000e+00
-1.116012191772460938e+01 1.716736406087875366e-01 0.000000000000000000e+00
-1.616209411621093750e+01 -2.487673044204711914e+00 0.000000000000000000e+00
5.378850698471069336e-01 1.438412857055664062e+01 0.000000000000000000e+00
9.841459274291992188e+00 1.327776145935058594e+01 0.000000000000000000e+00
-3.786463499069213867e+00 -1.681368064880371094e+01 0.000000000000000000e+00
-8.321672439575195312e+00 4.906254768371582031e+00 0.000000000000000000e+00
2.638324022293090820e+00 -5.495410919189453125e+00 0.000000000000000000e+00
1.376614189147949219e+01 -7.930745601654052734e+00 0.000000000000000000e+00
8.976124763488769531e+00 -3.032080173492431641e+00 0.000000000000000000e+00
6.427422523498535156e+00 -1.807525396347045898e+00 0.000000000000000000e+00
1.209473228454589844e+01 5.526048690080642700e-02 0.000000000000000000e+00
-5.777139663696289062e+00 -1.054165267944335938e+01 0.000000000000000000e+00
-1.611895370483398438e+01 -4.230839252471923828e+00 0.000000000000000000e+00
1.114733600616455078e+01 1.103520298004150391e+01 0.000000000000000000e+00
-5.896817684173583984e+00 2.440853118896484375e+00 0.000000000000000000e+00
-2.287189245223999023e+00 1.963786959648132324e+00 0.000000000000000000e+00
3.536569595336914062e+00 1.955477118492126465e+00 0.000000000000000000e+00
-5.334497928619384766e+00 1.437993907928466797e+01 0.000000000000000000e+00
-4.008217811584472656e+00 9.465557098388671875e+00 0.000000000000000000e+00
4.935971260070800781e+00 -1.300438690185546875e+01 0.000000000000000000e+00
-1.528613090515136719e+00 -1.573052501678466797e+01 0.000000000000000000e+00
5.344985485076904297e+00 7.133118152618408203e+00 0.000000000000000000e+00
-8.272193908691406250e+00 -1.418520355224609375e+01 0.000000000000000000e+00
-1.598311996459960938e+01 3.409404456615447998e-01 0.000000000000000000e+00
-9.929793357849121094e+00 8.078005790710449219e+00 0.000000000000000000e+00
-9.470231533050537109e-01 -9.464513778686523438e+00 0.000000000000000000e+00
1.465568637847900391e+01 -2.654775142669677734e+00 0.000000000000000000e+00
-1.334546470642089844e+01 -8.601760864257812500e+00 0.000000000000000000e+00
-5.286764502525329590e-01 5.856026649475097656e+00 0.000000000000000000e+00
3.534045696258544922e+00 -7.231842041015625000e+00 0.000000000000000000e+00
-1.338824462890625000e+01 -4.637617111206054688e+00 0.000000000000000000e+00
-9.839465141296386719e+00 4.581824302673339844e+00 0.000000000000000000e+00
-6.174098491668701172e+00 1.209774303436279297e+01 0.000000000000000000e+00
1.374539434909820557e-01 7.848397731781005859e+00 0.000000000000000000e+00
3.238081455230712891e+00 3.992714405059814453e+00 0.000000000000000000e+00
-6.833493709564208984e+00 -7.380427360534667969e+00 0.000000000000000000e+00
1.671431732177734375e+01 5.175248622894287109e+00 0.000000000000000000e+00
1.665848350524902344e+01 3.648942708969116211e+00 0.000000000000000000e+00
2.470843493938446045e-01 1.861341476440429688e+00 0.000000000000000000e+00
-6.825036525726318359e+00 5.180819511413574219e+00 0.000000000000000000e+00
4.387787818908691406e+00 -7.723385095596313477e-01 0.000000000000000000e+00
-7.943556308746337891e+00 -2.072688341140747070e+00 0.000000000000000000e+00
7.730311870574951172e+00 -1.386604595184326172e+01 0.000000000000000000e+00
8.109291076660156250e+00 1.529537487030029297e+01 0.000000000000000000e+00
3.592431247234344482e-01 -3.849004507064819336e+00 0.000000000000000000e+00
-3.159875869750976562e+00 1.093500518798828125e+01 0.000000000000000000e+00
-1.319179630279541016e+01 6.376814842224121094e+00 0.000000000000000000e+00
-1.144359707832336426e+00 -9.198366850614547729e-02 0.000000000000000000e+00
-6.593004226684570312e+00 -1.302880859375000000e+01 0.000000000000000000e+00
4.135313034057617188e+00 1.557580947875976562e+01 0.000000000000000000e+00
8.849909782409667969e+00 -5.837715148925781250e+00 0.000000000000000000e+00
1.042709827423095703e+01 -6.442962646484375000e+00 0.000000000000000000e+00
8.814614295959472656e+00 -7.382848739624023438e+00 0.000000000000000000e+00
-1.375056076049804688e+01 -1.069965171813964844e+01 0.000000000000000000e+00
1.929462432861328125e+00 -1.595236015319824219e+01 0.000000000000000000e+00
1.081077575683593750e+00 -1.646919608116149902e+00 0.000000000000000000e+00
5.342418193817138672e+00 -9.791715621948242188e+00 0.000000000000000000e+00
9.953505396842956543e-01 -8.025362968444824219e+00 0.000000000000000000e+00
1.261842441558837891e+01 -1.036615467071533203e+01 0.000000000000000000e+00
-1.994165539741516113e+00 4.689012050628662109e+00 0.000000000000000000e+00
-9.114521980285644531e+00 -5.264124870300292969e+00 0.000000000000000000e+00
2.083209514617919922e+00 -3.474776268005371094e+00 0.000000000000000000e+00
-1.070071220397949219e+01 -4.940288543701171875e+00 0.000000000000000000e+00
7.355967998504638672e+00 -8.914469718933105469e+00 0.000000000000000000e+00
-7.614889621734619141e+00 -9.826739311218261719e+00 0.000000000000000000e+00
3.280205488204956055e+00 -1.715032196044921875e+01 0.000000000000000000e+00
6.545905113220214844e+00 3.941926479339599609e+00 0.000000000000000000e+00
-6.610010623931884766e+00 1.518887042999267578e+01 0.000000000000000000e+00
7.557323932647705078e+00 1.075639247894287109e+01 0.000000000000000000e+00
1.374745082855224609e+01 5.105887413024902344e+00 0.000000000000000000e+00
-5.158566951751708984e+00 8.251886367797851562e+00 0.000000000000000000e+00
-5.992063522338867188e+00 -8.722489356994628906e+00 0.000000000000000000e+00
-8.762431144714355469e+00 1.250380325317382812e+01 0.000000000000000000e+00
-3.933246612548828125e+00 2.545964717864990234e+00 0.000000000000000000e+00
2.081440448760986328e+00 9.153332710266113281e+00 0.000000000000000000e+00
-1.010468959808349609e+01 2.770853519439697266e+00 0.000000000000000000e+00
6.844268321990966797e+00 -1.088881397247314453e+01 0.000000000000000000e+00
-5.580515384674072266e+00 1.637489700317382812e+01 0.000000000000000000e+00
-3.823594331741333008e+00 -1.544232964515686035e+00 0.000000000000000000e+00
-1.113736152648925781e+01 6.869153499603271484e+00 0.000000000000000000e+00
-4.083367347717285156e+00 -5.735908508300781250e+00 0.000000000000000000e+00
6.127964019775390625e+00 1.429892444610595703e+01 0.000000000000000000e+00
1.637354278564453125e+01 2.115180015563964844e+00 0.000000000000000000e+00
2.333344936370849609e+00 -1.081553745269775391e+01 0.000000000000000000e+00
5.411827564239501953e+00 1.651417922973632812e+01 0.000000000000000000e+00
-5.401285290718078613e-01 3.684603214263916016e+00 0.000000000000000000e+00
-1.042132568359375000e+01 1.136110210418701172e+01 0.000000000000000000e+00
-2.440261125564575195e+00 9.011791229248046875e+00 0.000000000000000000e+00
6.607818126678466797e+00 -1.250208473205566406e+01 0.000000000000000000e+00
-1.305820274353027344e+01 2.581710338592529297e+00 0.000000000000000000e+00
1.062855625152587891e+01 -3.819289922714233398e+00 0.000000000000000000e+00
-1.051057910919189453e+01 -9.440767288208007812e+00 0.000000000000000000e+00
-3.882924079895019531e+00 5.138890266418457031e+00 0.000000000000000000e+00
-9.771294593811035156e+00 6.130025863647460938e+00 0.000000000000000000e+00
2.673844337463378906e+00 7.497873306274414062e+00 0.000000000000000000e+00
1.494401073455810547e+01 3.324774026870727539e+00 0.000000000000000000e+00
1.535209465026855469e+01 5.900458812713623047e+00 0.000000000000000000e+00
1.474708080291748047e+01 -9.170024991035461426e-01 0.000000000000000000e+00
3.830987215042114258e+00 -3.093845367431640625e+00 0.000000000000000000e+00
-1.030337691307067871e+00 1.379539394378662109e+01 0.000000000000000000e+00
-1.054106998443603516e+01 1.341966247558593750e+01 0.000000000000000000e+00
-3.563708543777465820e+00 7.207985401153564453e+00 0.000000000000000000e+00
8.050794601440429688e+00 5.745903015136718750e+00 0.000000000000000000e+00
7.020515918731689453e+00 -1.522034740447998047e+01 0.000000000000000000e+00
-7.697345733642578125e+00 -1.171925449371337891e+01 0.000000000000000000e+00
1.696125221252441406e+01 -3.192588329315185547e+00 0.000000000000000000e+00
7.030043125152587891e+00 -4.879598140716552734e+00 0.000000000000000000e+00
1.027403545379638672e+01 -1.265528392791748047e+01 0.000000000000000000e+00
-1.688437461853027344e+01 1.712425589561462402e+00 0.000000000000000000e+00
-9.725466370582580566e-01 -1.746201324462890625e+01 0.000000000000000000e+00
-1.563893795013427734e+01 -5.945956230163574219e+00 0.000000000000000000e+00
3.681967973709106445e+00 -1.502830123901367188e+01 0.000000000000000000e+00
-1.277952194213867188e+01 7.890964508056640625e+00 0.000000000000000000e+00
-5.295855522155761719e+00 6.799819469451904297e-01 0.000000000000000000e+00
-4.452509403228759766e+00 -8.970233917236328125e+00 0.000000000000000000e+00
1.443051433563232422e+01 -4.379243850708007812e+00 0.000000000000000000e+00
1.218606567382812500e+01 -6.002995014190673828e+00 0.000000000000000000e+00
-1.032203292846679688e+01 -1.406185722351074219e+01 0.000000000000000000e+00
-1.408052730560302734e+01 -1.949819922447204590e+00 0.000000000000000000e+00
1.399641895294189453e+01 9.506450653076171875e+00 0.000000000000000000e+00
-1.197901606559753418e+00 1.035065364837646484e+01 0.000000000000000000e+00
-3.689997673034667969e+00 1.395880794525146484e+01 0.000000000000000000e+00
-1.544806766510009766e+01 7.238128185272216797e+00 0.000000000000000000e+00
-1.553984069824218750e+01 2.468496799468994141e+00 0.000000000000000000e+00
-1.356605529785156250e+01 4.343448162078857422e+00 0.000000000000000000e+00
8.015730857849121094e+00 1.267120170593261719e+01 0.000000000000000000e+00
-2.208287239074707031e+00 -8.039615631103515625e+00 0.000000000000000000e+00
3.766298666596412659e-02 -1.268337440490722656e+01 0.000000000000000000e+00
-8.254005432128906250e+00 1.436776065826416016e+01 0.000000000000000000e+00
5.939399719238281250e+00 9.508643150329589844e+00 0.000000000000000000e+00
7.895553708076477051e-01 -5.579352855682373047e+00 0.000000000000000000e+00
2.678942203521728516e+00 -1.706364870071411133e+00 0.000000000000000000e+00
-1.185773658752441406e+01 -1.484595656394958496e+00 0.000000000000000000e+00
-7.923395633697509766e+00 6.713762283325195312e+00 0.000000000000000000e+00
1.457178306579589844e+01 -6.501029014587402344e+00 0.000000000000000000e+00
1.536776733398437500e+01 -7.938855648040771484e+00 0.000000000000000000e+00
9.571822166442871094e+00 1.996746778488159180e+00 0.000000000000000000e+00
-1.189097976684570312e+01 -1.027365970611572266e+01 0.000000000000000000e+00
8.408515930175781250e+00 -1.151815319061279297e+01 0.000000000000000000e+00
-5.604914188385009766e+00 -5.872635364532470703e+00 0.000000000000000000e+00
1.204181766510009766e+01 5.900481700897216797e+00 0.000000000000000000e+00
1.219824886322021484e+01 -1.203572750091552734e+01 0.000000000000000000e+00
-1.297448873519897461e+00 7.157050132751464844e+00 0.000000000000000000e+00
9.103645324707031250e+00 4.033524990081787109e+00 0.000000000000000000e+00
1.089244365692138672e+01 -1.474790692329406738e+00 0.000000000000000000e+00
4.207023620605468750e+00 1.177439212799072266e+01 0.000000000000000000e+00
2.011611461639404297e+00 5.598058223724365234e+00 0.000000000000000000e+00
7.280204296112060547e+00 -6.391255378723144531e+00 0.000000000000000000e+00
-7.777107238769531250e+00 3.251677751541137695e+00 0.000000000000000000e+00
-9.694861412048339844e+00 -3.019258975982666016e+00 0.000000000000000000e+00
1.406701087951660156e+00 2.761158943176269531e-01 0.000000000000000000e+00
1.144204139709472656e+01 1.301539993286132812e+01 0.000000000000000000e+00
-1.191755580902099609e+01 9.468864440917968750e+00 0.000000000000000000e+00
-3.430593967437744141e+00 -1.526235485076904297e+01 0.000000000000000000e+00
4.898385405540466309e-01 1.619685935974121094e+01 0.000000000000000000e+00
-1.482618713378906250e+01 -8.852107048034667969e+00 0.000000000000000000e+00
1.568827629089355469e+01 7.673276424407958984e+00 0.000000000000000000e+00
1.318038940429687500e+01 1.110476303100585938e+01 0.000000000000000000e+00
1.036401939392089844e+01 9.013139724731445312e+00 0.000000000000000000e+00
4.968677520751953125e+00 -1.656956481933593750e+01 0.000000000000000000e+00
-1.092275381088256836e+00 -4.234822273254394531e+00 0.000000000000000000e+00
-9.756897926330566406e+00 8.540169596672058105e-01 0.000000000000000000e+00
5.065242648124694824e-01 -1.689318847656250000e+01 0.000000000000000000e+00
-1.536158466339111328e+01 4.179259777069091797e+00 0.000000000000000000e+00
1.294130992889404297e+01 3.341256856918334961e+00 0.000000000000000000e+00
5.947143554687500000e+00 1.136153316497802734e+01 0.000000000000000000e+00
-1.186164855957031250e+01 1.526104688644409180e+00 0.000000000000000000e+00
-1.458016777038574219e+01 -3.555661916732788086e+00 0.000000000000000000e+00
5.588516712188720703e+00 2.678163051605224609e+00 0.000000000000000000e+00
-8.058833122253417969e+00 1.082627296447753906e+01 0.000000000000000000e+00
-8.258579254150390625e+00 -6.838349342346191406e+00 0.000000000000000000e+00
-6.792114734649658203e+00 1.354231262207031250e+01 0.000000000000000000e+00
-3.866682767868041992e+00 -4.050004959106445312e+00 0.000000000000000000e+00
8.685743331909179688e+00 -1.506930828094482422e+01 0.000000000000000000e+00
