-8.220624923706054688e+00 3.282049894332885742e+00 0.000000000000000000e+00
1.314122295379638672e+01 8.977299928665161133e-01 0.000000000000000000e+00
-1.273977375030517578e+01 -4.129460334777832031e+00 0.000000000000000000e+00
-8.134675025939941406e+00 1.404955387115478516e+01 0.000000000000000000e+00
1.503044605255126953e+01 2.588939666748046875e+00 0.000000000000000000e+00
-1.479937934875488281e+01 -3.935907363891601562e+00 0.000000000000000000e+00
-1.014384174346923828e+01 1.281547832489013672e+01 0.000000000000000000e+00
-2.161250114440917969e+00 -1.621521759033203125e+01 0.000000000000000000e+00
-6.267779827117919922e+00 -5.539247989654541016e+00 0.000000000000000000e+00
1.144429588317871094e+01 -5.471514701843261719e+00 0.000000000000000000e+00
-1.308978796005249023e+00 -3.536608695983886719e+00 0.000000000000000000e+00
1.052314853668212891e+01 -1.200311946868896484e+01 0.000000000000000000e+00
-7.901037216186523438e+00 6.282608032226562500e+00 0.000000000000000000e+00
9.648506164550781250e+00 7.834761738777160645e-01 0.000000000000000000e+00
3.112510144710540771e-01 1.239816188812255859e+01 0.000000000000000000e+00
-3.630126237869262695e+00 1.303199577331542969e+01 0.000000000000000000e+00
6.213206291198730469e+00 -1.271348094940185547e+01 0.000000000000000000e+00
1.681076240539550781e+01 -4.463908195495605469e+00 0.000000000000000000e+00
-3.394090652465820312e+00 -5.317941188812255859e+00 0.000000000000000000e+00
-6.241036891937255859e+00 5.075698852539062500e+00 0.000000000000000000e+00
-1.620146179199218750e+01 -5.787913322448730469e+00 0.000000000000000000e+00
3.646899223327636719e+00 -1.406923675537109375e+01 0.000000000000000000e+00
-9.839599609375000000e+00 -1.230682015419006348e+00 0.000000000000000000e+00
-9.618827819824218750e+00 6.898406505584716797e+00 0.000000000000000000e+00
1.551978826522827148e+00 -1.137047052383422852e+00 0.000000000000000000e+00
1.666768193244934082e+00 -4.026236534118652344e+00 0.000000000000000000e+00
8.365478515625000000e+00 5.765240669250488281e+00 0.000000000000000000e+00
1.566582393646240234e+01 -2.404099941253662109e+00 0.000000000000000000e+00
-1.094362545013427734e+01 -4.729342460632324219e+00 0.000000000000000000e+00
-1.575022101402282715e+00 7.852277278900146484e+00 0.000000000000000000e+00
-1.406497859954833984e+01 8.205557823181152344e+00 0.000000000000000000e+00
8.972258567810058594e+00 1.224835777282714844e+01 0.000000000000000000e+00
-1.735729217529296875e+00 -1.166866111755371094e+01 0.000000000000000000e+00
1.188783073425292969e+01 -3.512533664703369141e+00 0.000000000000000000e+00
-1.328242301940917969e+01 -6.186259746551513672e+00 0.000000000000000000e+00
-1.194454097747802734e+01 -1.063962745666503906e+01 0.000000000000000000e+00
1.132125496864318848e+00 1.495160484313964844e+01 0.000000000000000000e+00
1.138724708557128906e+01 9.719308853149414062e+00 0.000000000000000000e+00
-1.040588092803955078e+01 8.731966972351074219e+00 0.000000000000000000e+00
-6.198912143707275391e+00 1.248280334472656250e+01 0.000000000000000000e+00
2.431308269500732422e+00 -1.243914318084716797e+01 0.000000000000000000e+00
9.139807701110839844e+00 1.423308181762695312e+01 0.000000000000000000e+00
-7.539933681488037109e+00 -1.172479152679443359e+01 0.000000000000000000e+00
-1.033255577087402344e+01 -2.905398130416870117e+00 0.000000000000000000e+00
4.951610565185546875e+00 -1.120850181579589844e+01 0.000000000000000000e+00
-6.759015560150146484e+00 -1.645723938941955566e+00 0.000000000000000000e+00
-4.082142829895019531e+00 1.620862197875976562e+01 0.000000000000000000e+00
5.308501243591308594e+00 7.358310699462890625e+00 0.000000000000000000e+00
2.990361452102661133e+00 3.783445656299591064e-01 0.000000000000000000e+00
1.131263256072998047e+00 1.697664642333984375e+01 0.000000000000000000e+00
1.008518791198730469e+01 -6.540030479431152344e+00 0.000000000000000000e+00
4.611198902130126953e-01 -6.210404872894287109e+00 0.000000000000000000e+00
3.834387063980102539e-01 -1.314840888977050781e+01 0.000000000000000000e+00
1.050338935852050781e+01 -9.643239021301269531e+00 0.000000000000000000e+00
-1.594718456268310547e+00 1.323700141906738281e+01 0.000000000000000000e+00
-1.127040982246398926e+00 -1.474558639526367188e+01 0.000000000000000000e+00
5.125033378601074219e+00 2.677649021148681641e+00 0.000000000000000000e+00
-1.940180540084838867e+00 1.701156997680664062e+01 0.000000000000000000e+00
-8.555212974548339844e+00 -1.443443679809570312e+01 0.000000000000000000e+00
-1.413357353210449219e+01 -2.450763702392578125e+00 0.000000000000000000e+00
-8.218442916870117188e+00 1.016505432128906250e+01 0.000000000000000000e+00
3.819254636764526367e+00 1.405828094482421875e+01 0.000000000000000000e+00
-3.770550012588500977e+00 -1.498503684997558594e+01 0.000000000000000000e+00
5.017779350280761719e+00 -4.447714328765869141e+00 0.000000000000000000e+00
-4.706044197082519531e+00 1.066799044609069824e+00 0.000000000000000000e+00
8.490595817565917969e+00 -1.341861534118652344e+01 0.000000000000000000e+00
7.880882620811462402e-01 -1.631109619140625000e+01 0.000000000000000000e+00
3.667324066162109375e+00 -1.567005753517150879e+00 0.000000000000000000e+00
1.210218334197998047e+01 -1.070073509216308594e+01 0.000000000000000000e+00
1.315590000152587891e+01 -1.625922799110412598e+00 0.000000000000000000e+00
-8.051037788391113281e+00 -5.283771991729736328e+00 0.000000000000000000e+00
-1.150926589965820312e+01 6.779217243194580078e+00 0.000000000000000000e+00
9.458305358886718750e+00 -1.398083567619323730e+00 0.000000000000000000e+00
4.928724288940429688e+00 -7.503842353820800781e+00 0.000000000000000000e+00
-9.777401924133300781e+00 -7.895842075347900391e+00 0.000000000000000000e+00
5.183893680572509766e+00 -1.441210269927978516e+00 0.000000000000000000e+00
6.114474296569824219e+00 1.240094065666198730e+00 0.000000000000000000e+00
-1.025755310058593750e+01 -1.387837123870849609e+01 0.000000000000000000e+00
-1.140180301666259766e+01 1.071190547943115234e+01 0.000000000000000000e+00
-1.353869152069091797e+01 9.977490425109863281e+00 0.000000000000000000e+00
-6.521263122558593750e+00 1.099053978919982910e+00 0.000000000000000000e+00
7.262865543365478516e+00 -1.038259410858154297e+01 0.000000000000000000e+00
4.833908975124359131e-01 3.001374483108520508e+00 0.000000000000000000e+00
-1.456257152557373047e+01 2.253659248352050781e+00 0.000000000000000000e+00
1.865713238716125488e+00 -8.463034629821777344e+00 0.000000000000000000e+00
-2.648982286453247070e+00 -1.122117996215820312e+00 0.000000000000000000e+00
-1.251228046417236328e+01 2.326952934265136719e+00 0.000000000000000000e+00
2.741515398025512695e+00 1.184953212738037109e+01 0.000000000000000000e+00
1.026425647735595703e+01 2.863143444061279297e+00 0.000000000000000000e+00
7.994645595550537109e+00 -2.648451566696166992e+00 0.000000000000000000e+00
7.298752307891845703e+00 1.237397670745849609e+01 0.000000000000000000e+00
1.108359813690185547e+01 5.899127960205078125e+00 0.000000000000000000e+00
1.319797325134277344e+01 -7.189398765563964844e+00 0.000000000000000000e+00
9.192850112915039062e+00 9.079365730285644531e+00 0.000000000000000000e+00
-1.708817481994628906e+01 -7.327901721000671387e-01 0.000000000000000000e+00
7.614759445190429688e+00 -1.215391635894775391e+01 0.000000000000000000e+00
1.283445930480957031e+01 -9.043653488159179688e+00 0.000000000000000000e+00
3.278460979461669922e+00 8.069213867187500000e+00 0.000000000000000000e+00
-1.468495726585388184e+00 -7.572801113128662109e+00 0.000000000000000000e+00
-1.163805770874023438e+01 -6.890192627906799316e-01 0.000000000000000000e+00
-1.087337684631347656e+01 -9.582452774047851562e+00 0.000000000000000000e+00
1.595528221130371094e+01 -5.892692089080810547e+00 0.000000000000000000e+00
-6.690176486968994141e+00 -1.602581596374511719e+01 0.000000000000000000e+00
-1.577050876617431641e+01 1.009141281247138977e-01 0.000000000000000000e+00
-5.164442539215087891e+00 -2.579854011535644531e+00 0.000000000000000000e+00
-3.910644769668579102e+00 7.181618213653564453e+00 0.000000000000000000e+00
-1.650362372398376465e+00 3.727896690368652344e+00 0.000000000000000000e+00
1.237529468536376953e+01 3.245313644409179688e+00 0.000000000000000000e+00
-4.571318626403808594e+00 5.264395713806152344e+00 0.000000000000000000e+00
-5.033836841583251953e+00 -1.004198455810546875e+01 0.000000000000000000e+00
-1.683410072326660156e+01 3.601864337921142578e+00 0.000000000000000000e+00
1.015660762786865234e+00 5.648800849914550781e+00 0.000000000000000000e+00
-4.610065937042236328e+00 3.167639017105102539e+00 0.000000000000000000e+00
1.266983389854431152e+00 8.449283599853515625e+00 0.000000000000000000e+00
-2.748231887817382812e+00 1.146507263183593750e+01 0.000000000000000000e+00
-6.755226612091064453e+00 8.105511665344238281e+00 0.000000000000000000e+00
1.482366466522216797e+01 -4.178018093109130859e+00 0.000000000000000000e+00
-9.677788734436035156e+00 1.391132950782775879e+00 0.000000000000000000e+00
-7.358666896820068359e+00 -7.641208648681640625e+00 0.000000000000000000e+00
-6.178706169128417969e+00 -1.383347129821777344e+01 0.000000000000000000e+00
-6.514389514923095703e-01 -9.534799456596374512e-01 0.000000000000000000e+00
-1.561687564849853516e+01 6.802374839782714844e+00 0.000000000000000000e+00
6.617031574249267578e+00 -4.615898132324218750e+00 0.000000000000000000e+00
1.451653099060058594e+01 -6.413998126983642578e+00 0.000000000000000000e+00
2.206723690032958984e+00 2.505535125732421875e+00 0.000000000000000000e+00
7.264845848083496094e+00 -1.068415880203247070e+00 0.000000000000000000e+00
-7.180541992187500000e+00 -9.690587997436523438e+00 0.000000000000000000e+00
5.431346893310546875e+00 1.483485126495361328e+01 0.000000000000000000e+00
1.369902706146240234e+01 9.036664009094238281e+00 0.000000000000000000e+00
-1.419153571128845215e+00 1.894118666648864746e+00 0.000000000000000000e+00
-4.066139698028564453e+00 -3.716478347778320312e+00 0.000000000000000000e+00
-4.516243457794189453e+00 -6.454713344573974609e+00 0.000000000000000000e+00
1.251398372650146484e+01 7.905957221984863281e+00 0.000000000000000000e+00
6.691365242004394531e+00 4.120821475982666016e+00 0.000000000000000000e+00
2.830077171325683594e+00 -1.096522426605224609e+01 0.000000000000000000e+00
-1.377978420257568359e+01 -8.894855499267578125e+00 0.000000000000000000e+00
3.151145219802856445e+00 6.510092258453369141e+00 0.000000000000000000e+00
-3.231374502182006836e+00 4.448057174682617188e+00 0.000000000000000000e+00
-5.826942443847656250e+00 1.079447078704833984e+01 0.000000000000000000e+00
1.741452026367187500e+01 3.303769826889038086e-01 0.000000000000000000e+00
1.125906467437744141e+01 1.693994760513305664e+00 0.000000000000000000e+00
1.517674446105957031e+01 7.284548878669738770e-01 0.000000000000000000e+00
1.085444211959838867e+00 -1.458532619476318359e+01 0.000000000000000000e+00
-2.539863348007202148e+00 1.491044616699218750e+01 0.000000000000000000e+00
-1.130613040924072266e+01 5.075776576995849609e+00 0.000000000000000000e+00
6.829810619354248047e+00 1.035443592071533203e+01 0.000000000000000000e+00
1.339444541931152344e+01 4.986296176910400391e+00 0.000000000000000000e+00
-1.983309984207153320e+00 -1.012402534484863281e+01 0.000000000000000000e+00
3.677232503890991211e+00 -1.700083160400390625e+01 0.000000000000000000e+00
-2.574855804443359375e+00 9.076324462890625000e+00 0.000000000000000000e+00
7.033424377441406250e+00 -7.863533496856689453e+00 0.000000000000000000e+00
4.377974033355712891e+00 1.045178031921386719e+01 0.000000000000000000e+00
3.189223527908325195e+00 4.379433155059814453e+00 0.000000000000000000e+00
-4.065749168395996094e+00 -1.268888473510742188e+01 0.000000000000000000e+00
-1.435768842697143555e+00 6.289727210998535156e+00 0.000000000000000000e+00
-1.710053062438964844e+01 1.349368810653686523e+00 0.000000000000000000e+00
-5.495913028717041016e-01 1.089430141448974609e+01 0.000000000000000000e+00
-7.532805204391479492e-02 1.595137119293212891e+01 0.000000000000000000e+00
6.481624603271484375e+00 5.987396717071533203e+00 0.000000000000000000e+00
-1.131284523010253906e+01 -7.435965061187744141e+00 0.000000000000000000e+00
9.117649197578430176e-01 5.340723395347595215e-01 0.000000000000000000e+00
1.448846340179443359e+01 7.588233947753906250e+00 0.000000000000000000e+00
1.743746161460876465e+00 9.903330802917480469e+00 0.000000000000000000e+00
1.131110382080078125e+01 -4.922410845756530762e-02 0.000000000000000000e+00
-1.446068191528320312e+01 5.509810447692871094e+00 0.000000000000000000e+00
1.857618331909179688e+00 1.333867263793945312e+01 0.000000000000000000e+00
-9.880346298217773438e+00 -6.129331588745117188e+00 0.000000000000000000e+00
5.262204647064208984e+00 -1.454869842529296875e+01 0.000000000000000000e+00
3.164788484573364258e+00 -3.723654747009277344e+00 0.000000000000000000e+00
3.994659423828125000e+00 -5.878800868988037109e+00 0.000000000000000000e+00
1.521364212036132812e+01 -8.244526863098144531e+00 0.000000000000000000e+00
1.655265045166015625e+01 2.906076908111572266e+00 0.000000000000000000e+00
-5.663785457611083984e+00 1.629602622985839844e+01 0.000000000000000000e+00
5.952507257461547852e-02 -9.963127136230468750e+00 0.000000000000000000e+00
4.647040367126464844e+00 2.165111303329467773e-01 0.000000000000000000e+00
-9.988233566284179688e+00 -1.088281917572021484e+01 0.000000000000000000e+00
1.180704474449157715e+00 -1.114312839508056641e+01 0.000000000000000000e+00
5.229282855987548828e+00 9.110233306884765625e+00 0.000000000000000000e+00
1.055566596984863281e+01 1.163374805450439453e+01 0.000000000000000000e+00
-1.288027763366699219e+01 1.140365409851074219e+01 0.000000000000000000e+00
8.024132728576660156e+00 7.551246166229248047e+00 0.000000000000000000e+00
-1.258323287963867188e+01 -1.857725024223327637e+00 0.000000000000000000e+00
8.902439117431640625e+00 -4.080567359924316406e+00 0.000000000000000000e+00
-6.402210712432861328e+00 3.073243618011474609e+00 0.000000000000000000e+00
1.002434539794921875e+01 7.363955974578857422e+00 0.000000000000000000e+00
-8.729005813598632812e+00 8.591725349426269531e+00 0.000000000000000000e+00
-1.293643665313720703e+01 5.583127975463867188e+00 0.000000000000000000e+00
7.463432788848876953e+00 -1.576244926452636719e+01 0.000000000000000000e+00
7.091379165649414062e+00 1.552714729309082031e+01 0.000000000000000000e+00
-1.372396278381347656e+01 -2.868361473083496094e-01 0.000000000000000000e+00
7.267181873321533203e+00 -6.256397724151611328e+00 0.000000000000000000e+00
8.050649642944335938e+00 2.178124427795410156e+00 0.000000000000000000e+00
1.562614250183105469e+01 5.921036720275878906e+00 0.000000000000000000e+00
-1.067421817779541016e+01 3.085747480392456055e+00 0.000000000000000000e+00
-8.674524307250976562e+00 1.224667644500732422e+01 0.000000000000000000e+00
1.123571586608886719e+01 4.391857624053955078e+00 0.000000000000000000e+00
-1.681264305114746094e+01 -2.235351324081420898e+00 0.000000000000000000e+00
4.528215408325195312e+00 -8.957004547119140625e+00 0.000000000000000000e+00
5.898214817047119141e+00 -1.601190757751464844e+01 0.000000000000000000e+00
-2.617871999740600586e+00 9.524589776992797852e-01 0.000000000000000000e+00
-5.908062458038330078e+00 -1.129658603668212891e+01 0.000000000000000000e+00
1.295730304718017578e+01 -4.962946414947509766e+00 0.000000000000000000e+00
-3.479169130325317383e+00 -1.084505176544189453e+01 0.000000000000000000e+00
-3.635041713714599609e+00 -1.680149078369140625e+01 0.000000000000000000e+00
2.314903736114501953e-01 -4.539338111877441406e+00 0.000000000000000000e+00
1.630854988098144531e+01 -9.071780443191528320e-01 0.000000000000000000e+00
-4.632844448089599609e+00 -7.636999487876892090e-01 0.000000000000000000e+00
5.639348506927490234e+00 1.323478412628173828e+01 0.000000000000000000e+00
-1.148997020721435547e+01 8.277269601821899414e-01 0.000000000000000000e+00
-9.733031272888183594e+00 4.746109962463378906e+00 0.000000000000000000e+00
-5.050038337707519531e+00 9.334139823913574219e+00 0.000000000000000000e+00
-4.986638069152832031e+00 1.395993041992187500e+01 0.000000000000000000e+00
1.301633071899414062e+01 1.051411437988281250e+01 0.000000000000000000e+00
8.732442855834960938e-01 -2.707841873168945312e+00 0.000000000000000000e+00
-9.083421707153320312e+00 -1.231400585174560547e+01 0.000000000000000000e+00
-9.254988670349121094e+00 -9.512004852294921875e+00 0.000000000000000000e+00
-5.385548114776611328e+00 6.890513896942138672e+00 0.000000000000000000e+00
2.612444162368774414e+00 -6.951079368591308594e+00 0.000000000000000000e+00
-4.883815765380859375e+00 -8.102304458618164062e+00 0.000000000000000000e+00
-1.622969436645507812e+01 5.024680614471435547e+00 0.000000000000000000e+00
-1.519472956657409668e+00 -5.312247753143310547e+00 0.000000000000000000e+00
3.958569526672363281e+00 1.560096359252929688e+01 0.000000000000000000e+00
1.140074920654296875e+01 -1.818563938140869141e+00 0.000000000000000000e+00
-7.905791282653808594e+00 -1.428214907646179199e-01 0.000000000000000000e+00
-3.417446136474609375e+00 -7.502230644226074219e+00 0.000000000000000000e+00
-7.105476856231689453e+00 1.531837844848632812e+01 0.000000000000000000e+00
1.018447875976562500e+01 -2.827598094940185547e+00 0.000000000000000000e+00
1.031800651550292969e+01 -1.379168224334716797e+01 0.000000000000000000e+00
9.234402656555175781e+00 -8.315031051635742188e+00 0.000000000000000000e+00
5.940752983093261719e+00 -3.102850914001464844e+00 0.000000000000000000e+00
1.542494106292724609e+01 4.377626895904541016e+00 0.000000000000000000e+00
-4.714869856834411621e-01 9.015144348144531250e+00 0.000000000000000000e+00
9.008284568786621094e+00 1.065046215057373047e+01 0.000000000000000000e+00
-8.034844398498535156e+00 1.661314368247985840e+00 0.000000000000000000e+00
-1.472560501098632812e+01 3.748681545257568359e+00 0.000000000000000000e+00
-8.662560462951660156e+00 -3.523389339447021484e+00 0.000000000000000000e+00
-1.087876987457275391e+01 -1.245184898376464844e+01 0.000000000000000000e+00
-1.214166831970214844e+01 9.154797554016113281e+00 0.000000000000000000e+00
1.161790657043457031e+01 1.295195579528808594e+01 0.000000000000000000e+00
-9.667073488235473633e-01 1.470968246459960938e+01 0.000000000000000000e+00
-6.605865001678466797e+00 -3.255499362945556641e+00 0.000000000000000000e+00
3.608419373631477356e-02 7.115242004394531250e+00 0.000000000000000000e+00
-1.485192203521728516e+01 -7.804530620574951172e+00 0.000000000000000000e+00
-2.872740983963012695e+00 -2.612915515899658203e+00 0.000000000000000000e+00
3.363642454147338867e+00 1.704817390441894531e+01 0.000000000000000000e+00
3.043858289718627930e+00 -1.548913764953613281e+01 0.000000000000000000e+00
-1.392176818847656250e+01 -1.046618652343750000e+01 0.000000000000000000e+00
1.093541145324707031e+01 -7.883831024169921875e+00 0.000000000000000000e+00
-7.623312950134277344e+00 -1.322618675231933594e+01 0.000000000000000000e+00
-1.181536555290222168e+00 -1.321876621246337891e+01 0.000000000000000000e+00
4.326127529144287109e+00 1.217664527893066406e+01 0.000000000000000000e+00
6.879277229309082031e+00 8.701415061950683594e+00 0.000000000000000000e+00
-1.656162071228027344e+01 -4.139185428619384766e+00 0.000000000000000000e+00
1.425852394104003906e+01 -9.800300598144531250e+00 0.000000000000000000e+00
4.187515258789062500e+00 -1.254304981231689453e+01 0.000000000000000000e+00
-2.461800575256347656e-01 4.757179260253906250e+00 0.000000000000000000e+00
