-1.295231819152832031e+01 -5.943487167358398438e+00 0.000000000000000000e+00
-6.580276489257812500e+00 8.194183349609375000e+00 0.000000000000000000e+00
1.066764950752258301e+00 -6.453694343566894531e+00 0.000000000000000000e+00
1.977974057197570801e+00 -9.635734558105468750e+00 0.000000000000000000e+00
6.193206310272216797e+00 -2.415472507476806641e+00 0.000000000000000000e+00
1.125138473510742188e+01 2.463079541921615601e-01 0.000000000000000000e+00
1.584444236755371094e+01 -6.131983399391174316e-01 0.000000000000000000e+00
1.049070262908935547e+01 6.524464607238769531e+00 0.000000000000000000e+00
1.295728397369384766e+01 2.759573221206665039e+00 0.000000000000000000e+00
1.165008926391601562e+01 -6.733200550079345703e+00 0.000000000000000000e+00
-2.971397876739501953e+00 -1.433581924438476562e+01 0.000000000000000000e+00
3.316558837890625000e+00 6.246792793273925781e+00 0.000000000000000000e+00
-5.893259048461914062e+00 -1.516409683227539062e+01 0.000000000000000000e+00
5.557998657226562500e+00 -1.587889289855957031e+01 0.000000000000000000e+00
-1.445629501342773438e+01 6.843539714813232422e+00 0.000000000000000000e+00
-1.163019466400146484e+01 5.755822181701660156e+00 0.000000000000000000e+00
-2.537951469421386719e+00 1.782768845558166504e+00 0.000000000000000000e+00
5.079785346984863281e+00 2.450177907943725586e+00 0.000000000000000000e+00
1.572052860260009766e+01 7.432512760162353516e+00 0.000000000000000000e+00
1.384623146057128906e+01 1.065752506256103516e+01 0.000000000000000000e+00
7.594566792249679565e-03 -1.137579727172851562e+01 0.000000000000000000e+00
-3.711703300476074219e+00 -7.973470211029052734e+00 0.000000000000000000e+00
9.011036872863769531e+00 -8.503865242004394531e+00 0.000000000000000000e+00
3.176558256149291992e+00 -1.233309173583984375e+01 0.000000000000000000e+00
-8.645589828491210938e+00 6.405613422393798828e+00 0.000000000000000000e+00
-1.264138317108154297e+01 -7.781597614288330078e+00 0.000000000000000000e+00
8.735280990600585938e+00 -5.279956817626953125e+00 0.000000000000000000e+00
4.412195682525634766e+00 -1.424810218811035156e+01 0.000000000000000000e+00
1.531514263153076172e+01 3.363929271697998047e+00 0.000000000000000000e+00
5.194587707519531250e+00 9.344861656427383423e-02 0.000000000000000000e+00
2.256616353988647461e+00 8.761417388916015625e+00 0.000000000000000000e+00
-8.921488761901855469e+00 -4.977987766265869141e+00 0.000000000000000000e+00
2.128877401351928711e+00 -3.305116415023803711e+00 0.000000000000000000e+00
-4.355702877044677734e+00 1.335853004455566406e+01 0.000000000000000000e+00
-9.648253440856933594e+00 1.003090667724609375e+01 0.000000000000000000e+00
-5.089969635009765625e+00 5.363754272460937500e+00 0.000000000000000000e+00
-3.586835861206054688e+00 3.568635940551757812e+00 0.000000000000000000e+00
3.293231725692749023e+00 8.448582291603088379e-01 0.000000000000000000e+00
-1.369631385803222656e+01 3.345587253570556641e+00 0.000000000000000000e+00
5.996301174163818359e+00 1.320167446136474609e+01 0.000000000000000000e+00
1.326413249969482422e+01 1.478304266929626465e-01 0.000000000000000000e+00
9.982721328735351562e+00 1.095362091064453125e+01 0.000000000000000000e+00
9.679209709167480469e+00 -2.346192121505737305e+00 0.000000000000000000e+00
7.261740684509277344e+00 1.630214095115661621e+00 0.000000000000000000e+00
-4.899872779846191406e+00 9.083163261413574219e+00 0.000000000000000000e+00
4.887610375881195068e-01 -1.446092700958251953e+01 0.000000000000000000e+00
-2.345527172088623047e+00 5.703677177429199219e+00 0.000000000000000000e+00
-1.071364402770996094e+01 4.361060142517089844e+00 0.000000000000000000e+00
-4.191626548767089844e+00 -1.610226511955261230e+00 0.000000000000000000e+00
-9.167822599411010742e-01 7.243670463562011719e+00 0.000000000000000000e+00
-1.790749669075012207e+00 1.013273620605468750e+01 0.000000000000000000e+00
4.211962699890136719e+00 4.166152477264404297e+00 0.000000000000000000e+00
-1.239538860321044922e+01 -1.025780010223388672e+01 0.000000000000000000e+00
-1.447602176666259766e+01 -7.707721233367919922e+00 0.000000000000000000e+00
9.383905410766601562e+00 3.296083211898803711e+00 0.000000000000000000e+00
-2.621975421905517578e+00 -1.257625675201416016e+01 0.000000000000000000e+00
-7.470817565917968750e+00 -1.111806392669677734e+01 0.000000000000000000e+00
-7.403018951416015625e+00 -3.583414554595947266e+00 0.000000000000000000e+00
-5.288191795349121094e+00 -9.263088226318359375e+00 0.000000000000000000e+00
5.347107410430908203e+00 -1.241866016387939453e+01 0.000000000000000000e+00
7.211509704589843750e+00 9.259794235229492188e+00 0.000000000000000000e+00
1.581183242797851562e+01 -5.613727569580078125e+00 0.000000000000000000e+00
9.047200083732604980e-01 1.211495399475097656e+01 0.000000000000000000e+00
5.661482334136962891e+00 1.535109138488769531e+01 0.000000000000000000e+00
3.091678857803344727e+00 1.050198173522949219e+01 0.000000000000000000e+00
1.603315353393554688e+01 -2.857314825057983398e+00 0.000000000000000000e+00
-4.804491519927978516e+00 2.087329626083374023e+00 0.000000000000000000e+00
1.409258651733398438e+01 -6.548718929290771484e+00 0.000000000000000000e+00
-6.841427326202392578e+00 -1.374165821075439453e+01 0.000000000000000000e+00
-3.131671428680419922e+00 1.473607826232910156e+01 0.000000000000000000e+00
7.882802963256835938e+00 -1.505791664123535156e+01 0.000000000000000000e+00
-6.843836307525634766e+00 1.486690998077392578e+00 0.000000000000000000e+00
1.175385379791259766e+01 4.749574184417724609e+00 0.000000000000000000e+00
1.380203151702880859e+01 -1.313649535179138184e+00 0.000000000000000000e+00
-1.735767555236816406e+01 7.593472003936767578e-01 0.000000000000000000e+00
-3.914236783981323242e+00 1.165048217773437500e+01 0.000000000000000000e+00
1.204902648925781250e+01 8.871599197387695312e+00 0.000000000000000000e+00
1.124534368515014648e+00 -4.619352340698242188e+00 0.000000000000000000e+00
-8.671460151672363281e+00 -1.018908214569091797e+01 0.000000000000000000e+00
-1.033724212646484375e+01 -9.799431800842285156e+00 0.000000000000000000e+00
-1.178075194358825684e+00 -6.650210857391357422e+00 0.000000000000000000e+00
1.474748849868774414e+00 1.363971042633056641e+01 0.000000000000000000e+00
9.885682106018066406e+00 -6.843233585357666016e+00 0.000000000000000000e+00
-1.187464904785156250e+01 3.285176277160644531e+00 0.000000000000000000e+00
-5.912200450897216797e+00 1.135521316528320312e+01 0.000000000000000000e+00
1.481343460083007812e+01 1.463206410408020020e+00 0.000000000000000000e+00
7.931201934814453125e+00 7.172866344451904297e+00 0.000000000000000000e+00
-1.157313156127929688e+01 1.298353481292724609e+01 0.000000000000000000e+00
1.453274822235107422e+01 8.965460777282714844e+00 0.000000000000000000e+00
1.142173767089843750e+01 -1.030582237243652344e+01 0.000000000000000000e+00
-1.028543567657470703e+01 8.103936195373535156e+00 0.000000000000000000e+00
-7.174342155456542969e+00 1.351631641387939453e+01 0.000000000000000000e+00
8.659199714660644531e+00 -1.143340468406677246e+00 0.000000000000000000e+00
7.569593429565429688e+00 1.277428245544433594e+01 0.000000000000000000e+00
-2.849650859832763672e+00 -1.630163574218750000e+01 0.000000000000000000e+00
9.896903038024902344e+00 -1.138148403167724609e+01 0.000000000000000000e+00
-1.439775824546813965e+00 1.224295711517333984e+01 0.000000000000000000e+00
6.002850055694580078e+00 -7.340362548828125000e+00 0.000000000000000000e+00
-3.581383466720581055e+00 -4.990317821502685547e+00 0.000000000000000000e+00
-1.272817039489746094e+01 9.552232742309570312e+00 0.000000000000000000e+00
1.218046188354492188e+01 1.043290328979492188e+01 0.000000000000000000e+00
-1.158247661590576172e+01 -4.399096488952636719e+00 0.000000000000000000e+00
2.890832722187042236e-01 -8.529953002929687500e+00 0.000000000000000000e+00
-1.163543701171875000e+00 -1.453658962249755859e+01 0.000000000000000000e+00
-1.354313278198242188e+01 4.964157044887542725e-01 0.000000000000000000e+00
7.836730957031250000e+00 4.392313480377197266e+00 0.000000000000000000e+00
1.359871745109558105e+00 1.686173057556152344e+01 0.000000000000000000e+00
7.627642154693603516e+00 -1.286053085327148438e+01 0.000000000000000000e+00
-5.906237125396728516e+00 -4.965314388275146484e+00 0.000000000000000000e+00
-4.345664978027343750e-01 -5.120883941650390625e+00 0.000000000000000000e+00
1.126946568489074707e+00 6.841422557830810547e+00 0.000000000000000000e+00
9.529590606689453125e+00 -1.343389797210693359e+01 0.000000000000000000e+00
-3.873157262802124023e+00 6.588458061218261719e+00 0.000000000000000000e+00
-1.673585891723632812e+01 4.242925643920898438e+00 0.000000000000000000e+00
8.144008636474609375e+00 1.485680580139160156e+01 0.000000000000000000e+00
-7.831072211265563965e-01 9.048554301261901855e-02 0.000000000000000000e+00
2.423474788665771484e+00 -1.241559863090515137e+00 0.000000000000000000e+00
-7.453945159912109375e+00 -7.026314735412597656e-01 0.000000000000000000e+00
9.687607765197753906e+00 1.286457252502441406e+01 0.000000000000000000e+00
9.250088691711425781e+00 8.689908027648925781e+00 0.000000000000000000e+00
1.088287711143493652e+00 -1.714428901672363281e+01 0.000000000000000000e+00
2.010169506072998047e+00 -1.527648639678955078e+01 0.000000000000000000e+00
3.197385311126708984e+00 1.295219993591308594e+01 0.000000000000000000e+00
-2.797444820404052734e+00 -9.781509399414062500e+00 0.000000000000000000e+00
-5.947938442230224609e+00 -7.154357910156250000e+00 0.000000000000000000e+00
-1.581493949890136719e+01 -2.525621414184570312e+00 0.000000000000000000e+00
-1.011973285675048828e+01 1.204901599884033203e+01 0.000000000000000000e+00
-9.574078559875488281e+00 -1.158919239044189453e+01 0.000000000000000000e+00
1.296765422821044922e+01 -9.015425682067871094e+00 0.000000000000000000e+00
3.817348480224609375e+00 -3.553944826126098633e+00 0.000000000000000000e+00
1.302610683441162109e+01 -2.892963171005249023e+00 0.000000000000000000e+00
9.877323150634765625e+00 9.252205491065979004e-01 0.000000000000000000e+00
1.038252258300781250e+01 -9.161087989807128906e+00 0.000000000000000000e+00
-4.166368007659912109e+00 1.672607994079589844e+01 0.000000000000000000e+00
-1.248459243774414062e+01 -1.496353983879089355e+00 0.000000000000000000e+00
-6.100665569305419922e+00 -1.224877834320068359e+01 0.000000000000000000e+00
-1.113939476013183594e+01 -1.323906135559082031e+01 0.000000000000000000e+00
-8.916985511779785156e+00 4.695618629455566406e+00 0.000000000000000000e+00
2.989890813827514648e+00 -1.708308410644531250e+01 0.000000000000000000e+00
-1.608018517494201660e+00 3.365989923477172852e+00 0.000000000000000000e+00
-9.913913726806640625e+00 -1.778480112552642822e-01 0.000000000000000000e+00
-1.011315917968750000e+01 1.357299518585205078e+01 0.000000000000000000e+00
-6.161920428276062012e-01 -1.303201198577880859e+01 0.000000000000000000e+00
-9.161265373229980469e+00 -2.979687213897705078e+00 0.000000000000000000e+00
7.820237159729003906e+00 -3.928295135498046875e+00 0.000000000000000000e+00
1.692160415649414062e+01 1.497537374496459961e+00 0.000000000000000000e+00
9.395779371261596680e-01 1.414373397827148438e+00 0.000000000000000000e+00
1.221278476715087891e+01 1.199701690673828125e+01 0.000000000000000000e+00
-8.273089408874511719e+00 -6.688353061676025391e+00 0.000000000000000000e+00
5.763060092926025391e+00 6.375744342803955078e+00 0.000000000000000000e+00
1.279469108581542969e+01 -5.330844879150390625e+00 0.000000000000000000e+00
3.702567338943481445e+00 -7.937650680541992188e+00 0.000000000000000000e+00
-8.766099929809570312e+00 2.978256702423095703e+00 0.000000000000000000e+00
-4.472330570220947266e+00 -1.420947360992431641e+01 0.000000000000000000e+00
-6.870133399963378906e+00 5.787594795227050781e+00 0.000000000000000000e+00
1.031893157958984375e+01 -4.426531791687011719e+00 0.000000000000000000e+00
-6.688420295715332031e+00 3.413091182708740234e+00 0.000000000000000000e+00
1.881545543670654297e+00 3.415535449981689453e+00 0.000000000000000000e+00
-1.032045483589172363e-01 3.834290742874145508e+00 0.000000000000000000e+00
5.262642383575439453e+00 -4.323396205902099609e+00 0.000000000000000000e+00
-1.567389106750488281e+01 2.114784002304077148e+00 0.000000000000000000e+00
-6.575848460197448730e-01 1.429520893096923828e+01 0.000000000000000000e+00
-4.930331230163574219e+00 1.514481258392333984e+01 0.000000000000000000e+00
-1.238925743103027344e+01 1.112210655212402344e+01 0.000000000000000000e+00
6.644518375396728516e+00 1.156611156463623047e+01 0.000000000000000000e+00
-1.144433879852294922e+01 9.131024479866027832e-01 0.000000000000000000e+00
-1.515705108642578125e+01 -1.055323481559753418e+00 0.000000000000000000e+00
1.348854827880859375e+01 6.402996063232421875e+00 0.000000000000000000e+00
1.363056898117065430e+00 1.053557682037353516e+01 0.000000000000000000e+00
-1.045261478424072266e+01 2.366462945938110352e+00 0.000000000000000000e+00
-1.554520034790039062e+01 -6.123164176940917969e+00 0.000000000000000000e+00
-1.376420497894287109e+01 -2.923848152160644531e+00 0.000000000000000000e+00
5.638040542602539062e+00 -1.027315998077392578e+01 0.000000000000000000e+00
-1.898388743400573730e+00 -8.298888206481933594e+00 0.000000000000000000e+00
8.447875022888183594e+00 1.118049240112304688e+01 0.000000000000000000e+00
-2.813213348388671875e+00 -3.127278089523315430e+00 0.000000000000000000e+00
2.608353137969970703e+00 -5.599115848541259766e+00 0.000000000000000000e+00
1.148276805877685547e+00 4.920214176177978516e+00 0.000000000000000000e+00
-1.152164268493652344e+01 -2.717936038970947266e+00 0.000000000000000000e+00
-1.322320938110351562e+01 8.087043762207031250e+00 0.000000000000000000e+00
1.502387428283691406e+01 4.951757431030273438e+00 0.000000000000000000e+00
-1.611748456954956055e+00 1.720380783081054688e+01 0.000000000000000000e+00
-1.560813140869140625e+01 -4.612723350524902344e+00 0.000000000000000000e+00
4.852032184600830078e+00 1.141507434844970703e+01 0.000000000000000000e+00
-2.461086034774780273e+00 -1.008146047592163086e+00 0.000000000000000000e+00
-1.244459748268127441e+00 -3.814535379409790039e+00 0.000000000000000000e+00
1.087210083007812500e+01 -1.302616000175476074e+00 0.000000000000000000e+00
-3.592155575752258301e-01 -1.596710085868835449e+00 0.000000000000000000e+00
-1.602597427368164062e+01 5.862388610839843750e+00 0.000000000000000000e+00
-4.285048961639404297e+00 -1.074969100952148438e+01 0.000000000000000000e+00
-1.467557811737060547e+01 9.182228088378906250e+00 0.000000000000000000e+00
7.802559852600097656e+00 -9.920588493347167969e+00 0.000000000000000000e+00
-3.368788361549377441e-01 1.629166221618652344e+01 0.000000000000000000e+00
1.623698949813842773e+00 -1.247080802917480469e+01 0.000000000000000000e+00
1.340909576416015625e+01 4.311944484710693359e+00 0.000000000000000000e+00
-6.040266752243041992e-01 -1.649860954284667969e+01 0.000000000000000000e+00
-6.020527362823486328e+00 -1.509618878364562988e+00 0.000000000000000000e+00
-1.308949089050292969e+01 6.125749588012695312e+00 0.000000000000000000e+00
-9.076484680175781250e+00 1.493224334716796875e+01 0.000000000000000000e+00
-1.026024055480957031e+01 -6.240579128265380859e+00 0.000000000000000000e+00
3.835211038589477539e+00 1.621718025207519531e+01 0.000000000000000000e+00
-4.389875888824462891e+00 -1.599555206298828125e+01 0.000000000000000000e+00
-8.477001190185546875e+00 1.237318611145019531e+01 0.000000000000000000e+00
1.444590473175048828e+01 -3.504531383514404297e+00 0.000000000000000000e+00
-7.399470806121826172e+00 1.575714302062988281e+01 0.000000000000000000e+00
-8.663364410400390625e+00 -1.324874305725097656e+01 0.000000000000000000e+00
7.303876876831054688e+00 -6.554023265838623047e+00 0.000000000000000000e+00
3.603318214416503906e+00 -1.014288425445556641e+01 0.000000000000000000e+00
5.087888717651367188e+00 9.838068008422851562e+00 0.000000000000000000e+00
-5.343993186950683594e+00 -1.411731690168380737e-01 0.000000000000000000e+00
-1.426834297180175781e+01 4.782705783843994141e+00 0.000000000000000000e+00
1.116594791412353516e+01 -2.973913192749023438e+00 0.000000000000000000e+00
-9.830253601074218750e+00 -7.719842910766601562e+00 0.000000000000000000e+00
1.485910129547119141e+01 -7.843221187591552734e+00 0.000000000000000000e+00
2.973175942897796631e-01 8.157263755798339844e+00 0.000000000000000000e+00
-1.173912239074707031e+01 -1.161598491668701172e+01 0.000000000000000000e+00
-7.478076457977294922e+00 1.055550575256347656e+01 0.000000000000000000e+00
-1.683183550834655762e+00 -1.116840267181396484e+01 0.000000000000000000e+00
2.243853330612182617e+00 -7.407483100891113281e+00 0.000000000000000000e+00
1.177537727355957031e+01 -1.223511028289794922e+01 0.000000000000000000e+00
-6.370707154273986816e-01 2.207773685455322266e+00 0.000000000000000000e+00
6.277544498443603516e+00 -1.405233955383300781e+01 0.000000000000000000e+00
2.920790672302246094e+00 2.315220832824707031e+00 0.000000000000000000e+00
5.916735172271728516e+00 4.270106792449951172e+00 0.000000000000000000e+00
3.462070465087890625e+00 7.761807441711425781e+00 0.000000000000000000e+00
-4.750547409057617188e+00 -3.933921098709106445e+00 0.000000000000000000e+00
-2.790787220001220703e+00 7.663763523101806641e+00 0.000000000000000000e+00
-1.012308597564697266e+01 5.761661529541015625e+00 0.000000000000000000e+00
-4.022915661334991455e-02 5.880716800689697266e+00 0.000000000000000000e+00
1.189131832122802734e+01 7.210484504699707031e+00 0.000000000000000000e+00
5.464746952056884766e+00 8.280048370361328125e+00 0.000000000000000000e+00
8.175553679466247559e-01 1.519823169708251953e+01 0.000000000000000000e+00
-7.399729251861572266e+00 -8.167019844055175781e+00 0.000000000000000000e+00
-8.820463180541992188e+00 1.357094287872314453e+00 0.000000000000000000e+00
8.887900352478027344e+00 5.533364772796630859e+00 0.000000000000000000e+00
1.115629768371582031e+01 3.178365945816040039e+00 0.000000000000000000e+00
-1.401658821105957031e+01 -9.552035331726074219e+00 0.000000000000000000e+00
4.625360012054443359e+00 -1.906571507453918457e+00 0.000000000000000000e+00
-8.653751373291015625e+00 8.552255630493164062e+00 0.000000000000000000e+00
-7.703721523284912109e+00 -1.507643699645996094e+01 0.000000000000000000e+00
2.857698678970336914e+00 1.471631622314453125e+01 0.000000000000000000e+00
-2.831749677658081055e+00 -6.412638187408447266e+00 0.000000000000000000e+00
1.410511875152587891e+01 -1.008183383941650391e+01 0.000000000000000000e+00
-1.714076042175292969e+01 2.709009170532226562e+00 0.000000000000000000e+00
4.707804620265960693e-01 -3.046467304229736328e+00 0.000000000000000000e+00
4.496496200561523438e+00 -6.522819042205810547e+00 0.000000000000000000e+00
8.125659942626953125e+00 -1.141223716735839844e+01 0.000000000000000000e+00
-4.425770938396453857e-01 -9.938140869140625000e+00 0.000000000000000000e+00
-3.522503137588500977e+00 1.013132190704345703e+01 0.000000000000000000e+00
-1.577080535888671875e+01 4.015956819057464600e-01 0.000000000000000000e+00
-4.023230075836181641e+00 7.601010203361511230e-01 0.000000000000000000e+00
-1.738400459289550781e+01 -1.858524441719055176e+00 0.000000000000000000e+00
1.056160068511962891e+01 9.485059738159179688e+00 0.000000000000000000e+00
6.587553501129150391e+00 -1.144523429870605469e+01 0.000000000000000000e+00
7.262956142425537109e+00 -1.229156851768493652e-01 0.000000000000000000e+00
7.362208843231201172e+00 -8.230751037597656250e+00 0.000000000000000000e+00
