1.345132255554199219e+01 9.132934570312500000e+00 0.000000000000000000e+00
5.763061046600341797e+00 -7.491517066955566406e+00 0.000000000000000000e+00
-1.722903060913085938e+01 -1.007511019706726074e+00 0.000000000000000000e+00
-4.046560823917388916e-01 1.024060916900634766e+01 0.000000000000000000e+00
-8.204142570495605469e+00 1.371606254577636719e+01 0.000000000000000000e+00
-1.417123985290527344e+01 6.942551136016845703e+00 0.000000000000000000e+00
-1.106052780151367188e+01 -1.766776680946350098e+00 0.000000000000000000e+00
6.711207389831542969e+00 2.932482242584228516e+00 0.000000000000000000e+00
2.376049757003784180e-01 3.170925617218017578e+00 0.000000000000000000e+00
1.577825832366943359e+01 -1.787039637565612793e+00 0.000000000000000000e+00
-1.132743740081787109e+01 -8.710067749023437500e+00 0.000000000000000000e+00
1.544725298881530762e+00 -1.581822633743286133e-01 0.000000000000000000e+00
-1.942963600158691406e+00 1.876800179481506348e+00 0.000000000000000000e+00
7.949878692626953125e+00 -1.739973187446594238e+00 0.000000000000000000e+00
1.616944313049316406e+01 1.995005607604980469e+00 0.000000000000000000e+00
1.698791146278381348e+00 2.642992496490478516e+00 0.000000000000000000e+00
9.920360565185546875e+00 -1.288227176666259766e+01 0.000000000000000000e+00
-3.550769805908203125e+00 -1.538686275482177734e+01 0.000000000000000000e+00
-6.003079414367675781e+00 5.239490509033203125e+00 0.000000000000000000e+00
-1.551149177551269531e+01 -4.394200325012207031e+00 0.000000000000000000e+00
-5.272278189659118652e-01 -1.091481018066406250e+01 0.000000000000000000e+00
-9.821382522583007812e+00 -4.411679744720458984e+00 0.000000000000000000e+00
7.691743850708007812e+00 -1.461217308044433594e+01 0.000000000000000000e+00
1.084251785278320312e+01 1.329134273529052734e+01 0.000000000000000000e+00
8.316573143005371094e+00 -1.258981800079345703e+01 0.000000000000000000e+00
5.027532577514648438e+00 -8.986715316772460938e+00 0.000000000000000000e+00
-7.231638431549072266e+00 -7.907746434211730957e-01 0.000000000000000000e+00
-1.265529537200927734e+01 5.233962059020996094e+00 0.000000000000000000e+00
4.511384963989257812e+00 5.610256195068359375e+00 0.000000000000000000e+00
-7.577321529388427734e+00 9.383192062377929688e+00 0.000000000000000000e+00
-8.462087631225585938e+00 3.093969821929931641e+00 0.000000000000000000e+00
9.886590003967285156e+00 8.187333106994628906e+00 0.000000000000000000e+00
-8.002759933471679688e+00 5.097517967224121094e+00 0.000000000000000000e+00
-2.851398944854736328e+00 5.637067794799804688e+00 0.000000000000000000e+00
-4.542548656463623047e+00 1.289632225036621094e+01 0.000000000000000000e+00
-1.194883632659912109e+01 -1.179903221130371094e+01 0.000000000000000000e+00
8.023035049438476562e+00 9.793618202209472656e+00 0.000000000000000000e+00
9.318511962890625000e+00 -8.280726432800292969e+00 0.000000000000000000e+00
-1.208618545532226562e+01 -5.173845767974853516e+00 0.000000000000000000e+00
1.136056995391845703e+01 1.169585895538330078e+01 0.000000000000000000e+00
-1.585702228546142578e+01 5.775689125061035156e+00 0.000000000000000000e+00
1.337725162506103516e+01 4.764970302581787109e+00 0.000000000000000000e+00
-5.125785827636718750e+00 -1.437564468383789062e+01 0.000000000000000000e+00
-4.553394317626953125e+00 -5.968743801116943359e+00 0.000000000000000000e+00
-8.985169410705566406e+00 8.653289794921875000e+00 0.000000000000000000e+00
1.046798801422119141e+01 -5.562570095062255859e+00 0.000000000000000000e+00
1.165713906288146973e+00 -1.366586971282958984e+01 0.000000000000000000e+00
-6.075093746185302734e+00 -4.829659938812255859e+00 0.000000000000000000e+00
-3.583823919296264648e+00 1.493256378173828125e+01 0.000000000000000000e+00
-1.583751964569091797e+01 1.294492185115814209e-01 0.000000000000000000e+00
-1.190911006927490234e+01 7.577329158782958984e+00 0.000000000000000000e+00
6.509417057037353516e+00 -6.012027740478515625e+00 0.000000000000000000e+00
-4.446821689605712891e+00 7.338703155517578125e+00 0.000000000000000000e+00
-7.313145160675048828e+00 -1.337913894653320312e+01 0.000000000000000000e+00
4.661185264587402344e+00 -4.305522441864013672e+00 0.000000000000000000e+00
-4.284182071685791016e+00 2.683464050292968750e+00 0.000000000000000000e+00
-1.061379051208496094e+01 6.617060184478759766e+00 0.000000000000000000e+00
-3.201873540878295898e+00 1.686166381835937500e+01 0.000000000000000000e+00
5.744977951049804688e+00 -1.611641049385070801e+00 0.000000000000000000e+00
-1.246966266632080078e+01 7.497399449348449707e-01 0.000000000000000000e+00
2.417800664901733398e+00 -1.450395703315734863e+00 0.000000000000000000e+00
-2.441102027893066406e+00 -1.179924106597900391e+01 0.000000000000000000e+00
6.070755958557128906e+00 7.829741954803466797e+00 0.000000000000000000e+00
3.620409965515136719e+00 1.132308673858642578e+01 0.000000000000000000e+00
-1.281417083740234375e+01 -1.145924210548400879e+00 0.000000000000000000e+00
-1.113358783721923828e+01 4.462861537933349609e+00 0.000000000000000000e+00
7.678363323211669922e+00 7.923628330230712891e+00 0.000000000000000000e+00
-9.541183471679687500e+00 -5.956499099731445312e+00 0.000000000000000000e+00
-5.710333824157714844e+00 -1.179706573486328125e+00 0.000000000000000000e+00
2.168974399566650391e+00 1.216909217834472656e+01 0.000000000000000000e+00
6.735476851463317871e-01 -4.582800388336181641e+00 0.000000000000000000e+00
1.481621837615966797e+01 -7.181216239929199219e+00 0.000000000000000000e+00
1.106274509429931641e+01 1.470773458480834961e+00 0.000000000000000000e+00
-1.257795619964599609e+01 1.102103614807128906e+01 0.000000000000000000e+00
-1.621725410223007202e-01 5.239808559417724609e+00 0.000000000000000000e+00
1.171916389465332031e+01 -1.239780998229980469e+01 0.000000000000000000e+00
1.638485336303710938e+01 -2.823764681816101074e-01 0.000000000000000000e+00
1.539983868598937988e+00 -6.775522232055664062e+00 0.000000000000000000e+00
-4.238726198673248291e-01 1.020183786749839783e-01 0.000000000000000000e+00
5.775877475738525391e+00 1.560244655609130859e+01 0.000000000000000000e+00
1.116345977783203125e+01 -1.395906925201416016e+00 0.000000000000000000e+00
9.749878883361816406e+00 -3.280032426118850708e-03 0.000000000000000000e+00
-3.577030420303344727e+00 -4.004570484161376953e+00 0.000000000000000000e+00
-1.890086233615875244e-01 7.814579010009765625e+00 0.000000000000000000e+00
-6.459345817565917969e+00 1.107183361053466797e+01 0.000000000000000000e+00
-3.039224863052368164e+00 9.320483207702636719e+00 0.000000000000000000e+00
1.221286392211914062e+01 8.274700164794921875e+00 0.000000000000000000e+00
1.753525257110595703e+00 7.277382850646972656e+00 0.000000000000000000e+00
-1.719004058837890625e+01 -2.856733798980712891e+00 0.000000000000000000e+00
-6.292385101318359375e+00 1.468639850616455078e+01 0.000000000000000000e+00
-2.634175777435302734e+00 -9.251756072044372559e-01 0.000000000000000000e+00
-1.371609878540039062e+01 -7.356225967407226562e+00 0.000000000000000000e+00
2.769325256347656250e+00 -5.482862472534179688e+00 0.000000000000000000e+00
1.214688396453857422e+01 -1.010287475585937500e+01 0.000000000000000000e+00
-8.553552031517028809e-01 -3.459862947463989258e+00 0.000000000000000000e+00
-2.524932622909545898e+00 -7.476520061492919922e+00 0.000000000000000000e+00
3.761380434036254883e+00 2.726563513278961182e-01 0.000000000000000000e+00
-7.652456760406494141e+00 1.536866545677185059e+00 0.000000000000000000e+00
3.695039033889770508e+00 -1.450233650207519531e+01 0.000000000000000000e+00
1.318103694915771484e+01 -7.780569553375244141e+00 0.000000000000000000e+00
1.481722450256347656e+01 6.922948360443115234e-01 0.000000000000000000e+00
-8.562821149826049805e-01 1.552202892303466797e+01 0.000000000000000000e+00
4.572570323944091797e+00 1.278500175476074219e+01 0.000000000000000000e+00
-1.417193126678466797e+01 3.862578570842742920e-01 0.000000000000000000e+00
-9.931619644165039062e+00 1.028075313568115234e+01 0.000000000000000000e+00
-1.009917354583740234e+01 4.916429221630096436e-01 0.000000000000000000e+00
1.702523231506347656e+01 3.815012216567993164e+00 0.000000000000000000e+00
-1.747800827026367188e+00 -9.016365051269531250e+00 0.000000000000000000e+00
5.782145500183105469e+00 -1.297570800781250000e+01 0.000000000000000000e+00
1.282911682128906250e+01 -2.538754940032958984e+00 0.000000000000000000e+00
4.049476623535156250e+00 1.958674192428588867e+00 0.000000000000000000e+00
-8.775419235229492188e+00 6.612549304962158203e+00 0.000000000000000000e+00
-1.203212976455688477e+00 -5.044103622436523438e+00 0.000000000000000000e+00
2.162094354629516602e+00 -1.698123741149902344e+01 0.000000000000000000e+00
1.258077716827392578e+01 1.535440981388092041e-02 0.000000000000000000e+00
8.298535346984863281e+00 8.235765695571899414e-01 0.000000000000000000e+00
-1.107291340827941895e+00 1.328704833984375000e+01 0.000000000000000000e+00
-3.412275075912475586e+00 -1.353940391540527344e+01 0.000000000000000000e+00
1.149996662139892578e+01 -7.263854980468750000e+00 0.000000000000000000e+00
-5.806305408477783203e+00 3.493358373641967773e+00 0.000000000000000000e+00
-1.573925113677978516e+01 -2.020329475402832031e+00 0.000000000000000000e+00
1.526316356658935547e+01 3.656564474105834961e+00 0.000000000000000000e+00
2.077183485031127930e+00 -3.066443204879760742e+00 0.000000000000000000e+00
4.172189712524414062e+00 -1.216334819793701172e+01 0.000000000000000000e+00
8.426041603088378906e+00 1.508757400512695312e+01 0.000000000000000000e+00
-4.050410091876983643e-01 -1.655323600769042969e+01 0.000000000000000000e+00
-8.372305870056152344e+00 -3.538625717163085938e+00 0.000000000000000000e+00
-8.234581947326660156e+00 -7.052880764007568359e+00 0.000000000000000000e+00
1.577603340148925781e+01 6.889634609222412109e+00 0.000000000000000000e+00
-4.425270557403564453e+00 -1.042633724212646484e+01 0.000000000000000000e+00
1.770362019538879395e+00 1.641315841674804688e+01 0.000000000000000000e+00
1.312290668487548828e+01 -5.065683841705322266e+00 0.000000000000000000e+00
-9.344856262207031250e+00 -1.219287776947021484e+01 0.000000000000000000e+00
7.134125232696533203e+00 -8.418224334716796875e+00 0.000000000000000000e+00
4.277756690979003906e+00 -1.611765289306640625e+01 0.000000000000000000e+00
1.324679470062255859e+01 1.081742191314697266e+01 0.000000000000000000e+00
-5.014864921569824219e+00 7.544696331024169922e-01 0.000000000000000000e+00
2.678880214691162109e+00 -7.822101593017578125e+00 0.000000000000000000e+00
1.184750080108642578e+01 -3.940721273422241211e+00 0.000000000000000000e+00
-9.777802467346191406e+00 2.178364276885986328e+00 0.000000000000000000e+00
-2.165129899978637695e+00 3.868230104446411133e+00 0.000000000000000000e+00
1.004953622817993164e+00 8.983627319335937500e+00 0.000000000000000000e+00
6.049268245697021484e+00 6.257637500762939453e+00 0.000000000000000000e+00
-2.065806865692138672e+00 -1.727865409851074219e+01 0.000000000000000000e+00
-9.736909866333007812e+00 1.408278751373291016e+01 0.000000000000000000e+00
-1.437790203094482422e+01 2.829133987426757812e+00 0.000000000000000000e+00
4.209752082824707031e+00 1.638242721557617188e+01 0.000000000000000000e+00
8.966825485229492188e+00 6.826357841491699219e+00 0.000000000000000000e+00
1.247639656066894531e+01 3.469513177871704102e+00 0.000000000000000000e+00
6.798359394073486328e+00 -1.174025630950927734e+01 0.000000000000000000e+00
-1.024796772003173828e+01 -9.940896987915039062e+00 0.000000000000000000e+00
-1.240492439270019531e+01 -3.093757629394531250e+00 0.000000000000000000e+00
1.023443508148193359e+01 5.564396858215332031e+00 0.000000000000000000e+00
-9.499336242675781250e+00 -1.433045768737792969e+01 0.000000000000000000e+00
1.355619049072265625e+01 1.601954460144042969e+00 0.000000000000000000e+00
1.079170227050781250e+01 1.011233043670654297e+01 0.000000000000000000e+00
-7.937624931335449219e+00 -1.078475284576416016e+01 0.000000000000000000e+00
-5.891957759857177734e+00 7.949837207794189453e+00 0.000000000000000000e+00
-6.118113994598388672e+00 1.835649847984313965e+00 0.000000000000000000e+00
-1.082578372955322266e+01 1.301540470123291016e+01 0.000000000000000000e+00
1.294497394561767578e+01 6.624079704284667969e+00 0.000000000000000000e+00
-4.327906131744384766e+00 -8.376968383789062500e+00 0.000000000000000000e+00
-1.220485877990722656e+01 -7.062110900878906250e+00 0.000000000000000000e+00
-6.726273059844970703e+00 -1.605302619934082031e+01 0.000000000000000000e+00
-1.450322055816650391e+01 9.055994033813476562e+00 0.000000000000000000e+00
-4.609601974487304688e+00 9.702941894531250000e+00 0.000000000000000000e+00
-5.085560798645019531e+00 1.589026355743408203e+01 0.000000000000000000e+00
3.201284885406494141e+00 9.139423370361328125e+00 0.000000000000000000e+00
7.106979846954345703e+00 1.422767257690429688e+01 0.000000000000000000e+00
3.652795791625976562e+00 -2.821538448333740234e+00 0.000000000000000000e+00
3.800392389297485352e+00 3.597025871276855469e+00 0.000000000000000000e+00
9.030561447143554688e+00 -6.743379116058349609e+00 0.000000000000000000e+00
-9.888374805450439453e-01 -7.391126155853271484e+00 0.000000000000000000e+00
8.404237747192382812e+00 5.047785282135009766e+00 0.000000000000000000e+00
-9.296668052673339844e+00 1.231667804718017578e+01 0.000000000000000000e+00
-4.236221313476562500e+00 4.379348278045654297e+00 0.000000000000000000e+00
1.399142742156982422e+01 -3.714442014694213867e+00 0.000000000000000000e+00
1.179350495338439941e+00 -1.035169982910156250e+01 0.000000000000000000e+00
5.834182262420654297e+00 -1.646512985229492188e+01 0.000000000000000000e+00
1.653297233581542969e+01 -5.234651565551757812e+00 0.000000000000000000e+00
-1.096675300598144531e+01 8.857221603393554688e+00 0.000000000000000000e+00
1.268037796020507812e+00 4.554689407348632812e+00 0.000000000000000000e+00
6.083572387695312500e+00 -1.458019065856933594e+01 0.000000000000000000e+00
-8.307151794433593750e+00 -9.103946685791015625e+00 0.000000000000000000e+00
-6.769761562347412109e+00 -7.606829166412353516e+00 0.000000000000000000e+00
-1.110738372802734375e+01 -1.339813137054443359e+01 0.000000000000000000e+00
-2.329416751861572266e+00 1.238903141021728516e+01 0.000000000000000000e+00
8.817233443260192871e-01 1.135865879058837891e+01 0.000000000000000000e+00
-6.263055205345153809e-01 -1.484869766235351562e+01 0.000000000000000000e+00
1.043502235412597656e+01 -1.070025157928466797e+01 0.000000000000000000e+00
-1.425886726379394531e+01 -8.920001029968261719e+00 0.000000000000000000e+00
6.965632438659667969e+00 1.109633827209472656e+01 0.000000000000000000e+00
5.649387836456298828e+00 2.904125452041625977e-01 0.000000000000000000e+00
-1.288473129272460938e+01 9.214503288269042969e+00 0.000000000000000000e+00
3.146120071411132812e+00 1.338744926452636719e+01 0.000000000000000000e+00
8.497220993041992188e+00 1.240404415130615234e+01 0.000000000000000000e+00
6.219826221466064453e+00 -1.000176048278808594e+01 0.000000000000000000e+00
6.866796016693115234e+00 -3.429159641265869141e+00 0.000000000000000000e+00
1.074278116226196289e+00 -1.551761627197265625e+01 0.000000000000000000e+00
-4.104373455047607422e+00 -1.195634174346923828e+01 0.000000000000000000e+00
-6.007771968841552734e+00 -9.205419540405273438e+00 0.000000000000000000e+00
-9.210114479064941406e+00 -1.979046463966369629e+00 0.000000000000000000e+00
-1.677055740356445312e+01 2.029125452041625977e+00 0.000000000000000000e+00
-1.408181095123291016e+01 -2.782077550888061523e+00 0.000000000000000000e+00
-7.133198261260986328e+00 6.963367938995361328e+00 0.000000000000000000e+00
3.164293527603149414e+00 1.512133407592773438e+01 0.000000000000000000e+00
1.077251881361007690e-01 1.625117659568786621e+00 0.000000000000000000e+00
-2.862570762634277344e+00 -5.664992809295654297e+00 0.000000000000000000e+00
8.738192558288574219e+00 -3.779576778411865234e+00 0.000000000000000000e+00
5.103301048278808594e+00 9.956583976745605469e+00 0.000000000000000000e+00
1.396946716308593750e+01 -1.011042714118957520e+00 0.000000000000000000e+00
-2.818331718444824219e+00 1.083976078033447266e+01 0.000000000000000000e+00
1.091613388061523438e+01 4.173321723937988281e+00 0.000000000000000000e+00
1.493321037292480469e+01 5.353518962860107422e+00 0.000000000000000000e+00
1.733869791030883789e+00 -1.213994216918945312e+01 0.000000000000000000e+00
8.617794990539550781e+00 2.439699649810791016e+00 0.000000000000000000e+00
8.012658119201660156e+00 -1.019860649108886719e+01 0.000000000000000000e+00
1.018321895599365234e+01 -2.693387985229492188e+00 0.000000000000000000e+00
-5.849529743194580078e+00 -1.293317031860351562e+01 0.000000000000000000e+00
-1.737102508544921875e+01 5.967044830322265625e-01 0.000000000000000000e+00
3.982230186462402344e+00 7.285829544067382812e+00 0.000000000000000000e+00
-1.990627884864807129e+00 -2.453589677810668945e+00 0.000000000000000000e+00
-6.381617069244384766e+00 -1.140363502502441406e+01 0.000000000000000000e+00
-1.606974220275878906e+01 -6.302523136138916016e+00 0.000000000000000000e+00
4.543970897793769836e-02 -8.916788101196289062e+00 0.000000000000000000e+00
1.405480384826660156e+01 -1.005292320251464844e+01 0.000000000000000000e+00
7.197427153587341309e-01 1.439427947998046875e+01 0.000000000000000000e+00
4.175650596618652344e+00 -7.397191047668457031e+00 0.000000000000000000e+00
-8.052920341491699219e+00 -1.514976215362548828e+01 0.000000000000000000e+00
-3.661448955535888672e+00 -2.202072858810424805e+00 0.000000000000000000e+00
-5.314332619309425354e-02 -1.253893661499023438e+01 0.000000000000000000e+00
-6.343427658081054688e+00 -2.992951869964599609e+00 0.000000000000000000e+00
-2.872661828994750977e+00 -1.008840751647949219e+01 0.000000000000000000e+00
-3.403332233428955078e-01 -1.892260193824768066e+00 0.000000000000000000e+00
2.829928636550903320e+00 -1.018313598632812500e+01 0.000000000000000000e+00
-1.664912223815917969e+01 3.793927669525146484e+00 0.000000000000000000e+00
-1.135203170776367188e+01 2.415265798568725586e+00 0.000000000000000000e+00
-2.742152214050292969e+00 7.755189418792724609e+00 0.000000000000000000e+00
-1.431584358215332031e+01 4.406439781188964844e+00 0.000000000000000000e+00
1.480401802062988281e+01 8.453298568725585938e+00 0.000000000000000000e+00
-1.590463638305664062e+00 1.736809158325195312e+01 0.000000000000000000e+00
2.875739336013793945e+00 5.745295047760009766e+00 0.000000000000000000e+00
-8.414587974548339844e+00 1.077318954467773438e+01 0.000000000000000000e+00
4.599989891052246094e+00 -1.047679996490478516e+01 0.000000000000000000e+00
-9.652128219604492188e+00 -7.640010833740234375e+00 0.000000000000000000e+00
-8.886700868606567383e-02 1.692492294311523438e+01 0.000000000000000000e+00
-1.274236011505126953e+01 3.364416360855102539e+00 0.000000000000000000e+00
-1.297598266601562500e+01 -1.011060142517089844e+01 0.000000000000000000e+00
-4.907732009887695312e+00 -1.651954650878906250e+01 0.000000000000000000e+00
-1.385801601409912109e+01 -4.887454986572265625e+00 0.000000000000000000e+00
1.113951492309570312e+01 -8.975374221801757812e+00 0.000000000000000000e+00
-1.630824327468872070e+00 -1.346469688415527344e+01 0.000000000000000000e+00
-7.390988349914550781e+00 1.585374164581298828e+01 0.000000000000000000e+00
1.721443748474121094e+01 -2.523980379104614258e+00 0.000000000000000000e+00
-1.341064453125000000e+00 6.455513477325439453e+00 0.000000000000000000e+00
1.469192123413085938e+01 -8.679666519165039062e+00 0.000000000000000000e+00
