-1.316388416290283203e+01 9.446212768554687500e+00 0.000000000000000000e+00
-9.422935843467712402e-01 -1.027874946594238281e+01 0.000000000000000000e+00
8.083435058593750000e+00 -1.608497619628906250e+00 0.000000000000000000e+00
-1.539849090576171875e+01 -3.967402219772338867e+00 0.000000000000000000e+00
-6.784321784973144531e+00 -6.648529052734375000e+00 0.000000000000000000e+00
6.506808280944824219e+00 5.703937530517578125e+00 0.000000000000000000e+00
-4.334461390972137451e-01 1.067139053344726562e+01 0.000000000000000000e+00
-1.054016494750976562e+01 -1.282999992370605469e+01 0.000000000000000000e+00
-3.714586496353149414e+00 -3.797363996505737305e+00 0.000000000000000000e+00
8.559845089912414551e-01 -1.426859951019287109e+01 0.000000000000000000e+00
9.504336357116699219e+00 -1.000285625457763672e+01 0.000000000000000000e+00
3.107649326324462891e+00 9.349836349487304688e+00 0.000000000000000000e+00
-1.261338901519775391e+01 -1.069154739379882812e+01 0.000000000000000000e+00
1.270321655273437500e+01 -8.514385223388671875e+00 0.000000000000000000e+00
3.336623907089233398e-01 9.266622662544250488e-01 0.000000000000000000e+00
1.434503555297851562e+01 3.261265277862548828e+00 0.000000000000000000e+00
1.030121898651123047e+01 4.537741184234619141e+00 0.000000000000000000e+00
3.318286180496215820e+00 -3.145911931991577148e+00 0.000000000000000000e+00
-1.095386123657226562e+01 -8.384549140930175781e+00 0.000000000000000000e+00
-4.243883609771728516e+00 2.260558366775512695e+00 0.000000000000000000e+00
9.164024353027343750e+00 1.142169094085693359e+01 0.000000000000000000e+00
1.114181423187255859e+01 2.009995460510253906e+00 0.000000000000000000e+00
4.653170585632324219e+00 -1.651909649372100830e-01 0.000000000000000000e+00
5.052876949310302734e+00 -4.312494277954101562e+00 0.000000000000000000e+00
4.441892147064208984e+00 -1.529356384277343750e+01 0.000000000000000000e+00
-5.428420543670654297e+00 9.559126853942871094e+00 0.000000000000000000e+00
3.773868560791015625e+00 1.560196399688720703e+01 0.000000000000000000e+00
-1.152510261535644531e+01 6.386134624481201172e+00 0.000000000000000000e+00
1.680171203613281250e+01 -4.299136161804199219e+00 0.000000000000000000e+00
5.869959831237792969e+00 1.320849180221557617e+00 0.000000000000000000e+00
6.688853740692138672e+00 1.521282100677490234e+01 0.000000000000000000e+00
-1.240603351593017578e+01 -2.582569122314453125e+00 0.000000000000000000e+00
-1.262860298156738281e+01 -8.310838699340820312e+00 0.000000000000000000e+00
-1.352377176284790039e+00 6.482323646545410156e+00 0.000000000000000000e+00
-1.016343021392822266e+01 1.314969730377197266e+01 0.000000000000000000e+00
5.550572395324707031e+00 -1.111502647399902344e+01 0.000000000000000000e+00
3.751823306083679199e-01 7.674248218536376953e+00 0.000000000000000000e+00
-3.237972021102905273e+00 1.200076961517333984e+01 0.000000000000000000e+00
2.518064260482788086e+00 1.199112987518310547e+01 0.000000000000000000e+00
1.430710411071777344e+01 -4.400371551513671875e+00 0.000000000000000000e+00
-8.590597510337829590e-01 2.876029729843139648e+00 0.000000000000000000e+00
7.693585872650146484e+00 3.427657365798950195e+00 0.000000000000000000e+00
-9.297101974487304688e+00 -4.818464756011962891e+00 0.000000000000000000e+00
6.196052551269531250e+00 -6.688694953918457031e-01 0.000000000000000000e+00
-1.062286376953125000e+01 -1.084043884277343750e+01 0.000000000000000000e+00
-1.574307084083557129e-01 -7.210528850555419922e+00 0.000000000000000000e+00
-5.593160152435302734e+00 -8.033690452575683594e+00 0.000000000000000000e+00
-1.227011203765869141e+01 3.470800638198852539e+00 0.000000000000000000e+00
6.494535446166992188e+00 1.183394527435302734e+01 0.000000000000000000e+00
-1.134815692901611328e+01 1.111105442047119141e+01 0.000000000000000000e+00
-4.487340450286865234e+00 1.605341529846191406e+01 0.000000000000000000e+00
-9.714495658874511719e+00 -7.398959636688232422e+00 0.000000000000000000e+00
-2.543397665023803711e+00 -8.017133712768554688e+00 0.000000000000000000e+00
3.099536895751953125e+00 1.382084965705871582e+00 0.000000000000000000e+00
-5.290939331054687500e+00 -1.749596834182739258e+00 0.000000000000000000e+00
-1.051377010345458984e+01 -8.396356105804443359e-01 0.000000000000000000e+00
1.563978958129882812e+01 5.654514789581298828e+00 0.000000000000000000e+00
3.417409181594848633e+00 -1.124317741394042969e+01 0.000000000000000000e+00
1.709150433540344238e+00 1.666663169860839844e+01 0.000000000000000000e+00
-2.829628229141235352e+00 -1.230974674224853516e+01 0.000000000000000000e+00
1.033473536372184753e-01 1.692054939270019531e+01 0.000000000000000000e+00
-2.102521419525146484e+00 1.895026087760925293e+00 0.000000000000000000e+00
8.985116958618164062e+00 -5.009570598602294922e+00 0.000000000000000000e+00
-1.385749626159667969e+01 -5.670688152313232422e+00 0.000000000000000000e+00
-2.824418306350708008e+00 3.674335241317749023e+00 0.000000000000000000e+00
6.325963973999023438e+00 -9.492855072021484375e+00 0.000000000000000000e+00
6.562488555908203125e+00 8.965313911437988281e+00 0.000000000000000000e+00
6.230616942048072815e-02 -3.236464738845825195e+00 0.000000000000000000e+00
-6.967000961303710938e+00 3.727849125862121582e-01 0.000000000000000000e+00
-6.232119560241699219e+00 4.655373573303222656e+00 0.000000000000000000e+00
-1.557585048675537109e+01 4.836152076721191406e+00 0.000000000000000000e+00
-1.165760040283203125e+00 -1.373727416992187500e+01 0.000000000000000000e+00
1.581310749053955078e+01 -2.638264298439025879e-01 0.000000000000000000e+00
3.470827102661132812e+00 1.707407760620117188e+01 0.000000000000000000e+00
-8.530847549438476562e+00 1.489599704742431641e+00 0.000000000000000000e+00
-5.774088859558105469e+00 1.328874111175537109e+01 0.000000000000000000e+00
1.162522220611572266e+01 -4.036768436431884766e+00 0.000000000000000000e+00
1.422129154205322266e+01 7.949778079986572266e+00 0.000000000000000000e+00
-2.183004617691040039e+00 8.080801010131835938e+00 0.000000000000000000e+00
9.991176605224609375e+00 1.299352931976318359e+01 0.000000000000000000e+00
9.513558387756347656e+00 1.445617771148681641e+01 0.000000000000000000e+00
-1.077169609069824219e+01 9.050662994384765625e+00 0.000000000000000000e+00
5.070181369781494141e+00 1.080047130584716797e+01 0.000000000000000000e+00
-1.178642940521240234e+01 -4.486276149749755859e+00 0.000000000000000000e+00
4.191078186035156250e+00 5.683811664581298828e+00 0.000000000000000000e+00
1.279451370239257812e+01 -2.732244253158569336e+00 0.000000000000000000e+00
-1.381218910217285156e+01 4.880480766296386719e+00 0.000000000000000000e+00
-7.710714340209960938e+00 -1.184112930297851562e+01 0.000000000000000000e+00
7.440300941467285156e+00 -1.090070152282714844e+01 0.000000000000000000e+00
1.539934158325195312e+01 1.969399571418762207e+00 0.000000000000000000e+00
8.095483779907226562e+00 6.224102973937988281e-01 0.000000000000000000e+00
1.030856227874755859e+01 7.018742561340332031e-01 0.000000000000000000e+00
1.233133029937744141e+01 1.156454563140869141e+01 0.000000000000000000e+00
-6.256264209747314453e+00 -4.137525558471679688e+00 0.000000000000000000e+00
-6.925838470458984375e+00 -1.473545932769775391e+01 0.000000000000000000e+00
-4.280233860015869141e+00 -1.443554401397705078e+01 0.000000000000000000e+00
9.066267967224121094e+00 -1.468784809112548828e+01 0.000000000000000000e+00
1.199115753173828125e+01 7.591742277145385742e-01 0.000000000000000000e+00
-3.011991977691650391e+00 -3.781309723854064941e-01 0.000000000000000000e+00
9.705077171325683594e+00 3.056870460510253906e+00 0.000000000000000000e+00
-9.764962196350097656e+00 2.552643060684204102e+00 0.000000000000000000e+00
-4.546991348266601562e+00 5.038873672485351562e+00 0.000000000000000000e+00
2.098686456680297852e+00 -1.205122947692871094e+01 0.000000000000000000e+00
-1.278505134582519531e+01 4.287456274032592773e-01 0.000000000000000000e+00
-8.502361297607421875e+00 -1.007985234260559082e+00 0.000000000000000000e+00
7.388966083526611328e+00 -8.110685348510742188e+00 0.000000000000000000e+00
2.961311340332031250e+00 -5.474021434783935547e+00 0.000000000000000000e+00
4.926507174968719482e-01 1.186444664001464844e+01 0.000000000000000000e+00
1.229985904693603516e+01 3.118166208267211914e+00 0.000000000000000000e+00
4.581730663776397705e-01 -8.758052825927734375e+00 0.000000000000000000e+00
7.890067577362060547e+00 6.360612392425537109e+00 0.000000000000000000e+00
-1.515996265411376953e+01 -6.712238311767578125e+00 0.000000000000000000e+00
-6.231264591217041016e+00 -1.305234718322753906e+01 0.000000000000000000e+00
4.348077297210693359e+00 7.408154964447021484e+00 0.000000000000000000e+00
-3.675232410430908203e+00 9.845855712890625000e+00 0.000000000000000000e+00
-8.931496620178222656e+00 1.496231460571289062e+01 0.000000000000000000e+00
1.332613277435302734e+01 -1.498060971498489380e-01 0.000000000000000000e+00
-1.702370262145996094e+01 3.669222831726074219e+00 0.000000000000000000e+00
2.303276300430297852e+00 4.331007003784179688e+00 0.000000000000000000e+00
4.002237796783447266e+00 -1.320353317260742188e+01 0.000000000000000000e+00
5.175115108489990234e+00 3.898442029953002930e+00 0.000000000000000000e+00
5.097415447235107422e+00 1.483369159698486328e+01 0.000000000000000000e+00
1.166934204101562500e+01 7.093173027038574219e+00 0.000000000000000000e+00
-9.917852282524108887e-01 -2.875744700431823730e-01 0.000000000000000000e+00
-1.554209232330322266e+00 4.538693428039550781e+00 0.000000000000000000e+00
5.620417594909667969e-01 1.361156845092773438e+01 0.000000000000000000e+00
1.178709602355957031e+01 -7.215856075286865234e+00 0.000000000000000000e+00
-9.139421463012695312e+00 1.080170249938964844e+01 0.000000000000000000e+00
8.455801963806152344e+00 -1.224696350097656250e+01 0.000000000000000000e+00
3.122497081756591797e+00 -7.693637371063232422e+00 0.000000000000000000e+00
-1.661645889282226562e+01 -1.604270339012145996e+00 0.000000000000000000e+00
-1.201159715652465820e+00 1.343842124938964844e+01 0.000000000000000000e+00
4.548263549804687500e+00 1.286785125732421875e+01 0.000000000000000000e+00
-1.400703072547912598e+00 1.587457656860351562e+01 0.000000000000000000e+00
1.256300067901611328e+01 9.757137298583984375e+00 0.000000000000000000e+00
-4.687490463256835938e+00 -1.225079917907714844e+01 0.000000000000000000e+00
9.218514442443847656e+00 -6.776993751525878906e+00 0.000000000000000000e+00
-4.191763997077941895e-01 -1.677952957153320312e+01 0.000000000000000000e+00
9.380338668823242188e+00 -3.054645538330078125e+00 0.000000000000000000e+00
1.065224075317382812e+01 -1.615474700927734375e+00 0.000000000000000000e+00
1.560265541076660156e+01 -6.887305259704589844e+00 0.000000000000000000e+00
1.348217868804931641e+01 -5.910210609436035156e+00 0.000000000000000000e+00
1.138628363609313965e+00 -5.805416584014892578e+00 0.000000000000000000e+00
-1.483008670806884766e+01 1.105767250061035156e+00 0.000000000000000000e+00
-8.817959785461425781e+00 -8.646893501281738281e+00 0.000000000000000000e+00
1.253712177276611328e+01 -1.027957344055175781e+01 0.000000000000000000e+00
5.848187804222106934e-01 4.780580997467041016e+00 0.000000000000000000e+00
1.727189254760742188e+01 1.033767938613891602e+00 0.000000000000000000e+00
1.546678829193115234e+01 -2.408066511154174805e+00 0.000000000000000000e+00
1.875755071640014648e+00 -1.759218931198120117e+00 0.000000000000000000e+00
-1.897162556648254395e+00 1.731137466430664062e+01 0.000000000000000000e+00
-3.316320180892944336e+00 -1.027222156524658203e+01 0.000000000000000000e+00
1.416929340362548828e+01 -9.710423469543457031e+00 0.000000000000000000e+00
-1.194565963745117188e+01 -6.032582283020019531e+00 0.000000000000000000e+00
-1.727825736999511719e+01 -3.916109725832939148e-02 0.000000000000000000e+00
-7.777955055236816406e+00 4.392166137695312500e+00 0.000000000000000000e+00
1.056734371185302734e+01 -1.393943691253662109e+01 0.000000000000000000e+00
-6.097295284271240234e+00 -1.112407016754150391e+01 0.000000000000000000e+00
9.576020240783691406e+00 7.792898654937744141e+00 0.000000000000000000e+00
-6.498081684112548828e+00 6.939831256866455078e+00 0.000000000000000000e+00
-1.297277641296386719e+01 7.070646286010742188e+00 0.000000000000000000e+00
-9.425107002258300781e+00 8.248888015747070312e+00 0.000000000000000000e+00
-3.441956520080566406e+00 6.201813697814941406e+00 0.000000000000000000e+00
6.366693496704101562e+00 -6.131223678588867188e+00 0.000000000000000000e+00
7.339760780334472656e+00 -1.337422943115234375e+01 0.000000000000000000e+00
-7.608283042907714844e+00 9.960298538208007812e+00 0.000000000000000000e+00
-7.978940963745117188e+00 -2.861299514770507812e+00 0.000000000000000000e+00
-1.576459026336669922e+01 7.357821941375732422e+00 0.000000000000000000e+00
1.938635706901550293e+00 1.482000923156738281e+01 0.000000000000000000e+00
-4.726172447204589844e+00 -5.423213005065917969e+00 0.000000000000000000e+00
-3.144888162612915039e+00 -2.338914155960083008e+00 0.000000000000000000e+00
4.747401714324951172e+00 -7.914204597473144531e+00 0.000000000000000000e+00
-1.201526260375976562e+01 1.806387662887573242e+00 0.000000000000000000e+00
-6.858211517333984375e+00 1.442661666870117188e+01 0.000000000000000000e+00
7.486023426055908203e+00 -1.537495899200439453e+01 0.000000000000000000e+00
-3.885811805725097656e+00 -7.026568889617919922e+00 0.000000000000000000e+00
3.291013479232788086e+00 1.395645904541015625e+01 0.000000000000000000e+00
-7.283387660980224609e+00 1.166302490234375000e+01 0.000000000000000000e+00
3.518929779529571533e-01 -1.257784962654113770e+00 0.000000000000000000e+00
-5.367666721343994141e+00 3.344300985336303711e+00 0.000000000000000000e+00
8.210498809814453125e+00 9.636586189270019531e+00 0.000000000000000000e+00
-4.103530883789062500e+00 1.343906402587890625e+01 0.000000000000000000e+00
2.301774501800537109e+00 7.638338565826416016e+00 0.000000000000000000e+00
-2.640214204788208008e+00 1.482883739471435547e+01 0.000000000000000000e+00
-7.035900950431823730e-01 -1.224516010284423828e+01 0.000000000000000000e+00
2.515627145767211914e+00 -1.629538536071777344e+01 0.000000000000000000e+00
-3.058728694915771484e+00 -1.717475700378417969e+01 0.000000000000000000e+00
1.805347800254821777e+00 -9.537586212158203125e+00 0.000000000000000000e+00
1.324345302581787109e+01 1.618130683898925781e+00 0.000000000000000000e+00
-1.694661331176757812e+01 -4.359424114227294922e+00 0.000000000000000000e+00
1.974101185798645020e+00 5.983135700225830078e+00 0.000000000000000000e+00
-9.541131854057312012e-01 -4.513296604156494141e+00 0.000000000000000000e+00
4.602075576782226562e+00 9.003290176391601562e+00 0.000000000000000000e+00
7.025419235229492188e+00 1.331565570831298828e+01 0.000000000000000000e+00
1.145489978790283203e+01 -1.246428680419921875e+01 0.000000000000000000e+00
-8.525786399841308594e+00 -6.434451580047607422e+00 0.000000000000000000e+00
5.835141658782958984e+00 -2.900293827056884766e+00 0.000000000000000000e+00
-1.006266021728515625e+01 -3.320403575897216797e+00 0.000000000000000000e+00
-4.849953651428222656e+00 -1.655703353881835938e+01 0.000000000000000000e+00
-1.047649383544921875e+01 4.039469242095947266e+00 0.000000000000000000e+00
1.046906828880310059e+00 9.051758766174316406e+00 0.000000000000000000e+00
-1.250958800315856934e+00 -2.273688316345214844e+00 0.000000000000000000e+00
-1.551054668426513672e+01 2.715496778488159180e+00 0.000000000000000000e+00
-9.000604629516601562e+00 6.007045745849609375e+00 0.000000000000000000e+00
1.708464241027832031e+01 2.865301609039306641e+00 0.000000000000000000e+00
5.544768810272216797e+00 -1.290202045440673828e+01 0.000000000000000000e+00
-1.375635051727294922e+01 -9.412987232208251953e-01 0.000000000000000000e+00
-1.950064539909362793e+00 -1.609950065612792969e+01 0.000000000000000000e+00
-1.113971829414367676e+00 9.242826461791992188e+00 0.000000000000000000e+00
-1.758782029151916504e+00 -5.981037616729736328e+00 0.000000000000000000e+00
1.043349075317382812e+01 -5.744672775268554688e+00 0.000000000000000000e+00
1.397732734680175781e+01 5.716593265533447266e+00 0.000000000000000000e+00
9.968849182128906250e+00 -8.088027000427246094e+00 0.000000000000000000e+00
-5.215134143829345703e+00 -9.750816345214843750e+00 0.000000000000000000e+00
-8.638123512268066406e+00 -1.029245662689208984e+01 0.000000000000000000e+00
-5.362638473510742188e+00 1.125224709510803223e+00 0.000000000000000000e+00
1.937357425689697266e+00 2.791285276412963867e+00 0.000000000000000000e+00
-7.223810672760009766e+00 2.398372173309326172e+00 0.000000000000000000e+00
-1.440434741973876953e+01 -9.585601806640625000e+00 0.000000000000000000e+00
-7.181475639343261719e+00 -8.257252693176269531e+00 0.000000000000000000e+00
1.021971988677978516e+01 1.001313304901123047e+01 0.000000000000000000e+00
4.994492053985595703e+00 -1.669985961914062500e+01 0.000000000000000000e+00
7.482121467590332031e+00 -4.219720840454101562e+00 0.000000000000000000e+00
4.837466239929199219e+00 -6.026211738586425781e+00 0.000000000000000000e+00
-1.736137008666992188e+01 1.796228647232055664e+00 0.000000000000000000e+00
1.227471733093261719e+01 5.379463195800781250e+00 0.000000000000000000e+00
-1.428887653350830078e+01 -2.800922632217407227e+00 0.000000000000000000e+00
-9.462194442749023438e+00 -1.429401874542236328e+01 0.000000000000000000e+00
2.789209127426147461e+00 -1.435927867889404297e+01 0.000000000000000000e+00
-6.028550148010253906e+00 1.578541278839111328e+01 0.000000000000000000e+00
-5.054290771484375000e+00 7.850789546966552734e+00 0.000000000000000000e+00
1.103835868835449219e+01 -1.061795425415039062e+01 0.000000000000000000e+00
-8.448524475097656250e+00 1.304278278350830078e+01 0.000000000000000000e+00
4.142815113067626953e+00 -9.558382987976074219e+00 0.000000000000000000e+00
1.709099388122558594e+01 -2.363902568817138672e+00 0.000000000000000000e+00
-1.332141399383544922e+01 1.134134578704833984e+01 0.000000000000000000e+00
-2.712604284286499023e+00 -1.460985088348388672e+01 0.000000000000000000e+00
8.577446937561035156e+00 4.922799110412597656e+00 0.000000000000000000e+00
-7.767150402069091797e+00 8.148143768310546875e+00 0.000000000000000000e+00
-1.039509105682373047e+01 8.695818781852722168e-01 0.000000000000000000e+00
3.288344860076904297e+00 -9.676410555839538574e-01 0.000000000000000000e+00
1.154234981536865234e+01 1.314570045471191406e+01 0.000000000000000000e+00
1.192458724975585938e+01 -5.574716567993164062e+00 0.000000000000000000e+00
-1.461182498931884766e+01 6.181760311126708984e+00 0.000000000000000000e+00
8.079735755920410156e+00 8.052474975585937500e+00 0.000000000000000000e+00
-4.902668952941894531e+00 1.169069004058837891e+01 0.000000000000000000e+00
1.448361015319824219e+01 -8.237446784973144531e+00 0.000000000000000000e+00
4.267998695373535156e+00 2.401343345642089844e+00 0.000000000000000000e+00
5.338590145111083984e-01 -1.122862148284912109e+01 0.000000000000000000e+00
1.750229716300964355e+00 -4.412020683288574219e+00 0.000000000000000000e+00
1.746440315246582031e+01 -5.835535526275634766e-01 0.000000000000000000e+00
-1.520012283325195312e+01 -8.239551544189453125e+00 0.000000000000000000e+00
9.267291069030761719e+00 -6.091740727424621582e-01 0.000000000000000000e+00
9.779067993164062500e+00 6.159588813781738281e+00 0.000000000000000000e+00
-1.484858322143554688e+01 9.051690101623535156e+00 0.000000000000000000e+00
1.433150577545166016e+01 9.801888465881347656e+00 0.000000000000000000e+00
