3.380616605281829834e-01 5.712145328521728516e+00 0.000000000000000000e+00
-1.087555599212646484e+01 -1.330988788604736328e+01 0.000000000000000000e+00
8.457305908203125000e+00 1.186015510559082031e+01 0.000000000000000000e+00
-4.737699031829833984e+00 -8.144814491271972656e+00 0.000000000000000000e+00
7.020903587341308594e+00 -8.150369644165039062e+00 0.000000000000000000e+00
-3.343626976013183594e+00 1.604181861877441406e+01 0.000000000000000000e+00
7.927529335021972656e+00 -4.645859241485595703e+00 0.000000000000000000e+00
2.101816892623901367e+00 1.211452960968017578e+01 0.000000000000000000e+00
-2.961320400238037109e+00 -1.166066360473632812e+01 0.000000000000000000e+00
-3.912628173828125000e+00 -1.631322479248046875e+01 0.000000000000000000e+00
-6.909242630004882812e+00 -5.844401836395263672e+00 0.000000000000000000e+00
1.415489006042480469e+01 8.339159011840820312e+00 0.000000000000000000e+00
3.208456039428710938e+00 -1.388145256042480469e+01 0.000000000000000000e+00
2.031430482864379883e+00 -6.898783206939697266e+00 0.000000000000000000e+00
1.101080894470214844e+01 7.457260608673095703e+00 0.000000000000000000e+00
8.265596389770507812e+00 -1.450710964202880859e+01 0.000000000000000000e+00
-1.146711444854736328e+01 6.805654525756835938e+00 0.000000000000000000e+00
1.192624330520629883e+00 1.445381736755371094e+01 0.000000000000000000e+00
-1.086726856231689453e+01 1.336616420745849609e+01 0.000000000000000000e+00
-1.493294811248779297e+01 -4.483802318572998047e+00 0.000000000000000000e+00
-9.710517883300781250e+00 -6.448473453521728516e+00 0.000000000000000000e+00
-4.746399819850921631e-01 -4.190517425537109375e+00 0.000000000000000000e+00
1.617243385314941406e+01 -6.619336128234863281e+00 0.000000000000000000e+00
6.991600990295410156e+00 2.623312950134277344e+00 0.000000000000000000e+00
-3.174304008483886719e+00 6.086114406585693359e+00 0.000000000000000000e+00
-6.500949382781982422e+00 -1.157041454315185547e+01 0.000000000000000000e+00
-8.516259193420410156e+00 -2.543723344802856445e+00 0.000000000000000000e+00
3.641842603683471680e+00 -7.965362548828125000e+00 0.000000000000000000e+00
-1.027729892730712891e+01 3.155889749526977539e+00 0.000000000000000000e+00
-1.526465702056884766e+01 -2.729178905487060547e+00 0.000000000000000000e+00
8.371532440185546875e+00 5.182778835296630859e+00 0.000000000000000000e+00
-4.136251807212829590e-01 -1.194267463684082031e+01 0.000000000000000000e+00
5.522982597351074219e+00 -1.403450393676757812e+01 0.000000000000000000e+00
-3.363275527954101562e+00 8.362060546875000000e+00 0.000000000000000000e+00
-2.833952426910400391e+00 1.231831932067871094e+01 0.000000000000000000e+00
-4.110336780548095703e+00 3.973197937011718750e+00 0.000000000000000000e+00
-3.287255764007568359e+00 -1.459606742858886719e+01 0.000000000000000000e+00
1.454900741577148438e+01 5.257592678070068359e+00 0.000000000000000000e+00
-4.034486770629882812e+00 -4.615478038787841797e+00 0.000000000000000000e+00
-1.336395168304443359e+01 -1.405193209648132324e+00 0.000000000000000000e+00
1.615556907653808594e+01 -7.925712317228317261e-02 0.000000000000000000e+00
1.023121356964111328e+01 -1.193137359619140625e+01 0.000000000000000000e+00
7.379235625267028809e-01 9.230572700500488281e+00 0.000000000000000000e+00
9.585182189941406250e+00 2.102294921875000000e+00 0.000000000000000000e+00
1.389483094215393066e+00 -1.715095901489257812e+01 0.000000000000000000e+00
1.026805114746093750e+01 5.470238685607910156e+00 0.000000000000000000e+00
6.182060718536376953e+00 -1.591139221191406250e+01 0.000000000000000000e+00
-1.713447928428649902e+00 -6.650511264801025391e+00 0.000000000000000000e+00
-1.042085552215576172e+01 -8.579730987548828125e+00 0.000000000000000000e+00
5.627649784088134766e+00 -1.135077381134033203e+01 0.000000000000000000e+00
-1.214143753051757812e+01 -3.650515377521514893e-01 0.000000000000000000e+00
-1.512259387969970703e+01 8.646311759948730469e+00 0.000000000000000000e+00
-4.924201965332031250e+00 5.471564769744873047e+00 0.000000000000000000e+00
-1.758403182029724121e+00 -3.315706014633178711e+00 0.000000000000000000e+00
-7.480503559112548828e+00 7.227776050567626953e+00 0.000000000000000000e+00
-1.131783580780029297e+01 -9.980923652648925781e+00 0.000000000000000000e+00
-1.445464938879013062e-01 -1.611948966979980469e+01 0.000000000000000000e+00
1.303545188903808594e+01 -7.345775604248046875e+00 0.000000000000000000e+00
1.093727302551269531e+01 -3.328919172286987305e+00 0.000000000000000000e+00
2.096154928207397461e+00 -8.540552139282226562e+00 0.000000000000000000e+00
-8.638301849365234375e+00 -7.573817729949951172e+00 0.000000000000000000e+00
-1.410082530975341797e+01 -9.015742301940917969e+00 0.000000000000000000e+00
8.211174011230468750e+00 7.627836704254150391e+00 0.000000000000000000e+00
1.254865550994873047e+01 -9.595709800720214844e+00 0.000000000000000000e+00
4.169196188449859619e-01 2.331041336059570312e+00 0.000000000000000000e+00
3.893968582153320312e+00 -5.318270206451416016e+00 0.000000000000000000e+00
-1.660138702392578125e+01 3.319076538085937500e+00 0.000000000000000000e+00
3.171939611434936523e+00 4.884317874908447266e+00 0.000000000000000000e+00
-6.876823425292968750e+00 3.787907123565673828e+00 0.000000000000000000e+00
-1.088101005554199219e+01 1.033351707458496094e+01 0.000000000000000000e+00
4.973785281181335449e-01 1.123604774475097656e+01 0.000000000000000000e+00
2.279851198196411133e+00 1.021940994262695312e+01 0.000000000000000000e+00
-7.899175167083740234e+00 -2.767872512340545654e-01 0.000000000000000000e+00
5.855460166931152344e+00 1.024539184570312500e+01 0.000000000000000000e+00
9.247534751892089844e+00 -1.325107693672180176e+00 0.000000000000000000e+00
4.770139694213867188e+00 -8.910384178161621094e-01 0.000000000000000000e+00
-5.649198532104492188e+00 1.741903275251388550e-01 0.000000000000000000e+00
-9.195999056100845337e-02 3.886001110076904297e+00 0.000000000000000000e+00
1.417065620422363281e+01 3.404256820678710938e+00 0.000000000000000000e+00
-1.440169620513916016e+01 -7.363250255584716797e+00 0.000000000000000000e+00
2.126349925994873047e+00 -1.099988818168640137e+00 0.000000000000000000e+00
-8.092090606689453125e+00 2.901490926742553711e+00 0.000000000000000000e+00
-8.800612449645996094e+00 -1.507258510589599609e+01 0.000000000000000000e+00
1.635574531555175781e+01 -3.246646881103515625e+00 0.000000000000000000e+00
-1.575750231742858887e+00 -1.473694705963134766e+01 0.000000000000000000e+00
7.425476074218750000e+00 1.077011013031005859e+01 0.000000000000000000e+00
-6.885519027709960938e+00 1.089627742767333984e+00 0.000000000000000000e+00
7.305357933044433594e+00 -3.130695819854736328e+00 0.000000000000000000e+00
-8.706186294555664062e+00 1.528667926788330078e+00 0.000000000000000000e+00
4.126742839813232422e+00 -3.322829484939575195e+00 0.000000000000000000e+00
1.864405512809753418e+00 -3.633854866027832031e+00 0.000000000000000000e+00
7.068503379821777344e+00 -9.736184120178222656e+00 0.000000000000000000e+00
7.580506324768066406e+00 6.778532862663269043e-01 0.000000000000000000e+00
-1.166505813598632812e+01 -4.362719058990478516e+00 0.000000000000000000e+00
8.872770071029663086e-01 9.033083319664001465e-01 0.000000000000000000e+00
-1.379831790924072266e+01 4.874789714813232422e+00 0.000000000000000000e+00
3.449474096298217773e+00 -1.592389583587646484e+01 0.000000000000000000e+00
1.154707813262939453e+01 -6.553867816925048828e+00 0.000000000000000000e+00
1.079478263854980469e+01 9.168064117431640625e+00 0.000000000000000000e+00
1.120912075042724609e+01 -8.241713523864746094e+00 0.000000000000000000e+00
3.846168518066406250e+00 1.616024017333984375e+01 0.000000000000000000e+00
4.340627193450927734e+00 1.875220894813537598e+00 0.000000000000000000e+00
-6.850132942199707031e+00 1.132734107971191406e+01 0.000000000000000000e+00
-1.562452983856201172e+01 6.648905277252197266e-01 0.000000000000000000e+00
-1.373711299896240234e+01 6.583206653594970703e+00 0.000000000000000000e+00
-5.287832736968994141e+00 9.124520301818847656e+00 0.000000000000000000e+00
5.774558067321777344e+00 1.217420578002929688e+01 0.000000000000000000e+00
-9.097378730773925781e+00 5.542141914367675781e+00 0.000000000000000000e+00
-1.653419303894042969e+01 -4.861528873443603516e+00 0.000000000000000000e+00
-5.867051601409912109e+00 1.462211990356445312e+01 0.000000000000000000e+00
1.235957336425781250e+01 4.717469215393066406e+00 0.000000000000000000e+00
-1.693112182617187500e+01 -2.406367212533950806e-01 0.000000000000000000e+00
-7.589237213134765625e+00 5.227364540100097656e+00 0.000000000000000000e+00
-1.789055109024047852e+00 -4.141684174537658691e-01 0.000000000000000000e+00
1.030465507507324219e+01 1.363557434082031250e+01 0.000000000000000000e+00
1.344201087951660156e+01 8.997136950492858887e-01 0.000000000000000000e+00
-6.000358104705810547e+00 -7.328886032104492188e+00 0.000000000000000000e+00
1.698192954063415527e+00 -1.123717880249023438e+01 0.000000000000000000e+00
-4.569734096527099609e+00 -6.343319892883300781e+00 0.000000000000000000e+00
1.210200595855712891e+01 6.203917503356933594e+00 0.000000000000000000e+00
2.695778131484985352e+00 8.493993759155273438e+00 0.000000000000000000e+00
-3.756986856460571289e-01 -1.569124937057495117e+00 0.000000000000000000e+00
-6.102455615997314453e+00 1.300938987731933594e+01 0.000000000000000000e+00
-1.078080749511718750e+01 4.767084121704101562e+00 0.000000000000000000e+00
-8.776435852050781250e+00 1.307602024078369141e+01 0.000000000000000000e+00
1.196849441528320312e+01 1.100045394897460938e+01 0.000000000000000000e+00
1.431266880035400391e+01 -2.640482425689697266e+00 0.000000000000000000e+00
-8.637030601501464844e+00 -1.085161781311035156e+01 0.000000000000000000e+00
9.385197639465332031e+00 -9.368268966674804688e+00 0.000000000000000000e+00
-4.150342464447021484e+00 -2.726408004760742188e+00 0.000000000000000000e+00
1.428154277801513672e+01 -4.298432826995849609e+00 0.000000000000000000e+00
-1.230821418762207031e+01 -1.183677196502685547e+01 0.000000000000000000e+00
-1.109024286270141602e+00 6.958131790161132812e+00 0.000000000000000000e+00
-5.532834053039550781e+00 -1.533805465698242188e+01 0.000000000000000000e+00
-1.504595041275024414e+00 1.462401032447814941e+00 0.000000000000000000e+00
-1.203473186492919922e+01 1.130585479736328125e+01 0.000000000000000000e+00
1.269433879852294922e+01 -1.174619293212890625e+01 0.000000000000000000e+00
1.553182411193847656e+01 1.365298986434936523e+00 0.000000000000000000e+00
5.205399513244628906e+00 -4.570506572723388672e+00 0.000000000000000000e+00
-3.723516464233398438e+00 -9.538457870483398438e+00 0.000000000000000000e+00
1.189455413818359375e+01 -1.649212360382080078e+00 0.000000000000000000e+00
9.967805862426757812e+00 1.162926197052001953e+01 0.000000000000000000e+00
-1.393002033233642578e+00 1.722681999206542969e+01 0.000000000000000000e+00
-1.677189350128173828e+00 1.416097831726074219e+01 0.000000000000000000e+00
-4.872076511383056641e+00 -1.279931163787841797e+01 0.000000000000000000e+00
-3.404909372329711914e+00 1.243726015090942383e+00 0.000000000000000000e+00
-1.296413993835449219e+01 9.676108360290527344e+00 0.000000000000000000e+00
-4.480803489685058594e+00 7.294358730316162109e+00 0.000000000000000000e+00
3.451993465423583984e+00 1.317529827356338501e-01 0.000000000000000000e+00
-8.406342506408691406e+00 -4.433270454406738281e+00 0.000000000000000000e+00
5.428592205047607422e+00 -7.062034606933593750e+00 0.000000000000000000e+00
1.733156800270080566e+00 4.071527481079101562e+00 0.000000000000000000e+00
4.096568107604980469e+00 6.320183277130126953e+00 0.000000000000000000e+00
-7.288317680358886719e+00 -1.382932662963867188e+01 0.000000000000000000e+00
9.935380935668945312e+00 -6.018420219421386719e+00 0.000000000000000000e+00
7.041267871856689453e+00 1.453745174407958984e+01 0.000000000000000000e+00
1.250715827941894531e+01 7.870869159698486328e+00 0.000000000000000000e+00
1.628356552124023438e+01 5.392429828643798828e+00 0.000000000000000000e+00
-5.955676555633544922e+00 -2.932784080505371094e+00 0.000000000000000000e+00
4.295433998107910156e+00 1.027723312377929688e+01 0.000000000000000000e+00
-2.623478651046752930e+00 1.040748596191406250e+01 0.000000000000000000e+00
-1.204641532897949219e+01 -6.197814464569091797e+00 0.000000000000000000e+00
-2.039364099502563477e+00 -1.021721267700195312e+01 0.000000000000000000e+00
9.183308601379394531e+00 1.467491626739501953e+01 0.000000000000000000e+00
5.151252746582031250e+00 3.416673183441162109e+00 0.000000000000000000e+00
5.792664527893066406e+00 6.854324340820312500e+00 0.000000000000000000e+00
2.439611673355102539e+00 2.301569461822509766e+00 0.000000000000000000e+00
-9.694640159606933594e+00 7.142848491668701172e+00 0.000000000000000000e+00
-1.203598308563232422e+01 -8.183641433715820312e+00 0.000000000000000000e+00
5.851915359497070312e+00 6.778727173805236816e-01 0.000000000000000000e+00
-1.007038307189941406e+01 -4.033913612365722656e+00 0.000000000000000000e+00
1.939808134920895100e-03 -1.031399154663085938e+01 0.000000000000000000e+00
4.237367630004882812e+00 1.421968936920166016e+01 0.000000000000000000e+00
1.090999364852905273e+00 1.636363410949707031e+01 0.000000000000000000e+00
-2.453238487243652344e+00 3.199835300445556641e+00 0.000000000000000000e+00
3.085048437118530273e+00 -1.032298946380615234e+01 0.000000000000000000e+00
7.253623008728027344e+00 -1.192649650573730469e+01 0.000000000000000000e+00
-1.465857696533203125e+01 2.858508825302124023e+00 0.000000000000000000e+00
6.467445373535156250e+00 8.416685104370117188e+00 0.000000000000000000e+00
-9.658046722412109375e+00 9.456875920295715332e-02 0.000000000000000000e+00
5.897443294525146484e-01 -1.418679523468017578e+01 0.000000000000000000e+00
1.134079337120056152e+00 7.229130744934082031e+00 0.000000000000000000e+00
1.153076076507568359e+01 1.782860755920410156e+00 0.000000000000000000e+00
-5.384696722030639648e-01 -5.711331367492675781e+00 0.000000000000000000e+00
-1.671434974670410156e+01 -2.138146877288818359e+00 0.000000000000000000e+00
-1.081441020965576172e+01 -1.139899063110351562e+01 0.000000000000000000e+00
1.076935100555419922e+01 3.249817848205566406e+00 0.000000000000000000e+00
4.801099777221679688e+00 -9.817331314086914062e+00 0.000000000000000000e+00
1.464868831634521484e+01 -6.314382553100585938e+00 0.000000000000000000e+00
4.977159798145294189e-01 -7.149874210357666016e+00 0.000000000000000000e+00
-1.653446006774902344e+01 4.840397834777832031e+00 0.000000000000000000e+00
5.420996189117431641e+00 1.527243804931640625e+01 0.000000000000000000e+00
-7.070443630218505859e+00 -9.838004112243652344e+00 0.000000000000000000e+00
-4.981469154357910156e+00 1.616830825805664062e+01 0.000000000000000000e+00
-4.226595401763916016e+00 -1.092251181602478027e+00 0.000000000000000000e+00
-1.730208039283752441e+00 -1.671120834350585938e+01 0.000000000000000000e+00
9.134364128112792969e+00 3.578682661056518555e+00 0.000000000000000000e+00
6.564581871032714844e+00 4.510370254516601562e+00 0.000000000000000000e+00
-1.573445439338684082e+00 1.570298480987548828e+01 0.000000000000000000e+00
1.319761753082275391e+01 -5.388365268707275391e+00 0.000000000000000000e+00
1.082682609558105469e+01 -1.039674663543701172e+01 0.000000000000000000e+00
1.417285919189453125e+01 -9.218655586242675781e+00 0.000000000000000000e+00
-1.402022933959960938e+01 4.769781976938247681e-02 0.000000000000000000e+00
-8.828099250793457031e+00 8.514237403869628906e+00 0.000000000000000000e+00
-9.040471076965332031e+00 1.025901985168457031e+01 0.000000000000000000e+00
-9.762513160705566406e+00 -1.662388801574707031e+00 0.000000000000000000e+00
1.658982658386230469e+01 3.035576581954956055e+00 0.000000000000000000e+00
-1.307852363586425781e+01 2.687140226364135742e+00 0.000000000000000000e+00
-4.576293945312500000e+00 1.262106037139892578e+01 0.000000000000000000e+00
3.191682100296020508e-01 1.274917221069335938e+01 0.000000000000000000e+00
-7.026903629302978516e+00 1.574716567993164062e+01 0.000000000000000000e+00
7.731534004211425781e+00 -6.659826278686523438e+00 0.000000000000000000e+00
-1.207006168365478516e+01 -2.727801322937011719e+00 0.000000000000000000e+00
1.060558414459228516e+01 -2.904804348945617676e-01 0.000000000000000000e+00
9.105033874511718750e+00 -3.426901102066040039e+00 0.000000000000000000e+00
-1.326889324188232422e+01 8.104591369628906250e+00 0.000000000000000000e+00
-8.883738517761230469e+00 -1.329245948791503906e+01 0.000000000000000000e+00
1.471264362335205078e+00 -1.289688491821289062e+01 0.000000000000000000e+00
9.772174835205078125e+00 -1.438006591796875000e+01 0.000000000000000000e+00
5.464799404144287109e+00 -2.483125686645507812e+00 0.000000000000000000e+00
-3.215153813362121582e-01 -8.741718292236328125e+00 0.000000000000000000e+00
1.595619964599609375e+01 -1.612140297889709473e+00 0.000000000000000000e+00
-8.429067611694335938e+00 1.500897407531738281e+01 0.000000000000000000e+00
1.451114463806152344e+01 6.846582889556884766e+00 0.000000000000000000e+00
-1.349594211578369141e+01 -1.059171676635742188e+01 0.000000000000000000e+00
2.456765651702880859e+00 6.260928153991699219e+00 0.000000000000000000e+00
-5.247914314270019531e+00 2.395434379577636719e+00 0.000000000000000000e+00
-4.196598052978515625e+00 1.442424964904785156e+01 0.000000000000000000e+00
-7.032959908246994019e-02 1.540804481506347656e+01 0.000000000000000000e+00
-1.170482277870178223e+00 9.710648536682128906e+00 0.000000000000000000e+00
1.380989933013916016e+01 -1.120021700859069824e+00 0.000000000000000000e+00
9.242038726806640625e+00 4.228245317935943604e-01 0.000000000000000000e+00
9.010376930236816406e+00 8.912311553955078125e+00 0.000000000000000000e+00
-1.056919956207275391e+01 8.600593566894531250e+00 0.000000000000000000e+00
-1.144114780426025391e+01 1.414224386215209961e+00 0.000000000000000000e+00
4.904423713684082031e+00 8.774614334106445312e+00 0.000000000000000000e+00
3.708635568618774414e+00 1.270252990722656250e+01 0.000000000000000000e+00
-2.038212776184082031e+00 5.063907146453857422e+00 0.000000000000000000e+00
1.430981445312500000e+01 1.003311729431152344e+01 0.000000000000000000e+00
-7.128115177154541016e+00 -1.782066702842712402e+00 0.000000000000000000e+00
-2.503690004348754883e+00 -4.818765163421630859e+00 0.000000000000000000e+00
-1.568615055084228516e+01 6.311807632446289062e+00 0.000000000000000000e+00
1.124519705772399902e+00 -5.637037277221679688e+00 0.000000000000000000e+00
-5.066678047180175781e+00 1.113314628601074219e+01 0.000000000000000000e+00
1.135000038146972656e+01 -4.908410072326660156e+00 0.000000000000000000e+00
7.185972213745117188e+00 -1.270149588584899902e+00 0.000000000000000000e+00
-1.221651935577392578e+01 3.988118171691894531e+00 0.000000000000000000e+00
6.719769477844238281e+00 1.613877868652343750e+01 0.000000000000000000e+00
-6.703044414520263672e+00 9.768348693847656250e+00 0.000000000000000000e+00
1.721492576599121094e+01 1.365001797676086426e+00 0.000000000000000000e+00
1.244496822357177734e+01 -3.729048013687133789e+00 0.000000000000000000e+00
8.803416252136230469e+00 -1.141489601135253906e+01 0.000000000000000000e+00
1.113516426086425781e+01 -1.344299221038818359e+01 0.000000000000000000e+00
-5.062217235565185547e+00 -1.106360530853271484e+01 0.000000000000000000e+00
-2.086045026779174805e+00 -8.471145629882812500e+00 0.000000000000000000e+00
-1.722532463073730469e+01 1.531138658523559570e+00 0.000000000000000000e+00
