2.836142778396606445e+00 -8.360757827758789062e+00 0.000000000000000000e+00
1.000758552551269531e+01 1.151240825653076172e+01 0.000000000000000000e+00
-2.927353382110595703e+00 2.108752250671386719e+00 0.000000000000000000e+00
5.710781574249267578e+00 -3.683010339736938477e+00 0.000000000000000000e+00
-1.088719940185546875e+01 -3.524234294891357422e+00 0.000000000000000000e+00
1.343349933624267578e+01 -6.306700110435485840e-01 0.000000000000000000e+00
3.433397054672241211e+00 -1.447338485717773438e+01 0.000000000000000000e+00
1.323420906066894531e+01 -9.244665145874023438e+00 0.000000000000000000e+00
-6.310514926910400391e+00 7.671855449676513672e+00 0.000000000000000000e+00
-6.917085647583007812e+00 -8.068123817443847656e+00 0.000000000000000000e+00
-1.339272403717041016e+01 -8.394601821899414062e+00 0.000000000000000000e+00
-2.944766998291015625e+00 1.070829010009765625e+01 0.000000000000000000e+00
1.101276969909667969e+01 -2.384306192398071289e+00 0.000000000000000000e+00
1.286551666259765625e+01 -4.197266101837158203e+00 0.000000000000000000e+00
-5.914989709854125977e-01 9.511868476867675781e+00 0.000000000000000000e+00
4.946687221527099609e+00 8.477168083190917969e+00 0.000000000000000000e+00
-8.051759600639343262e-01 4.924875259399414062e+00 0.000000000000000000e+00
-5.702520847320556641e+00 5.715314745903015137e-01 0.000000000000000000e+00
1.177514362335205078e+01 9.677980422973632812e+00 0.000000000000000000e+00
-1.303195285797119141e+01 -1.005635356903076172e+01 0.000000000000000000e+00
1.098110008239746094e+01 5.393643379211425781e+00 0.000000000000000000e+00
-3.257359981536865234e+00 7.323292732238769531e+00 0.000000000000000000e+00
-1.111149787902832031e+01 -1.493026614189147949e+00 0.000000000000000000e+00
2.574304819107055664e+00 -7.340718507766723633e-01 0.000000000000000000e+00
7.377974510192871094e+00 -9.612305641174316406e+00 0.000000000000000000e+00
4.767613887786865234e+00 -1.746290802955627441e+00 0.000000000000000000e+00
7.136075198650360107e-02 7.448798179626464844e+00 0.000000000000000000e+00
9.999963045120239258e-01 3.583372592926025391e+00 0.000000000000000000e+00
1.018432235717773438e+01 3.707572698593139648e+00 0.000000000000000000e+00
8.087962150573730469e+00 1.031057929992675781e+01 0.000000000000000000e+00
-2.423125982284545898e+00 1.578961372375488281e+01 0.000000000000000000e+00
-3.277279376983642578e+00 3.836123704910278320e+00 0.000000000000000000e+00
-1.103390121459960938e+01 3.571205854415893555e+00 0.000000000000000000e+00
1.227229595184326172e+01 3.272017478942871094e+00 0.000000000000000000e+00
-3.246654290705919266e-03 1.604125142097473145e+00 0.000000000000000000e+00
-3.021881341934204102e+00 -7.563486576080322266e+00 0.000000000000000000e+00
-3.866573572158813477e+00 -9.819968223571777344e+00 0.000000000000000000e+00
-5.699416160583496094e+00 1.400135707855224609e+01 0.000000000000000000e+00
7.858160495758056641e+00 -1.442137658596038818e-01 0.000000000000000000e+00
-1.136705970764160156e+01 -1.183701038360595703e+01 0.000000000000000000e+00
1.431639862060546875e+01 1.923990607261657715e+00 0.000000000000000000e+00
-5.770477771759033203e+00 -9.849678039550781250e+00 0.000000000000000000e+00
1.675143241882324219e+01 4.004573822021484375e+00 0.000000000000000000e+00
7.057678699493408203e+00 -1.111590862274169922e+01 0.000000000000000000e+00
-1.381876087188720703e+01 -2.209959983825683594e+00 0.000000000000000000e+00
1.211673259735107422e+00 -8.686533927917480469e+00 0.000000000000000000e+00
-3.351117134094238281e+00 1.295708847045898438e+01 0.000000000000000000e+00
-5.501014709472656250e+00 5.908134937286376953e+00 0.000000000000000000e+00
8.795541524887084961e-01 -1.414104557037353516e+01 0.000000000000000000e+00
3.123543262481689453e+00 5.646077156066894531e+00 0.000000000000000000e+00
-1.612629508972167969e+01 -5.567581653594970703e+00 0.000000000000000000e+00
6.667512893676757812e+00 1.396808719635009766e+01 0.000000000000000000e+00
4.342025756835937500e+00 -8.847489356994628906e+00 0.000000000000000000e+00
-1.261458301544189453e+01 1.017128276824951172e+01 0.000000000000000000e+00
5.543280601501464844e+00 5.319597721099853516e+00 0.000000000000000000e+00
4.733401775360107422e+00 -1.583903884887695312e+01 0.000000000000000000e+00
-9.753678321838378906e+00 1.317537879943847656e+01 0.000000000000000000e+00
2.724458694458007812e+00 3.449618339538574219e+00 0.000000000000000000e+00
9.692923545837402344e+00 1.367502307891845703e+01 0.000000000000000000e+00
-7.311453819274902344e+00 9.543430328369140625e+00 0.000000000000000000e+00
-2.007607460021972656e+00 -1.148281955718994141e+01 0.000000000000000000e+00
1.958550095558166504e+00 1.340666866302490234e+01 0.000000000000000000e+00
-9.064942359924316406e+00 -1.432246303558349609e+01 0.000000000000000000e+00
2.868707180023193359e+00 1.521754837036132812e+01 0.000000000000000000e+00
-6.088966369628906250e+00 -1.466239643096923828e+01 0.000000000000000000e+00
-9.367689132690429688e+00 -3.806096315383911133e+00 0.000000000000000000e+00
-8.906616210937500000e+00 -8.706439971923828125e+00 0.000000000000000000e+00
-3.164808452129364014e-01 1.355130290985107422e+01 0.000000000000000000e+00
-2.523331642150878906e+00 -3.070465922355651855e-01 0.000000000000000000e+00
-6.222747325897216797e+00 -3.055747747421264648e+00 0.000000000000000000e+00
2.443538188934326172e+00 8.873015403747558594e+00 0.000000000000000000e+00
1.453064632415771484e+01 8.676803588867187500e+00 0.000000000000000000e+00
-1.569026088714599609e+01 3.430169343948364258e+00 0.000000000000000000e+00
-1.303456783294677734e+01 6.966080188751220703e+00 0.000000000000000000e+00
1.484972572326660156e+01 -8.264896392822265625e+00 0.000000000000000000e+00
-9.167396545410156250e+00 -8.737864494323730469e-01 0.000000000000000000e+00
7.314866065979003906e+00 3.875255584716796875e+00 0.000000000000000000e+00
-1.427853775024414062e+01 -5.458414554595947266e+00 0.000000000000000000e+00
-7.198080062866210938e+00 9.549161791801452637e-01 0.000000000000000000e+00
-4.658289432525634766e+00 8.927991867065429688e+00 0.000000000000000000e+00
7.186529040336608887e-01 1.224644756317138672e+01 0.000000000000000000e+00
-7.821387290954589844e+00 -3.817628860473632812e+00 0.000000000000000000e+00
-1.092205333709716797e+01 9.595560073852539062e+00 0.000000000000000000e+00
4.259956836700439453e+00 1.405338573455810547e+01 0.000000000000000000e+00
1.695977020263671875e+01 -3.379447221755981445e+00 0.000000000000000000e+00
1.248576545715332031e+01 1.199046325683593750e+01 0.000000000000000000e+00
6.383803367614746094e+00 -8.211003303527832031e+00 0.000000000000000000e+00
-4.432012081146240234e+00 2.624052524566650391e+00 0.000000000000000000e+00
-4.272931098937988281e+00 -1.168395519256591797e+01 0.000000000000000000e+00
1.185484313964843750e+01 -8.518199324607849121e-01 0.000000000000000000e+00
-1.115470600128173828e+01 -7.578902721405029297e+00 0.000000000000000000e+00
-1.507093906402587891e+01 1.036467432975769043e+00 0.000000000000000000e+00
1.560644340515136719e+01 1.847214400768280029e-01 0.000000000000000000e+00
1.022830009460449219e+01 1.001961231231689453e+01 0.000000000000000000e+00
5.937793850898742676e-01 1.702287864685058594e+01 0.000000000000000000e+00
-1.273652744293212891e+01 5.137252807617187500e+00 0.000000000000000000e+00
1.526014328002929688e+01 4.374831199645996094e+00 0.000000000000000000e+00
4.364977359771728516e+00 -2.621883451938629150e-01 0.000000000000000000e+00
1.376721572875976562e+01 -1.068865680694580078e+01 0.000000000000000000e+00
7.756610393524169922e+00 -3.041965007781982422e+00 0.000000000000000000e+00
-5.289143085479736328e+00 -6.641836166381835938e+00 0.000000000000000000e+00
1.109358692169189453e+01 -4.034058570861816406e+00 0.000000000000000000e+00
-8.875774383544921875e+00 9.463244438171386719e+00 0.000000000000000000e+00
3.692795753479003906e+00 -4.821718692779541016e+00 0.000000000000000000e+00
9.559052586555480957e-01 -1.492662429809570312e+00 0.000000000000000000e+00
9.023402214050292969e+00 -1.373213291168212891e+00 0.000000000000000000e+00
-1.363180351257324219e+01 -6.131455898284912109e-01 0.000000000000000000e+00
9.412433624267578125e+00 -7.224876403808593750e+00 0.000000000000000000e+00
-3.128865242004394531e+00 -5.359190940856933594e+00 0.000000000000000000e+00
-1.547224044799804688e+01 -4.383863210678100586e-01 0.000000000000000000e+00
4.727564334869384766e+00 1.200669097900390625e+01 0.000000000000000000e+00
-1.242829799652099609e+01 -4.322632312774658203e+00 0.000000000000000000e+00
1.584618663787841797e+01 5.794308662414550781e+00 0.000000000000000000e+00
-1.478318023681640625e+01 7.837471485137939453e+00 0.000000000000000000e+00
-3.579424381256103516e+00 1.456800651550292969e+01 0.000000000000000000e+00
7.043525695800781250e+00 6.133445262908935547e+00 0.000000000000000000e+00
-1.573602104187011719e+01 5.428802013397216797e+00 0.000000000000000000e+00
-7.228761196136474609e+00 -8.955206274986267090e-01 0.000000000000000000e+00
1.174862384796142578e+01 6.965322017669677734e+00 0.000000000000000000e+00
-7.131113409996032715e-01 1.619169807434082031e+01 0.000000000000000000e+00
-9.075771570205688477e-01 -9.216100692749023438e+00 0.000000000000000000e+00
5.800991058349609375e+00 -1.426383209228515625e+01 0.000000000000000000e+00
-9.196453094482421875e+00 1.866359829902648926e+00 0.000000000000000000e+00
-3.893765687942504883e+00 5.624349117279052734e+00 0.000000000000000000e+00
6.063879132270812988e-01 -1.064890670776367188e+01 0.000000000000000000e+00
2.301447391510009766e+00 -1.010752105712890625e+01 0.000000000000000000e+00
2.780114650726318359e+00 1.398279786109924316e+00 0.000000000000000000e+00
-6.102859020233154297e+00 2.521403551101684570e+00 0.000000000000000000e+00
-1.845014810562133789e+00 -1.471030521392822266e+01 0.000000000000000000e+00
-9.311595916748046875e+00 6.734087944030761719e+00 0.000000000000000000e+00
5.663839817047119141e+00 -5.563932418823242188e+00 0.000000000000000000e+00
-1.842644453048706055e+00 -1.862002372741699219e+00 0.000000000000000000e+00
-9.020683288574218750e+00 -6.168537139892578125e+00 0.000000000000000000e+00
5.045545578002929688e+00 -1.112359428405761719e+01 0.000000000000000000e+00
-4.117833137512207031e+00 -1.342645835876464844e+01 0.000000000000000000e+00
-7.403340816497802734e+00 6.260574340820312500e+00 0.000000000000000000e+00
1.306253242492675781e+01 4.954193592071533203e+00 0.000000000000000000e+00
-6.968204498291015625e+00 -1.149999523162841797e+01 0.000000000000000000e+00
9.204498529434204102e-01 6.203314781188964844e+00 0.000000000000000000e+00
-8.207710385322570801e-01 -1.719342422485351562e+01 0.000000000000000000e+00
-7.685627937316894531e+00 -1.301695919036865234e+01 0.000000000000000000e+00
-1.906935811042785645e+00 -1.311775112152099609e+01 0.000000000000000000e+00
1.642877006530761719e+01 1.843332529067993164e+00 0.000000000000000000e+00
1.231600284576416016e+01 -6.146209716796875000e+00 0.000000000000000000e+00
9.679857254028320312e+00 -5.029056072235107422e+00 0.000000000000000000e+00
-5.584843635559082031e+00 1.625924110412597656e+01 0.000000000000000000e+00
2.513484001159667969e+00 1.690956115722656250e+01 0.000000000000000000e+00
-1.310118198394775391e+01 8.670016288757324219e+00 0.000000000000000000e+00
-2.384988069534301758e+00 -3.861651182174682617e+00 0.000000000000000000e+00
-3.343311548233032227e+00 -1.713893699645996094e+01 0.000000000000000000e+00
1.059790992736816406e+01 -9.603871345520019531e+00 0.000000000000000000e+00
2.976276397705078125e+00 -6.499603748321533203e+00 0.000000000000000000e+00
1.196495723724365234e+01 -7.697537422180175781e+00 0.000000000000000000e+00
-1.174675524234771729e-01 -6.547455310821533203e+00 0.000000000000000000e+00
1.416159820556640625e+01 6.397860527038574219e+00 0.000000000000000000e+00
-7.083607673645019531e+00 -5.271383762359619141e+00 0.000000000000000000e+00
8.162787437438964844e+00 -6.207787513732910156e+00 0.000000000000000000e+00
-7.544890403747558594e+00 3.230520725250244141e+00 0.000000000000000000e+00
2.608353614807128906e+00 1.163941287994384766e+01 0.000000000000000000e+00
-1.023637199401855469e+01 -1.062223243713378906e+01 0.000000000000000000e+00
-1.282100582122802734e+01 2.457087993621826172e+00 0.000000000000000000e+00
6.378050804138183594e+00 -4.852531254291534424e-01 0.000000000000000000e+00
5.000592231750488281e+00 1.016856575012207031e+01 0.000000000000000000e+00
-4.444723606109619141e+00 -1.503091335296630859e+01 0.000000000000000000e+00
-8.029627799987792969e+00 8.028015136718750000e+00 0.000000000000000000e+00
5.628282070159912109e+00 1.524568653106689453e+01 0.000000000000000000e+00
2.264812231063842773e+00 -3.001504421234130859e+00 0.000000000000000000e+00
9.214707374572753906e+00 5.626986503601074219e+00 0.000000000000000000e+00
6.808838844299316406e+00 9.123615264892578125e+00 0.000000000000000000e+00
-7.005739212036132812e+00 1.325516700744628906e+01 0.000000000000000000e+00
-1.140358352661132812e+01 6.694756031036376953e+00 0.000000000000000000e+00
8.392112731933593750e+00 1.500153541564941406e+01 0.000000000000000000e+00
-1.276951503753662109e+01 1.166956043243408203e+01 0.000000000000000000e+00
8.479451537132263184e-01 -1.714414405822753906e+01 0.000000000000000000e+00
2.143393039703369141e+00 7.104618072509765625e+00 0.000000000000000000e+00
-8.196785926818847656e+00 1.205192375183105469e+01 0.000000000000000000e+00
-4.457739830017089844e+00 -1.995648980140686035e+00 0.000000000000000000e+00
4.809579253196716309e-01 1.514371681213378906e+01 0.000000000000000000e+00
-1.071520328521728516e+01 5.368385314941406250e-01 0.000000000000000000e+00
9.077599525451660156e+00 -1.446162319183349609e+01 0.000000000000000000e+00
1.408222007751464844e+01 1.027404880523681641e+01 0.000000000000000000e+00
9.127902984619140625e+00 8.374385833740234375e+00 0.000000000000000000e+00
1.294673538208007812e+01 7.898676872253417969e+00 0.000000000000000000e+00
1.224177837371826172e+01 6.948866844177246094e-01 0.000000000000000000e+00
-9.263948440551757812e+00 4.501465797424316406e+00 0.000000000000000000e+00
1.149471664428710938e+01 -1.173949146270751953e+01 0.000000000000000000e+00
-1.070230770111083984e+01 5.276536941528320312e+00 0.000000000000000000e+00
1.064298152923583984e+01 5.372329950332641602e-01 0.000000000000000000e+00
9.618020057678222656e+00 -1.159012699127197266e+01 0.000000000000000000e+00
1.216994667053222656e+01 -1.037375068664550781e+01 0.000000000000000000e+00
4.209723472595214844e+00 6.965265274047851562e+00 0.000000000000000000e+00
-7.269750595092773438e+00 1.501311588287353516e+01 0.000000000000000000e+00
1.477807998657226562e+01 -5.098126411437988281e+00 0.000000000000000000e+00
9.607849121093750000e+00 1.782594561576843262e+00 0.000000000000000000e+00
1.081379032135009766e+01 -1.316977977752685547e+01 0.000000000000000000e+00
-1.180044531822204590e+00 6.527029991149902344e+00 0.000000000000000000e+00
3.352205753326416016e+00 -1.186777782440185547e+01 0.000000000000000000e+00
1.138708740472793579e-01 -3.894139528274536133e+00 0.000000000000000000e+00
-1.218892335891723633e+00 2.531766414642333984e+00 0.000000000000000000e+00
1.970092296600341797e+00 -1.557341194152832031e+01 0.000000000000000000e+00
7.066437244415283203e+00 1.211286163330078125e+01 0.000000000000000000e+00
6.616178989410400391e+00 -1.608075141906738281e+01 0.000000000000000000e+00
6.704364299774169922e+00 2.213181495666503906e+00 0.000000000000000000e+00
1.507027816772460938e+01 -1.930995702743530273e+00 0.000000000000000000e+00
1.381657791137695312e+01 -6.304559230804443359e+00 0.000000000000000000e+00
-5.344885349273681641e+00 1.132765960693359375e+01 0.000000000000000000e+00
-1.022068214416503906e+01 8.002901077270507812e+00 0.000000000000000000e+00
-7.338369846343994141e+00 -1.586750316619873047e+01 0.000000000000000000e+00
3.478895664215087891e+00 -1.686075401306152344e+01 0.000000000000000000e+00
-1.666940689086914062e+01 8.778813481330871582e-01 0.000000000000000000e+00
-4.807030677795410156e+00 7.329795837402343750e+00 0.000000000000000000e+00
-1.532582378387451172e+01 -2.769431591033935547e+00 0.000000000000000000e+00
-3.957086205482482910e-01 -1.218603992462158203e+01 0.000000000000000000e+00
-1.156882953643798828e+01 -9.694322586059570312e+00 0.000000000000000000e+00
4.484572887420654297e+00 1.476358890533447266e+00 0.000000000000000000e+00
-1.913070440292358398e+00 1.425735855102539062e+01 0.000000000000000000e+00
1.662366294860839844e+01 -1.654102325439453125e+00 0.000000000000000000e+00
-8.876826167106628418e-01 1.215769386291503906e+01 0.000000000000000000e+00
1.609781455993652344e+01 -6.110089302062988281e+00 0.000000000000000000e+00
-1.719751358032226562e+01 -6.999537944793701172e-01 0.000000000000000000e+00
-1.878731012344360352e+00 -6.580010414123535156e+00 0.000000000000000000e+00
-1.081015777587890625e+01 1.179901981353759766e+01 0.000000000000000000e+00
8.192811012268066406e+00 -1.291971397399902344e+01 0.000000000000000000e+00
-1.423879146575927734e+01 5.198869228363037109e+00 0.000000000000000000e+00
9.476266860961914062e+00 -3.462034940719604492e+00 0.000000000000000000e+00
-1.489688301086425781e+01 -7.650190830230712891e+00 0.000000000000000000e+00
1.271192741394042969e+01 -2.685198068618774414e+00 0.000000000000000000e+00
-6.748586177825927734e+00 4.545164585113525391e+00 0.000000000000000000e+00
-1.066801548004150391e+01 -5.388123035430908203e+00 0.000000000000000000e+00
-2.450480461120605469e+00 -9.299746513366699219e+00 0.000000000000000000e+00
3.380543708801269531e+00 1.013783359527587891e+01 0.000000000000000000e+00
-2.522458553314208984e+00 1.729921150207519531e+01 0.000000000000000000e+00
4.891194820404052734e+00 3.932809829711914062e+00 0.000000000000000000e+00
-8.695299148559570312e+00 -2.419136285781860352e+00 0.000000000000000000e+00
1.843143582344055176e+00 -1.206691169738769531e+01 0.000000000000000000e+00
1.517776966094970703e+00 -6.939268589019775391e+00 0.000000000000000000e+00
-4.693273544311523438e+00 -3.839253902435302734e+00 0.000000000000000000e+00
9.313673973083496094e+00 -8.770589828491210938e+00 0.000000000000000000e+00
-3.786024808883666992e+00 8.298767805099487305e-01 0.000000000000000000e+00
-3.965002298355102539e-01 -6.067903637886047363e-01 0.000000000000000000e+00
8.644550323486328125e+00 1.226674938201904297e+01 0.000000000000000000e+00
-2.669699430465698242e+00 9.146963119506835938e+00 0.000000000000000000e+00
-1.270608043670654297e+01 -6.682452201843261719e+00 0.000000000000000000e+00
-8.652575492858886719e+00 -1.164403915405273438e+01 0.000000000000000000e+00
4.343460559844970703e+00 -1.320974922180175781e+01 0.000000000000000000e+00
-1.210139560699462891e+01 -1.358689367771148682e-01 0.000000000000000000e+00
9.603915810585021973e-01 1.007179355621337891e+01 0.000000000000000000e+00
-5.046638488769531250e+00 4.461446762084960938e+00 0.000000000000000000e+00
3.885843038558959961e+00 -3.125892162322998047e+00 0.000000000000000000e+00
4.522333621978759766e+00 1.679264450073242188e+01 0.000000000000000000e+00
-1.349112224578857422e+01 1.005388498306274414e+00 0.000000000000000000e+00
6.157515525817871094e+00 -1.250782966613769531e+01 0.000000000000000000e+00
-5.608655452728271484e+00 -1.242898082733154297e+01 0.000000000000000000e+00
1.386277675628662109e+01 3.606747865676879883e+00 0.000000000000000000e+00
8.024518966674804688e+00 7.268719196319580078e+00 0.000000000000000000e+00
-8.723626136779785156e+00 1.449174213409423828e+01 0.000000000000000000e+00
