7.170060157775878906e+00 -8.093569755554199219e+00 0.000000000000000000e+00
-2.152801990509033203e+00 1.420959949493408203e+01 0.000000000000000000e+00
-1.176695919036865234e+01 4.287540912628173828e+00 0.000000000000000000e+00
-1.004643917083740234e+01 8.020331382751464844e+00 0.000000000000000000e+00
9.811333417892456055e-01 8.897539138793945312e+00 0.000000000000000000e+00
1.281120014190673828e+01 8.897204399108886719e+00 0.000000000000000000e+00
6.321340560913085938e+00 -9.446100234985351562e+00 0.000000000000000000e+00
-2.807571649551391602e+00 1.083740329742431641e+01 0.000000000000000000e+00
-4.364672660827636719e+00 1.680898094177246094e+01 0.000000000000000000e+00
1.447348499298095703e+01 -7.287812232971191406e+00 0.000000000000000000e+00
1.655334854125976562e+01 -3.726821184158325195e+00 0.000000000000000000e+00
-1.620872306823730469e+01 3.129243850708007812e+00 0.000000000000000000e+00
4.738144874572753906e+00 -1.133717727661132812e+01 0.000000000000000000e+00
3.114324092864990234e+00 -1.270526766777038574e+00 0.000000000000000000e+00
-1.304307937622070312e+01 -9.653923988342285156e+00 0.000000000000000000e+00
-4.810049057006835938e+00 -1.072870635986328125e+01 0.000000000000000000e+00
1.488948440551757812e+01 -5.771396636962890625e+00 0.000000000000000000e+00
4.069944858551025391e+00 -7.853265762329101562e+00 0.000000000000000000e+00
7.298421859741210938e+00 9.017883300781250000e+00 0.000000000000000000e+00
-1.582462310791015625e+00 1.714259147644042969e+01 0.000000000000000000e+00
-9.253339767456054688e+00 1.319120693206787109e+01 0.000000000000000000e+00
-1.397127532958984375e+01 -7.186022281646728516e+00 0.000000000000000000e+00
4.194069802761077881e-01 1.443247795104980469e+01 0.000000000000000000e+00
1.672996997833251953e+00 2.620052099227905273e+00 0.000000000000000000e+00
8.305972099304199219e+00 4.037130355834960938e+00 0.000000000000000000e+00
-1.544061756134033203e+01 6.879605293273925781e+00 0.000000000000000000e+00
-8.576498031616210938e+00 3.751509189605712891e+00 0.000000000000000000e+00
-1.318103504180908203e+01 8.900176048278808594e+00 0.000000000000000000e+00
1.934929013252258301e+00 -1.543059253692626953e+01 0.000000000000000000e+00
1.183184623718261719e+01 1.180403518676757812e+01 0.000000000000000000e+00
-5.863097190856933594e+00 1.490322303771972656e+01 0.000000000000000000e+00
-1.166535496711730957e+00 -7.780981540679931641e+00 0.000000000000000000e+00
-1.015896987915039062e+01 -4.257840156555175781e+00 0.000000000000000000e+00
5.386083602905273438e+00 1.171158885955810547e+01 0.000000000000000000e+00
6.228340148925781250e+00 -5.904171943664550781e+00 0.000000000000000000e+00
-3.195799350738525391e+00 -6.586629867553710938e+00 0.000000000000000000e+00
-8.593953132629394531e+00 7.446109294891357422e+00 0.000000000000000000e+00
2.172978878021240234e+00 -1.327594375610351562e+01 0.000000000000000000e+00
3.140572071075439453e+00 8.045773506164550781e-01 0.000000000000000000e+00
1.110883045196533203e+01 -1.229185295104980469e+01 0.000000000000000000e+00
-1.165821552276611328e+01 -1.059910011291503906e+01 0.000000000000000000e+00
3.711477994918823242e+00 6.624467372894287109e+00 0.000000000000000000e+00
-2.851412773132324219e+00 -1.145549964904785156e+01 0.000000000000000000e+00
-1.615389060974121094e+01 -1.346577256917953491e-01 0.000000000000000000e+00
-1.042393112182617188e+01 -1.346347141265869141e+01 0.000000000000000000e+00
1.231440734863281250e+01 -7.709951877593994141e+00 0.000000000000000000e+00
-7.635856628417968750e+00 -4.537444114685058594e+00 0.000000000000000000e+00
-1.287289023399353027e+00 1.025147247314453125e+01 0.000000000000000000e+00
1.106610965728759766e+01 5.230406761169433594e+00 0.000000000000000000e+00
-1.940890431404113770e+00 -1.015991592407226562e+01 0.000000000000000000e+00
5.811682701110839844e+00 3.208442449569702148e+00 0.000000000000000000e+00
-5.367531776428222656e+00 6.009871959686279297e+00 0.000000000000000000e+00
1.076579666137695312e+01 -9.492466926574707031e+00 0.000000000000000000e+00
-1.038750743865966797e+01 3.161735296249389648e+00 0.000000000000000000e+00
1.627860260009765625e+01 -4.126831293106079102e-01 0.000000000000000000e+00
4.009278774261474609e+00 -4.455523014068603516e+00 0.000000000000000000e+00
1.251135635375976562e+01 -1.082995796203613281e+01 0.000000000000000000e+00
4.009695351123809814e-01 -7.367082595825195312e+00 0.000000000000000000e+00
-3.601247310638427734e+00 4.835381031036376953e+00 0.000000000000000000e+00
9.628833770751953125e+00 -1.317043018341064453e+01 0.000000000000000000e+00
3.313014268875122070e+00 -1.467297458648681641e+01 0.000000000000000000e+00
1.226530265808105469e+01 6.701171398162841797e+00 0.000000000000000000e+00
7.886838436126708984e+00 -1.004291534423828125e+01 0.000000000000000000e+00
6.417964935302734375e+00 6.528845310211181641e+00 0.000000000000000000e+00
-1.514177894592285156e+01 -8.387874603271484375e+00 0.000000000000000000e+00
1.103408813476562500e+01 7.594566345214843750e-01 0.000000000000000000e+00
-1.608550643920898438e+01 -2.480991125106811523e+00 0.000000000000000000e+00
-6.060127735137939453e+00 -6.232920169830322266e+00 0.000000000000000000e+00
-1.283628940582275391e+01 -2.475554466247558594e+00 0.000000000000000000e+00
-4.343261241912841797e+00 2.204750776290893555e-01 0.000000000000000000e+00
9.624317169189453125e+00 -1.251330137252807617e+00 0.000000000000000000e+00
-1.319633197784423828e+01 -4.731170177459716797e+00 0.000000000000000000e+00
2.234136343002319336e+00 1.668427467346191406e+01 0.000000000000000000e+00
-6.179502487182617188e+00 -1.956546664237976074e+00 0.000000000000000000e+00
9.227124214172363281e+00 -6.634737968444824219e+00 0.000000000000000000e+00
8.512578964233398438e+00 7.215729236602783203e+00 0.000000000000000000e+00
1.481696987152099609e+01 7.365961074829101562e-01 0.000000000000000000e+00
-8.117516517639160156e+00 -1.483727169036865234e+01 0.000000000000000000e+00
-2.804722070693969727e+00 -1.241009116172790527e+00 0.000000000000000000e+00
-9.656328201293945312e+00 -5.593155026435852051e-01 0.000000000000000000e+00
2.445763349533081055e+00 -6.700606346130371094e+00 0.000000000000000000e+00
-4.459363460540771484e+00 -1.274663543701171875e+01 0.000000000000000000e+00
-7.241475582122802734e+00 1.550681591033935547e+00 0.000000000000000000e+00
-1.320990085601806641e+01 -5.092080235481262207e-01 0.000000000000000000e+00
7.251794338226318359e+00 -4.576022624969482422e+00 0.000000000000000000e+00
-2.063592225313186646e-01 -1.263310432434082031e+00 0.000000000000000000e+00
1.020874381065368652e+00 -9.617211341857910156e+00 0.000000000000000000e+00
-5.744594573974609375e+00 4.002927303314208984e+00 0.000000000000000000e+00
1.062542247772216797e+01 -7.740563869476318359e+00 0.000000000000000000e+00
-1.918086647987365723e+00 6.535034656524658203e+00 0.000000000000000000e+00
6.120126247406005859e+00 -2.743620634078979492e+00 0.000000000000000000e+00
-8.634922981262207031e+00 -5.700553894042968750e+00 0.000000000000000000e+00
4.613658428192138672e+00 -1.620062065124511719e+01 0.000000000000000000e+00
-7.531075477600097656e+00 -1.283880138397216797e+01 0.000000000000000000e+00
1.063255786895751953e+01 -3.516407251358032227e+00 0.000000000000000000e+00
7.829912662506103516e+00 1.515120697021484375e+01 0.000000000000000000e+00
-3.165876150131225586e+00 -8.500729560852050781e+00 0.000000000000000000e+00
-5.682033061981201172e+00 -4.648229122161865234e+00 0.000000000000000000e+00
-5.603445529937744141e+00 9.830192565917968750e+00 0.000000000000000000e+00
1.345917892456054688e+01 3.443878650665283203e+00 0.000000000000000000e+00
-1.364527511596679688e+01 7.410467147827148438e+00 0.000000000000000000e+00
-1.316904067993164062e+00 -1.288460826873779297e+01 0.000000000000000000e+00
-3.851996660232543945e+00 1.209207630157470703e+01 0.000000000000000000e+00
3.514285087585449219e+00 1.074209403991699219e+01 0.000000000000000000e+00
1.305479621887207031e+01 -9.898906350135803223e-01 0.000000000000000000e+00
1.542891979217529297e+01 3.368715524673461914e+00 0.000000000000000000e+00
-7.269279956817626953e+00 -1.120325565338134766e+01 0.000000000000000000e+00
-1.733044147491455078e+00 -1.663708496093750000e+01 0.000000000000000000e+00
-1.003993606567382812e+01 -8.125745773315429688e+00 0.000000000000000000e+00
-1.748795986175537109e+00 8.655127525329589844e+00 0.000000000000000000e+00
-3.183947563171386719e+00 -4.921974658966064453e+00 0.000000000000000000e+00
-6.835016608238220215e-01 1.381596207618713379e+00 0.000000000000000000e+00
-3.549330234527587891e-01 3.566224098205566406e+00 0.000000000000000000e+00
6.905820965766906738e-02 7.612624168395996094e+00 0.000000000000000000e+00
-1.300837516784667969e+00 1.233010768890380859e+01 0.000000000000000000e+00
-1.578184604644775391e+01 -6.510324954986572266e+00 0.000000000000000000e+00
-3.011968612670898438e+00 2.767076015472412109e+00 0.000000000000000000e+00
-6.244798660278320312e+00 -9.168389320373535156e+00 0.000000000000000000e+00
4.720837116241455078e+00 1.615699768066406250e+01 0.000000000000000000e+00
-1.229290962219238281e+01 1.210424423217773438e+01 0.000000000000000000e+00
-5.287643074989318848e-01 5.223770618438720703e+00 0.000000000000000000e+00
-1.409728717803955078e+01 2.127503871917724609e+00 0.000000000000000000e+00
3.128777027130126953e+00 1.397188663482666016e+01 0.000000000000000000e+00
-8.010932922363281250e+00 -1.132707238197326660e+00 0.000000000000000000e+00
1.148592376708984375e+01 -1.509112834930419922e+00 0.000000000000000000e+00
2.944554328918457031e+00 -1.676546478271484375e+01 0.000000000000000000e+00
-7.825692176818847656e+00 1.398408794403076172e+01 0.000000000000000000e+00
-1.694614601135253906e+01 -3.835211515426635742e+00 0.000000000000000000e+00
1.375611209869384766e+01 4.918555259704589844e+00 0.000000000000000000e+00
6.092588901519775391e-01 -5.044141292572021484e+00 0.000000000000000000e+00
4.952450752258300781e+00 -1.840659379959106445e-01 0.000000000000000000e+00
-8.028538703918457031e+00 1.192525768280029297e+01 0.000000000000000000e+00
7.226957798004150391e+00 1.374542427062988281e+01 0.000000000000000000e+00
9.205550193786621094e+00 1.411661052703857422e+01 0.000000000000000000e+00
4.627341747283935547e+00 1.437405872344970703e+01 0.000000000000000000e+00
-4.579143047332763672e+00 -1.617418098449707031e+01 0.000000000000000000e+00
7.401647567749023438e+00 -1.219753646850585938e+01 0.000000000000000000e+00
8.290145874023437500e+00 1.027854537963867188e+01 0.000000000000000000e+00
-8.094641685485839844e+00 -9.176424980163574219e+00 0.000000000000000000e+00
-3.248108386993408203e+00 -1.366608810424804688e+01 0.000000000000000000e+00
3.908071517944335938e+00 4.761653423309326172e+00 0.000000000000000000e+00
-4.233677387237548828e+00 1.462939453125000000e+01 0.000000000000000000e+00
3.548565149307250977e+00 -1.249997234344482422e+01 0.000000000000000000e+00
6.728516578674316406e+00 -3.725166916847229004e-01 0.000000000000000000e+00
1.049337577819824219e+01 8.283076286315917969e+00 0.000000000000000000e+00
8.419710159301757812e+00 1.222195720672607422e+01 0.000000000000000000e+00
3.617111921310424805e+00 -9.933422088623046875e+00 0.000000000000000000e+00
7.281864643096923828e+00 -1.480010318756103516e+01 0.000000000000000000e+00
7.761243343353271484e+00 5.454509258270263672e+00 0.000000000000000000e+00
-7.257208824157714844e+00 1.589577198028564453e+01 0.000000000000000000e+00
-3.442639350891113281e+00 9.254082679748535156e+00 0.000000000000000000e+00
1.669256782531738281e+01 -2.204213380813598633e+00 0.000000000000000000e+00
1.479601764678955078e+01 -4.256346225738525391e+00 0.000000000000000000e+00
2.679361581802368164e+00 8.589369773864746094e+00 0.000000000000000000e+00
-5.258563518524169922e+00 -1.406162929534912109e+01 0.000000000000000000e+00
-1.139689064025878906e+01 9.231553077697753906e+00 0.000000000000000000e+00
-1.290206146240234375e+01 5.698227405548095703e+00 0.000000000000000000e+00
6.434126496315002441e-01 -2.961196422576904297e+00 0.000000000000000000e+00
2.162592411041259766e+00 4.489180088043212891e+00 0.000000000000000000e+00
-1.143401145935058594e+01 6.064218997955322266e+00 0.000000000000000000e+00
8.964810371398925781e+00 -3.176862001419067383e+00 0.000000000000000000e+00
2.757729768753051758e+00 -2.889592647552490234e+00 0.000000000000000000e+00
5.567331314086914062e+00 -7.344696998596191406e+00 0.000000000000000000e+00
1.529121398925781250e+01 6.561811923980712891e+00 0.000000000000000000e+00
1.091228485107421875e+01 9.955365180969238281e+00 0.000000000000000000e+00
-7.767375469207763672e+00 -2.977339267730712891e+00 0.000000000000000000e+00
-1.478761553764343262e+00 -5.122944355010986328e+00 0.000000000000000000e+00
-5.106946945190429688e+00 8.056121826171875000e+00 0.000000000000000000e+00
3.768715308979153633e-03 1.117849731445312500e+01 0.000000000000000000e+00
1.230770969390869141e+01 -5.777006149291992188e+00 0.000000000000000000e+00
6.051845073699951172e+00 1.032224082946777344e+01 0.000000000000000000e+00
-5.754892349243164062e+00 1.829151034355163574e+00 0.000000000000000000e+00
-2.593434572219848633e+00 -3.299823045730590820e+00 0.000000000000000000e+00
-1.136240673065185547e+01 9.280210733413696289e-01 0.000000000000000000e+00
2.694954156875610352e+00 -8.501053810119628906e+00 0.000000000000000000e+00
1.392380046844482422e+01 -2.379645109176635742e+00 0.000000000000000000e+00
1.017008399963378906e+01 3.076720952987670898e+00 0.000000000000000000e+00
-7.792823791503906250e+00 1.027371215820312500e+01 0.000000000000000000e+00
-8.848189353942871094e+00 -1.083939647674560547e+01 0.000000000000000000e+00
-6.447521209716796875e+00 -1.567072963714599609e+01 0.000000000000000000e+00
4.646414279937744141e+00 -1.384524059295654297e+01 0.000000000000000000e+00
8.478265762329101562e+00 1.819876074790954590e+00 0.000000000000000000e+00
-1.467277812957763672e+01 4.389181137084960938e+00 0.000000000000000000e+00
7.892926216125488281e+00 -1.377528190612792969e+00 0.000000000000000000e+00
-4.987083435058593750e+00 -8.200715065002441406e+00 0.000000000000000000e+00
-4.181331634521484375e+00 -2.161721229553222656e+00 0.000000000000000000e+00
-9.560718536376953125e+00 1.067947959899902344e+01 0.000000000000000000e+00
1.311904525756835938e+01 1.058473205566406250e+01 0.000000000000000000e+00
9.787932395935058594e+00 -4.901966571807861328e+00 0.000000000000000000e+00
-1.028474044799804688e+01 -2.217421770095825195e+00 0.000000000000000000e+00
-1.483629226684570312e+01 9.162010192871093750e+00 0.000000000000000000e+00
1.660180282592773438e+01 4.982967853546142578e+00 0.000000000000000000e+00
-9.379712104797363281e+00 5.456134319305419922e+00 0.000000000000000000e+00
-1.109550094604492188e+01 -6.680033206939697266e+00 0.000000000000000000e+00
1.071226787567138672e+01 -6.214500427246093750e+00 0.000000000000000000e+00
1.374313640594482422e+01 -9.682971000671386719e+00 0.000000000000000000e+00
1.358080959320068359e+01 1.801597118377685547e+00 0.000000000000000000e+00
1.628814888000488281e+01 1.181389331817626953e+00 0.000000000000000000e+00
9.569478988647460938e+00 -1.135201263427734375e+01 0.000000000000000000e+00
1.025187301635742188e+01 1.263485908508300781e+01 0.000000000000000000e+00
-1.030842494964599609e+01 -1.184402370452880859e+01 0.000000000000000000e+00
1.725284576416015625e+00 1.063440132141113281e+01 0.000000000000000000e+00
-8.368546485900878906e+00 -7.468296051025390625e+00 0.000000000000000000e+00
6.939670085906982422e+00 1.529839754104614258e+00 0.000000000000000000e+00
6.646851301193237305e-01 -1.428203010559082031e+01 0.000000000000000000e+00
-7.864476680755615234e+00 5.090300083160400391e+00 0.000000000000000000e+00
4.255663871765136719e+00 9.053393363952636719e+00 0.000000000000000000e+00
1.196097946166992188e+01 2.237696886062622070e+00 0.000000000000000000e+00
-1.143444728851318359e+01 -9.550697803497314453e-01 0.000000000000000000e+00
-3.008216381072998047e+00 -1.570449352264404297e+01 0.000000000000000000e+00
1.365820646286010742e+00 1.295083045959472656e+01 0.000000000000000000e+00
1.802543044090270996e+00 1.520704936981201172e+01 0.000000000000000000e+00
7.197823047637939453e+00 1.131119632720947266e+01 0.000000000000000000e+00
-1.468589210510253906e+01 -1.794172644615173340e+00 0.000000000000000000e+00
1.198965644836425781e+01 3.815998315811157227e+00 0.000000000000000000e+00
-2.417699813842773438e+00 2.508116662502288818e-01 0.000000000000000000e+00
-1.511752319335937500e+01 -3.931504011154174805e+00 0.000000000000000000e+00
3.388478159904479980e-01 -1.273473358154296875e+01 0.000000000000000000e+00
5.240771770477294922e+00 7.812881469726562500e+00 0.000000000000000000e+00
3.506086587905883789e+00 2.776386260986328125e+00 0.000000000000000000e+00
9.332093238830566406e+00 5.768505096435546875e+00 0.000000000000000000e+00
-1.450188064575195312e+01 6.367034316062927246e-01 0.000000000000000000e+00
-5.856629848480224609e+00 1.333855247497558594e+01 0.000000000000000000e+00
-1.645909118652343750e+01 5.193892955780029297e+00 0.000000000000000000e+00
1.894116759300231934e+00 6.815563201904296875e+00 0.000000000000000000e+00
-8.222370147705078125e+00 3.866054713726043701e-01 0.000000000000000000e+00
2.360689163208007812e+00 -5.108420372009277344e+00 0.000000000000000000e+00
1.493393301963806152e+00 -1.720886039733886719e+01 0.000000000000000000e+00
-8.927478790283203125e+00 1.760281443595886230e+00 0.000000000000000000e+00
1.454511761665344238e+00 -7.535186409950256348e-01 0.000000000000000000e+00
-3.741683065891265869e-01 1.600725936889648438e+01 0.000000000000000000e+00
-1.076271724700927734e+01 1.320512580871582031e+01 0.000000000000000000e+00
5.751530647277832031e+00 -1.273175430297851562e+01 0.000000000000000000e+00
1.944919586181640625e+00 -1.148392963409423828e+01 0.000000000000000000e+00
1.434037113189697266e+01 8.471781730651855469e+00 0.000000000000000000e+00
-1.312516117095947266e+01 3.408713102340698242e+00 0.000000000000000000e+00
4.450230121612548828e+00 -2.872966051101684570e+00 0.000000000000000000e+00
-1.678518676757812500e+01 1.675042629241943359e+00 0.000000000000000000e+00
-1.329400730133056641e+01 -1.132209300994873047e+01 0.000000000000000000e+00
-1.170413875579833984e+01 -3.796617984771728516e+00 0.000000000000000000e+00
-1.636453151702880859e+00 -1.469935703277587891e+01 0.000000000000000000e+00
-3.424243211746215820e+00 7.589660644531250000e+00 0.000000000000000000e+00
4.956607818603515625e+00 1.752968430519104004e+00 0.000000000000000000e+00
1.410610973834991455e-01 -1.588502788543701172e+01 0.000000000000000000e+00
-7.068303823471069336e-01 -3.644151449203491211e+00 0.000000000000000000e+00
-1.175785732269287109e+01 -8.603243827819824219e+00 0.000000000000000000e+00
-1.584152102470397949e+00 -2.138991117477416992e+00 0.000000000000000000e+00
9.781394600868225098e-01 1.087311029434204102e+00 0.000000000000000000e+00
-6.072768211364746094e+00 1.150271511077880859e+01 0.000000000000000000e+00
-6.836209297180175781e+00 6.769301891326904297e+00 0.000000000000000000e+00
-2.863205671310424805e+00 1.592600917816162109e+01 0.000000000000000000e+00
-1.970938920974731445e+00 3.994721651077270508e+00 0.000000000000000000e+00
-1.193723773956298828e+01 -1.233362197875976562e+01 0.000000000000000000e+00
1.270627880096435547e+01 -3.587548971176147461e+00 0.000000000000000000e+00
1.517455482482910156e+01 -1.505260944366455078e+00 0.000000000000000000e+00
5.752194881439208984e+00 -1.487027931213378906e+01 0.000000000000000000e+00
