-1.487428092956542969e+01 7.527358531951904297e+00 0.000000000000000000e+00
4.450399398803710938e+00 -6.605780601501464844e+00 0.000000000000000000e+00
-9.684326171875000000e+00 -2.872037887573242188e+00 0.000000000000000000e+00
1.140301990509033203e+01 -1.011074781417846680e+00 0.000000000000000000e+00
-2.450433492660522461e+00 -5.688250064849853516e+00 0.000000000000000000e+00
-1.198141956329345703e+01 5.712689399719238281e+00 0.000000000000000000e+00
-1.460670375823974609e+01 4.798612594604492188e+00 0.000000000000000000e+00
1.039790248870849609e+01 1.360740470886230469e+01 0.000000000000000000e+00
-2.642356872558593750e+00 -2.228359699249267578e+00 0.000000000000000000e+00
5.057893753051757812e+00 3.853189706802368164e+00 0.000000000000000000e+00
2.078763246536254883e+00 -9.773468017578125000e+00 0.000000000000000000e+00
1.359766578674316406e+01 8.020834922790527344e+00 0.000000000000000000e+00
1.157019805908203125e+01 -3.802133798599243164e+00 0.000000000000000000e+00
-9.785086631774902344e+00 -5.865698337554931641e+00 0.000000000000000000e+00
2.260085582733154297e+00 -1.598365592956542969e+01 0.000000000000000000e+00
-7.077871799468994141e+00 -8.364768624305725098e-01 0.000000000000000000e+00
-8.983629941940307617e-02 -2.024804592132568359e+00 0.000000000000000000e+00
-9.107643127441406250e+00 1.330023050308227539e+00 0.000000000000000000e+00
1.732454299926757812e+01 -1.442558050155639648e+00 0.000000000000000000e+00
1.502998733520507812e+01 -7.130050659179687500e+00 0.000000000000000000e+00
-1.373620223999023438e+01 -1.051552772521972656e+00 0.000000000000000000e+00
1.445402145385742188e+01 9.655715942382812500e+00 0.000000000000000000e+00
-5.215395450592041016e+00 -1.066846847534179688e+01 0.000000000000000000e+00
7.181797504425048828e+00 -7.886189937591552734e+00 0.000000000000000000e+00
-1.270803451538085938e+01 -6.735361099243164062e+00 0.000000000000000000e+00
7.014516830444335938e+00 -1.520495986938476562e+01 0.000000000000000000e+00
-9.981667518615722656e+00 3.676419973373413086e+00 0.000000000000000000e+00
1.197915554046630859e+00 1.855369925498962402e+00 0.000000000000000000e+00
2.647858619689941406e+00 -6.661511421203613281e+00 0.000000000000000000e+00
7.607729434967041016e+00 -3.503152370452880859e+00 0.000000000000000000e+00
-8.199025154113769531e+00 -3.891740083694458008e+00 0.000000000000000000e+00
-4.566588878631591797e+00 1.396862602233886719e+01 0.000000000000000000e+00
1.772190809249877930e+00 1.095153808593750000e+01 0.000000000000000000e+00
-1.464453792572021484e+01 4.836328625679016113e-01 0.000000000000000000e+00
-6.777802944183349609e+00 6.235695362091064453e+00 0.000000000000000000e+00
1.228362274169921875e+01 -5.134849548339843750e+00 0.000000000000000000e+00
2.649632692337036133e+00 -1.278797817230224609e+01 0.000000000000000000e+00
-5.995495796203613281e+00 2.766169071197509766e+00 0.000000000000000000e+00
1.608320236206054688e+01 6.666444778442382812e+00 0.000000000000000000e+00
1.256024742126464844e+01 -9.680770874023437500e+00 0.000000000000000000e+00
-9.866340637207031250e+00 -8.902159690856933594e+00 0.000000000000000000e+00
-1.245791435241699219e+01 -1.194484806060791016e+01 0.000000000000000000e+00
-1.573634529113769531e+01 -1.277052879333496094e+00 0.000000000000000000e+00
4.397790431976318359e+00 -1.501232385635375977e+00 0.000000000000000000e+00
9.257734298706054688e+00 -1.141817951202392578e+01 0.000000000000000000e+00
-8.889942169189453125e+00 6.991128444671630859e+00 0.000000000000000000e+00
-8.329319953918457031e+00 8.919567108154296875e+00 0.000000000000000000e+00
1.125488185882568359e+01 -1.328999519348144531e+01 0.000000000000000000e+00
-1.365415859222412109e+01 -4.971244812011718750e+00 0.000000000000000000e+00
-4.517928600311279297e+00 -1.365810298919677734e+01 0.000000000000000000e+00
-5.271908283233642578e+00 -7.994143486022949219e+00 0.000000000000000000e+00
1.268416786193847656e+01 -7.073966979980468750e+00 0.000000000000000000e+00
-3.651173353195190430e+00 1.544288730621337891e+01 0.000000000000000000e+00
-1.553267383575439453e+01 3.510673046112060547e+00 0.000000000000000000e+00
-6.319957733154296875e+00 1.592468643188476562e+01 0.000000000000000000e+00
-9.297553062438964844e+00 -1.193681049346923828e+01 0.000000000000000000e+00
-1.233139991760253906e+01 1.086542606353759766e+00 0.000000000000000000e+00
-5.690118312835693359e+00 9.631529808044433594e+00 0.000000000000000000e+00
-6.116880416870117188e+00 -3.192174911499023438e+00 0.000000000000000000e+00
1.712536811828613281e+01 -3.461321830749511719e+00 0.000000000000000000e+00
9.751840591430664062e+00 -9.689083695411682129e-01 0.000000000000000000e+00
6.846194744110107422e+00 6.500810146331787109e+00 0.000000000000000000e+00
-1.187519073486328125e+01 -1.620825409889221191e+00 0.000000000000000000e+00
-5.669670179486274719e-02 -1.192581748962402344e+01 0.000000000000000000e+00
-1.571146774291992188e+01 -5.441910743713378906e+00 0.000000000000000000e+00
1.330753231048583984e+01 1.074250793457031250e+01 0.000000000000000000e+00
-5.162105560302734375e+00 -1.596759605407714844e+01 0.000000000000000000e+00
-1.281901836395263672e+01 7.722918033599853516e+00 0.000000000000000000e+00
7.417306423187255859e+00 -8.080772757530212402e-01 0.000000000000000000e+00
-2.011847257614135742e+00 -8.175623893737792969e+00 0.000000000000000000e+00
1.557268261909484863e+00 1.539957618713378906e+01 0.000000000000000000e+00
6.435265541076660156e+00 8.397828340530395508e-01 0.000000000000000000e+00
4.619598388671875000e+00 1.414405632019042969e+01 0.000000000000000000e+00
-5.898231267929077148e-01 1.180582618713378906e+01 0.000000000000000000e+00
1.518097519874572754e+00 6.349028110504150391e+00 0.000000000000000000e+00
3.867354154586791992e+00 6.032728672027587891e+00 0.000000000000000000e+00
-1.911967396736145020e+00 1.699581718444824219e+01 0.000000000000000000e+00
3.674991369247436523e+00 9.444599747657775879e-01 0.000000000000000000e+00
-7.468755722045898438e+00 -9.845493316650390625e+00 0.000000000000000000e+00
5.438798666000366211e-01 -1.336376571655273438e+01 0.000000000000000000e+00
-1.890861392021179199e+00 -1.662218475341796875e+01 0.000000000000000000e+00
-4.618158340454101562e+00 7.552985668182373047e+00 0.000000000000000000e+00
1.519207096099853516e+01 4.182528972625732422e+00 0.000000000000000000e+00
1.012603473663330078e+01 -5.038334369659423828e+00 0.000000000000000000e+00
9.703930854797363281e+00 -8.026093482971191406e+00 0.000000000000000000e+00
1.501990985870361328e+01 4.560841023921966553e-01 0.000000000000000000e+00
-2.483365058898925781e+00 4.239618778228759766e+00 0.000000000000000000e+00
-4.173339843750000000e+00 1.029877758026123047e+01 0.000000000000000000e+00
1.931602954864501953e+00 -2.566942214965820312e+00 0.000000000000000000e+00
1.206649780273437500e+01 1.748099565505981445e+00 0.000000000000000000e+00
4.024344444274902344e+00 -1.634007644653320312e+01 0.000000000000000000e+00
7.622924327850341797e+00 -1.247369289398193359e+01 0.000000000000000000e+00
7.019102573394775391e+00 8.195315361022949219e+00 0.000000000000000000e+00
3.573293447494506836e+00 1.567901897430419922e+01 0.000000000000000000e+00
2.472450256347656250e+00 1.291369438171386719e+01 0.000000000000000000e+00
-1.113062381744384766e+01 1.173197460174560547e+01 0.000000000000000000e+00
7.965316772460937500e+00 1.647147893905639648e+00 0.000000000000000000e+00
8.590683937072753906e+00 7.333194255828857422e+00 0.000000000000000000e+00
-2.039971351623535156e+00 8.939223289489746094e+00 0.000000000000000000e+00
1.468160533905029297e+01 -3.398630142211914062e+00 0.000000000000000000e+00
1.017046928405761719e+01 7.444565296173095703e+00 0.000000000000000000e+00
1.053388214111328125e+01 2.575566291809082031e+00 0.000000000000000000e+00
-1.670387077331542969e+01 4.661715984344482422e+00 0.000000000000000000e+00
1.338620090484619141e+01 -3.230188488960266113e-01 0.000000000000000000e+00
-7.992176055908203125e+00 1.126974391937255859e+01 0.000000000000000000e+00
-7.778374195098876953e+00 3.744494438171386719e+00 0.000000000000000000e+00
-3.332044363021850586e+00 1.616710305213928223e+00 0.000000000000000000e+00
7.106561660766601562e-01 4.354239940643310547e+00 0.000000000000000000e+00
-3.721626698970794678e-01 1.343879127502441406e+01 0.000000000000000000e+00
-1.638375091552734375e+01 -2.724346399307250977e+00 0.000000000000000000e+00
1.413599014282226562e+01 2.453013420104980469e+00 0.000000000000000000e+00
-1.415939235687255859e+01 -8.167585372924804688e+00 0.000000000000000000e+00
9.976389884948730469e+00 -3.382133483886718750e+00 0.000000000000000000e+00
-6.513831019401550293e-01 -5.506696105003356934e-01 0.000000000000000000e+00
1.403998088836669922e+01 6.254232406616210938e+00 0.000000000000000000e+00
3.859242916107177734e+00 1.077865219116210938e+01 0.000000000000000000e+00
1.171073055267333984e+01 1.204490947723388672e+01 0.000000000000000000e+00
-3.408976316452026367e+00 1.238245391845703125e+01 0.000000000000000000e+00
1.776485085487365723e+00 -8.139192581176757812e+00 0.000000000000000000e+00
-3.135189533233642578e+00 -3.689062833786010742e+00 0.000000000000000000e+00
-2.721205472946166992e+00 -1.029545783996582031e+01 0.000000000000000000e+00
6.577204227447509766e+00 -1.021224784851074219e+01 0.000000000000000000e+00
9.143980979919433594e+00 1.200537586212158203e+01 0.000000000000000000e+00
8.529459953308105469e+00 -6.308628082275390625e+00 0.000000000000000000e+00
9.607729911804199219e+00 4.630908966064453125e+00 0.000000000000000000e+00
8.140233039855957031e+00 1.062212371826171875e+01 0.000000000000000000e+00
4.999916553497314453e+00 8.442673683166503906e+00 0.000000000000000000e+00
1.150424385070800781e+01 -1.094204521179199219e+01 0.000000000000000000e+00
-6.727764129638671875e+00 -1.391756343841552734e+01 0.000000000000000000e+00
-7.906758785247802734e+00 1.349512004852294922e+01 0.000000000000000000e+00
-1.052300930023193359e+01 -6.498479247093200684e-01 0.000000000000000000e+00
-7.334309101104736328e+00 7.772831916809082031e+00 0.000000000000000000e+00
-5.739215850830078125e+00 1.133160781860351562e+01 0.000000000000000000e+00
2.733062982559204102e+00 4.254351615905761719e+00 0.000000000000000000e+00
1.168604278564453125e+01 4.652980327606201172e+00 0.000000000000000000e+00
-9.028965830802917480e-01 5.815867900848388672e+00 0.000000000000000000e+00
5.487931728363037109e+00 1.082905769348144531e+01 0.000000000000000000e+00
-1.110416984558105469e+01 8.984317779541015625e+00 0.000000000000000000e+00
-4.757927417755126953e+00 -6.409024000167846680e-01 0.000000000000000000e+00
-2.614277839660644531e+00 -1.494407749176025391e+01 0.000000000000000000e+00
5.221711158752441406e+00 -8.550997734069824219e+00 0.000000000000000000e+00
3.601499080657958984e+00 -8.529438018798828125e+00 0.000000000000000000e+00
-4.516763210296630859e+00 -9.290730476379394531e+00 0.000000000000000000e+00
-1.701973724365234375e+01 1.069609284400939941e+00 0.000000000000000000e+00
5.945605754852294922e+00 -1.220235443115234375e+01 0.000000000000000000e+00
1.662390351295471191e+00 -1.138816928863525391e+01 0.000000000000000000e+00
1.652140378952026367e+00 -6.655278801918029785e-01 0.000000000000000000e+00
4.600998461246490479e-01 9.864671707153320312e+00 0.000000000000000000e+00
4.130142688751220703e+00 2.382080554962158203e+00 0.000000000000000000e+00
-4.125880241394042969e+00 -6.562729358673095703e+00 0.000000000000000000e+00
-3.464669287204742432e-01 1.496031570434570312e+01 0.000000000000000000e+00
5.361269474029541016e+00 -1.517875862121582031e+01 0.000000000000000000e+00
-9.705934524536132812e+00 1.321859645843505859e+01 0.000000000000000000e+00
3.217901468276977539e+00 -5.227834701538085938e+00 0.000000000000000000e+00
-1.344173812866210938e+01 -1.062890815734863281e+01 0.000000000000000000e+00
-1.273909091949462891e+01 3.439576864242553711e+00 0.000000000000000000e+00
1.359932422637939453e+00 -5.854820251464843750e+00 0.000000000000000000e+00
1.109210872650146484e+01 9.906041145324707031e+00 0.000000000000000000e+00
6.262907981872558594e+00 -1.855463027954101562e+00 0.000000000000000000e+00
-9.677171707153320312e+00 1.087558650970458984e+01 0.000000000000000000e+00
-1.255636310577392578e+01 1.052457237243652344e+01 0.000000000000000000e+00
-7.713161468505859375e+00 -6.123899459838867188e+00 0.000000000000000000e+00
2.338966131210327148e+00 8.339105606079101562e+00 0.000000000000000000e+00
6.205838203430175781e+00 2.392369747161865234e+00 0.000000000000000000e+00
6.497968673706054688e+00 1.538090133666992188e+01 0.000000000000000000e+00
-5.519374370574951172e+00 5.203618526458740234e+00 0.000000000000000000e+00
-3.058835983276367188e+00 -2.243074029684066772e-02 0.000000000000000000e+00
-1.101997375488281250e+01 -9.981461524963378906e+00 0.000000000000000000e+00
-9.085309028625488281e+00 -1.285000443458557129e+00 0.000000000000000000e+00
1.355827879160642624e-02 -1.611589813232421875e+01 0.000000000000000000e+00
8.497376441955566406e+00 -9.401520729064941406e+00 0.000000000000000000e+00
1.038065147399902344e+01 7.913942933082580566e-01 0.000000000000000000e+00
1.725933647155761719e+01 1.936204195022583008e+00 0.000000000000000000e+00
-5.889319896697998047e+00 -4.954631805419921875e+00 0.000000000000000000e+00
-1.372189807891845703e+01 2.149599552154541016e+00 0.000000000000000000e+00
4.825381278991699219e+00 -4.441518306732177734e+00 0.000000000000000000e+00
-9.702146053314208984e-01 -9.301688194274902344e+00 0.000000000000000000e+00
1.217196750640869141e+01 8.498326301574707031e+00 0.000000000000000000e+00
-1.441049480438232422e+01 -3.459534883499145508e+00 0.000000000000000000e+00
-1.193722248077392578e+00 -3.879535198211669922e+00 0.000000000000000000e+00
8.631626129150390625e+00 -1.400135612487792969e+01 0.000000000000000000e+00
-1.536379718780517578e+01 1.937719583511352539e+00 0.000000000000000000e+00
-6.999045848846435547e+00 -1.130504703521728516e+01 0.000000000000000000e+00
-4.488817214965820312e+00 -2.270968675613403320e+00 0.000000000000000000e+00
5.998245239257812500e+00 -1.378059673309326172e+01 0.000000000000000000e+00
-1.012149810791015625e+01 -1.383782291412353516e+01 0.000000000000000000e+00
1.657333183288574219e+01 4.796211719512939453e+00 0.000000000000000000e+00
1.325835514068603516e+01 3.696895837783813477e+00 0.000000000000000000e+00
1.577999401092529297e+01 -4.809303283691406250e+00 0.000000000000000000e+00
7.504811763763427734e+00 -5.184372901916503906e+00 0.000000000000000000e+00
-6.588106632232666016e+00 8.785619735717773438e-01 0.000000000000000000e+00
-2.951791763305664062e+00 -1.250940704345703125e+01 0.000000000000000000e+00
-3.537559270858764648e+00 -1.636518669128417969e+01 0.000000000000000000e+00
1.404836654663085938e+01 -8.511178970336914062e+00 0.000000000000000000e+00
4.526311874389648438e+00 1.221836185455322266e+01 0.000000000000000000e+00
1.379283189773559570e+00 1.725405502319335938e+01 0.000000000000000000e+00
-1.165188026428222656e+01 -8.315217018127441406e+00 0.000000000000000000e+00
-4.932661533355712891e+00 1.434487819671630859e+00 0.000000000000000000e+00
2.828003466129302979e-01 8.154161453247070312e+00 0.000000000000000000e+00
7.885308742523193359e+00 4.331704139709472656e+00 0.000000000000000000e+00
3.770132541656494141e+00 -1.442067623138427734e+01 0.000000000000000000e+00
5.600195527076721191e-01 -1.028870296478271484e+01 0.000000000000000000e+00
1.371235275268554688e+01 -1.863768339157104492e+00 0.000000000000000000e+00
1.432423782348632812e+01 -9.987504005432128906e+00 0.000000000000000000e+00
-1.144646263122558594e+01 -5.802320957183837891e+00 0.000000000000000000e+00
-5.794624805450439453e+00 1.289810085296630859e+01 0.000000000000000000e+00
-7.639781385660171509e-02 -7.906132698059082031e+00 0.000000000000000000e+00
-1.364493179321289062e+01 9.272613525390625000e+00 0.000000000000000000e+00
6.571770191192626953e+00 9.724009513854980469e+00 0.000000000000000000e+00
-7.551956653594970703e+00 -7.632545948028564453e+00 0.000000000000000000e+00
4.193033695220947266e+00 -3.012281417846679688e+00 0.000000000000000000e+00
-8.369543075561523438e+00 -1.520236682891845703e+01 0.000000000000000000e+00
6.207815647125244141e+00 1.267049980163574219e+01 0.000000000000000000e+00
-8.807411193847656250e+00 1.498123359680175781e+01 0.000000000000000000e+00
-1.060423374176025391e+01 7.079591274261474609e+00 0.000000000000000000e+00
-2.210447788238525391e+00 1.101245212554931641e+01 0.000000000000000000e+00
-1.108411693572998047e+01 2.111367702484130859e+00 0.000000000000000000e+00
-1.561730003356933594e+01 -7.270336627960205078e+00 0.000000000000000000e+00
-2.327661812305450439e-01 -5.340703964233398438e+00 0.000000000000000000e+00
-4.136073589324951172e+00 1.686575698852539062e+01 0.000000000000000000e+00
-8.223934769630432129e-01 -1.481198406219482422e+01 0.000000000000000000e+00
3.183561325073242188e+00 -1.087758827209472656e+01 0.000000000000000000e+00
-1.387403607368469238e+00 -1.121130275726318359e+01 0.000000000000000000e+00
-8.624026179313659668e-01 3.242417335510253906e+00 0.000000000000000000e+00
-1.205812835693359375e+01 -3.952168703079223633e+00 0.000000000000000000e+00
1.144756031036376953e+01 -8.500236511230468750e+00 0.000000000000000000e+00
7.351811408996582031e+00 1.384304428100585938e+01 0.000000000000000000e+00
8.977960586547851562e+00 1.474741268157958984e+01 0.000000000000000000e+00
9.267569541931152344e+00 9.611763000488281250e+00 0.000000000000000000e+00
1.122116470336914062e+01 -6.477512836456298828e+00 0.000000000000000000e+00
-1.270795464515686035e+00 -6.629969120025634766e+00 0.000000000000000000e+00
1.197084331512451172e+01 6.789223670959472656e+00 0.000000000000000000e+00
4.031485617160797119e-01 -3.653655767440795898e+00 0.000000000000000000e+00
-1.732022166252136230e+00 1.079299330711364746e+00 0.000000000000000000e+00
6.350205421447753906e+00 4.803654670715332031e+00 0.000000000000000000e+00
-1.067478179931640625e+01 -7.120954036712646484e+00 0.000000000000000000e+00
1.603709602355957031e+01 -2.225229263305664062e+00 0.000000000000000000e+00
-4.525974750518798828e+00 3.132372856140136719e+00 0.000000000000000000e+00
-2.711071014404296875e+00 6.645162105560302734e+00 0.000000000000000000e+00
-8.807492256164550781e+00 5.058750152587890625e+00 0.000000000000000000e+00
-1.734152221679687500e+01 -7.684363126754760742e-01 0.000000000000000000e+00
9.915584564208984375e+00 -9.892695426940917969e+00 0.000000000000000000e+00
-1.948456525802612305e+00 1.535119342803955078e+01 0.000000000000000000e+00
5.932227611541748047e+00 -5.858105659484863281e+00 0.000000000000000000e+00
-2.205696105957031250e+00 1.334004783630371094e+01 0.000000000000000000e+00
1.432531476020812988e+00 -1.469078540802001953e+01 0.000000000000000000e+00
1.305241966247558594e+01 -1.152623081207275391e+01 0.000000000000000000e+00
-7.590145111083984375e+00 2.209470033645629883e+00 0.000000000000000000e+00
-1.420020389556884766e+01 -6.492456912994384766e+00 0.000000000000000000e+00
-4.540031909942626953e+00 -4.261180400848388672e+00 0.000000000000000000e+00
1.700098800659179688e+01 1.672656238079071045e-01 0.000000000000000000e+00
1.210920429229736328e+01 -2.348203182220458984e+00 0.000000000000000000e+00
-1.727367019653320312e+01 2.749424695968627930e+00 0.000000000000000000e+00
-4.144113063812255859e-01 1.716777801513671875e+01 0.000000000000000000e+00
-1.091400909423828125e+01 -1.233353137969970703e+01 0.000000000000000000e+00
5.024823188781738281e+00 1.127987056970596313e-01 0.000000000000000000e+00
