-2.228644371032714844e+00 -1.025012302398681641e+01 0.000000000000000000e+00
6.634963035583496094e+00 6.490522384643554688e+00 0.000000000000000000e+00
-1.252343368530273438e+01 -7.958235263824462891e+00 0.000000000000000000e+00
-1.054466056823730469e+01 8.826250076293945312e+00 0.000000000000000000e+00
1.421139049530029297e+01 5.578898906707763672e+00 0.000000000000000000e+00
6.242417693138122559e-01 1.698117828369140625e+01 0.000000000000000000e+00
-7.618967056274414062e+00 -3.002346754074096680e+00 0.000000000000000000e+00
1.269960021972656250e+01 -8.287450790405273438e+00 0.000000000000000000e+00
1.154860019683837891e+01 -1.228116989135742188e+01 0.000000000000000000e+00
-6.113943099975585938e+00 6.602586269378662109e+00 0.000000000000000000e+00
7.529871463775634766e+00 9.890325546264648438e+00 0.000000000000000000e+00
2.392967939376831055e+00 -1.156989860534667969e+01 0.000000000000000000e+00
1.000594997406005859e+01 7.110168933868408203e+00 0.000000000000000000e+00
-7.377987861633300781e+00 -5.296035289764404297e+00 0.000000000000000000e+00
-1.390158271789550781e+01 -1.691671609878540039e-01 0.000000000000000000e+00
1.462106037139892578e+01 -3.954766511917114258e+00 0.000000000000000000e+00
-3.660679578781127930e+00 7.591716766357421875e+00 0.000000000000000000e+00
1.062919425964355469e+01 -2.352159261703491211e+00 0.000000000000000000e+00
4.265238046646118164e-01 -7.851027011871337891e+00 0.000000000000000000e+00
1.078805351257324219e+01 -6.320046782493591309e-01 0.000000000000000000e+00
-1.200724220275878906e+01 1.436456799507141113e+00 0.000000000000000000e+00
1.260651206970214844e+01 1.114591789245605469e+01 0.000000000000000000e+00
-7.195416927337646484e+00 4.758001327514648438e+00 0.000000000000000000e+00
1.015791606903076172e+01 -6.028320312500000000e+00 0.000000000000000000e+00
1.606286430358886719e+01 -2.307136952877044678e-01 0.000000000000000000e+00
8.152629852294921875e+00 -1.114752888679504395e+00 0.000000000000000000e+00
-2.143801450729370117e+00 1.124224472045898438e+01 0.000000000000000000e+00
-9.735106468200683594e+00 1.326023674011230469e+01 0.000000000000000000e+00
-3.543976783752441406e+00 1.230832386016845703e+01 0.000000000000000000e+00
6.550114631652832031e+00 -6.572125434875488281e+00 0.000000000000000000e+00
1.617726898193359375e+01 4.202531337738037109e+00 0.000000000000000000e+00
3.893430471420288086e+00 5.275751590728759766e+00 0.000000000000000000e+00
-7.938433885574340820e-01 -1.540853118896484375e+01 0.000000000000000000e+00
-2.359772473573684692e-01 -1.179166126251220703e+01 0.000000000000000000e+00
-9.508948326110839844e+00 -7.304459810256958008e-01 0.000000000000000000e+00
-1.339624977111816406e+01 -3.101795434951782227e+00 0.000000000000000000e+00
1.038627815246582031e+01 1.120736122131347656e+01 0.000000000000000000e+00
-5.344089984893798828e+00 -1.199685192108154297e+01 0.000000000000000000e+00
2.380193471908569336e+00 -7.227647781372070312e+00 0.000000000000000000e+00
-1.125545597076416016e+01 -1.963575601577758789e+00 0.000000000000000000e+00
1.676458549499511719e+01 -3.912642955780029297e+00 0.000000000000000000e+00
4.276419162750244141e+00 8.445241928100585938e+00 0.000000000000000000e+00
1.012414360046386719e+01 -7.965880393981933594e+00 0.000000000000000000e+00
1.121112346649169922e+01 -9.292870521545410156e+00 0.000000000000000000e+00
5.025205612182617188e+00 -9.058471679687500000e+00 0.000000000000000000e+00
1.340946865081787109e+01 1.229975819587707520e+00 0.000000000000000000e+00
1.676349997520446777e+00 -1.004418945312500000e+01 0.000000000000000000e+00
1.207851314544677734e+01 9.252382278442382812e+00 0.000000000000000000e+00
8.951706886291503906e+00 1.178133583068847656e+01 0.000000000000000000e+00
-7.319952487945556641e+00 -1.032063722610473633e+00 0.000000000000000000e+00
2.409346103668212891e+00 1.649712181091308594e+01 0.000000000000000000e+00
-1.095978832244873047e+01 1.209727382659912109e+01 0.000000000000000000e+00
4.097819805145263672e+00 1.492430686950683594e+01 0.000000000000000000e+00
-7.695389747619628906e+00 2.704011678695678711e+00 0.000000000000000000e+00
5.452767610549926758e-01 -1.472869110107421875e+01 0.000000000000000000e+00
-1.425551986694335938e+01 -6.354660987854003906e+00 0.000000000000000000e+00
-1.667707633972167969e+01 -1.474671363830566406e+00 0.000000000000000000e+00
6.607750654220581055e-01 -3.623781442642211914e+00 0.000000000000000000e+00
-5.585765838623046875e+00 -9.206720352172851562e+00 0.000000000000000000e+00
-4.604815483093261719e+00 -3.009625196456909180e+00 0.000000000000000000e+00
1.781571865081787109e+00 9.207362174987792969e+00 0.000000000000000000e+00
-1.022120761871337891e+01 -8.712688446044921875e+00 0.000000000000000000e+00
-1.322578811645507812e+01 8.848092079162597656e+00 0.000000000000000000e+00
-3.248006105422973633e+00 -4.124052226543426514e-01 0.000000000000000000e+00
8.327651023864746094e+00 -5.107138633728027344e+00 0.000000000000000000e+00
-7.725558280944824219e+00 9.215655326843261719e+00 0.000000000000000000e+00
7.824281215667724609e+00 6.863309144973754883e-01 0.000000000000000000e+00
-6.080745697021484375e+00 2.829175949096679688e+00 0.000000000000000000e+00
1.060593509674072266e+01 1.320422649383544922e+01 0.000000000000000000e+00
-4.759467124938964844e+00 1.845173001289367676e+00 0.000000000000000000e+00
-3.794096231460571289e+00 -9.486121177673339844e+00 0.000000000000000000e+00
5.245523929595947266e+00 -1.829676032066345215e+00 0.000000000000000000e+00
-4.591031551361083984e+00 1.440427684783935547e+01 0.000000000000000000e+00
-4.219748973846435547e+00 -5.631446838378906250e+00 0.000000000000000000e+00
-2.648376703262329102e+00 2.541133880615234375e+00 0.000000000000000000e+00
9.998783111572265625e+00 5.454945564270019531e+00 0.000000000000000000e+00
-1.759659171104431152e+00 -7.217903137207031250e+00 0.000000000000000000e+00
-4.067910194396972656e+00 1.014828395843505859e+01 0.000000000000000000e+00
1.205686187744140625e+01 -6.040732860565185547e+00 0.000000000000000000e+00
-1.054945564270019531e+01 6.409828186035156250e+00 0.000000000000000000e+00
2.392102956771850586e+00 -1.117229342460632324e+00 0.000000000000000000e+00
1.489413928985595703e+01 3.179960012435913086e+00 0.000000000000000000e+00
-1.502811670303344727e+00 -1.332865619659423828e+01 0.000000000000000000e+00
5.589765071868896484e+00 -1.210650444030761719e+01 0.000000000000000000e+00
-5.306181430816650391e+00 1.110510253906250000e+01 0.000000000000000000e+00
-1.250857925415039062e+01 3.251309394836425781e+00 0.000000000000000000e+00
8.618398666381835938e+00 -9.055942535400390625e+00 0.000000000000000000e+00
1.428210258483886719e+01 -9.071769714355468750e+00 0.000000000000000000e+00
-7.764412403106689453e+00 -1.023086071014404297e+01 0.000000000000000000e+00
-5.296955108642578125e+00 -4.799251556396484375e-01 0.000000000000000000e+00
-1.354441165924072266e+01 1.041300773620605469e+01 0.000000000000000000e+00
1.135941219329833984e+01 2.641120672225952148e+00 0.000000000000000000e+00
2.475275993347167969e+00 1.454735279083251953e+01 0.000000000000000000e+00
-1.620303511619567871e+00 -8.839537620544433594e+00 0.000000000000000000e+00
-1.409782791137695312e+01 2.951302528381347656e+00 0.000000000000000000e+00
1.292102527618408203e+01 7.947475433349609375e+00 0.000000000000000000e+00
-7.071409702301025391e+00 1.473846054077148438e+01 0.000000000000000000e+00
4.081644058227539062e+00 -1.297368621826171875e+01 0.000000000000000000e+00
-5.563143253326416016e+00 -1.354989147186279297e+01 0.000000000000000000e+00
7.619920730590820312e+00 2.826651096343994141e+00 0.000000000000000000e+00
3.934686183929443359e+00 1.659141540527343750e+01 0.000000000000000000e+00
-1.518010330200195312e+01 6.929418444633483887e-01 0.000000000000000000e+00
5.080054283142089844e+00 1.065691375732421875e+01 0.000000000000000000e+00
-1.084994602203369141e+01 -6.559227943420410156e+00 0.000000000000000000e+00
-1.087631988525390625e+01 -8.115802705287933350e-02 0.000000000000000000e+00
6.108349323272705078e+00 2.815778017044067383e+00 0.000000000000000000e+00
-1.092966651916503906e+01 2.490820884704589844e+00 0.000000000000000000e+00
9.306185722351074219e+00 1.009113502502441406e+01 0.000000000000000000e+00
-3.679532766342163086e+00 1.664692306518554688e+01 0.000000000000000000e+00
1.221939659118652344e+01 5.363199234008789062e+00 0.000000000000000000e+00
5.223599910736083984e+00 1.262710690498352051e-01 0.000000000000000000e+00
1.566811501979827881e-01 -5.427367210388183594e+00 0.000000000000000000e+00
4.841948032379150391e+00 -1.606179428100585938e+01 0.000000000000000000e+00
1.322812175750732422e+01 -1.889005899429321289e+00 0.000000000000000000e+00
7.862657070159912109e+00 -7.371642112731933594e+00 0.000000000000000000e+00
5.945311069488525391e+00 1.627299118041992188e+01 0.000000000000000000e+00
-3.692164182662963867e+00 4.662786006927490234e+00 0.000000000000000000e+00
2.270765602588653564e-01 6.523366928100585938e+00 0.000000000000000000e+00
-9.297282099723815918e-01 8.175729751586914062e+00 0.000000000000000000e+00
1.559920883178710938e+01 -6.755440711975097656e+00 0.000000000000000000e+00
-8.269131660461425781e+00 1.569663137197494507e-01 0.000000000000000000e+00
-6.479971408843994141e+00 1.330291748046875000e+01 0.000000000000000000e+00
7.728148460388183594e+00 -1.538718223571777344e+01 0.000000000000000000e+00
-9.469821929931640625e+00 -1.467023849487304688e+01 0.000000000000000000e+00
6.448563575744628906e+00 4.861180782318115234e+00 0.000000000000000000e+00
4.866282463073730469e+00 -6.421202182769775391e+00 0.000000000000000000e+00
1.442338943481445312e+01 -5.807833671569824219e+00 0.000000000000000000e+00
-8.457787513732910156e+00 -1.183925437927246094e+01 0.000000000000000000e+00
-7.193247675895690918e-01 -1.739741921424865723e+00 0.000000000000000000e+00
1.588717818260192871e+00 9.301556348800659180e-01 0.000000000000000000e+00
6.526240825653076172e+00 1.179198932647705078e+01 0.000000000000000000e+00
-1.632700729370117188e+01 -4.242246150970458984e+00 0.000000000000000000e+00
4.005519390106201172e+00 -4.096199035644531250e+00 0.000000000000000000e+00
-1.260794544219970703e+01 5.196967124938964844e+00 0.000000000000000000e+00
5.702211380004882812e+00 1.477134799957275391e+01 0.000000000000000000e+00
-6.211502075195312500e+00 9.238130569458007812e+00 0.000000000000000000e+00
2.047830104827880859e+00 3.967913627624511719e+00 0.000000000000000000e+00
-1.040317916870117188e+01 -1.027417945861816406e+01 0.000000000000000000e+00
-4.682057380676269531e+00 -7.416862010955810547e+00 0.000000000000000000e+00
-4.582844257354736328e+00 -1.533325099945068359e+01 0.000000000000000000e+00
-1.989064931869506836e+00 -4.376814842224121094e+00 0.000000000000000000e+00
-8.059615135192871094e+00 1.303272438049316406e+01 0.000000000000000000e+00
1.022852420806884766e+01 8.017329573631286621e-01 0.000000000000000000e+00
-1.616602897644042969e+01 -6.230697631835937500e+00 0.000000000000000000e+00
-1.476560020446777344e+01 7.105862140655517578e+00 0.000000000000000000e+00
1.836750507354736328e+00 1.138327407836914062e+01 0.000000000000000000e+00
-8.723118782043457031e+00 6.807755947113037109e+00 0.000000000000000000e+00
1.373341560363769531e+01 -4.528090953826904297e-01 0.000000000000000000e+00
-9.290463447570800781e+00 -4.060127735137939453e+00 0.000000000000000000e+00
8.257574439048767090e-01 8.031438827514648438e+00 0.000000000000000000e+00
-9.213364720344543457e-01 -1.742615699768066406e+01 0.000000000000000000e+00
-1.422107791900634766e+01 5.437478065490722656e+00 0.000000000000000000e+00
-1.522152519226074219e+01 -9.614233970642089844e-01 0.000000000000000000e+00
8.833532035350799561e-02 2.540673255920410156e+00 0.000000000000000000e+00
-2.182826042175292969e+00 1.564458465576171875e+01 0.000000000000000000e+00
7.216447830200195312e+00 1.394728565216064453e+01 0.000000000000000000e+00
5.341224193572998047e+00 1.280327987670898438e+01 0.000000000000000000e+00
-5.933038711547851562e+00 -5.716942310333251953e+00 0.000000000000000000e+00
1.628037691116333008e+00 -2.456910610198974609e+00 0.000000000000000000e+00
-3.396800756454467773e+00 -1.657780265808105469e+01 0.000000000000000000e+00
-1.063542079925537109e+01 4.032579898834228516e+00 0.000000000000000000e+00
8.744138717651367188e+00 1.438557434082031250e+01 0.000000000000000000e+00
6.753350734710693359e+00 -8.863494873046875000e+00 0.000000000000000000e+00
1.139210820198059082e+00 -1.728397560119628906e+01 0.000000000000000000e+00
-6.873351097106933594e+00 -1.248019695281982422e+01 0.000000000000000000e+00
3.205493927001953125e+00 -1.017652034759521484e+01 0.000000000000000000e+00
8.579401016235351562e+00 4.156111240386962891e+00 0.000000000000000000e+00
6.896066665649414062e+00 -1.074334621429443359e+01 0.000000000000000000e+00
2.550699234008789062e+00 2.326068401336669922e+00 0.000000000000000000e+00
-2.381178855895996094e+00 1.356776332855224609e+01 0.000000000000000000e+00
-9.373842239379882812e+00 5.324340343475341797e+00 0.000000000000000000e+00
-1.015215873718261719e+00 1.133671641349792480e+00 0.000000000000000000e+00
1.463155651092529297e+01 8.251829147338867188e+00 0.000000000000000000e+00
-1.447486639022827148e+00 1.723634529113769531e+01 0.000000000000000000e+00
1.837842911481857300e-01 1.274061012268066406e+01 0.000000000000000000e+00
7.299168109893798828e+00 -2.834987163543701172e+00 0.000000000000000000e+00
-1.112680721282958984e+01 -1.187651062011718750e+01 0.000000000000000000e+00
-4.819024503231048584e-01 9.691711425781250000e+00 0.000000000000000000e+00
1.108886528015136719e+01 -3.977115869522094727e+00 0.000000000000000000e+00
-1.017819023132324219e+01 -1.310169315338134766e+01 0.000000000000000000e+00
1.408035159111022949e+00 -1.286571121215820312e+01 0.000000000000000000e+00
2.475759029388427734e+00 -3.744809865951538086e+00 0.000000000000000000e+00
6.670183658599853516e+00 -1.317343902587890625e+01 0.000000000000000000e+00
7.363955378532409668e-01 -3.863201439380645752e-01 0.000000000000000000e+00
1.622946739196777344e+01 1.355282425880432129e+00 0.000000000000000000e+00
-1.300216102600097656e+01 -1.106465530395507812e+01 0.000000000000000000e+00
-1.720590591430664062e+01 3.194731235504150391e+00 0.000000000000000000e+00
7.509630680084228516e+00 8.068120002746582031e+00 0.000000000000000000e+00
3.594399690628051758e+00 3.237227499485015869e-01 0.000000000000000000e+00
-1.265729904174804688e+01 -5.846627712249755859e+00 0.000000000000000000e+00
3.322010993957519531e+00 1.183167076110839844e+01 0.000000000000000000e+00
-6.627935886383056641e+00 9.342101216316223145e-01 0.000000000000000000e+00
-1.386530208587646484e+01 -9.391665458679199219e+00 0.000000000000000000e+00
9.765390396118164062e+00 -1.199734687805175781e+01 0.000000000000000000e+00
-2.404477834701538086e+00 6.259502887725830078e+00 0.000000000000000000e+00
7.025700211524963379e-01 1.484342384338378906e+01 0.000000000000000000e+00
-1.685482978820800781e+01 3.321623504161834717e-01 0.000000000000000000e+00
8.972417831420898438e+00 -3.439256429672241211e+00 0.000000000000000000e+00
-1.262383365631103516e+01 7.002043724060058594e+00 0.000000000000000000e+00
-7.527838230133056641e+00 1.128466320037841797e+01 0.000000000000000000e+00
1.041867923736572266e+01 9.030533790588378906e+00 0.000000000000000000e+00
-3.608572721481323242e+00 -1.321657752990722656e+01 0.000000000000000000e+00
-8.410413742065429688e+00 -7.746330738067626953e+00 0.000000000000000000e+00
-9.287100791931152344e+00 1.577695369720458984e+00 0.000000000000000000e+00
-2.401008844375610352e+00 -1.754965782165527344e+00 0.000000000000000000e+00
-9.771739959716796875e+00 -5.510229110717773438e+00 0.000000000000000000e+00
-1.329626560211181641e+00 4.827004432678222656e+00 0.000000000000000000e+00
5.679939746856689453e+00 7.854200839996337891e+00 0.000000000000000000e+00
-6.479928493499755859e+00 -1.507343673706054688e+01 0.000000000000000000e+00
-1.214958477020263672e+01 -9.489265441894531250e+00 0.000000000000000000e+00
-9.256271362304687500e+00 9.823614120483398438e+00 0.000000000000000000e+00
1.573152256011962891e+01 6.278253555297851562e+00 0.000000000000000000e+00
-1.129585838317871094e+01 -3.616397619247436523e+00 0.000000000000000000e+00
1.063002681732177734e+01 -1.349604701995849609e+01 0.000000000000000000e+00
1.649113464355468750e+01 -2.383845090866088867e+00 0.000000000000000000e+00
1.884928531944751740e-02 -9.663341522216796875e+00 0.000000000000000000e+00
6.104623317718505859e+00 -1.509867477416992188e+01 0.000000000000000000e+00
-2.381056070327758789e+00 -1.507177162170410156e+01 0.000000000000000000e+00
-3.368291854858398438e+00 -1.134168243408203125e+01 0.000000000000000000e+00
-9.275341033935546875e+00 1.152476310729980469e+01 0.000000000000000000e+00
8.411510467529296875e+00 -1.334446620941162109e+01 0.000000000000000000e+00
-6.495240211486816406e+00 -7.911032199859619141e+00 0.000000000000000000e+00
3.392561435699462891e+00 6.783465862274169922e+00 0.000000000000000000e+00
1.188428306579589844e+01 4.515427649021148682e-01 0.000000000000000000e+00
-5.414726734161376953e+00 1.579839611053466797e+01 0.000000000000000000e+00
2.592055201530456543e-01 4.687787055969238281e+00 0.000000000000000000e+00
2.555958509445190430e+00 -5.539406776428222656e+00 0.000000000000000000e+00
4.234200477600097656e+00 -1.467468357086181641e+01 0.000000000000000000e+00
2.046527147293090820e+00 -1.436607170104980469e+01 0.000000000000000000e+00
5.671063423156738281e+00 -3.362735033035278320e+00 0.000000000000000000e+00
-9.060291647911071777e-01 1.408681583404541016e+01 0.000000000000000000e+00
1.242200565338134766e+01 3.749341487884521484e+00 0.000000000000000000e+00
-5.055025577545166016e+00 5.304563522338867188e+00 0.000000000000000000e+00
3.082315206527709961e+00 -1.688351821899414062e+01 0.000000000000000000e+00
1.361982154846191406e+01 9.719127655029296875e+00 0.000000000000000000e+00
-1.479441165924072266e+01 -8.050991058349609375e+00 0.000000000000000000e+00
-1.192732715606689453e+01 1.060805606842041016e+01 0.000000000000000000e+00
1.592999339103698730e+00 5.778974056243896484e+00 0.000000000000000000e+00
4.346637725830078125e+00 1.833842158317565918e+00 0.000000000000000000e+00
-1.482477855682373047e+01 -3.647270441055297852e+00 0.000000000000000000e+00
3.603668928146362305e+00 1.000232791900634766e+01 0.000000000000000000e+00
4.945531845092773438e+00 4.120795726776123047e+00 0.000000000000000000e+00
-4.960248470306396484e+00 1.287222671508789062e+01 0.000000000000000000e+00
1.273745536804199219e+01 -1.117564201354980469e+01 0.000000000000000000e+00
-1.629044723510742188e+01 4.568183422088623047e+00 0.000000000000000000e+00
-2.700484752655029297e+00 9.081660270690917969e+00 0.000000000000000000e+00
1.300565814971923828e+01 -4.840721607208251953e+00 0.000000000000000000e+00
8.466457366943359375e+00 -1.097732543945312500e+01 0.000000000000000000e+00
-1.271105384826660156e+01 -1.438747763633728027e+00 0.000000000000000000e+00
3.445077180862426758e+00 -8.336327552795410156e+00 0.000000000000000000e+00
9.986670494079589844e+00 -1.028024387359619141e+01 0.000000000000000000e+00
4.577704906463623047e+00 -1.079489421844482422e+01 0.000000000000000000e+00
-1.579317092895507812e+01 2.523857355117797852e+00 0.000000000000000000e+00
1.717382240295410156e+01 2.894458532333374023e+00 0.000000000000000000e+00
1.482138442993164062e+01 -1.877448081970214844e+00 0.000000000000000000e+00
-9.358397483825683594e+00 3.161146402359008789e+00 0.000000000000000000e+00
