1.219908818602561951e-01 -1.312966537475585938e+01 0.000000000000000000e+00
-1.230965518951416016e+01 -1.049234580993652344e+01 0.000000000000000000e+00
6.553629398345947266e+00 7.774961471557617188e+00 0.000000000000000000e+00
-1.112394905090332031e+01 -1.295239925384521484e+01 0.000000000000000000e+00
-9.348736763000488281e+00 2.848590314388275146e-01 0.000000000000000000e+00
-1.130232095718383789e+00 -3.123639345169067383e+00 0.000000000000000000e+00
-1.273561000823974609e+00 -1.602725982666015625e+01 0.000000000000000000e+00
-7.545669078826904297e+00 -1.333266353607177734e+01 0.000000000000000000e+00
-1.019387435913085938e+01 1.215862083435058594e+01 0.000000000000000000e+00
-9.274573326110839844e+00 -8.532493591308593750e+00 0.000000000000000000e+00
-4.864442348480224609e+00 1.592996788024902344e+01 0.000000000000000000e+00
-3.725189924240112305e+00 -1.500657558441162109e+01 0.000000000000000000e+00
1.035507965087890625e+01 -6.764260292053222656e+00 0.000000000000000000e+00
9.176293373107910156e+00 -7.992552220821380615e-02 0.000000000000000000e+00
-4.842995166778564453e+00 -4.948141098022460938e+00 0.000000000000000000e+00
1.077641677856445312e+01 2.384310245513916016e+00 0.000000000000000000e+00
-9.090164184570312500e+00 -4.523934841156005859e+00 0.000000000000000000e+00
-1.513084793090820312e+01 -2.507578372955322266e+00 0.000000000000000000e+00
-3.702342510223388672e+00 -2.993490457534790039e+00 0.000000000000000000e+00
8.363573074340820312e+00 -4.280133247375488281e+00 0.000000000000000000e+00
9.859191894531250000e+00 -3.996100187301635742e+00 0.000000000000000000e+00
1.194090652465820312e+01 -6.209309101104736328e+00 0.000000000000000000e+00
-1.307223606109619141e+01 2.165746688842773438e+00 0.000000000000000000e+00
-1.122891712188720703e+01 -5.113349437713623047e+00 0.000000000000000000e+00
1.101858139038085938e+00 1.361725330352783203e+01 0.000000000000000000e+00
1.337418675422668457e+00 1.051795196533203125e+01 0.000000000000000000e+00
1.478122901916503906e+01 -6.089705944061279297e+00 0.000000000000000000e+00
2.088666439056396484e+00 -2.623812198638916016e+00 0.000000000000000000e+00
1.663166046142578125e+01 -2.005344867706298828e+00 0.000000000000000000e+00
-3.016465187072753906e+00 2.651876688003540039e+00 0.000000000000000000e+00
-8.275886535644531250e+00 3.380093336105346680e+00 0.000000000000000000e+00
4.954750061035156250e+00 1.667950057983398438e+01 0.000000000000000000e+00
1.171001148223876953e+01 4.603057861328125000e+00 0.000000000000000000e+00
-1.691609382629394531e+01 9.097980260848999023e-01 0.000000000000000000e+00
-8.376332521438598633e-01 9.369616508483886719e+00 0.000000000000000000e+00
-1.438983821868896484e+01 8.375665664672851562e+00 0.000000000000000000e+00
5.166210174560546875e+00 -2.237821817398071289e+00 0.000000000000000000e+00
2.455174773931503296e-01 -1.550353908538818359e+01 0.000000000000000000e+00
1.402875423431396484e+01 -2.499402284622192383e+00 0.000000000000000000e+00
1.061386585235595703e+01 -8.470779418945312500e+00 0.000000000000000000e+00
-6.407564163208007812e+00 -1.101202845573425293e+00 0.000000000000000000e+00
1.406221199035644531e+01 2.313754558563232422e+00 0.000000000000000000e+00
-1.541330337524414062e+01 -8.023042678833007812e+00 0.000000000000000000e+00
4.747471332550048828e+00 1.104315567016601562e+01 0.000000000000000000e+00
1.628225708007812500e+01 -4.298550605773925781e+00 0.000000000000000000e+00
-1.719033360481262207e+00 1.244335842132568359e+01 0.000000000000000000e+00
7.346143722534179688e+00 -1.987997770309448242e+00 0.000000000000000000e+00
1.059574985504150391e+01 1.194685173034667969e+01 0.000000000000000000e+00
-6.835353851318359375e+00 -2.935371160507202148e+00 0.000000000000000000e+00
4.190071582794189453e+00 9.359524726867675781e+00 0.000000000000000000e+00
2.925309419631958008e+00 1.214442253112792969e+01 0.000000000000000000e+00
-2.084806203842163086e+00 -1.441911125183105469e+01 0.000000000000000000e+00
5.938666462898254395e-01 -5.686297893524169922e+00 0.000000000000000000e+00
-1.699226379394531250e+01 -4.096052169799804688e+00 0.000000000000000000e+00
-1.129074764251708984e+01 -2.157141923904418945e+00 0.000000000000000000e+00
-5.494517803192138672e+00 1.396802425384521484e+01 0.000000000000000000e+00
8.548295021057128906e+00 -9.683673858642578125e+00 0.000000000000000000e+00
5.608979225158691406e+00 2.344178438186645508e+00 0.000000000000000000e+00
1.644699096679687500e+01 1.112189412117004395e+00 0.000000000000000000e+00
-5.585742950439453125e+00 -1.323512744903564453e+01 0.000000000000000000e+00
1.129806518554687500e+01 -1.077652931213378906e+01 0.000000000000000000e+00
8.774115562438964844e+00 6.282205104827880859e+00 0.000000000000000000e+00
-1.485142803192138672e+01 -6.631210803985595703e+00 0.000000000000000000e+00
5.947552680969238281e+00 -1.310263156890869141e+01 0.000000000000000000e+00
8.082073211669921875e+00 -1.439054012298583984e+01 0.000000000000000000e+00
-3.586152076721191406e+00 -8.132742643356323242e-01 0.000000000000000000e+00
4.726064205169677734e+00 3.864189624786376953e+00 0.000000000000000000e+00
3.798465490341186523e+00 -9.814136505126953125e+00 0.000000000000000000e+00
-1.488481330871582031e+01 4.554322242736816406e+00 0.000000000000000000e+00
-4.896597266197204590e-01 -1.054621696472167969e+00 0.000000000000000000e+00
-9.053353309631347656e+00 6.675801277160644531e+00 0.000000000000000000e+00
4.966360569000244141e+00 1.496146965026855469e+01 0.000000000000000000e+00
-1.317844963073730469e+01 -9.210309028625488281e+00 0.000000000000000000e+00
-2.437399864196777344e+00 8.289833068847656250e+00 0.000000000000000000e+00
-1.611559867858886719e+01 3.198183536529541016e+00 0.000000000000000000e+00
-8.811197280883789062e-01 1.525189876556396484e+01 0.000000000000000000e+00
-1.133313465118408203e+01 6.606638431549072266e+00 0.000000000000000000e+00
6.871273040771484375e+00 1.553712940216064453e+01 0.000000000000000000e+00
-5.840595245361328125e+00 -1.483106136322021484e+01 0.000000000000000000e+00
-4.729084491729736328e+00 7.674557209014892578e+00 0.000000000000000000e+00
1.335886573791503906e+01 7.485351085662841797e+00 0.000000000000000000e+00
3.554791927337646484e+00 -8.219430923461914062e+00 0.000000000000000000e+00
9.207055091857910156e+00 -2.517685651779174805e+00 0.000000000000000000e+00
1.878710389137268066e+00 -1.168220329284667969e+01 0.000000000000000000e+00
5.842486858367919922e+00 -4.275738716125488281e+00 0.000000000000000000e+00
1.315191268920898438e+01 -8.782291412353515625e+00 0.000000000000000000e+00
8.088907241821289062e+00 -7.555988788604736328e+00 0.000000000000000000e+00
3.563549280166625977e+00 1.339972376823425293e+00 0.000000000000000000e+00
1.448152923583984375e+01 -7.669172763824462891e+00 0.000000000000000000e+00
4.560431092977523804e-02 2.853778600692749023e+00 0.000000000000000000e+00
-1.438625526428222656e+01 -3.291193023324012756e-02 0.000000000000000000e+00
4.390305519104003906e+00 -1.182558441162109375e+01 0.000000000000000000e+00
-1.341807460784912109e+01 -4.117971420288085938e+00 0.000000000000000000e+00
-3.746633052825927734e+00 -1.122383594512939453e+01 0.000000000000000000e+00
-1.043726158142089844e+01 3.069989442825317383e+00 0.000000000000000000e+00
-5.211687088012695312e+00 1.088486385345458984e+01 0.000000000000000000e+00
-1.531532287597656250e+01 -4.796084880828857422e+00 0.000000000000000000e+00
1.182996082305908203e+01 6.685168266296386719e+00 0.000000000000000000e+00
-7.903651237487792969e+00 1.149931907653808594e+01 0.000000000000000000e+00
-5.011043548583984375e-01 6.251330852508544922e+00 0.000000000000000000e+00
-2.250143527984619141e+00 -1.908586263656616211e+00 0.000000000000000000e+00
-5.323082923889160156e+00 2.210865497589111328e+00 0.000000000000000000e+00
-6.585737705230712891e+00 9.725862503051757812e+00 0.000000000000000000e+00
9.959816932678222656e+00 7.908439636230468750e+00 0.000000000000000000e+00
-1.233754253387451172e+01 -1.029201269149780273e+00 0.000000000000000000e+00
-8.600565195083618164e-01 -1.079621887207031250e+01 0.000000000000000000e+00
-1.085026073455810547e+01 9.755105525255203247e-02 0.000000000000000000e+00
-2.185352087020874023e+00 1.631075668334960938e+01 0.000000000000000000e+00
1.068269348144531250e+01 -1.313465023040771484e+01 0.000000000000000000e+00
1.148348140716552734e+01 -3.088164329528808594e+00 0.000000000000000000e+00
-8.290749549865722656e+00 -1.056330108642578125e+01 0.000000000000000000e+00
-6.652131557464599609e+00 5.939064025878906250e-01 0.000000000000000000e+00
-7.468291282653808594e+00 8.344085693359375000e+00 0.000000000000000000e+00
1.255583000183105469e+01 2.194453477859497070e+00 0.000000000000000000e+00
8.826600074768066406e+00 1.361930274963378906e+01 0.000000000000000000e+00
-1.311228275299072266e+01 3.919217109680175781e+00 0.000000000000000000e+00
1.528298473358154297e+01 7.744883537292480469e+00 0.000000000000000000e+00
1.845550537109375000e+00 3.333922863006591797e+00 0.000000000000000000e+00
5.691710948944091797e+00 1.265125083923339844e+01 0.000000000000000000e+00
3.973994016647338867e+00 7.331831455230712891e+00 0.000000000000000000e+00
3.307122468948364258e+00 -3.784443378448486328e+00 0.000000000000000000e+00
-6.508513927459716797e+00 -4.915384292602539062e+00 0.000000000000000000e+00
6.934406161308288574e-01 -9.207965850830078125e+00 0.000000000000000000e+00
5.234480381011962891e+00 -1.603826713562011719e+01 0.000000000000000000e+00
-5.295072078704833984e+00 -2.167162656784057617e+00 0.000000000000000000e+00
5.562308311462402344e+00 -8.476002693176269531e+00 0.000000000000000000e+00
-9.632464408874511719e+00 -1.206177043914794922e+01 0.000000000000000000e+00
8.082973480224609375e+00 9.083672523498535156e+00 0.000000000000000000e+00
3.329027414321899414e+00 -1.491236925125122070e+00 0.000000000000000000e+00
-1.208748817443847656e+00 1.002982139587402344e+00 0.000000000000000000e+00
2.863122701644897461e+00 -1.325066566467285156e+01 0.000000000000000000e+00
-1.007703399658203125e+01 9.439117431640625000e+00 0.000000000000000000e+00
1.211371040344238281e+01 -1.248873424530029297e+01 0.000000000000000000e+00
-6.549453735351562500e+00 4.547123432159423828e+00 0.000000000000000000e+00
-5.346709251403808594e+00 -7.798080921173095703e+00 0.000000000000000000e+00
-2.571673393249511719e+00 6.180002689361572266e+00 0.000000000000000000e+00
-9.465010464191436768e-02 1.153658008575439453e+01 0.000000000000000000e+00
1.597715282440185547e+01 5.141520500183105469e+00 0.000000000000000000e+00
-4.090374946594238281e+00 1.246563911437988281e+00 0.000000000000000000e+00
-2.058886051177978516e+00 4.608782768249511719e+00 0.000000000000000000e+00
8.016573905944824219e+00 1.772013306617736816e+00 0.000000000000000000e+00
-7.293570995330810547e+00 -1.561562347412109375e+01 0.000000000000000000e+00
-6.256312847137451172e+00 -1.128947544097900391e+01 0.000000000000000000e+00
1.570653724670410156e+01 3.000118255615234375e+00 0.000000000000000000e+00
-1.628788185119628906e+01 5.998759269714355469e+00 0.000000000000000000e+00
1.712495803833007812e+01 3.595815420150756836e+00 0.000000000000000000e+00
2.710182428359985352e+00 -1.684437561035156250e+01 0.000000000000000000e+00
-1.279794979095458984e+01 -7.557898521423339844e+00 0.000000000000000000e+00
1.406987667083740234e+01 -2.367899119853973389e-01 0.000000000000000000e+00
1.039253425598144531e+01 -1.324588418006896973e+00 0.000000000000000000e+00
-1.263998126983642578e+01 7.805276870727539062e+00 0.000000000000000000e+00
6.089546680450439453e+00 -6.830318927764892578e+00 0.000000000000000000e+00
-6.556667685508728027e-01 7.793569087982177734e+00 0.000000000000000000e+00
7.379729747772216797e+00 4.458322048187255859e+00 0.000000000000000000e+00
1.357770442962646484e+00 -1.432755470275878906e+01 0.000000000000000000e+00
-1.352107143402099609e+01 5.706435203552246094e+00 0.000000000000000000e+00
-5.710549831390380859e+00 6.210048675537109375e+00 0.000000000000000000e+00
2.112766742706298828e+00 5.464351654052734375e+00 0.000000000000000000e+00
-1.348519515991210938e+01 1.094306850433349609e+01 0.000000000000000000e+00
5.438892364501953125e+00 -1.010785770416259766e+01 0.000000000000000000e+00
3.492498397827148438e+00 1.361352252960205078e+01 0.000000000000000000e+00
-4.062185287475585938e+00 9.376965522766113281e+00 0.000000000000000000e+00
-3.506147861480712891e+00 1.261246585845947266e+01 0.000000000000000000e+00
1.263737106323242188e+01 1.069164276123046875e+01 0.000000000000000000e+00
-7.051848888397216797e+00 -8.477097511291503906e+00 0.000000000000000000e+00
7.524163722991943359e+00 1.256532859802246094e+01 0.000000000000000000e+00
-9.573258399963378906e+00 1.431557273864746094e+01 0.000000000000000000e+00
2.354081153869628906e+00 8.901165962219238281e+00 0.000000000000000000e+00
4.447339475154876709e-01 -3.950787067413330078e+00 0.000000000000000000e+00
-9.035052299499511719e+00 -2.364024639129638672e+00 0.000000000000000000e+00
1.738617134094238281e+01 -2.662358283996582031e-01 0.000000000000000000e+00
-2.513535022735595703e+00 -6.259876728057861328e+00 0.000000000000000000e+00
-7.418032169342041016e+00 1.479567527770996094e+01 0.000000000000000000e+00
-3.608226776123046875e+00 1.086571311950683594e+01 0.000000000000000000e+00
5.971800804138183594e+00 7.668669819831848145e-01 0.000000000000000000e+00
1.768463969230651855e+00 -4.781592190265655518e-01 0.000000000000000000e+00
3.842029333114624023e+00 5.169417381286621094e+00 0.000000000000000000e+00
-3.944414377212524414e+00 4.270693302154541016e+00 0.000000000000000000e+00
-3.339207172393798828e+00 1.459618759155273438e+01 0.000000000000000000e+00
4.579152584075927734e+00 -6.170799732208251953e+00 0.000000000000000000e+00
8.070298194885253906e+00 1.101040935516357422e+01 0.000000000000000000e+00
-8.786480903625488281e+00 -1.438953781127929688e+01 0.000000000000000000e+00
-7.662897586822509766e+00 -6.601662158966064453e+00 0.000000000000000000e+00
-1.304747676849365234e+01 -5.825863838195800781e+00 0.000000000000000000e+00
-1.236254501342773438e+01 1.203771018981933594e+01 0.000000000000000000e+00
-2.429809570312500000e+00 -1.270641899108886719e+01 0.000000000000000000e+00
-2.166049957275390625e+00 1.036668491363525391e+01 0.000000000000000000e+00
-1.007834434509277344e+01 5.225975990295410156e+00 0.000000000000000000e+00
9.508547782897949219e+00 -1.146942615509033203e+01 0.000000000000000000e+00
-3.652215003967285156e+00 -9.670472145080566406e+00 0.000000000000000000e+00
-4.139191627502441406e+00 -6.542999744415283203e+00 0.000000000000000000e+00
1.435104751586914062e+01 6.147498607635498047e+00 0.000000000000000000e+00
6.446985244750976562e+00 -1.514192295074462891e+01 0.000000000000000000e+00
-5.279619693756103516e+00 -9.900900840759277344e+00 0.000000000000000000e+00
-2.185854434967041016e+00 -8.056658744812011719e+00 0.000000000000000000e+00
-3.276921272277832031e+00 -4.577428817749023438e+00 0.000000000000000000e+00
-1.048709297180175781e+01 -3.779883384704589844e+00 0.000000000000000000e+00
1.323945426940917969e+01 -1.094302558898925781e+01 0.000000000000000000e+00
1.340635585784912109e+01 -4.901979446411132812e+00 0.000000000000000000e+00
3.792002916336059570e+00 -1.477975368499755859e+01 0.000000000000000000e+00
5.200107097625732422e-01 1.274202227592468262e+00 0.000000000000000000e+00
-9.168335914611816406e+00 8.216708183288574219e+00 0.000000000000000000e+00
-3.520721435546875000e+00 -1.692423439025878906e+01 0.000000000000000000e+00
6.228846073150634766e+00 1.038937473297119141e+01 0.000000000000000000e+00
-1.174339771270751953e+01 4.861854076385498047e+00 0.000000000000000000e+00
4.470500469207763672e+00 -3.854306042194366455e-01 0.000000000000000000e+00
8.678223490715026855e-01 1.688930702209472656e+01 0.000000000000000000e+00
-1.498408508300781250e+01 1.742016553878784180e+00 0.000000000000000000e+00
-1.734173393249511719e+01 -6.159679293632507324e-01 0.000000000000000000e+00
9.337366104125976562e+00 3.021921396255493164e+00 0.000000000000000000e+00
1.361937427520751953e+01 9.367675781250000000e+00 0.000000000000000000e+00
1.105377864837646484e+01 9.015041351318359375e+00 0.000000000000000000e+00
-7.695280075073242188e+00 6.013005256652832031e+00 0.000000000000000000e+00
1.192565345764160156e+01 4.341819286346435547e-01 0.000000000000000000e+00
-1.227474784851074219e+01 5.898089408874511719e-01 0.000000000000000000e+00
2.023338317871093750e+00 1.516832160949707031e+01 0.000000000000000000e+00
6.091428995132446289e-01 -1.720070266723632812e+01 0.000000000000000000e+00
5.360131263732910156e+00 6.633703231811523438e+00 0.000000000000000000e+00
1.261205005645751953e+01 -1.958625078201293945e+00 0.000000000000000000e+00
6.428319931030273438e+00 -1.125637817382812500e+01 0.000000000000000000e+00
-1.572408294677734375e+01 7.459626674652099609e+00 0.000000000000000000e+00
-8.239606857299804688e+00 1.336660265922546387e+00 0.000000000000000000e+00
2.108674764633178711e+00 7.268173694610595703e+00 0.000000000000000000e+00
-5.281126022338867188e+00 -1.622386360168457031e+01 0.000000000000000000e+00
-1.715049171447753906e+01 -2.559601068496704102e+00 0.000000000000000000e+00
-1.036648559570312500e+01 -1.061184692382812500e+01 0.000000000000000000e+00
-8.772966384887695312e+00 1.300425338745117188e+01 0.000000000000000000e+00
-7.931564807891845703e+00 -6.221536397933959961e-01 0.000000000000000000e+00
9.906835556030273438e+00 1.026746845245361328e+01 0.000000000000000000e+00
1.833653807640075684e+00 -6.675175666809082031e+00 0.000000000000000000e+00
2.966315269470214844e+00 1.044198322296142578e+01 0.000000000000000000e+00
6.748818397521972656e+00 5.962098121643066406e+00 0.000000000000000000e+00
7.354540348052978516e+00 -2.391459494829177856e-01 0.000000000000000000e+00
9.103939056396484375e+00 -1.310340213775634766e+01 0.000000000000000000e+00
1.560147762298583984e+01 -6.980700492858886719e-01 0.000000000000000000e+00
-1.129866981506347656e+01 1.079826354980468750e+01 0.000000000000000000e+00
-4.072713375091552734e+00 6.290136814117431641e+00 0.000000000000000000e+00
-5.004894256591796875e+00 -2.620567381381988525e-01 0.000000000000000000e+00
-6.632358551025390625e+00 1.608127975463867188e+01 0.000000000000000000e+00
1.637384796142578125e+01 -5.980337142944335938e+00 0.000000000000000000e+00
-1.686408424377441406e+01 4.534520626068115234e+00 0.000000000000000000e+00
-5.433189272880554199e-01 -6.892492771148681641e+00 0.000000000000000000e+00
7.414174556732177734e+00 -5.957867145538330078e+00 0.000000000000000000e+00
-1.097932338714599609e+01 -8.605017662048339844e+00 0.000000000000000000e+00
1.171779441833496094e+01 -4.700355529785156250e+00 0.000000000000000000e+00
3.380103349685668945e+00 1.661476135253906250e+01 0.000000000000000000e+00
1.327376365661621094e+01 3.865336894989013672e+00 0.000000000000000000e+00
7.967052459716796875e+00 -1.205954837799072266e+01 0.000000000000000000e+00
-3.669606745243072510e-01 4.607267379760742188e+00 0.000000000000000000e+00
-1.049728298187255859e+01 -6.888917922973632812e+00 0.000000000000000000e+00
-1.160935783386230469e+01 9.186749458312988281e+00 0.000000000000000000e+00
-1.572075843811035156e+00 -9.473886489868164062e+00 0.000000000000000000e+00
8.929755210876464844e+00 -6.064853668212890625e+00 0.000000000000000000e+00
1.152385997772216797e+01 1.315787792205810547e+01 0.000000000000000000e+00
-1.120603847503662109e+01 1.333792972564697266e+01 0.000000000000000000e+00
-6.511897087097167969e+00 1.217274856567382812e+01 0.000000000000000000e+00
