-2.583724328934493109e+00 5.963376493833021375e-01
-1.523703669495228175e+00 1.258799875900365794e+00
-4.636830100559630186e-01 1.921262102417429674e+00
5.963376493833021375e-01 2.583724328934493109e+00
-1.921262102417429674e+00 -4.636830100559630186e-01
-8.612414429781645175e-01 1.987792164611006940e-01
1.987792164611006940e-01 8.612414429781645175e-01
1.258799875900365794e+00 1.523703669495228175e+00
-1.258799875900365794e+00 -1.523703669495228175e+00
-1.987792164611006940e-01 -8.612414429781645175e-01
8.612414429781645175e-01 -1.987792164611006940e-01
1.921262102417429674e+00 4.636830100559630186e-01
-5.963376493833021375e-01 -2.583724328934493109e+00
4.636830100559630186e-01 -1.921262102417429674e+00
1.523703669495228175e+00 -1.258799875900365794e+00
2.583724328934493109e+00 -5.963376493833021375e-01
