-2.583724420612612427e+00 5.963372521736505227e-01
-1.523703863017191296e+00 1.258799641653304491e+00
-4.636833054217704975e-01 1.921262031132958459e+00
5.963372521736505227e-01 2.583724420612612427e+00
-1.921262031132958459e+00 -4.636833054217704975e-01
-8.612414735375374386e-01 1.987790840578834706e-01
1.987790840578834706e-01 8.612414735375374386e-01
1.258799641653304491e+00 1.523703863017191296e+00
-1.258799641653304491e+00 -1.523703863017191296e+00
-1.987790840578834706e-01 -8.612414735375374386e-01
8.612414735375374386e-01 -1.987790840578834706e-01
1.921262031132958459e+00 4.636833054217704975e-01
-5.963372521736505227e-01 -2.583724420612612427e+00
4.636833054217704975e-01 -1.921262031132958459e+00
1.523703863017191296e+00 -1.258799641653304491e+00
2.583724420612612427e+00 -5.963372521736505227e-01
