-2.172405390364596567e+00 1.520494925974711808e+00
-9.414386182514938861e-01 1.737798414104673395e+00
2.895281538616089057e-01 1.955101902234634981e+00
1.520494925974711808e+00 2.172405390364596567e+00
-1.955101902234634981e+00 2.895281538616089057e-01
-7.241351301215321890e-01 5.068316419915706028e-01
5.068316419915706028e-01 7.241351301215321890e-01
1.737798414104673395e+00 9.414386182514938861e-01
-1.737798414104673395e+00 -9.414386182514938861e-01
-5.068316419915706028e-01 -7.241351301215321890e-01
7.241351301215321890e-01 -5.068316419915706028e-01
1.955101902234634981e+00 -2.895281538616089057e-01
-1.520494925974711808e+00 -2.172405390364596567e+00
-2.895281538616089057e-01 -1.955101902234634981e+00
9.414386182514938861e-01 -1.737798414104673395e+00
2.172405390364596567e+00 -1.520494925974711808e+00
