5.487886428833007812e+00 2.779200553894042969e+00 0.000000000000000000e+00
-4.132669925689697266e+00 4.948868274688720703e+00 0.000000000000000000e+00
1.062807846069335938e+01 5.779292106628417969e+00 0.000000000000000000e+00
9.828124046325683594e+00 -1.410622215270996094e+01 0.000000000000000000e+00
1.278211498260498047e+01 -5.633276462554931641e+00 0.000000000000000000e+00
-1.571046352386474609e+01 -1.295995950698852539e+00 0.000000000000000000e+00
-7.602819442749023438e+00 -6.425378799438476562e+00 0.000000000000000000e+00
-3.488942384719848633e-01 1.284509944915771484e+01 0.000000000000000000e+00
8.838775634765625000e+00 1.131146144866943359e+01 0.000000000000000000e+00
1.524145698547363281e+01 -5.030312538146972656e+00 0.000000000000000000e+00
1.049392032623291016e+01 -6.325656414031982422e+00 0.000000000000000000e+00
-1.252780675888061523e+00 -1.544363784790039062e+01 0.000000000000000000e+00
-1.227201557159423828e+01 4.820513248443603516e+00 0.000000000000000000e+00
6.136056423187255859e+00 -1.179358482360839844e+01 0.000000000000000000e+00
-7.268782615661621094e+00 7.608041763305664062e+00 0.000000000000000000e+00
-7.412422657012939453e+00 -1.150035095214843750e+01 0.000000000000000000e+00
-1.182441234588623047e+01 -7.465695496648550034e-03 0.000000000000000000e+00
-3.278223991394042969e+00 -4.733013629913330078e+00 0.000000000000000000e+00
5.375352859497070312e+00 8.389222145080566406e+00 0.000000000000000000e+00
-5.211385712027549744e-02 7.819319248199462891e+00 0.000000000000000000e+00
-4.933736324310302734e+00 -4.045259475708007812e+00 0.000000000000000000e+00
-5.316325187683105469e+00 -1.630218696594238281e+01 0.000000000000000000e+00
1.273815345764160156e+01 7.647280216217041016e+00 0.000000000000000000e+00
-1.129622936248779297e+01 -6.442020416259765625e+00 0.000000000000000000e+00
-8.994199752807617188e+00 -1.037440872192382812e+01 0.000000000000000000e+00
6.954364299774169922e+00 4.193253040313720703e+00 0.000000000000000000e+00
3.792521953582763672e+00 6.475152969360351562e-01 0.000000000000000000e+00
2.895109415054321289e+00 -6.577523231506347656e+00 0.000000000000000000e+00
3.498339891433715820e+00 6.220864772796630859e+00 0.000000000000000000e+00
-1.097019577026367188e+01 1.248323917388916016e+01 0.000000000000000000e+00
-3.480835676193237305e+00 -1.104986858367919922e+01 0.000000000000000000e+00
1.338612365722656250e+01 1.483944892883300781e+00 0.000000000000000000e+00
-7.687954902648925781e+00 -4.819798469543457031e+00 0.000000000000000000e+00
-9.930172920227050781e+00 -7.604633808135986328e+00 0.000000000000000000e+00
-9.261940956115722656e+00 6.367402672767639160e-01 0.000000000000000000e+00
1.179601192474365234e+01 -3.966202735900878906e+00 0.000000000000000000e+00
-3.382286071777343750e+00 7.320408821105957031e-01 0.000000000000000000e+00
9.574421882629394531e+00 -1.103520584106445312e+01 0.000000000000000000e+00
8.483595848083496094e+00 -4.011159896850585938e+00 0.000000000000000000e+00
-1.387210178375244141e+01 7.758833408355712891e+00 0.000000000000000000e+00
8.899903297424316406e+00 -8.818165779113769531e+00 0.000000000000000000e+00
-3.040175914764404297e+00 9.219690322875976562e+00 0.000000000000000000e+00
-8.886450767517089844e+00 9.310724258422851562e+00 0.000000000000000000e+00
-7.819126129150390625e+00 -8.350234031677246094e+00 0.000000000000000000e+00
-5.307115554809570312e+00 -1.110188388824462891e+01 0.000000000000000000e+00
5.423287868499755859e+00 1.583292198181152344e+01 0.000000000000000000e+00
8.161858558654785156e+00 1.473978042602539062e+01 0.000000000000000000e+00
-1.092686843872070312e+01 -1.207344627380371094e+01 0.000000000000000000e+00
8.880805015563964844e+00 2.716823339462280273e+00 0.000000000000000000e+00
1.331343460083007812e+01 -1.366974949836730957e+00 0.000000000000000000e+00
-1.134667110443115234e+01 1.088901424407958984e+01 0.000000000000000000e+00
2.059298992156982422e+00 1.087203216552734375e+01 0.000000000000000000e+00
-1.390793514251708984e+01 2.778532505035400391e+00 0.000000000000000000e+00
-1.024847698211669922e+01 4.310457229614257812e+00 0.000000000000000000e+00
4.500983715057373047e+00 -8.904784202575683594e+00 0.000000000000000000e+00
-1.072647285461425781e+01 -9.952367782592773438e+00 0.000000000000000000e+00
1.088041877746582031e+01 2.300293207168579102e+00 0.000000000000000000e+00
-1.545660495758056641e+01 4.498562335968017578e+00 0.000000000000000000e+00
1.937179118394851685e-01 -5.069656848907470703e+00 0.000000000000000000e+00
9.516066908836364746e-01 -1.524783611297607422e+01 0.000000000000000000e+00
1.400176286697387695e-01 9.883655309677124023e-01 0.000000000000000000e+00
-5.822669506072998047e+00 -7.231829166412353516e+00 0.000000000000000000e+00
1.218155860900878906e+01 3.340862512588500977e+00 0.000000000000000000e+00
7.393967151641845703e+00 -7.017370223999023438e+00 0.000000000000000000e+00
5.900126695632934570e-01 -1.092311954498291016e+01 0.000000000000000000e+00
-1.148978328704833984e+01 -1.524368524551391602e+00 0.000000000000000000e+00
1.111050415039062500e+01 9.358225822448730469e+00 0.000000000000000000e+00
1.345251274108886719e+01 4.451858520507812500e+00 0.000000000000000000e+00
-1.931258201599121094e+00 1.295423984527587891e+01 0.000000000000000000e+00
8.031400680541992188e+00 7.338032126426696777e-01 0.000000000000000000e+00
1.239985179901123047e+01 -8.659563064575195312e+00 0.000000000000000000e+00
-4.623392105102539062e+00 1.048967361450195312e+01 0.000000000000000000e+00
-6.137891769409179688e+00 1.595024585723876953e+01 0.000000000000000000e+00
7.400018692016601562e+00 -8.748533248901367188e+00 0.000000000000000000e+00
-3.807436704635620117e+00 -2.752493858337402344e+00 0.000000000000000000e+00
-3.782868623733520508e+00 1.308152770996093750e+01 0.000000000000000000e+00
-1.327572345733642578e+01 9.939586639404296875e+00 0.000000000000000000e+00
1.065897846221923828e+01 -8.912710189819335938e+00 0.000000000000000000e+00
1.158736419677734375e+01 -1.133532810211181641e+01 0.000000000000000000e+00
1.694673919677734375e+01 -2.815079927444458008e+00 0.000000000000000000e+00
-2.591369390487670898e+00 -6.377248287200927734e+00 0.000000000000000000e+00
-8.488206863403320312e+00 -1.785914897918701172e+00 0.000000000000000000e+00
6.085094928741455078e+00 -1.377017617225646973e+00 0.000000000000000000e+00
-1.227632617950439453e+01 -5.033556461334228516e+00 0.000000000000000000e+00
-1.617980194091796875e+01 -3.938198566436767578e+00 0.000000000000000000e+00
9.616827964782714844e+00 3.605718314647674561e-01 0.000000000000000000e+00
-4.904119968414306641e+00 1.585211753845214844e+00 0.000000000000000000e+00
-1.419481945037841797e+01 -4.906581878662109375e+00 0.000000000000000000e+00
3.449520587921142578e+00 -1.351080417633056641e+01 0.000000000000000000e+00
-6.349731445312500000e+00 -2.606404781341552734e+00 0.000000000000000000e+00
-1.001753425598144531e+01 7.272909164428710938e+00 0.000000000000000000e+00
-9.885501861572265625e+00 -9.843430519104003906e-01 0.000000000000000000e+00
1.428526115417480469e+01 9.840839385986328125e+00 0.000000000000000000e+00
1.295018577575683594e+01 1.171648502349853516e+01 0.000000000000000000e+00
3.786763906478881836e+00 -1.085581207275390625e+01 0.000000000000000000e+00
6.999067306518554688e+00 8.102525711059570312e+00 0.000000000000000000e+00
6.035928726196289062e+00 -7.942209720611572266e+00 0.000000000000000000e+00
7.469606399536132812e+00 1.318130302429199219e+01 0.000000000000000000e+00
1.007233262062072754e+00 -1.372112631797790527e+00 0.000000000000000000e+00
-8.586748123168945312e+00 4.873761653900146484e+00 0.000000000000000000e+00
-6.292591094970703125e+00 2.722259044647216797e+00 0.000000000000000000e+00
-2.712400436401367188e+00 -9.221035957336425781e+00 0.000000000000000000e+00
4.926532745361328125e+00 1.158397865295410156e+01 0.000000000000000000e+00
-1.425425529479980469e+01 -9.592066764831542969e+00 0.000000000000000000e+00
5.312712192535400391e+00 1.429739570617675781e+01 0.000000000000000000e+00
-4.115389883518218994e-01 -7.264621257781982422e-01 0.000000000000000000e+00
-1.197096443176269531e+01 8.294772148132324219e+00 0.000000000000000000e+00
4.595895290374755859e+00 -5.663466453552246094e+00 0.000000000000000000e+00
-2.295774459838867188e+00 1.117127132415771484e+01 0.000000000000000000e+00
-7.657868862152099609e+00 1.307535552978515625e+01 0.000000000000000000e+00
1.498503875732421875e+01 -7.534937381744384766e+00 0.000000000000000000e+00
-4.199326515197753906e+00 6.856460571289062500e+00 0.000000000000000000e+00
-1.134901762008666992e+00 -1.185634422302246094e+01 0.000000000000000000e+00
1.493436717987060547e+01 8.208565711975097656e+00 0.000000000000000000e+00
5.927097320556640625e+00 9.846088409423828125e+00 0.000000000000000000e+00
-9.499027252197265625e+00 -1.370806789398193359e+01 0.000000000000000000e+00
1.558136367797851562e+01 5.643917083740234375e+00 0.000000000000000000e+00
5.426251515746116638e-02 5.901440620422363281e+00 0.000000000000000000e+00
3.715734481811523438e-01 1.708280563354492188e+01 0.000000000000000000e+00
1.658858680725097656e+01 -4.314924776554107666e-01 0.000000000000000000e+00
-1.093440055847167969e+00 9.906463623046875000e+00 0.000000000000000000e+00
2.075572490692138672e+00 1.645620346069335938e+01 0.000000000000000000e+00
-4.906767845153808594e+00 -1.098252415657043457e+00 0.000000000000000000e+00
1.376403236389160156e+01 -3.113425016403198242e+00 0.000000000000000000e+00
9.076324462890625000e+00 -1.273904514312744141e+01 0.000000000000000000e+00
2.358626127243041992e+00 3.210088491439819336e+00 0.000000000000000000e+00
-7.456378459930419922e+00 -1.327341556549072266e+01 0.000000000000000000e+00
-1.271382045745849609e+01 1.367917418479919434e+00 0.000000000000000000e+00
-1.636533355712890625e+01 5.765515327453613281e+00 0.000000000000000000e+00
-4.622693061828613281e+00 8.800122261047363281e+00 0.000000000000000000e+00
1.227054953575134277e+00 4.273818492889404297e+00 0.000000000000000000e+00
1.091453933715820312e+01 1.100025177001953125e+01 0.000000000000000000e+00
-1.441819667816162109e+01 2.927856054157018661e-03 0.000000000000000000e+00
1.144283866882324219e+01 3.514337241649627686e-01 0.000000000000000000e+00
-3.302961587905883789e+00 2.308574676513671875e+00 0.000000000000000000e+00
3.887579202651977539e+00 -2.687635898590087891e+00 0.000000000000000000e+00
9.618412971496582031e+00 -2.350750446319580078e+00 0.000000000000000000e+00
2.712258338928222656e+00 1.314542579650878906e+01 0.000000000000000000e+00
-3.472938537597656250e+00 1.617071914672851562e+01 0.000000000000000000e+00
1.792741656303405762e+00 -5.442853927612304688e+00 0.000000000000000000e+00
-1.276031970977783203e+01 -8.934626579284667969e+00 0.000000000000000000e+00
7.223560810089111328e+00 2.090062379837036133e+00 0.000000000000000000e+00
7.626980781555175781e+00 -1.341922998428344727e+00 0.000000000000000000e+00
-1.623713493347167969e+01 2.319338321685791016e+00 0.000000000000000000e+00
-4.519082605838775635e-01 -6.489954948425292969e+00 0.000000000000000000e+00
-1.039305591583251953e+01 2.133091926574707031e+00 0.000000000000000000e+00
-9.190006852149963379e-01 1.561096477508544922e+01 0.000000000000000000e+00
-1.851992607116699219e+00 -2.971534013748168945e+00 0.000000000000000000e+00
-4.276627302169799805e-01 2.950060367584228516e+00 0.000000000000000000e+00
7.529825210571289062e+00 -1.359902572631835938e+01 0.000000000000000000e+00
-1.482187938690185547e+01 -6.572365760803222656e+00 0.000000000000000000e+00
-2.599683761596679688e+00 -1.315023612976074219e+01 0.000000000000000000e+00
-3.488326370716094971e-01 -2.930370569229125977e+00 0.000000000000000000e+00
1.781564950942993164e+00 8.002403259277343750e+00 0.000000000000000000e+00
-9.137313842773437500e+00 -1.209016704559326172e+01 0.000000000000000000e+00
1.659317588806152344e+01 3.518594026565551758e+00 0.000000000000000000e+00
-4.940086841583251953e+00 -1.359364318847656250e+01 0.000000000000000000e+00
-2.381939888000488281e+00 1.454530715942382812e+01 0.000000000000000000e+00
-1.442314982414245605e+00 1.418262958526611328e+00 0.000000000000000000e+00
-9.351568222045898438e+00 1.233200550079345703e+01 0.000000000000000000e+00
-1.407070922851562500e+01 6.181282043457031250e+00 0.000000000000000000e+00
1.315304279327392578e+00 -8.737445831298828125e+00 0.000000000000000000e+00
8.466110229492187500e+00 5.561470985412597656e+00 0.000000000000000000e+00
1.517947292327880859e+01 1.732588291168212891e+00 0.000000000000000000e+00
-7.371272563934326172e+00 -1.496609020233154297e+01 0.000000000000000000e+00
-6.087050437927246094e+00 6.403917789459228516e+00 0.000000000000000000e+00
7.139973163604736328e+00 -1.031298351287841797e+01 0.000000000000000000e+00
-1.331755256652832031e+01 -6.386028766632080078e+00 0.000000000000000000e+00
-5.961022377014160156e+00 -9.604318618774414062e+00 0.000000000000000000e+00
-1.281854152679443359e+01 -3.368952989578247070e+00 0.000000000000000000e+00
3.805115222930908203e+00 9.169524192810058594e+00 0.000000000000000000e+00
6.728459358215332031e+00 5.944550991058349609e+00 0.000000000000000000e+00
-6.925550937652587891e+00 1.064165401458740234e+01 0.000000000000000000e+00
5.048029422760009766e+00 6.673217296600341797e+00 0.000000000000000000e+00
3.816294908523559570e+00 1.643752670288085938e+01 0.000000000000000000e+00
4.938115596771240234e+00 -1.409104442596435547e+01 0.000000000000000000e+00
1.318506598472595215e+00 1.512703227996826172e+01 0.000000000000000000e+00
-6.622125148773193359e+00 4.831411838531494141e+00 0.000000000000000000e+00
5.789401054382324219e+00 -1.612574195861816406e+01 0.000000000000000000e+00
1.478261089324951172e+01 -4.100565910339355469e-01 0.000000000000000000e+00
-1.692904090881347656e+01 1.713615059852600098e-01 0.000000000000000000e+00
1.209922027587890625e+01 -7.046156883239746094e+00 0.000000000000000000e+00
1.538252735137939453e+01 -2.052950620651245117e+00 0.000000000000000000e+00
9.625595092773437500e+00 1.367768955230712891e+01 0.000000000000000000e+00
-2.534266471862792969e+00 7.529736995697021484e+00 0.000000000000000000e+00
-1.454231262207031250e+01 -3.285908460617065430e+00 0.000000000000000000e+00
1.365445613861083984e+01 -9.542497634887695312e+00 0.000000000000000000e+00
2.103322744369506836e+00 -1.050792503356933594e+01 0.000000000000000000e+00
-9.295163154602050781e+00 1.411551380157470703e+01 0.000000000000000000e+00
-2.943511724472045898e+00 -1.699897956848144531e+01 0.000000000000000000e+00
-1.240252971649169922e+01 -1.058772850036621094e+01 0.000000000000000000e+00
-1.579756975173950195e+00 1.718699073791503906e+01 0.000000000000000000e+00
-9.403060376644134521e-02 -1.677159309387207031e+01 0.000000000000000000e+00
9.761365890502929688e+00 7.663207054138183594e+00 0.000000000000000000e+00
1.114015817642211914e+00 -1.286530780792236328e+01 0.000000000000000000e+00
-1.185594844818115234e+01 6.669739246368408203e+00 0.000000000000000000e+00
-1.503637886047363281e+01 8.948594093322753906e+00 0.000000000000000000e+00
-7.042203903198242188e+00 -1.208586931228637695e+00 0.000000000000000000e+00
-7.734990596771240234e+00 1.516665267944335938e+01 0.000000000000000000e+00
1.098083400726318359e+01 1.282140636444091797e+01 0.000000000000000000e+00
6.026175498962402344e+00 5.758970975875854492e-01 0.000000000000000000e+00
-2.569070100784301758e+00 -1.108684539794921875e+00 0.000000000000000000e+00
-3.161905109882354736e-01 1.120582771301269531e+01 0.000000000000000000e+00
-4.974066734313964844e+00 1.207056236267089844e+01 0.000000000000000000e+00
8.624083995819091797e-01 9.830256462097167969e+00 0.000000000000000000e+00
-3.569399118423461914e+00 -7.693038463592529297e+00 0.000000000000000000e+00
5.611788749694824219e+00 -3.680674314498901367e+00 0.000000000000000000e+00
4.698906421661376953e+00 4.973636627197265625e+00 0.000000000000000000e+00
-1.129590749740600586e+00 -8.947731018066406250e+00 0.000000000000000000e+00
-1.015276145935058594e+01 -4.841156482696533203e+00 0.000000000000000000e+00
7.122524261474609375e+00 1.096845912933349609e+01 0.000000000000000000e+00
-1.271977519989013672e+01 1.152227497100830078e+01 0.000000000000000000e+00
3.084468841552734375e+00 -1.621741485595703125e+01 0.000000000000000000e+00
-5.672930717468261719e+00 1.379414176940917969e+01 0.000000000000000000e+00
-6.959891796112060547e+00 3.812472522258758545e-01 0.000000000000000000e+00
1.592064619064331055e+00 4.228926599025726318e-01 0.000000000000000000e+00
-1.488606333732604980e+00 -4.676158428192138672e+00 0.000000000000000000e+00
-2.418260812759399414e+00 5.446657180786132812e+00 0.000000000000000000e+00
-7.343727946281433105e-01 -1.399083900451660156e+01 0.000000000000000000e+00
1.557573676109313965e+00 5.918138980865478516e+00 0.000000000000000000e+00
-9.043772697448730469e+00 -5.905478954315185547e+00 0.000000000000000000e+00
3.532593965530395508e+00 -9.168412685394287109e-01 0.000000000000000000e+00
-3.892697572708129883e+00 -1.541662979125976562e+01 0.000000000000000000e+00
1.053992176055908203e+01 4.269680023193359375e+00 0.000000000000000000e+00
-1.055291748046875000e+01 9.499334335327148438e+00 0.000000000000000000e+00
-8.110177993774414062e+00 2.131593704223632812e+00 0.000000000000000000e+00
-1.494750022888183594e+00 4.202857017517089844e+00 0.000000000000000000e+00
1.012828540802001953e+01 -4.292758464813232422e+00 0.000000000000000000e+00
-1.741600036621093750e+01 -1.617564439773559570e+00 0.000000000000000000e+00
8.848505973815917969e+00 -6.305478096008300781e+00 0.000000000000000000e+00
1.121381282806396484e+01 -1.848819494247436523e+00 0.000000000000000000e+00
-1.235372734069824219e+01 2.876752614974975586e+00 0.000000000000000000e+00
1.505399703979492188e+00 -3.929691314697265625e+00 0.000000000000000000e+00
-4.310985088348388672e+00 1.465036201477050781e+01 0.000000000000000000e+00
-1.645225715637207031e+01 -5.438682079315185547e+00 0.000000000000000000e+00
-7.482262134552001953e+00 -9.913754463195800781e+00 0.000000000000000000e+00
-7.617792606353759766e+00 3.664236545562744141e+00 0.000000000000000000e+00
8.676144599914550781e+00 9.136394500732421875e+00 0.000000000000000000e+00
7.231460094451904297e+00 -5.453114986419677734e+00 0.000000000000000000e+00
7.263989448547363281e+00 -1.518359279632568359e+01 0.000000000000000000e+00
1.413868713378906250e+01 6.519773483276367188e+00 0.000000000000000000e+00
2.386926174163818359e+00 -2.422207355499267578e+00 0.000000000000000000e+00
-4.328920841217041016e+00 -9.228824615478515625e+00 0.000000000000000000e+00
-4.459131240844726562e+00 -6.383566379547119141e+00 0.000000000000000000e+00
-6.250482082366943359e+00 -5.473798751831054688e+00 0.000000000000000000e+00
-6.275768280029296875e+00 8.867900848388671875e+00 0.000000000000000000e+00
-1.343303203582763672e+01 -1.315638422966003418e+00 0.000000000000000000e+00
-5.779399394989013672e+00 -1.487234687805175781e+01 0.000000000000000000e+00
-9.514451980590820312e+00 1.078689765930175781e+01 0.000000000000000000e+00
1.135010528564453125e+01 -1.310729217529296875e+01 0.000000000000000000e+00
1.494032859802246094e+01 4.004474163055419922e+00 0.000000000000000000e+00
1.621168255805969238e+00 -1.741095161437988281e+01 0.000000000000000000e+00
6.973189830780029297e+00 -2.841735839843750000e+00 0.000000000000000000e+00
1.683180809020996094e+01 -4.432879447937011719e+00 0.000000000000000000e+00
-1.551284599304199219e+01 7.523077487945556641e+00 0.000000000000000000e+00
-1.127355957031250000e+01 -3.430427551269531250e+00 0.000000000000000000e+00
