7.472520351409912109e+00 3.845372200012207031e+00 0.000000000000000000e+00
-1.154404830932617188e+01 2.077371835708618164e+00 0.000000000000000000e+00
9.682105064392089844e+00 -1.092474269866943359e+01 0.000000000000000000e+00
1.125483798980712891e+01 1.857737779617309570e+00 0.000000000000000000e+00
-5.239501476287841797e+00 1.650860214233398438e+01 0.000000000000000000e+00
-5.611000061035156250e+00 -3.141717612743377686e-01 0.000000000000000000e+00
2.728385925292968750e+00 1.117240810394287109e+01 0.000000000000000000e+00
-5.042482614517211914e-01 1.402044486999511719e+01 0.000000000000000000e+00
1.777005910873413086e+00 -1.449815273284912109e+01 0.000000000000000000e+00
2.585001945495605469e+00 -1.067486572265625000e+01 0.000000000000000000e+00
3.347393274307250977e+00 1.696717858314514160e+00 0.000000000000000000e+00
-2.048732757568359375e+00 -1.240423774719238281e+01 0.000000000000000000e+00
6.237380027770996094e+00 1.570849704742431641e+01 0.000000000000000000e+00
-4.961823940277099609e+00 -3.656761407852172852e+00 0.000000000000000000e+00
1.281089115142822266e+01 7.027880191802978516e+00 0.000000000000000000e+00
-9.719597816467285156e+00 -2.691648006439208984e+00 0.000000000000000000e+00
1.164916872978210449e+00 1.521492242813110352e+00 0.000000000000000000e+00
1.122450733184814453e+01 -8.194073677062988281e+00 0.000000000000000000e+00
-1.351588726043701172e+01 -7.961279869079589844e+00 0.000000000000000000e+00
1.565278434753417969e+01 -6.616778373718261719e+00 0.000000000000000000e+00
-1.361905384063720703e+01 8.478847503662109375e+00 0.000000000000000000e+00
2.404378652572631836e-01 3.349603176116943359e+00 0.000000000000000000e+00
-3.213357925415039062e+00 -7.334988117218017578e+00 0.000000000000000000e+00
1.049887275695800781e+01 4.762589931488037109e+00 0.000000000000000000e+00
-7.393177986145019531e+00 -1.518983554840087891e+01 0.000000000000000000e+00
-3.455656766891479492e+00 -9.144159317016601562e+00 0.000000000000000000e+00
1.480862331390380859e+01 1.881487131118774414e+00 0.000000000000000000e+00
1.172562026977539062e+01 -1.050275325775146484e+01 0.000000000000000000e+00
-1.212001800537109375e+01 -2.186233520507812500e+00 0.000000000000000000e+00
-3.147509098052978516e+00 2.348162889480590820e+00 0.000000000000000000e+00
-8.359045028686523438e+00 -3.359409570693969727e+00 0.000000000000000000e+00
-1.394929599761962891e+01 -1.245028734207153320e+00 0.000000000000000000e+00
1.914071321487426758e+00 1.666497611999511719e+01 0.000000000000000000e+00
4.986290931701660156e+00 -3.672082662582397461e+00 0.000000000000000000e+00
-1.022247695922851562e+01 -5.775676250457763672e+00 0.000000000000000000e+00
-6.270866394042968750e+00 1.134957027435302734e+01 0.000000000000000000e+00
7.843371868133544922e+00 -1.228456497192382812e+01 0.000000000000000000e+00
3.553684234619140625e+00 7.618532180786132812e+00 0.000000000000000000e+00
6.058117866516113281e+00 -5.022908210754394531e+00 0.000000000000000000e+00
4.480651855468750000e+00 -5.891939997673034668e-01 0.000000000000000000e+00
-4.849701404571533203e+00 1.497424697875976562e+01 0.000000000000000000e+00
4.355127811431884766e+00 1.057223701477050781e+01 0.000000000000000000e+00
-6.435590744018554688e+00 -5.219078540802001953e+00 0.000000000000000000e+00
3.987446308135986328e+00 -1.248334693908691406e+01 0.000000000000000000e+00
-8.922015190124511719e+00 1.210237121582031250e+01 0.000000000000000000e+00
7.288492202758789062e+00 -1.585169029235839844e+01 0.000000000000000000e+00
-1.336163997650146484e+01 5.569626808166503906e+00 0.000000000000000000e+00
-6.213072299957275391e+00 -1.261523723602294922e+01 0.000000000000000000e+00
1.357916831970214844e+00 6.320329189300537109e+00 0.000000000000000000e+00
9.563902854919433594e+00 1.442446231842041016e+01 0.000000000000000000e+00
5.647996902465820312e+00 -1.642803382873535156e+01 0.000000000000000000e+00
8.646276473999023438e+00 1.926908850669860840e+00 0.000000000000000000e+00
7.021697521209716797e+00 1.268188095092773438e+01 0.000000000000000000e+00
3.866375923156738281e+00 -1.604673576354980469e+01 0.000000000000000000e+00
6.821921348571777344e+00 -3.059592247009277344e+00 0.000000000000000000e+00
-6.597513198852539062e+00 7.406568050384521484e+00 0.000000000000000000e+00
-6.504994630813598633e-01 7.446413516998291016e+00 0.000000000000000000e+00
-7.288792610168457031e+00 -1.679115891456604004e+00 0.000000000000000000e+00
-9.315333366394042969e+00 -1.467735290527343750e+01 0.000000000000000000e+00
9.691992759704589844e+00 -6.247091770172119141e+00 0.000000000000000000e+00
5.855876922607421875e+00 1.364509963989257812e+01 0.000000000000000000e+00
-5.083464622497558594e+00 1.260226058959960938e+01 0.000000000000000000e+00
-1.593743610382080078e+01 2.965164899826049805e+00 0.000000000000000000e+00
1.350429916381835938e+01 1.003979969024658203e+01 0.000000000000000000e+00
-2.467727899551391602e+00 5.334475040435791016e-01 0.000000000000000000e+00
-1.114615631103515625e+01 5.515594482421875000e-01 0.000000000000000000e+00
-9.043386459350585938e+00 7.816869735717773438e+00 0.000000000000000000e+00
5.836380958557128906e+00 7.927789688110351562e+00 0.000000000000000000e+00
-2.870659828186035156e+00 -4.998064994812011719e+00 0.000000000000000000e+00
3.203403949737548828e-02 1.188167953491210938e+01 0.000000000000000000e+00
4.484814405441284180e-01 1.535230159759521484e+01 0.000000000000000000e+00
1.512057018280029297e+01 3.988305807113647461e+00 0.000000000000000000e+00
-8.724060058593750000e+00 9.336127281188964844e+00 0.000000000000000000e+00
9.544684410095214844e+00 1.062194728851318359e+01 0.000000000000000000e+00
-1.095130920410156250e+01 -1.171629714965820312e+01 0.000000000000000000e+00
1.213727855682373047e+01 5.400595664978027344e+00 0.000000000000000000e+00
1.279645442962646484e+01 2.860934972763061523e+00 0.000000000000000000e+00
7.379099369049072266e+00 7.950621128082275391e+00 0.000000000000000000e+00
-8.229671478271484375e+00 -1.070069980621337891e+01 0.000000000000000000e+00
8.967304229736328125e+00 -9.117510795593261719e+00 0.000000000000000000e+00
1.180687046051025391e+01 -5.733563423156738281e+00 0.000000000000000000e+00
-4.830993652343750000e+00 -1.113875484466552734e+01 0.000000000000000000e+00
8.235436439514160156e+00 -1.234473466873168945e+00 0.000000000000000000e+00
-4.530781269073486328e+00 9.093165397644042969e+00 0.000000000000000000e+00
-1.020771026611328125e+01 1.355205535888671875e+01 0.000000000000000000e+00
-7.814249992370605469e+00 -8.415421485900878906e+00 0.000000000000000000e+00
-7.947414875030517578e+00 5.584605216979980469e+00 0.000000000000000000e+00
2.779688596725463867e+00 -2.844301939010620117e+00 0.000000000000000000e+00
1.307874083518981934e+00 -1.541895270347595215e+00 0.000000000000000000e+00
-1.752928018569946289e+00 -8.439940452575683594e+00 0.000000000000000000e+00
9.005490303039550781e+00 1.215232086181640625e+01 0.000000000000000000e+00
1.655312156677246094e+01 -3.123644828796386719e+00 0.000000000000000000e+00
7.068478584289550781e+00 -9.838942527770996094e+00 0.000000000000000000e+00
-1.325783729553222656e-01 -1.550465965270996094e+01 0.000000000000000000e+00
4.807480335235595703e+00 -6.291401863098144531e+00 0.000000000000000000e+00
1.118680572509765625e+01 -1.220708370208740234e+01 0.000000000000000000e+00
-1.223265528678894043e+00 4.186729907989501953e+00 0.000000000000000000e+00
1.334624671936035156e+01 1.751006953418254852e-02 0.000000000000000000e+00
1.020599174499511719e+01 -2.429595947265625000e+00 0.000000000000000000e+00
-9.478655815124511719e+00 -5.913214087486267090e-01 0.000000000000000000e+00
-5.618619918823242188e+00 -1.578474426269531250e+01 0.000000000000000000e+00
-1.687520980834960938e+01 9.550665616989135742e-01 0.000000000000000000e+00
1.054030799865722656e+01 7.856944084167480469e+00 0.000000000000000000e+00
-2.594064950942993164e+00 -1.389747619628906250e+01 0.000000000000000000e+00
-3.723481655120849609e+00 1.362685012817382812e+01 0.000000000000000000e+00
-4.956763744354248047e+00 6.251075744628906250e+00 0.000000000000000000e+00
-1.588557624816894531e+01 -1.145292401313781738e+00 0.000000000000000000e+00
-1.491771817207336426e+00 1.864711284637451172e+00 0.000000000000000000e+00
-4.770962595939636230e-01 -6.922157287597656250e+00 0.000000000000000000e+00
1.056271195411682129e+00 -1.698564529418945312e+01 0.000000000000000000e+00
-3.150928974151611328e+00 -2.231951475143432617e+00 0.000000000000000000e+00
1.381337738037109375e+01 -4.441545486450195312e+00 0.000000000000000000e+00
2.193982839584350586e+00 -1.365467160940170288e-01 0.000000000000000000e+00
-6.704212665557861328e+00 9.658522605895996094e-01 0.000000000000000000e+00
-1.493454694747924805e+00 -5.693164825439453125e+00 0.000000000000000000e+00
-5.357640743255615234e+00 4.310695171356201172e+00 0.000000000000000000e+00
-3.227961435914039612e-02 -5.288522243499755859e+00 0.000000000000000000e+00
-1.104538440704345703e+01 5.191592693328857422e+00 0.000000000000000000e+00
-1.156354141235351562e+01 -8.025885581970214844e+00 0.000000000000000000e+00
-5.818614006042480469e+00 2.356742620468139648e+00 0.000000000000000000e+00
6.148993492126464844e+00 -1.689253211021423340e+00 0.000000000000000000e+00
1.492877960205078125e+01 -2.334314584732055664e+00 0.000000000000000000e+00
-6.979911804199218750e+00 1.558356285095214844e+01 0.000000000000000000e+00
-1.413098049163818359e+01 3.869994878768920898e-01 0.000000000000000000e+00
-1.171804714202880859e+01 -6.105502128601074219e+00 0.000000000000000000e+00
-6.101112961769104004e-01 5.800524711608886719e+00 0.000000000000000000e+00
-1.199323368072509766e+01 9.959156036376953125e+00 0.000000000000000000e+00
-1.444358062744140625e+01 2.500987529754638672e+00 0.000000000000000000e+00
-1.005458450317382812e+01 -9.985060691833496094e+00 0.000000000000000000e+00
-1.056834936141967773e+00 1.638517570495605469e+01 0.000000000000000000e+00
-1.458884143829345703e+01 7.064984798431396484e+00 0.000000000000000000e+00
-8.677033424377441406e+00 1.379088401794433594e+00 0.000000000000000000e+00
5.080213069915771484e+00 1.205999469757080078e+01 0.000000000000000000e+00
-6.540668964385986328e+00 1.395976448059082031e+01 0.000000000000000000e+00
-9.203672409057617188e+00 -7.050017833709716797e+00 0.000000000000000000e+00
7.063565731048583984e+00 -7.976386070251464844e+00 0.000000000000000000e+00
5.108506679534912109e+00 1.014536380767822266e+00 0.000000000000000000e+00
-3.265783786773681641e+00 -1.567631912231445312e+01 0.000000000000000000e+00
-1.383377933502197266e+01 -3.482022047042846680e+00 0.000000000000000000e+00
1.305418586730957031e+01 -1.796868443489074707e+00 0.000000000000000000e+00
1.204774188995361328e+01 -3.306543350219726562e+00 0.000000000000000000e+00
4.591239929199218750e+00 1.652618980407714844e+01 0.000000000000000000e+00
1.834481477737426758e+00 -1.225651645660400391e+01 0.000000000000000000e+00
-1.059581947326660156e+01 -1.355693626403808594e+01 0.000000000000000000e+00
-1.417035865783691406e+01 9.974372863769531250e+00 0.000000000000000000e+00
-9.784723520278930664e-01 1.015588092803955078e+01 0.000000000000000000e+00
-2.875815868377685547e+00 1.003553676605224609e+01 0.000000000000000000e+00
4.966601371765136719e+00 5.444077968597412109e+00 0.000000000000000000e+00
-1.322180271148681641e+01 3.382255554199218750e+00 0.000000000000000000e+00
1.582698631286621094e+01 5.407039523124694824e-01 0.000000000000000000e+00
1.150581741333007812e+01 1.307505035400390625e+01 0.000000000000000000e+00
6.597289562225341797e+00 5.325463294982910156e+00 0.000000000000000000e+00
-6.210477828979492188e+00 -7.371292591094970703e+00 0.000000000000000000e+00
-1.086196899414062500e+01 -3.863986730575561523e+00 0.000000000000000000e+00
3.431785702705383301e-01 -1.260993003845214844e+01 0.000000000000000000e+00
2.997646331787109375e+00 4.176706314086914062e+00 0.000000000000000000e+00
1.702888870239257812e+01 2.170266151428222656e+00 0.000000000000000000e+00
-1.135459995269775391e+01 8.232080459594726562e+00 0.000000000000000000e+00
5.223223209381103516e+00 -9.904480934143066406e+00 0.000000000000000000e+00
3.150781154632568359e+00 -7.768286705017089844e+00 0.000000000000000000e+00
-1.121099740266799927e-01 -8.900800704956054688e+00 0.000000000000000000e+00
3.323486089706420898e+00 1.423792076110839844e+01 0.000000000000000000e+00
-2.475307136774063110e-01 1.012823224067687988e+00 0.000000000000000000e+00
-4.992357790470123291e-01 -8.563973307609558105e-01 0.000000000000000000e+00
-8.111937642097473145e-01 -1.371627426147460938e+01 0.000000000000000000e+00
-1.611750793457031250e+01 -2.721671581268310547e+00 0.000000000000000000e+00
-1.626658821105957031e+01 -5.610268115997314453e+00 0.000000000000000000e+00
-4.462070941925048828e+00 -1.443284988403320312e+01 0.000000000000000000e+00
1.477116107940673828e+01 8.528555870056152344e+00 0.000000000000000000e+00
-9.239517211914062500e+00 3.418255805969238281e+00 0.000000000000000000e+00
6.552271366119384766e+00 -1.324231815338134766e+01 0.000000000000000000e+00
4.391798973083496094e-01 -1.107664966583251953e+01 0.000000000000000000e+00
2.048660516738891602e+00 -9.128795623779296875e+00 0.000000000000000000e+00
8.787668228149414062e+00 -3.285108566284179688e+00 0.000000000000000000e+00
-2.110795736312866211e+00 -1.087374401092529297e+01 0.000000000000000000e+00
-5.098549365997314453e+00 -9.502544403076171875e+00 0.000000000000000000e+00
1.349943828582763672e+01 -6.116278648376464844e+00 0.000000000000000000e+00
1.594182205200195312e+01 6.774376869201660156e+00 0.000000000000000000e+00
6.925100803375244141e+00 -8.065556734800338745e-02 0.000000000000000000e+00
8.829006195068359375e+00 5.474482059478759766e+00 0.000000000000000000e+00
-3.804840326309204102e+00 3.828561305999755859e+00 0.000000000000000000e+00
9.555064201354980469e+00 -1.357201671600341797e+01 0.000000000000000000e+00
1.160268783569335938e+01 1.129591560363769531e+01 0.000000000000000000e+00
1.093514728546142578e+01 1.214428395032882690e-01 0.000000000000000000e+00
1.459019303321838379e+00 8.800361633300781250e+00 0.000000000000000000e+00
1.020545578002929688e+01 6.352417469024658203e+00 0.000000000000000000e+00
5.965134143829345703e+00 -1.172047901153564453e+01 0.000000000000000000e+00
-1.820719599723815918e+00 8.414036750793457031e+00 0.000000000000000000e+00
-6.534082412719726562e+00 -1.055474472045898438e+01 0.000000000000000000e+00
1.309442043304443359e+01 1.152141857147216797e+01 0.000000000000000000e+00
-6.741886138916015625e+00 -3.188339233398437500e+00 0.000000000000000000e+00
1.457628154754638672e+01 -9.542037010192871094e+00 0.000000000000000000e+00
-2.059805870056152344e+00 6.605977535247802734e+00 0.000000000000000000e+00
1.678380012512207031e+01 4.293519496917724609e+00 0.000000000000000000e+00
1.028968238830566406e+01 -4.224815845489501953e+00 0.000000000000000000e+00
1.298760533332824707e+00 1.363770389556884766e+01 0.000000000000000000e+00
-7.329111099243164062e+00 2.617378234863281250e+00 0.000000000000000000e+00
1.099679946899414062e+01 9.910308837890625000e+00 0.000000000000000000e+00
-1.588743209838867188e+01 6.054066181182861328e+00 0.000000000000000000e+00
9.916515350341796875e+00 3.070851802825927734e+00 0.000000000000000000e+00
-1.100976085662841797e+01 1.145779228210449219e+01 0.000000000000000000e+00
-1.190847635269165039e+00 -4.100131034851074219e+00 0.000000000000000000e+00
1.346559762954711914e+00 -5.879394531250000000e+00 0.000000000000000000e+00
-1.450523567199707031e+01 -9.316213607788085938e+00 0.000000000000000000e+00
-3.812214374542236328e+00 7.761409759521484375e+00 0.000000000000000000e+00
-1.347089672088623047e+01 -1.079574394226074219e+01 0.000000000000000000e+00
-4.419702529907226562e+00 -1.346567392349243164e+00 0.000000000000000000e+00
8.117588043212890625e+00 -5.473391056060791016e+00 0.000000000000000000e+00
4.718030095100402832e-01 -3.340251445770263672e+00 0.000000000000000000e+00
4.885417461395263672e+00 -1.388001918792724609e+01 0.000000000000000000e+00
-3.071702003479003906e+00 -1.718859863281250000e+01 0.000000000000000000e+00
-1.419685649871826172e+01 -6.229586601257324219e+00 0.000000000000000000e+00
3.433912038803100586e+00 -5.322964191436767578e+00 0.000000000000000000e+00
-1.511933422088623047e+01 4.353141307830810547e+00 0.000000000000000000e+00
1.548691940307617188e+01 -8.132934570312500000e+00 0.000000000000000000e+00
1.286073970794677734e+01 8.542922019958496094e+00 0.000000000000000000e+00
6.806980133056640625e+00 1.008353233337402344e+01 0.000000000000000000e+00
6.341659069061279297e+00 2.385625839233398438e+00 0.000000000000000000e+00
8.945982933044433594e+00 8.678383827209472656e+00 0.000000000000000000e+00
-1.269598579406738281e+01 1.015528440475463867e+00 0.000000000000000000e+00
-8.973968505859375000e+00 1.473254489898681641e+01 0.000000000000000000e+00
-7.999150753021240234e+00 -1.319593334197998047e+01 0.000000000000000000e+00
1.632048606872558594e+01 -1.586270093917846680e+00 0.000000000000000000e+00
-4.304579257965087891e+00 -1.267356491088867188e+01 0.000000000000000000e+00
-4.376584529876708984e+00 8.945573568344116211e-01 0.000000000000000000e+00
8.105903625488281250e+00 1.547836875915527344e+01 0.000000000000000000e+00
3.407952547073364258e+00 -1.427230739593505859e+01 0.000000000000000000e+00
2.934390068054199219e+00 9.479572296142578125e+00 0.000000000000000000e+00
-1.506456661224365234e+01 -4.582837581634521484e+00 0.000000000000000000e+00
-3.052161693572998047e+00 1.506159687042236328e+01 0.000000000000000000e+00
-9.424301147460937500e+00 6.021321773529052734e+00 0.000000000000000000e+00
-8.542242050170898438e+00 -5.527524471282958984e+00 0.000000000000000000e+00
2.981170177459716797e+00 6.129085063934326172e+00 0.000000000000000000e+00
1.365979194641113281e+01 5.614491939544677734e+00 0.000000000000000000e+00
-3.422104835510253906e+00 5.715762615203857422e+00 0.000000000000000000e+00
-1.247636604309082031e+01 7.057866573333740234e+00 0.000000000000000000e+00
-1.331095314025878906e+01 1.128807353973388672e+01 0.000000000000000000e+00
-6.211443901062011719e+00 9.080471038818359375e+00 0.000000000000000000e+00
-3.076194524765014648e+00 1.164336967468261719e+01 0.000000000000000000e+00
-1.691626167297363281e+01 4.279053211212158203e+00 0.000000000000000000e+00
-1.074813127517700195e+00 -1.695850753784179688e+01 0.000000000000000000e+00
1.524346923828125000e+01 -5.108783245086669922e+00 0.000000000000000000e+00
5.987270355224609375e+00 -1.490128421783447266e+01 0.000000000000000000e+00
-1.173178768157958984e+01 -1.018858432769775391e+01 0.000000000000000000e+00
1.243715286254882812e+01 -7.222691059112548828e+00 0.000000000000000000e+00
5.055807113647460938e+00 3.575949430465698242e+00 0.000000000000000000e+00
-1.912309288978576660e+00 1.289340019226074219e+01 0.000000000000000000e+00
-9.270388603210449219e+00 -1.220115089416503906e+01 0.000000000000000000e+00
-4.590513229370117188e+00 -7.983111858367919922e+00 0.000000000000000000e+00
-2.166198015213012695e+00 -1.019919753074645996e+00 0.000000000000000000e+00
-7.777672290802001953e+00 1.102262496948242188e+01 0.000000000000000000e+00
-1.513584423065185547e+01 8.522167205810546875e+00 0.000000000000000000e+00
-5.032522201538085938e+00 -6.196756839752197266e+00 0.000000000000000000e+00
-7.951783180236816406e+00 -1.664114743471145630e-01 0.000000000000000000e+00
-1.261411762237548828e+01 -4.772536754608154297e+00 0.000000000000000000e+00
1.328351783752441406e+01 -1.091847896575927734e+01 0.000000000000000000e+00
