1.216050052642822266e+01 1.058136463165283203e+01 0.000000000000000000e+00
6.855827331542968750e+00 -1.462593555450439453e+01 0.000000000000000000e+00
1.237262248992919922e+00 1.499443817138671875e+01 0.000000000000000000e+00
-1.260129833221435547e+01 -1.811626434326171875e+00 0.000000000000000000e+00
9.491868972778320312e+00 -3.802037954330444336e+00 0.000000000000000000e+00
1.967969298362731934e+00 1.293839931488037109e+00 0.000000000000000000e+00
-1.629281044006347656e-01 3.420950770378112793e-01 0.000000000000000000e+00
1.745832920074462891e+00 -8.108184814453125000e+00 0.000000000000000000e+00
1.513596057891845703e+01 -3.676495790481567383e+00 0.000000000000000000e+00
1.325841546058654785e-01 -1.662194633483886719e+01 0.000000000000000000e+00
-1.655893087387084961e+00 1.611390304565429688e+01 0.000000000000000000e+00
1.664897537231445312e+01 -1.831568121910095215e+00 0.000000000000000000e+00
6.417717933654785156e+00 6.531545639038085938e+00 0.000000000000000000e+00
9.433871269226074219e+00 5.772102832794189453e+00 0.000000000000000000e+00
-6.820602416992187500e+00 8.191932678222656250e+00 0.000000000000000000e+00
-8.506734848022460938e+00 -2.890064954757690430e+00 0.000000000000000000e+00
-3.814886093139648438e+00 2.935328245162963867e+00 0.000000000000000000e+00
4.342173099517822266e+00 -9.224379539489746094e+00 0.000000000000000000e+00
-3.175280570983886719e+00 -4.443362236022949219e+00 0.000000000000000000e+00
2.985997676849365234e+00 6.662263393402099609e+00 0.000000000000000000e+00
-1.613363838195800781e+01 -2.856198072433471680e+00 0.000000000000000000e+00
-4.319925785064697266e+00 1.345161819458007812e+01 0.000000000000000000e+00
-8.481311798095703125e+00 2.343672990798950195e+00 0.000000000000000000e+00
-3.322067499160766602e+00 1.210802364349365234e+01 0.000000000000000000e+00
-6.368656635284423828e+00 -6.161890029907226562e+00 0.000000000000000000e+00
4.228726387023925781e+00 8.864182829856872559e-01 0.000000000000000000e+00
-1.140047430992126465e+00 -5.992732524871826172e+00 0.000000000000000000e+00
1.548122406005859375e+01 2.168307065963745117e+00 0.000000000000000000e+00
1.047169589996337891e+01 -1.127244663238525391e+01 0.000000000000000000e+00
1.102881526947021484e+01 -1.488583803176879883e+00 0.000000000000000000e+00
-6.672222137451171875e+00 -7.647286415100097656e+00 0.000000000000000000e+00
-7.474153995513916016e+00 4.006905078887939453e+00 0.000000000000000000e+00
8.807027816772460938e+00 -1.384509563446044922e+01 0.000000000000000000e+00
1.317814540863037109e+01 -4.989134311676025391e+00 0.000000000000000000e+00
-5.629337787628173828e+00 -2.956971526145935059e-01 0.000000000000000000e+00
-2.411068379878997803e-01 1.443877410888671875e+01 0.000000000000000000e+00
1.333127307891845703e+01 6.757118225097656250e+00 0.000000000000000000e+00
5.519250869750976562e+00 -7.976351380348205566e-01 0.000000000000000000e+00
1.048748302459716797e+01 1.043618798255920410e+00 0.000000000000000000e+00
-2.431160688400268555e+00 -9.909910202026367188e+00 0.000000000000000000e+00
1.975115776062011719e+00 1.366001415252685547e+01 0.000000000000000000e+00
-1.345210742950439453e+01 5.337218284606933594e+00 0.000000000000000000e+00
-6.493376255035400391e+00 -1.235241603851318359e+01 0.000000000000000000e+00
1.289450168609619141e+01 2.066735029220581055e-01 0.000000000000000000e+00
-1.228425598144531250e+01 1.029043769836425781e+01 0.000000000000000000e+00
-7.259942531585693359e+00 4.903133809566497803e-01 0.000000000000000000e+00
-1.309699726104736328e+01 -3.980997800827026367e+00 0.000000000000000000e+00
7.356845855712890625e+00 -6.155406951904296875e+00 0.000000000000000000e+00
1.037059307098388672e+01 -7.227716445922851562e+00 0.000000000000000000e+00
6.843309879302978516e+00 1.116032600402832031e+01 0.000000000000000000e+00
2.937100172042846680e+00 1.204919528961181641e+01 0.000000000000000000e+00
7.242366313934326172e+00 -1.304970645904541016e+01 0.000000000000000000e+00
3.063061237335205078e+00 3.137377262115478516e+00 0.000000000000000000e+00
6.549112796783447266e+00 2.013308286666870117e+00 0.000000000000000000e+00
-6.313939571380615234e+00 1.215589714050292969e+01 0.000000000000000000e+00
3.525196552276611328e+00 1.390666770935058594e+01 0.000000000000000000e+00
-1.724771857261657715e+00 -3.413170576095581055e+00 0.000000000000000000e+00
-3.251880645751953125e+00 -5.017013549804687500e-01 0.000000000000000000e+00
2.802947521209716797e+00 -3.672853469848632812e+00 0.000000000000000000e+00
-7.161844253540039062e+00 -1.584026718139648438e+01 0.000000000000000000e+00
-5.590347766876220703e+00 7.049276828765869141e+00 0.000000000000000000e+00
-4.469378948211669922e+00 -1.510942816734313965e+00 0.000000000000000000e+00
9.543695449829101562e+00 8.048752784729003906e+00 0.000000000000000000e+00
1.846978664398193359e+00 -1.269699954986572266e+01 0.000000000000000000e+00
-9.793968200683593750e+00 -1.323191738128662109e+01 0.000000000000000000e+00
-1.526239681243896484e+01 7.736171722412109375e+00 0.000000000000000000e+00
1.150551509857177734e+01 -8.823040962219238281e+00 0.000000000000000000e+00
-5.933290719985961914e-02 1.731024551391601562e+01 0.000000000000000000e+00
3.843903541564941406e+00 -6.406984806060791016e+00 0.000000000000000000e+00
1.561682319641113281e+01 -1.966988481581211090e-02 0.000000000000000000e+00
-6.274215221405029297e+00 -9.439338684082031250e+00 0.000000000000000000e+00
9.495620727539062500e+00 1.150221347808837891e+01 0.000000000000000000e+00
1.511966896057128906e+01 -7.602743148803710938e+00 0.000000000000000000e+00
8.712175369262695312e+00 -1.708253622055053711e+00 0.000000000000000000e+00
-1.129715156555175781e+01 -7.878331184387207031e+00 0.000000000000000000e+00
9.849119186401367188e+00 1.305866813659667969e+01 0.000000000000000000e+00
-8.004850745201110840e-01 5.086578369140625000e+00 0.000000000000000000e+00
1.704322814941406250e+01 3.756304025650024414e+00 0.000000000000000000e+00
5.860933303833007812e+00 -2.334421873092651367e+00 0.000000000000000000e+00
-9.337530136108398438e+00 9.066861152648925781e+00 0.000000000000000000e+00
1.171977710723876953e+01 5.897536277770996094e+00 0.000000000000000000e+00
-1.190932559967041016e+01 -1.080502319335937500e+01 0.000000000000000000e+00
1.590896224975585938e+01 6.287294864654541016e+00 0.000000000000000000e+00
-9.624909162521362305e-01 1.082476902008056641e+01 0.000000000000000000e+00
-1.200692653656005859e+01 3.837256908416748047e+00 0.000000000000000000e+00
-8.260781288146972656e+00 7.299783706665039062e+00 0.000000000000000000e+00
2.348254472017288208e-01 -2.916055679321289062e+00 0.000000000000000000e+00
-3.944602012634277344e+00 -1.130842590332031250e+01 0.000000000000000000e+00
-1.341246509552001953e+01 -5.916236400604248047e+00 0.000000000000000000e+00
1.171760749816894531e+01 -5.796852111816406250e+00 0.000000000000000000e+00
1.291052913665771484e+01 3.901550769805908203e+00 0.000000000000000000e+00
2.617058277130126953e+00 9.509024620056152344e+00 0.000000000000000000e+00
-7.428545475006103516e+00 1.421634960174560547e+01 0.000000000000000000e+00
6.453842163085937500e+00 1.379011917114257812e+01 0.000000000000000000e+00
8.915315628051757812e+00 -6.526675224304199219e+00 0.000000000000000000e+00
-2.666994333267211914e+00 -1.571597480773925781e+01 0.000000000000000000e+00
4.501882553100585938e+00 1.533238697052001953e+01 0.000000000000000000e+00
6.021364212036132812e+00 -9.688376426696777344e+00 0.000000000000000000e+00
-1.036360645294189453e+01 6.330481767654418945e-01 0.000000000000000000e+00
-9.318653106689453125e+00 1.276353740692138672e+01 0.000000000000000000e+00
-1.192199802398681641e+01 -2.542399764060974121e-01 0.000000000000000000e+00
9.614226818084716797e-01 -1.400781440734863281e+01 0.000000000000000000e+00
-1.889727115631103516e+00 8.540593147277832031e+00 0.000000000000000000e+00
2.607117176055908203e+00 -1.060839462280273438e+01 0.000000000000000000e+00
-1.136488437652587891e+01 8.607826232910156250e+00 0.000000000000000000e+00
-4.336507797241210938e+00 1.099188232421875000e+01 0.000000000000000000e+00
1.549603748321533203e+01 -5.839600563049316406e+00 0.000000000000000000e+00
-2.686117410659790039e+00 1.328385353088378906e+00 0.000000000000000000e+00
-8.745782852172851562e+00 -6.286379337310791016e+00 0.000000000000000000e+00
-1.227335262298583984e+01 1.721189260482788086e+00 0.000000000000000000e+00
8.385256767272949219e+00 2.456281423568725586e+00 0.000000000000000000e+00
1.140671062469482422e+01 8.468042373657226562e+00 0.000000000000000000e+00
-9.738749504089355469e+00 5.925213813781738281e+00 0.000000000000000000e+00
5.248201370239257812e+00 1.031802940368652344e+01 0.000000000000000000e+00
-1.556724071502685547e+01 -7.000227451324462891e+00 0.000000000000000000e+00
2.996684312820434570e-01 2.919069528579711914e+00 0.000000000000000000e+00
-1.019105529785156250e+01 -5.074123859405517578e+00 0.000000000000000000e+00
1.296306610107421875e+01 8.871378898620605469e+00 0.000000000000000000e+00
-7.559175491333007812e+00 -4.356643199920654297e+00 0.000000000000000000e+00
1.652996897697448730e+00 1.739841270446777344e+01 0.000000000000000000e+00
-2.780563831329345703e+00 9.801753044128417969e+00 0.000000000000000000e+00
-2.307111740112304688e+00 5.513848304748535156e+00 0.000000000000000000e+00
-8.671520233154296875e+00 -1.503629875183105469e+01 0.000000000000000000e+00
-1.021135425567626953e+01 1.134891414642333984e+01 0.000000000000000000e+00
-1.075120353698730469e+01 -3.186237335205078125e+00 0.000000000000000000e+00
7.335714101791381836e-01 5.286852836608886719e+00 0.000000000000000000e+00
-1.397415924072265625e+01 -9.007286071777343750e+00 0.000000000000000000e+00
-1.415282487869262695e+00 1.262330532073974609e+01 0.000000000000000000e+00
5.105566024780273438e+00 4.771735668182373047e+00 0.000000000000000000e+00
-2.353401422500610352e+00 1.407766914367675781e+01 0.000000000000000000e+00
2.475205898284912109e+00 -1.707761001586914062e+01 0.000000000000000000e+00
4.659571647644042969e-01 -1.052913093566894531e+01 0.000000000000000000e+00
1.125935649871826172e+01 2.564440488815307617e+00 0.000000000000000000e+00
-2.880328893661499023e+00 -1.321981716156005859e+01 0.000000000000000000e+00
-3.894680738449096680e+00 -6.188913345336914062e+00 0.000000000000000000e+00
8.615262806415557861e-02 7.815447807312011719e+00 0.000000000000000000e+00
9.243579864501953125e+00 -1.005179977416992188e+01 0.000000000000000000e+00
-9.142440795898437500e+00 -7.993635177612304688e+00 0.000000000000000000e+00
-6.719514369964599609e+00 1.897675156593322754e+00 0.000000000000000000e+00
7.935449123382568359e+00 8.548853874206542969e+00 0.000000000000000000e+00
-1.022370719909667969e+01 4.181832790374755859e+00 0.000000000000000000e+00
7.255626320838928223e-01 -1.135348200798034668e+00 0.000000000000000000e+00
1.373246383666992188e+01 -9.772898674011230469e+00 0.000000000000000000e+00
-1.475055694580078125e+01 -4.640070915222167969e+00 0.000000000000000000e+00
-3.178081989288330078e+00 7.549996852874755859e+00 0.000000000000000000e+00
-2.173326015472412109e+00 -1.713542366027832031e+01 0.000000000000000000e+00
4.998023509979248047e+00 -1.101131629943847656e+01 0.000000000000000000e+00
-1.390075206756591797e+01 2.681285142898559570e+00 0.000000000000000000e+00
4.121678352355957031e+00 -1.533382415771484375e+01 0.000000000000000000e+00
-5.514846801757812500e+00 -4.361726760864257812e+00 0.000000000000000000e+00
-4.432812213897705078e+00 -1.539858913421630859e+01 0.000000000000000000e+00
-1.670127868652343750e+00 -8.004810333251953125e+00 0.000000000000000000e+00
-1.588982105255126953e+01 1.592888951301574707e+00 0.000000000000000000e+00
-1.529974460601806641e+01 4.258042812347412109e+00 0.000000000000000000e+00
5.679551124572753906e+00 -5.907885074615478516e+00 0.000000000000000000e+00
1.438181591033935547e+01 -1.466030120849609375e+00 0.000000000000000000e+00
5.189436435699462891e+00 2.866415977478027344e+00 0.000000000000000000e+00
-1.637761306762695312e+01 6.164300814270973206e-02 0.000000000000000000e+00
-7.271490693092346191e-01 -1.479416942596435547e+01 0.000000000000000000e+00
6.745366096496582031e+00 -4.102382659912109375e+00 0.000000000000000000e+00
3.249730587005615234e+00 -1.362240314483642578e+01 0.000000000000000000e+00
1.238551139831542969e+01 -1.134659385681152344e+01 0.000000000000000000e+00
1.541876316070556641e+00 -6.396060943603515625e+00 0.000000000000000000e+00
7.881277084350585938e+00 1.332816314697265625e+01 0.000000000000000000e+00
1.384492015838623047e+01 -6.470892906188964844e+00 0.000000000000000000e+00
7.685451030731201172e+00 1.504334926605224609e+01 0.000000000000000000e+00
-1.417375564575195312e+01 -4.309619367122650146e-01 0.000000000000000000e+00
-3.206451654434204102e+00 1.577169990539550781e+01 0.000000000000000000e+00
5.074715614318847656e+00 -4.387675762176513672e+00 0.000000000000000000e+00
-4.519465446472167969e+00 -9.113953590393066406e+00 0.000000000000000000e+00
-1.138139820098876953e+01 -1.222196960449218750e+01 0.000000000000000000e+00
-5.565860271453857422e+00 1.593210029602050781e+01 0.000000000000000000e+00
4.390490531921386719e+00 8.595870018005371094e+00 0.000000000000000000e+00
-1.348968887329101562e+01 6.975997924804687500e+00 0.000000000000000000e+00
7.426191329956054688e+00 5.191256046295166016e+00 0.000000000000000000e+00
5.287589550018310547e+00 1.197092247009277344e+01 0.000000000000000000e+00
6.672162055969238281e+00 9.414647102355957031e+00 0.000000000000000000e+00
6.020163536071777344e+00 -7.547106266021728516e+00 0.000000000000000000e+00
-6.266335964202880859e+00 9.664171218872070312e+00 0.000000000000000000e+00
-4.805241584777832031e+00 8.631189346313476562e+00 0.000000000000000000e+00
9.153347969055175781e+00 1.472863960266113281e+01 0.000000000000000000e+00
1.460357379913330078e+01 9.318628311157226562e+00 0.000000000000000000e+00
-1.569308280944824219e+01 5.821892261505126953e+00 0.000000000000000000e+00
-9.203661918640136719e+00 -1.077688884735107422e+01 0.000000000000000000e+00
-1.355500102043151855e+00 -7.999370694160461426e-01 0.000000000000000000e+00
-1.175173187255859375e+01 -5.488516807556152344e+00 0.000000000000000000e+00
3.543522119522094727e+00 1.682187843322753906e+01 0.000000000000000000e+00
-1.074309110641479492e+00 -1.118606472015380859e+01 0.000000000000000000e+00
1.112563800811767578e+01 -1.318738269805908203e+01 0.000000000000000000e+00
5.241014957427978516e+00 -1.637832450866699219e+01 0.000000000000000000e+00
9.204459190368652344e+00 9.994309425354003906e+00 0.000000000000000000e+00
-7.198164939880371094e+00 -1.080832672119140625e+01 0.000000000000000000e+00
-1.411304283142089844e+01 1.148910522460937500e+00 0.000000000000000000e+00
-1.036798286437988281e+01 -1.267172336578369141e+00 0.000000000000000000e+00
2.959253072738647461e+00 -8.397900462150573730e-01 0.000000000000000000e+00
-5.990409374237060547e+00 -1.859729290008544922e+00 0.000000000000000000e+00
-5.710675239562988281e+00 -1.454882907867431641e+01 0.000000000000000000e+00
-1.035310459136962891e+01 7.362766265869140625e+00 0.000000000000000000e+00
6.851572990417480469e+00 3.660280942916870117e+00 0.000000000000000000e+00
-8.312753677368164062e+00 1.128773212432861328e+01 0.000000000000000000e+00
-2.836774662137031555e-02 -4.464478015899658203e+00 0.000000000000000000e+00
-5.885404109954833984e+00 4.210681915283203125e+00 0.000000000000000000e+00
9.031558036804199219e+00 -1.175455760955810547e+01 0.000000000000000000e+00
1.483315086364746094e+01 3.977027416229248047e+00 0.000000000000000000e+00
1.305600166320800781e+01 -2.303782463073730469e+00 0.000000000000000000e+00
-1.338510704040527344e+01 -7.476058483123779297e+00 0.000000000000000000e+00
8.262263298034667969e+00 1.301986128091812134e-01 0.000000000000000000e+00
-9.003645181655883789e-01 -1.308843517303466797e+01 0.000000000000000000e+00
-2.327387809753417969e+00 -2.017091274261474609e+00 0.000000000000000000e+00
-7.204095840454101562e+00 -1.417876815795898438e+01 0.000000000000000000e+00
-1.395024776458740234e+01 1.044651889801025391e+01 0.000000000000000000e+00
5.505179405212402344e+00 -1.321727275848388672e+01 0.000000000000000000e+00
2.296401262283325195e+00 -1.497778892517089844e+01 0.000000000000000000e+00
-4.254870891571044922e+00 4.922224998474121094e+00 0.000000000000000000e+00
7.547998428344726562e+00 -8.718264579772949219e+00 0.000000000000000000e+00
-1.459274673461914062e+01 -3.120502233505249023e+00 0.000000000000000000e+00
1.473674392700195312e+01 7.488199710845947266e+00 0.000000000000000000e+00
8.136888742446899414e-01 1.045626735687255859e+01 0.000000000000000000e+00
8.164969444274902344e+00 6.741650104522705078e+00 0.000000000000000000e+00
2.282377243041992188e+00 5.255449771881103516e+00 0.000000000000000000e+00
7.352753162384033203e+00 -1.127412700653076172e+01 0.000000000000000000e+00
9.700119018554687500e+00 3.237867593765258789e+00 0.000000000000000000e+00
3.406530916690826416e-01 1.258267974853515625e+01 0.000000000000000000e+00
-1.039049339294433594e+01 1.397128486633300781e+01 0.000000000000000000e+00
-8.386505395174026489e-02 -8.502606391906738281e+00 0.000000000000000000e+00
1.269410037994384766e+01 -7.735414981842041016e+00 0.000000000000000000e+00
-1.684646797180175781e+01 -4.602408409118652344e+00 0.000000000000000000e+00
-7.911521434783935547e+00 -1.456920385360717773e+00 0.000000000000000000e+00
5.789663314819335938e+00 1.642487335205078125e+01 0.000000000000000000e+00
-1.962004423141479492e+00 3.731249094009399414e+00 0.000000000000000000e+00
-5.425029754638671875e+00 2.746642351150512695e+00 0.000000000000000000e+00
-1.219702529907226562e+01 -9.328953742980957031e+00 0.000000000000000000e+00
-8.140794754028320312e+00 -1.245328807830810547e+01 0.000000000000000000e+00
1.703562355041503906e+01 2.162890195846557617e+00 0.000000000000000000e+00
-1.683431434631347656e+01 3.665227890014648438e+00 0.000000000000000000e+00
-5.203201293945312500e+00 -7.120538711547851562e+00 0.000000000000000000e+00
1.739556312561035156e+01 -4.221689701080322266e-01 0.000000000000000000e+00
-8.229412078857421875e+00 5.500869274139404297e+00 0.000000000000000000e+00
2.039148092269897461e+00 8.045797348022460938e+00 0.000000000000000000e+00
1.208325290679931641e+01 1.254547309875488281e+01 0.000000000000000000e+00
-1.152281761169433594e+01 5.735448360443115234e+00 0.000000000000000000e+00
-1.141329765319824219e+01 1.245953559875488281e+01 0.000000000000000000e+00
-4.072561264038085938e+00 -3.030968904495239258e+00 0.000000000000000000e+00
-5.461418151855468750e+00 -1.104730129241943359e+01 0.000000000000000000e+00
3.921652555465698242e+00 -2.093791723251342773e+00 0.000000000000000000e+00
-1.039209556579589844e+01 -9.443755149841308594e+00 0.000000000000000000e+00
1.134299182891845703e+01 -3.377789974212646484e+00 0.000000000000000000e+00
-8.797510147094726562e+00 3.943531960248947144e-02 0.000000000000000000e+00
-5.263022422790527344e+00 1.180039048194885254e+00 0.000000000000000000e+00
-5.887693881988525391e+00 1.407184028625488281e+01 0.000000000000000000e+00
-1.723950958251953125e+01 -1.352785587310791016e+00 0.000000000000000000e+00
-1.303329086303710938e+01 8.976413726806640625e+00 0.000000000000000000e+00
1.321786689758300781e+01 2.130558967590332031e+00 0.000000000000000000e+00
3.522667884826660156e+00 -1.208271980285644531e+01 0.000000000000000000e+00
-1.438326597213745117e+00 7.007719993591308594e+00 0.000000000000000000e+00
4.463449478149414062e+00 6.986347198486328125e+00 0.000000000000000000e+00
