2.884028025529413508e+00 1.280979855747851914e+01 -5.031562781159237829e-04
7.588951092525737074e+00 1.071594658849378590e+01 2.496765795774180674e-04
-3.914919434523981057e+00 1.019925323042826726e+01 2.371697318572785207e-04
7.900035995301271097e-01 8.104798183339127604e+00 1.923204629972197210e-04
5.493933810481418156e+00 6.010438555447398912e+00 7.537321242789829512e-05
1.019885783730829765e+01 3.915983412944087583e+00 3.059603892063833541e-05
-1.071473912965878839e+01 7.589595181081524977e+00 3.067157482048443740e-04
-6.009816128718136419e+00 5.494537056091965077e+00 -5.358146338863001290e-04
-1.304893061721813297e+00 3.400685087107231830e+00 2.170182238070417213e-04
3.400029939332290141e+00 1.305626961919240880e+00 -6.255131758032828060e-04
8.103840555319639094e+00 -7.895246202951777814e-01 -1.437083499444824497e-04
1.280876358931598702e+01 -2.883979666817102494e+00 -1.885568801018866480e-04
-1.280864399369413853e+01 2.884783683165971446e+00 -3.942417178597334981e-04
-8.103720959697820803e+00 7.903286360823860157e-01 -4.390909909165463532e-04
-3.399910343710471405e+00 -1.304822946132032646e+00 4.271383494214298082e-05
1.305012690343636539e+00 -3.399277993221171634e+00 -2.135433917915818824e-06
6.009935724339985796e+00 -5.493733039743096569e+00 -4.698396407487592796e-05
1.071485875828061474e+01 -7.588188087195463893e+00 -9.183295831594051606e-05
-1.019873820868647485e+01 -3.914576319058026499e+00 1.842867509689316563e-04
-5.493815174690155345e+00 -6.009031366141611485e+00 1.394374779120077790e-04
-7.898849636810734154e-01 -8.103390994038894846e+00 2.249023153977347533e-05
3.915039063145805187e+00 -1.019784613654220706e+01 -2.228694196748648437e-05
-7.588831463848222825e+00 -1.071453949423894336e+01 -3.479406850370736493e-05
-2.883908429907595217e+00 -1.280899454169131069e+01 -7.964306274477195302e-05
