6.740490436553955078e+00 -6.699863910675048828e+00 0.000000000000000000e+00
-8.266324400901794434e-01 1.416027832031250000e+01 0.000000000000000000e+00
-5.311577320098876953e+00 6.450703620910644531e+00 0.000000000000000000e+00
1.485976314544677734e+01 8.793101310729980469e+00 0.000000000000000000e+00
9.997903823852539062e+00 -1.422210979461669922e+01 0.000000000000000000e+00
1.223180580139160156e+01 2.010735034942626953e+00 0.000000000000000000e+00
-5.282806873321533203e+00 -1.660557365417480469e+01 0.000000000000000000e+00
1.603758096694946289e+00 -1.500277996063232422e+01 0.000000000000000000e+00
-1.485481071472167969e+01 -7.721188068389892578e-01 0.000000000000000000e+00
-1.027458763122558594e+01 -2.344464063644409180e+00 0.000000000000000000e+00
-1.340685558319091797e+01 -3.830000638961791992e+00 0.000000000000000000e+00
-9.752889633178710938e+00 8.856793045997619629e-01 0.000000000000000000e+00
2.289622306823730469e+00 -1.245880126953125000e+01 0.000000000000000000e+00
1.466406536102294922e+01 1.108344674110412598e+00 0.000000000000000000e+00
2.896245718002319336e+00 1.553547000885009766e+01 0.000000000000000000e+00
1.488970041275024414e+00 -9.149016380310058594e+00 0.000000000000000000e+00
1.787746906280517578e+00 1.705228042602539062e+01 0.000000000000000000e+00
-8.436688780784606934e-02 1.733306694030761719e+01 0.000000000000000000e+00
-8.615350127220153809e-01 4.120838165283203125e+00 0.000000000000000000e+00
-1.486750984191894531e+01 8.409897804260253906e+00 0.000000000000000000e+00
6.548432260751724243e-02 -9.652169227600097656e+00 0.000000000000000000e+00
-1.220350265502929688e+01 -1.144880867004394531e+01 0.000000000000000000e+00
1.188130229711532593e-01 1.095908832550048828e+01 0.000000000000000000e+00
-9.422995567321777344e+00 4.701666355133056641e+00 0.000000000000000000e+00
1.292405509948730469e+01 -1.100909805297851562e+01 0.000000000000000000e+00
9.806237220764160156e+00 5.940205097198486328e+00 0.000000000000000000e+00
-1.516996383666992188e+01 5.201517105102539062e+00 0.000000000000000000e+00
-4.773104667663574219e+00 9.039564132690429688e+00 0.000000000000000000e+00
8.020789027214050293e-01 -1.145748376846313477e+00 0.000000000000000000e+00
6.349635124206542969e+00 -1.067576482892036438e-01 0.000000000000000000e+00
-7.197918891906738281e+00 -1.978460192680358887e+00 0.000000000000000000e+00
-7.846630096435546875e+00 -1.038611412048339844e+01 0.000000000000000000e+00
9.062596321105957031e+00 -1.268751811981201172e+01 0.000000000000000000e+00
-7.684894084930419922e+00 1.210488414764404297e+01 0.000000000000000000e+00
-1.286629295349121094e+01 -1.008104705810546875e+01 0.000000000000000000e+00
4.052677631378173828e+00 -4.873836040496826172e+00 0.000000000000000000e+00
1.482459306716918945e+00 -5.008022785186767578e+00 0.000000000000000000e+00
-3.913832306861877441e-01 2.177525043487548828e+00 0.000000000000000000e+00
1.119406032562255859e+01 -1.295477986335754395e+00 0.000000000000000000e+00
3.184066295623779297e+00 3.538045883178710938e+00 0.000000000000000000e+00
7.242856979370117188e+00 1.099668312072753906e+01 0.000000000000000000e+00
-7.753387451171875000e+00 7.141827583312988281e+00 0.000000000000000000e+00
-1.380628490447998047e+01 1.036611843109130859e+01 0.000000000000000000e+00
-1.182435035705566406e+01 6.286514759063720703e+00 0.000000000000000000e+00
1.355287837982177734e+01 6.103852272033691406e+00 0.000000000000000000e+00
-8.552743911743164062e+00 -4.391806125640869141e+00 0.000000000000000000e+00
-3.326279640197753906e+00 -1.674499392509460449e+00 0.000000000000000000e+00
1.369619178771972656e+01 1.002855205535888672e+01 0.000000000000000000e+00
3.170770883560180664e+00 9.918603897094726562e+00 0.000000000000000000e+00
9.708726882934570312e+00 1.998482227325439453e+00 0.000000000000000000e+00
-6.687066555023193359e+00 -1.358130836486816406e+01 0.000000000000000000e+00
-2.879402637481689453e+00 1.136377811431884766e+01 0.000000000000000000e+00
-3.567443609237670898e+00 2.926714181900024414e+00 0.000000000000000000e+00
5.494925975799560547e+00 -1.192945194244384766e+01 0.000000000000000000e+00
3.971614360809326172e+00 7.419469356536865234e+00 0.000000000000000000e+00
4.579422950744628906e+00 -1.053168201446533203e+01 0.000000000000000000e+00
9.679744720458984375e+00 1.358317661285400391e+01 0.000000000000000000e+00
-3.366363763809204102e+00 -1.436474895477294922e+01 0.000000000000000000e+00
-9.217167854309082031e+00 -9.482859611511230469e+00 0.000000000000000000e+00
-3.303596973419189453e+00 -6.546830654144287109e+00 0.000000000000000000e+00
9.415472030639648438e+00 -5.992792606353759766e+00 0.000000000000000000e+00
1.161270713806152344e+01 6.651143550872802734e+00 0.000000000000000000e+00
-1.381596183776855469e+01 6.922398567199707031e+00 0.000000000000000000e+00
-2.150320529937744141e+00 -1.578051376342773438e+01 0.000000000000000000e+00
1.211461353302001953e+01 -9.117496490478515625e+00 0.000000000000000000e+00
-5.571050167083740234e+00 3.715870976448059082e-01 0.000000000000000000e+00
-4.529553890228271484e+00 1.626348114013671875e+01 0.000000000000000000e+00
6.231251239776611328e+00 -1.619247817993164062e+01 0.000000000000000000e+00
7.370631694793701172e+00 -1.429395961761474609e+01 0.000000000000000000e+00
7.000799655914306641e+00 -8.754487037658691406e+00 0.000000000000000000e+00
-1.080498981475830078e+01 2.546234130859375000e+00 0.000000000000000000e+00
5.969150543212890625e+00 1.283777904510498047e+01 0.000000000000000000e+00
-1.934139728546142578e+00 -7.281723976135253906e+00 0.000000000000000000e+00
4.950068950653076172e+00 -1.083021879196166992e+00 0.000000000000000000e+00
1.420399188995361328e+01 -1.816813945770263672e+00 0.000000000000000000e+00
-1.716708946228027344e+01 1.726997494697570801e+00 0.000000000000000000e+00
-8.785111427307128906e+00 1.405723857879638672e+01 0.000000000000000000e+00
6.656013488769531250e+00 1.791929125785827637e+00 0.000000000000000000e+00
3.695984780788421631e-01 -1.742046546936035156e+01 0.000000000000000000e+00
7.100900173187255859e+00 -1.087075424194335938e+01 0.000000000000000000e+00
1.610641860961914062e+01 4.465036869049072266e+00 0.000000000000000000e+00
-8.041735649108886719e+00 3.372932672500610352e+00 0.000000000000000000e+00
8.451670646667480469e+00 8.669469833374023438e+00 0.000000000000000000e+00
3.198932409286499023e+00 -1.668094992637634277e+00 0.000000000000000000e+00
9.966005325317382812e+00 8.624341011047363281e+00 0.000000000000000000e+00
1.306767463684082031e+01 -6.390193462371826172e+00 0.000000000000000000e+00
-7.660501956939697266e+00 1.535775279998779297e+01 0.000000000000000000e+00
-3.197715282440185547e+00 8.137726783752441406e+00 0.000000000000000000e+00
1.546357631683349609e+01 2.694759845733642578e+00 0.000000000000000000e+00
7.961268901824951172e+00 1.272593879699707031e+01 0.000000000000000000e+00
1.414148998260498047e+01 -4.627804756164550781e+00 0.000000000000000000e+00
5.665112972259521484e+00 5.796903610229492188e+00 0.000000000000000000e+00
1.611328887939453125e+01 -6.257302284240722656e+00 0.000000000000000000e+00
1.318025779724121094e+01 4.434122562408447266e+00 0.000000000000000000e+00
-4.598649442195892334e-01 -5.923185825347900391e+00 0.000000000000000000e+00
-5.439451217651367188e+00 -7.041334152221679688e+00 0.000000000000000000e+00
2.016015291213989258e+00 4.927572250366210938e+00 0.000000000000000000e+00
-4.197451591491699219e+00 -2.972793579101562500e+00 0.000000000000000000e+00
4.825549125671386719e+00 -1.564666843414306641e+01 0.000000000000000000e+00
-1.676914596557617188e+01 -1.533980846405029297e+00 0.000000000000000000e+00
1.143944835662841797e+01 -1.259267520904541016e+01 0.000000000000000000e+00
-5.330361366271972656e+00 1.195808601379394531e+01 0.000000000000000000e+00
3.623252391815185547e+00 -1.469408702850341797e+01 0.000000000000000000e+00
-3.421941757202148438e+00 -9.855158805847167969e+00 0.000000000000000000e+00
-1.177776241302490234e+01 -2.818608522415161133e+00 0.000000000000000000e+00
-9.622948646545410156e+00 8.301770210266113281e+00 0.000000000000000000e+00
-1.131800746917724609e+01 1.358864307403564453e-01 0.000000000000000000e+00
-3.769339561462402344e+00 -1.659954833984375000e+01 0.000000000000000000e+00
-1.055686855316162109e+01 1.177776336669921875e+01 0.000000000000000000e+00
1.587508964538574219e+01 -2.010265588760375977e+00 0.000000000000000000e+00
-1.720190405845642090e+00 -3.133391141891479492e+00 0.000000000000000000e+00
1.115549755096435547e+01 9.956854820251464844e+00 0.000000000000000000e+00
-5.202106475830078125e+00 -9.608367919921875000e+00 0.000000000000000000e+00
-1.618343162536621094e+01 -3.724098205566406250e+00 0.000000000000000000e+00
4.654290676116943359e+00 3.181047677993774414e+00 0.000000000000000000e+00
-1.126919627189636230e+00 6.591437816619873047e+00 0.000000000000000000e+00
-1.411714553833007812e+00 1.200600528717041016e+01 0.000000000000000000e+00
1.967032313346862793e+00 1.374164390563964844e+01 0.000000000000000000e+00
5.263076305389404297e+00 -3.847953319549560547e+00 0.000000000000000000e+00
7.100850582122802734e+00 1.558126544952392578e+01 0.000000000000000000e+00
2.346678733825683594e+00 6.908762931823730469e+00 0.000000000000000000e+00
1.009404277801513672e+01 1.201546859741210938e+01 0.000000000000000000e+00
8.529818534851074219e+00 -8.833346366882324219e+00 0.000000000000000000e+00
-6.234004497528076172e+00 5.261101722717285156e+00 0.000000000000000000e+00
4.579022884368896484e+00 1.057754707336425781e+01 0.000000000000000000e+00
8.612922668457031250e+00 3.975037813186645508e+00 0.000000000000000000e+00
-3.740958452224731445e+00 -1.269410610198974609e+01 0.000000000000000000e+00
4.287139415740966797e+00 -7.918828964233398438e+00 0.000000000000000000e+00
9.060434341430664062e+00 -1.192479848861694336e+00 0.000000000000000000e+00
-1.709525680541992188e+01 3.467856645584106445e+00 0.000000000000000000e+00
1.148444747924804688e+01 -3.752507448196411133e+00 0.000000000000000000e+00
7.308355331420898438e+00 5.004003047943115234e+00 0.000000000000000000e+00
7.754273891448974609e+00 -2.355099439620971680e+00 0.000000000000000000e+00
-4.592534542083740234e+00 1.055605792999267578e+01 0.000000000000000000e+00
-1.030654239654541016e+01 -1.244897270202636719e+01 0.000000000000000000e+00
1.631336450576782227e+00 4.867700040340423584e-01 0.000000000000000000e+00
-1.414260482788085938e+01 7.410836219787597656e-01 0.000000000000000000e+00
1.158455181121826172e+01 1.149119472503662109e+01 0.000000000000000000e+00
2.820025682449340820e+00 -1.036754226684570312e+01 0.000000000000000000e+00
-1.208232116699218750e+01 -6.848067760467529297e+00 0.000000000000000000e+00
-6.565900802612304688e+00 -4.985986232757568359e+00 0.000000000000000000e+00
4.299674987792968750e+00 1.225134086608886719e+01 0.000000000000000000e+00
-1.289548683166503906e+01 -5.429684162139892578e+00 0.000000000000000000e+00
-7.847733497619628906e+00 -5.983448028564453125e+00 0.000000000000000000e+00
-6.584859490394592285e-01 -1.115024375915527344e+01 0.000000000000000000e+00
-1.023646831512451172e+01 -8.060946464538574219e+00 0.000000000000000000e+00
-1.059552764892578125e+01 9.776730537414550781e+00 0.000000000000000000e+00
7.060919284820556641e+00 -1.266315937042236328e+01 0.000000000000000000e+00
-2.740189790725708008e+00 -1.123064613342285156e+01 0.000000000000000000e+00
-7.266524791717529297e+00 9.406920433044433594e+00 0.000000000000000000e+00
3.457602977752685547e+00 1.146950721740722656e+00 0.000000000000000000e+00
4.829738616943359375e+00 1.665012931823730469e+01 0.000000000000000000e+00
-2.101399421691894531e+00 5.323531627655029297e+00 0.000000000000000000e+00
-7.878140449523925781e+00 4.869140625000000000e+00 0.000000000000000000e+00
-1.276232242584228516e+01 1.943309545516967773e+00 0.000000000000000000e+00
-1.134508609771728516e+00 3.094528615474700928e-01 0.000000000000000000e+00
1.202299404144287109e+01 2.143407911062240601e-01 0.000000000000000000e+00
1.207115268707275391e+01 8.459208488464355469e+00 0.000000000000000000e+00
-2.427305459976196289e+00 1.422208213806152344e+01 0.000000000000000000e+00
1.210417032241821289e+00 -6.587738037109375000e+00 0.000000000000000000e+00
8.747464179992675781e+00 1.019264221191406250e+01 0.000000000000000000e+00
1.401322484016418457e-01 -7.708284854888916016e+00 0.000000000000000000e+00
-6.693746089935302734e+00 -1.190951442718505859e+01 0.000000000000000000e+00
5.851092815399169922e+00 -1.380163574218750000e+01 0.000000000000000000e+00
3.533801794052124023e+00 -6.384502887725830078e+00 0.000000000000000000e+00
6.015864610671997070e-01 1.584334468841552734e+01 0.000000000000000000e+00
5.524268627166748047e+00 7.459898471832275391e+00 0.000000000000000000e+00
5.693362951278686523e-01 1.296632003784179688e+01 0.000000000000000000e+00
-1.132795619964599609e+01 -4.976838111877441406e+00 0.000000000000000000e+00
1.098762989044189453e+01 -1.016433143615722656e+01 0.000000000000000000e+00
-1.083134174346923828e+01 -1.066155624389648438e+01 0.000000000000000000e+00
4.785915851593017578e+00 1.497913932800292969e+01 0.000000000000000000e+00
1.673524284362792969e+01 2.015206217765808105e-01 0.000000000000000000e+00
1.393141174316406250e+01 -7.751815795898437500e+00 0.000000000000000000e+00
-1.023167896270751953e+01 -1.411478137969970703e+01 0.000000000000000000e+00
-2.369616508483886719e+00 1.287520766258239746e+00 0.000000000000000000e+00
8.160890579223632812e+00 1.677747845649719238e+00 0.000000000000000000e+00
1.165022373199462891e+01 4.274166107177734375e+00 0.000000000000000000e+00
-8.188978195190429688e+00 -7.931809902191162109e+00 0.000000000000000000e+00
6.108753204345703125e+00 3.841085672378540039e+00 0.000000000000000000e+00
1.094853305816650391e+01 -6.712097167968750000e+00 0.000000000000000000e+00
9.792262077331542969e+00 -2.592385768890380859e+00 0.000000000000000000e+00
-2.600005865097045898e+00 -4.879554748535156250e+00 0.000000000000000000e+00
-7.026146411895751953e+00 1.385158443450927734e+01 0.000000000000000000e+00
-1.466791439056396484e+01 -2.692945241928100586e+00 0.000000000000000000e+00
-3.662042617797851562e+00 4.531147181987762451e-01 0.000000000000000000e+00
1.993023157119750977e+00 1.144131469726562500e+01 0.000000000000000000e+00
-5.300008058547973633e-01 9.571431159973144531e+00 0.000000000000000000e+00
7.228192090988159180e-01 6.026781558990478516e+00 0.000000000000000000e+00
-2.116885334253311157e-01 -1.264211177825927734e+01 0.000000000000000000e+00
6.883396148681640625e+00 1.405673503875732422e+01 0.000000000000000000e+00
1.362329959869384766e+01 2.757067203521728516e+00 0.000000000000000000e+00
-9.158548355102539062e+00 1.115564441680908203e+01 0.000000000000000000e+00
-1.259714126586914062e+00 -1.380397081375122070e+00 0.000000000000000000e+00
-1.365434169769287109e+01 -7.597464561462402344e+00 0.000000000000000000e+00
-1.339978790283203125e+01 4.443008422851562500e+00 0.000000000000000000e+00
9.723204374313354492e-01 3.676144599914550781e+00 0.000000000000000000e+00
-4.925472736358642578e+00 -1.415721416473388672e+01 0.000000000000000000e+00
-1.844802021980285645e+00 -9.179594993591308594e+00 0.000000000000000000e+00
1.813011407852172852e+00 2.404377698898315430e+00 0.000000000000000000e+00
-1.496712684631347656e+01 -5.365016460418701172e+00 0.000000000000000000e+00
-6.617230892181396484e+00 2.871429681777954102e+00 0.000000000000000000e+00
2.637800872325897217e-01 -3.292203664779663086e+00 0.000000000000000000e+00
3.899423599243164062e+00 5.705561637878417969e+00 0.000000000000000000e+00
3.633912324905395508e+00 -1.656166076660156250e+01 0.000000000000000000e+00
6.971654415130615234e+00 -4.011528491973876953e+00 0.000000000000000000e+00
-1.266896629333496094e+01 1.197085475921630859e+01 0.000000000000000000e+00
-2.869645595550537109e+00 1.576232337951660156e+01 0.000000000000000000e+00
-7.901620388031005859e+00 -1.530370807647705078e+01 0.000000000000000000e+00
1.322192573547363281e+01 -3.096618413925170898e+00 0.000000000000000000e+00
-7.024045944213867188e+00 -3.476905822753906250e+00 0.000000000000000000e+00
-1.033405208587646484e+01 1.353716087341308594e+01 0.000000000000000000e+00
-1.587654471397399902e+00 8.458153724670410156e+00 0.000000000000000000e+00
1.341743946075439453e+00 8.495223045349121094e+00 0.000000000000000000e+00
1.722158813476562500e+01 2.062182664871215820e+00 0.000000000000000000e+00
1.006233596801757812e+01 -8.475039482116699219e+00 0.000000000000000000e+00
-9.978963851928710938e+00 6.768351078033447266e+00 0.000000000000000000e+00
-9.416710853576660156e+00 -5.886241436004638672e+00 0.000000000000000000e+00
-2.514473199844360352e+00 9.797342300415039062e+00 0.000000000000000000e+00
-8.312284469604492188e+00 -1.262703800201416016e+01 0.000000000000000000e+00
-3.990514755249023438e+00 4.372643470764160156e+00 0.000000000000000000e+00
1.610106468200683594e+01 6.224445819854736328e+00 0.000000000000000000e+00
6.347957611083984375e+00 -1.777649760246276855e+00 0.000000000000000000e+00
9.402282714843750000e+00 -1.113048362731933594e+01 0.000000000000000000e+00
-8.136302947998046875e+00 1.370370835065841675e-01 0.000000000000000000e+00
-1.813961982727050781e+00 1.691178703308105469e+01 0.000000000000000000e+00
-6.301832199096679688e+00 1.610154533386230469e+01 0.000000000000000000e+00
-1.326020812988281250e+01 8.892681121826171875e+00 0.000000000000000000e+00
-2.027658224105834961e+00 -1.285539436340332031e+01 0.000000000000000000e+00
-3.289830207824707031e+00 -8.257084846496582031e+00 0.000000000000000000e+00
-5.698958396911621094e+00 -2.510958194732666016e+00 0.000000000000000000e+00
-1.542007541656494141e+01 3.418511152267456055e+00 0.000000000000000000e+00
-1.312072992324829102e+00 -1.424545383453369141e+01 0.000000000000000000e+00
1.621773719787597656e+01 -4.531931400299072266e+00 0.000000000000000000e+00
-4.044034004211425781e+00 1.472155284881591797e+01 0.000000000000000000e+00
-5.596801280975341797e+00 1.452591800689697266e+01 0.000000000000000000e+00
-1.005026054382324219e+01 -3.881925821304321289e+00 0.000000000000000000e+00
7.878244400024414062e+00 -5.266779899597167969e+00 0.000000000000000000e+00
-6.670656204223632812e+00 -8.523750305175781250e+00 0.000000000000000000e+00
9.626564979553222656e+00 -4.127667427062988281e+00 0.000000000000000000e+00
-1.449120807647705078e+01 -9.737020492553710938e+00 0.000000000000000000e+00
3.601442813873291016e+00 1.372888851165771484e+01 0.000000000000000000e+00
-1.625195121765136719e+01 2.633902616798877716e-02 0.000000000000000000e+00
-1.591325759887695312e+01 -6.612033843994140625e+00 0.000000000000000000e+00
-1.005615997314453125e+01 -6.993839740753173828e-01 0.000000000000000000e+00
7.346441268920898438e+00 7.417126655578613281e+00 0.000000000000000000e+00
2.178096771240234375e+00 -2.816052436828613281e+00 0.000000000000000000e+00
1.896409541368484497e-01 -1.578167057037353516e+01 0.000000000000000000e+00
-5.063606739044189453e+00 -4.401029109954833984e+00 0.000000000000000000e+00
-3.962306499481201172e+00 1.306978225708007812e+01 0.000000000000000000e+00
1.428694057464599609e+01 -9.859983444213867188e+00 0.000000000000000000e+00
-1.339630794525146484e+01 -1.170607089996337891e+00 0.000000000000000000e+00
-4.906211853027343750e+00 -1.172431826591491699e+00 0.000000000000000000e+00
6.709877967834472656e+00 8.991552352905273438e+00 0.000000000000000000e+00
9.658307075500488281e+00 1.917294263839721680e-01 0.000000000000000000e+00
1.726724433898925781e+01 -1.359799027442932129e+00 0.000000000000000000e+00
