1.707795262336730957e-02 1.394275951385498047e+01 0.000000000000000000e+00
-2.013296842575073242e+00 -7.906508445739746094e+00 0.000000000000000000e+00
-9.369692802429199219e+00 -1.226890325546264648e+00 0.000000000000000000e+00
1.959905862808227539e+00 7.145466804504394531e+00 0.000000000000000000e+00
9.449206352233886719e+00 -6.961895942687988281e+00 0.000000000000000000e+00
4.727051258087158203e+00 1.149940204620361328e+01 0.000000000000000000e+00
6.343848705291748047e+00 -7.084090232849121094e+00 0.000000000000000000e+00
8.415166854858398438e+00 1.484059238433837891e+01 0.000000000000000000e+00
-1.324106216430664062e+01 1.085283184051513672e+01 0.000000000000000000e+00
1.767627954483032227e+00 5.313866615295410156e+00 0.000000000000000000e+00
1.309317779541015625e+01 5.039808750152587891e-01 0.000000000000000000e+00
-9.126698493957519531e+00 2.664102911949157715e-01 0.000000000000000000e+00
6.471680641174316406e+00 -2.856063365936279297e+00 0.000000000000000000e+00
-6.154718875885009766e+00 -2.620891094207763672e+00 0.000000000000000000e+00
3.748636484146118164e+00 9.343502044677734375e+00 0.000000000000000000e+00
-1.093648910522460938e+01 7.175719738006591797e+00 0.000000000000000000e+00
-2.938676834106445312e+00 2.089677572250366211e+00 0.000000000000000000e+00
-7.021040439605712891e+00 1.159297370910644531e+01 0.000000000000000000e+00
-1.525684070587158203e+01 3.743836641311645508e+00 0.000000000000000000e+00
7.532363891601562500e+00 1.346248149871826172e+01 0.000000000000000000e+00
-6.586849689483642578e+00 4.476078510284423828e+00 0.000000000000000000e+00
-6.054619312286376953e+00 2.142953574657440186e-01 0.000000000000000000e+00
-1.080324077606201172e+01 -8.043196678161621094e+00 0.000000000000000000e+00
-4.319972991943359375e+00 1.208691787719726562e+01 0.000000000000000000e+00
3.567155838012695312e+00 -7.338355064392089844e+00 0.000000000000000000e+00
7.395386099815368652e-01 -1.493091773986816406e+01 0.000000000000000000e+00
-3.771659135818481445e+00 8.352766990661621094e+00 0.000000000000000000e+00
-1.756748199462890625e+00 -1.379814338684082031e+01 0.000000000000000000e+00
-1.016222476959228516e+01 2.227402210235595703e+00 0.000000000000000000e+00
-6.236749887466430664e-01 -1.018062782287597656e+01 0.000000000000000000e+00
2.529225349426269531e+00 -1.220843911170959473e+00 0.000000000000000000e+00
-8.614047050476074219e+00 -8.733802795410156250e+00 0.000000000000000000e+00
-2.023273229598999023e+00 -1.639257812500000000e+01 0.000000000000000000e+00
-7.602035522460937500e+00 -4.494790554046630859e+00 0.000000000000000000e+00
6.751904487609863281e+00 2.621509075164794922e+00 0.000000000000000000e+00
8.649872779846191406e+00 -5.121553897857666016e+00 0.000000000000000000e+00
1.493446350097656250e+01 -1.203976154327392578e+00 0.000000000000000000e+00
7.626976966857910156e+00 -1.248392963409423828e+01 0.000000000000000000e+00
1.657098579406738281e+01 -3.124377012252807617e+00 0.000000000000000000e+00
6.496267795562744141e+00 -1.446004772186279297e+01 0.000000000000000000e+00
-4.263505935668945312e+00 -2.725213289260864258e+00 0.000000000000000000e+00
-1.331021308898925781e+01 4.211459159851074219e+00 0.000000000000000000e+00
-4.579170346260070801e-01 -1.465662717819213867e+00 0.000000000000000000e+00
5.848943710327148438e+00 -4.663374900817871094e+00 0.000000000000000000e+00
-1.450917816162109375e+01 -2.293822526931762695e+00 0.000000000000000000e+00
1.460473060607910156e+01 6.850145339965820312e+00 0.000000000000000000e+00
-3.840516328811645508e+00 1.488083553314208984e+01 0.000000000000000000e+00
1.591770648956298828e+00 -1.015834903717041016e+01 0.000000000000000000e+00
4.944139957427978516e+00 4.091176986694335938e+00 0.000000000000000000e+00
-1.470337200164794922e+01 -8.488034248352050781e+00 0.000000000000000000e+00
9.375650435686111450e-03 1.108602333068847656e+01 0.000000000000000000e+00
2.259466886520385742e+00 1.673163032531738281e+01 0.000000000000000000e+00
-4.385286331176757812e+00 8.913524448871612549e-02 0.000000000000000000e+00
-1.665261459350585938e+01 -3.890966176986694336e+00 0.000000000000000000e+00
-9.801856994628906250e+00 -4.149659633636474609e+00 0.000000000000000000e+00
-1.383418560028076172e+01 6.865952014923095703e+00 0.000000000000000000e+00
7.766851186752319336e-01 9.375731468200683594e+00 0.000000000000000000e+00
1.546822190284729004e+00 -1.263747692108154297e+01 0.000000000000000000e+00
-5.863418579101562500e+00 -1.191655349731445312e+01 0.000000000000000000e+00
1.030460834503173828e+01 1.171531486511230469e+01 0.000000000000000000e+00
4.647120475769042969e+00 6.166687011718750000e+00 0.000000000000000000e+00
9.345839500427246094e+00 -1.268704414367675781e+01 0.000000000000000000e+00
-7.527237415313720703e+00 -1.151906299591064453e+01 0.000000000000000000e+00
4.262519359588623047e+00 1.534853363037109375e+01 0.000000000000000000e+00
-4.656782627105712891e+00 3.579374313354492188e+00 0.000000000000000000e+00
-9.819980621337890625e+00 5.072738170623779297e+00 0.000000000000000000e+00
6.690761566162109375e+00 8.252288818359375000e+00 0.000000000000000000e+00
1.481499552726745605e+00 2.662009716033935547e+00 0.000000000000000000e+00
9.534620285034179688e+00 8.998908400535583496e-01 0.000000000000000000e+00
4.898192882537841797e+00 1.726418733596801758e+00 0.000000000000000000e+00
-4.737559318542480469e+00 -1.478473377227783203e+01 0.000000000000000000e+00
1.117677021026611328e+01 -7.911375999450683594e+00 0.000000000000000000e+00
9.482281684875488281e+00 3.184821128845214844e+00 0.000000000000000000e+00
1.314011859893798828e+01 -1.123904800415039062e+01 0.000000000000000000e+00
1.604977416992187500e+01 1.803855061531066895e+00 0.000000000000000000e+00
2.255568981170654297e+00 1.141426563262939453e+01 0.000000000000000000e+00
3.958193540573120117e+00 -1.549538230895996094e+01 0.000000000000000000e+00
-3.240838050842285156e+00 -1.314196109771728516e+01 0.000000000000000000e+00
-8.983642578125000000e+00 -1.440236663818359375e+01 0.000000000000000000e+00
4.307600498199462891e+00 -2.797998666763305664e+00 0.000000000000000000e+00
1.263537120819091797e+01 -6.661549568176269531e+00 0.000000000000000000e+00
-8.723705291748046875e+00 1.333649539947509766e+01 0.000000000000000000e+00
6.779419898986816406e+00 -9.641315460205078125e+00 0.000000000000000000e+00
1.575150203704833984e+01 5.481350421905517578e+00 0.000000000000000000e+00
-1.745857620239257812e+01 3.052572607994079590e-01 0.000000000000000000e+00
1.051605033874511719e+01 7.319292068481445312e+00 0.000000000000000000e+00
-1.389417457580566406e+01 -3.927064538002014160e-01 0.000000000000000000e+00
1.288539695739746094e+01 -5.085374832153320312e+00 0.000000000000000000e+00
-1.113593935966491699e+00 -2.905271768569946289e+00 0.000000000000000000e+00
-2.441134214401245117e+00 1.341066837310791016e+01 0.000000000000000000e+00
-1.503823471069335938e+01 -3.858143806457519531e+00 0.000000000000000000e+00
-1.594053077697753906e+01 -1.624624252319335938e+00 0.000000000000000000e+00
-1.313155651092529297e+01 9.061835289001464844e+00 0.000000000000000000e+00
5.167995452880859375e+00 1.312436676025390625e+01 0.000000000000000000e+00
-9.491006284952163696e-02 7.125049114227294922e+00 0.000000000000000000e+00
-1.173189449310302734e+01 1.085677242279052734e+01 0.000000000000000000e+00
-9.679098129272460938e+00 -9.881681442260742188e+00 0.000000000000000000e+00
3.151630163192749023e+00 -9.194528579711914062e+00 0.000000000000000000e+00
2.865786254405975342e-01 -6.133395671844482422e+00 0.000000000000000000e+00
2.964520454406738281e+00 -1.360703372955322266e+01 0.000000000000000000e+00
-9.371747970581054688e+00 7.966700553894042969e+00 0.000000000000000000e+00
-1.275426864624023438e+00 -5.014106750488281250e+00 0.000000000000000000e+00
1.434449577331542969e+01 8.933654785156250000e+00 0.000000000000000000e+00
-4.532382965087890625e+00 -9.307050704956054688e+00 0.000000000000000000e+00
3.061911463737487793e-01 1.685476541519165039e+00 0.000000000000000000e+00
-1.354145526885986328e+01 -1.070423793792724609e+01 0.000000000000000000e+00
-1.164056777954101562e+01 5.288413166999816895e-01 0.000000000000000000e+00
1.209918594360351562e+01 1.212364482879638672e+01 0.000000000000000000e+00
-4.349228382110595703e+00 -4.746463775634765625e+00 0.000000000000000000e+00
-1.234445095062255859e+01 -1.163073539733886719e+01 0.000000000000000000e+00
3.599019050598144531e+00 -1.214575195312500000e+01 0.000000000000000000e+00
-9.688315987586975098e-01 1.280865573883056641e+01 0.000000000000000000e+00
-2.330662965774536133e+00 -4.007950723171234131e-01 0.000000000000000000e+00
-2.007403612136840820e+00 8.534945487976074219e+00 0.000000000000000000e+00
-1.151034641265869141e+01 -4.110828399658203125e+00 0.000000000000000000e+00
-1.145332241058349609e+01 1.288008403778076172e+01 0.000000000000000000e+00
2.275245428085327148e+00 -1.544676113128662109e+01 0.000000000000000000e+00
1.182643032073974609e+01 9.546324729919433594e+00 0.000000000000000000e+00
-7.307331085205078125e+00 -6.006983757019042969e+00 0.000000000000000000e+00
-1.735576152801513672e+00 1.108798027038574219e+01 0.000000000000000000e+00
-1.032861900329589844e+01 -1.329657459259033203e+01 0.000000000000000000e+00
-1.192912960052490234e+01 -1.275874733924865723e+00 0.000000000000000000e+00
-5.312580108642578125e+00 1.565466761589050293e+00 0.000000000000000000e+00
9.193424224853515625e+00 -8.900008201599121094e+00 0.000000000000000000e+00
-6.175690174102783203e+00 -9.302700042724609375e+00 0.000000000000000000e+00
-4.187523841857910156e+00 -1.635300445556640625e+01 0.000000000000000000e+00
-1.126461791992187500e+01 3.302556276321411133e+00 0.000000000000000000e+00
2.025105804204940796e-01 1.672707176208496094e+01 0.000000000000000000e+00
1.208178520202636719e+01 3.681798219680786133e+00 0.000000000000000000e+00
1.136538887023925781e+01 -1.310430240631103516e+01 0.000000000000000000e+00
-4.782581329345703125e+00 -6.902207851409912109e+00 0.000000000000000000e+00
-8.008869171142578125e+00 2.821307182312011719e+00 0.000000000000000000e+00
9.599854469299316406e+00 5.463766574859619141e+00 0.000000000000000000e+00
2.063584804534912109e+00 -4.483615875244140625e+00 0.000000000000000000e+00
1.427552509307861328e+01 4.551463603973388672e+00 0.000000000000000000e+00
-6.806775093078613281e+00 -1.414049053192138672e+01 0.000000000000000000e+00
-3.045100688934326172e+00 -5.512866497039794922e+00 0.000000000000000000e+00
1.150013160705566406e+01 2.098824024200439453e+00 0.000000000000000000e+00
1.201410198211669922e+01 -2.526749134063720703e+00 0.000000000000000000e+00
1.166116905212402344e+01 5.906594753265380859e+00 0.000000000000000000e+00
8.492287635803222656e+00 -1.081333541870117188e+01 0.000000000000000000e+00
-7.718572616577148438e+00 -2.807729482650756836e+00 0.000000000000000000e+00
4.615849494934082031e+00 -1.367767238616943359e+01 0.000000000000000000e+00
6.340996742248535156e+00 6.483327865600585938e+00 0.000000000000000000e+00
8.098726272583007812e+00 -1.423137664794921875e+01 0.000000000000000000e+00
-1.333021354675292969e+01 -7.124312400817871094e+00 0.000000000000000000e+00
7.186341285705566406e+00 4.411242961883544922e+00 0.000000000000000000e+00
-2.851467847824096680e+00 -1.078837203979492188e+01 0.000000000000000000e+00
9.504635810852050781e+00 1.357136058807373047e+01 0.000000000000000000e+00
-8.011437416076660156e+00 1.523860454559326172e+01 0.000000000000000000e+00
1.116015911102294922e+01 -4.764789581298828125e+00 0.000000000000000000e+00
1.731488609313964844e+01 -1.372872591018676758e+00 0.000000000000000000e+00
-1.213079643249511719e+01 5.983330726623535156e+00 0.000000000000000000e+00
-1.166656684875488281e+01 -5.817003726959228516e+00 0.000000000000000000e+00
4.853441715240478516e+00 -6.295089721679687500e+00 0.000000000000000000e+00
1.045322036743164062e+01 -9.831113815307617188e+00 0.000000000000000000e+00
1.474527001380920410e+00 1.291074657440185547e+01 0.000000000000000000e+00
-9.607732772827148438e+00 -6.065404891967773438e+00 0.000000000000000000e+00
-7.631699562072753906e+00 -4.231670498847961426e-01 0.000000000000000000e+00
9.651096343994140625e+00 9.158182144165039062e+00 0.000000000000000000e+00
1.487015438079833984e+01 -4.853247165679931641e+00 0.000000000000000000e+00
6.140457987785339355e-01 -1.662218093872070312e+01 0.000000000000000000e+00
4.756372451782226562e+00 -9.214387893676757812e+00 0.000000000000000000e+00
-1.068329620361328125e+01 -2.600857734680175781e+00 0.000000000000000000e+00
-1.308077526092529297e+01 -3.580608844757080078e+00 0.000000000000000000e+00
8.446064949035644531e+00 1.006364345550537109e+01 0.000000000000000000e+00
4.913453102111816406e+00 -1.082188606262207031e+01 0.000000000000000000e+00
6.938463687896728516e+00 1.113809585571289062e+01 0.000000000000000000e+00
6.496106624603271484e+00 3.914743959903717041e-01 0.000000000000000000e+00
-1.495403528213500977e+00 1.647626304626464844e+01 0.000000000000000000e+00
-9.177720069885253906e+00 9.929823875427246094e+00 0.000000000000000000e+00
1.404682731628417969e+01 -9.065615653991699219e+00 0.000000000000000000e+00
1.026353168487548828e+01 -4.364659488201141357e-01 0.000000000000000000e+00
1.131246089935302734e+00 -3.117263078689575195e+00 0.000000000000000000e+00
-6.528618812561035156e+00 9.577235221862792969e+00 0.000000000000000000e+00
-4.210885047912597656e+00 1.027739906311035156e+01 0.000000000000000000e+00
-1.485986423492431641e+01 8.877805471420288086e-01 0.000000000000000000e+00
8.727439880371093750e+00 -2.557387590408325195e+00 0.000000000000000000e+00
-6.034653663635253906e+00 6.519970417022705078e+00 0.000000000000000000e+00
-1.016092014312744141e+01 1.394246959686279297e+01 0.000000000000000000e+00
1.974900126457214355e+00 1.524121093750000000e+01 0.000000000000000000e+00
3.153256893157958984e+00 3.178294420242309570e+00 0.000000000000000000e+00
-7.847101688385009766e+00 5.879834651947021484e+00 0.000000000000000000e+00
8.396378517150878906e+00 2.049241304397583008e+00 0.000000000000000000e+00
-9.835512161254882812e+00 1.134979343414306641e+01 0.000000000000000000e+00
-9.846080094575881958e-02 5.542259693145751953e+00 0.000000000000000000e+00
-3.367841839790344238e-01 3.651116847991943359e+00 0.000000000000000000e+00
-2.410801887512207031e+00 6.183660984039306641e+00 0.000000000000000000e+00
-7.663916110992431641e+00 7.398527622222900391e+00 0.000000000000000000e+00
7.971238136291503906e+00 -7.725839614868164062e+00 0.000000000000000000e+00
1.462651634216308594e+01 -3.188476562500000000e+00 0.000000000000000000e+00
-1.680509185791015625e+01 3.255720138549804688e+00 0.000000000000000000e+00
1.259931182861328125e+01 -1.075441718101501465e+00 0.000000000000000000e+00
-1.290512084960937500e+01 -9.100461959838867188e+00 0.000000000000000000e+00
-2.044627904891967773e+00 1.507441902160644531e+01 0.000000000000000000e+00
1.444073772430419922e+01 1.670816779136657715e+00 0.000000000000000000e+00
-5.748821258544921875e+00 -5.607092380523681641e+00 0.000000000000000000e+00
5.476212024688720703e+00 9.269034385681152344e+00 0.000000000000000000e+00
7.517122745513916016e+00 -1.455819129943847656e+00 0.000000000000000000e+00
1.045490455627441406e+01 -2.895401477813720703e+00 0.000000000000000000e+00
-3.798148393630981445e+00 5.526669025421142578e+00 0.000000000000000000e+00
8.418512344360351562e+00 1.224223709106445312e+01 0.000000000000000000e+00
-1.537029647827148438e+01 5.890063285827636719e+00 0.000000000000000000e+00
2.496038198471069336e+00 1.422717571258544922e+00 0.000000000000000000e+00
6.339672088623046875e+00 1.528048992156982422e+01 0.000000000000000000e+00
-1.590581703186035156e+01 -6.837317466735839844e+00 0.000000000000000000e+00
1.640202331542968750e+01 3.690218925476074219e+00 0.000000000000000000e+00
4.624423980712890625e+00 -1.085215806961059570e+00 0.000000000000000000e+00
5.696328639984130859e+00 -1.647890090942382812e+01 0.000000000000000000e+00
-3.946135342121124268e-01 -1.226531505584716797e+01 0.000000000000000000e+00
3.998973220586776733e-02 -8.246852874755859375e+00 0.000000000000000000e+00
1.619405746459960938e+01 -6.165296077728271484e+00 0.000000000000000000e+00
-3.213312387466430664e+00 4.091126441955566406e+00 0.000000000000000000e+00
-5.728602409362792969e+00 1.563149070739746094e+01 0.000000000000000000e+00
1.455767631530761719e+01 -7.132669925689697266e+00 0.000000000000000000e+00
1.239538288116455078e+01 -9.490961074829101562e+00 0.000000000000000000e+00
-3.212962150573730469e+00 1.696232604980468750e+01 0.000000000000000000e+00
2.012781381607055664e+00 -6.328590869903564453e+00 0.000000000000000000e+00
-1.460156536102294922e+01 -5.687083721160888672e+00 0.000000000000000000e+00
-6.709207057952880859e+00 1.407094955444335938e+01 0.000000000000000000e+00
-5.365781307220458984e+00 8.051303863525390625e+00 0.000000000000000000e+00
-1.410819649696350098e+00 1.861514210700988770e+00 0.000000000000000000e+00
3.252619981765747070e+00 5.559048652648925781e+00 0.000000000000000000e+00
8.335777282714843750e+00 6.497062683105468750e+00 0.000000000000000000e+00
-1.295533275604248047e+01 2.268182277679443359e+00 0.000000000000000000e+00
4.643799304962158203e+00 7.998737812042236328e+00 0.000000000000000000e+00
1.213326168060302734e+01 7.835535526275634766e+00 0.000000000000000000e+00
7.467772483825683594e+00 -1.566257953643798828e+01 0.000000000000000000e+00
-2.681214332580566406e+00 -3.720302820205688477e+00 0.000000000000000000e+00
-1.556524944305419922e+01 7.644067764282226562e+00 0.000000000000000000e+00
1.614384651184082031e+01 -1.558574140071868896e-01 0.000000000000000000e+00
-6.466156005859375000e+00 -7.701378345489501953e+00 0.000000000000000000e+00
-3.156418800354003906e+00 -1.489477539062500000e+01 0.000000000000000000e+00
-8.889056205749511719e+00 -1.225195217132568359e+01 0.000000000000000000e+00
1.112847709655761719e+01 1.330664539337158203e+01 0.000000000000000000e+00
6.080481529235839844e+00 -1.223611736297607422e+01 0.000000000000000000e+00
-6.870110988616943359e+00 -1.594016647338867188e+01 0.000000000000000000e+00
3.726261377334594727e+00 1.897958815097808838e-01 0.000000000000000000e+00
-1.079419031739234924e-01 -4.025828838348388672e+00 0.000000000000000000e+00
-4.802072525024414062e+00 1.358012962341308594e+01 0.000000000000000000e+00
3.468806028366088867e+00 -5.206412315368652344e+00 0.000000000000000000e+00
-1.150854778289794922e+01 8.932480812072753906e+00 0.000000000000000000e+00
1.052466154098510742e+00 -9.281017184257507324e-01 0.000000000000000000e+00
1.897866368293762207e+00 -7.894783496856689453e+00 0.000000000000000000e+00
-1.310186290740966797e+01 -5.377114295959472656e+00 0.000000000000000000e+00
3.296387434005737305e+00 1.310154247283935547e+01 0.000000000000000000e+00
-1.145521926879882812e+01 -1.029186534881591797e+01 0.000000000000000000e+00
-7.794021606445312500e+00 1.333817243576049805e+00 0.000000000000000000e+00
2.853056669235229492e+00 -1.703884506225585938e+01 0.000000000000000000e+00
-7.899044156074523926e-01 2.112180292606353760e-01 0.000000000000000000e+00
-1.485157489776611328e+01 9.251503944396972656e+00 0.000000000000000000e+00
1.060772991180419922e+01 -1.155100917816162109e+01 0.000000000000000000e+00
-1.070044040679931641e+01 -1.164890098571777344e+01 0.000000000000000000e+00
2.269771099090576172e+00 9.879578590393066406e+00 0.000000000000000000e+00
-1.532383680343627930e+00 4.658825874328613281e+00 0.000000000000000000e+00
-1.672275543212890625e+01 5.104950428009033203e+00 0.000000000000000000e+00
