1.294674491882324219e+01 8.359992027282714844e+00 0.000000000000000000e+00
-1.279271006584167480e+00 -4.305020570755004883e-01 0.000000000000000000e+00
-1.072694587707519531e+01 9.060953140258789062e+00 0.000000000000000000e+00
6.962493419647216797e+00 1.173151588439941406e+01 0.000000000000000000e+00
-1.136507391929626465e+00 -1.358679485321044922e+01 0.000000000000000000e+00
-4.326293468475341797e+00 1.183259963989257812e+01 0.000000000000000000e+00
1.278106975555419922e+01 -4.935263156890869141e+00 0.000000000000000000e+00
1.117424130439758301e+00 -9.264737129211425781e+00 0.000000000000000000e+00
1.401026916503906250e+01 2.230616211891174316e-01 0.000000000000000000e+00
-1.305059719085693359e+01 9.318773269653320312e+00 0.000000000000000000e+00
4.810652256011962891e+00 3.006886005401611328e+00 0.000000000000000000e+00
-1.641389465332031250e+01 5.787289142608642578e+00 0.000000000000000000e+00
7.081460952758789062e+00 -5.130806922912597656e+00 0.000000000000000000e+00
-1.281619644165039062e+01 5.846474170684814453e+00 0.000000000000000000e+00
-1.260693740844726562e+01 -1.060377693176269531e+01 0.000000000000000000e+00
3.288216590881347656e+00 -1.207015609741210938e+01 0.000000000000000000e+00
5.956294536590576172e+00 5.263835906982421875e+00 0.000000000000000000e+00
-3.173144578933715820e+00 -1.575170993804931641e+01 0.000000000000000000e+00
-8.157781600952148438e+00 1.340550422668457031e+01 0.000000000000000000e+00
1.627872109413146973e+00 5.068291664123535156e+00 0.000000000000000000e+00
-6.349023818969726562e+00 -1.389056396484375000e+01 0.000000000000000000e+00
-4.529143810272216797e+00 -1.091762065887451172e+00 0.000000000000000000e+00
2.327969551086425781e+00 1.614747047424316406e+01 0.000000000000000000e+00
1.513740062713623047e+01 2.435235023498535156e+00 0.000000000000000000e+00
-1.026399040222167969e+01 7.318796157836914062e+00 0.000000000000000000e+00
-2.256434679031372070e+00 -1.870220661163330078e+00 0.000000000000000000e+00
-1.166005516052246094e+01 -3.047031402587890625e+00 0.000000000000000000e+00
-2.774583101272583008e+00 1.681002616882324219e+01 0.000000000000000000e+00
-8.855751991271972656e+00 -1.036951732635498047e+01 0.000000000000000000e+00
-6.187391281127929688e-01 1.384091663360595703e+01 0.000000000000000000e+00
7.164732456207275391e+00 9.680783271789550781e+00 0.000000000000000000e+00
9.616481661796569824e-01 1.191364955902099609e+01 0.000000000000000000e+00
1.123289346694946289e+00 -1.277590560913085938e+01 0.000000000000000000e+00
-8.219154357910156250e+00 -6.063015460968017578e-01 0.000000000000000000e+00
-9.772633552551269531e+00 3.537787199020385742e+00 0.000000000000000000e+00
1.190901756286621094e+01 -3.622588872909545898e+00 0.000000000000000000e+00
4.146955490112304688e+00 -1.613803863525390625e+01 0.000000000000000000e+00
1.196499919891357422e+01 2.233597993850708008e+00 0.000000000000000000e+00
1.546456336975097656e+01 -6.208787441253662109e+00 0.000000000000000000e+00
8.999331474304199219e+00 1.167711448669433594e+01 0.000000000000000000e+00
9.241724014282226562e+00 4.381653308868408203e+00 0.000000000000000000e+00
-6.294203758239746094e+00 1.246076393127441406e+01 0.000000000000000000e+00
1.112487125396728516e+01 -1.676925182342529297e+00 0.000000000000000000e+00
1.616087532043457031e+01 -1.230816960334777832e+00 0.000000000000000000e+00
6.761821746826171875e+00 -1.022140598297119141e+01 0.000000000000000000e+00
3.174190998077392578e+00 -6.313708782196044922e+00 0.000000000000000000e+00
1.369961357116699219e+01 3.968909263610839844e+00 0.000000000000000000e+00
-1.670277595520019531e+01 -4.207511901855468750e+00 0.000000000000000000e+00
-6.293776512145996094e+00 1.501055622100830078e+01 0.000000000000000000e+00
-9.477218627929687500e+00 1.621466875076293945e+00 0.000000000000000000e+00
-6.054157018661499023e-02 -4.453803539276123047e+00 0.000000000000000000e+00
-6.621201038360595703e+00 -3.591312408447265625e+00 0.000000000000000000e+00
9.568366050720214844e+00 1.445868396759033203e+01 0.000000000000000000e+00
1.004500389099121094e+01 -4.831445217132568359e+00 0.000000000000000000e+00
1.223790073394775391e+01 1.077224063873291016e+01 0.000000000000000000e+00
-3.069087982177734375e+00 8.796494483947753906e+00 0.000000000000000000e+00
-1.575769042968750000e+01 -1.423659086227416992e+00 0.000000000000000000e+00
-1.378472137451171875e+01 2.480466604232788086e+00 0.000000000000000000e+00
-1.087715435028076172e+01 5.809848785400390625e+00 0.000000000000000000e+00
-8.845285415649414062e+00 1.015776062011718750e+01 0.000000000000000000e+00
-1.971699357032775879e+00 1.186009979248046875e+01 0.000000000000000000e+00
-1.523937702178955078e+01 3.140808820724487305e+00 0.000000000000000000e+00
7.320240020751953125e+00 -1.481311416625976562e+01 0.000000000000000000e+00
5.888830184936523438e+00 -1.556546592712402344e+01 0.000000000000000000e+00
-1.199495983123779297e+01 1.213905811309814453e+01 0.000000000000000000e+00
-3.525699615478515625e+00 -1.352028083801269531e+01 0.000000000000000000e+00
-7.877106189727783203e+00 -7.241868972778320312e+00 0.000000000000000000e+00
1.300183391571044922e+01 -1.035741209983825684e+00 0.000000000000000000e+00
-1.304892063140869141e+00 -1.206603050231933594e+01 0.000000000000000000e+00
1.443137454986572266e+01 -4.325164318084716797e+00 0.000000000000000000e+00
-9.802611351013183594e+00 -1.346441459655761719e+01 0.000000000000000000e+00
5.958462238311767578e+00 -1.191617012023925781e+01 0.000000000000000000e+00
-1.208873987197875977e+00 -1.733783721923828125e+01 0.000000000000000000e+00
-9.816696494817733765e-02 8.226441383361816406e+00 0.000000000000000000e+00
8.074385643005371094e+00 -3.748448610305786133e+00 0.000000000000000000e+00
-1.180821228027343750e+01 -7.834953784942626953e+00 0.000000000000000000e+00
-5.257410526275634766e+00 6.316551685333251953e+00 0.000000000000000000e+00
1.117590713500976562e+01 7.753273487091064453e+00 0.000000000000000000e+00
-1.423874855041503906e+00 -6.009949207305908203e+00 0.000000000000000000e+00
-1.282211494445800781e+01 -8.388761878013610840e-01 0.000000000000000000e+00
1.356213855743408203e+01 -6.781293392181396484e+00 0.000000000000000000e+00
6.108549118041992188e+00 7.987526893615722656e+00 0.000000000000000000e+00
-6.423457622528076172e+00 2.466660499572753906e+00 0.000000000000000000e+00
1.067505264282226562e+01 -8.779222488403320312e+00 0.000000000000000000e+00
2.575087785720825195e+00 -5.165697336196899414e-01 0.000000000000000000e+00
-3.316327333450317383e+00 4.138865947723388672e+00 0.000000000000000000e+00
2.485090732574462891e+00 1.269149112701416016e+01 0.000000000000000000e+00
-7.276793003082275391e+00 -1.131587028503417969e+01 0.000000000000000000e+00
1.162221336364746094e+01 -1.151781368255615234e+01 0.000000000000000000e+00
-6.968155860900878906e+00 1.022803783416748047e+01 0.000000000000000000e+00
-9.806126594543457031e+00 1.394915771484375000e+01 0.000000000000000000e+00
1.601339876651763916e-01 4.673361778259277344e+00 0.000000000000000000e+00
-1.680022358894348145e+00 -4.415294170379638672e+00 0.000000000000000000e+00
2.949189245700836182e-01 6.462100982666015625e+00 0.000000000000000000e+00
-1.445794582366943359e+01 -8.815484046936035156e+00 0.000000000000000000e+00
-1.557586002349853516e+01 -6.523244380950927734e+00 0.000000000000000000e+00
-2.667492151260375977e+00 -8.381373405456542969e+00 0.000000000000000000e+00
4.420457363128662109e+00 6.527934551239013672e+00 0.000000000000000000e+00
9.682471275329589844e+00 7.974741935729980469e+00 0.000000000000000000e+00
2.991739034652709961e+00 1.985270738601684570e+00 0.000000000000000000e+00
3.101835548877716064e-01 -2.499048709869384766e+00 0.000000000000000000e+00
-4.209255695343017578e+00 7.619355201721191406e+00 0.000000000000000000e+00
2.750899076461791992e+00 8.483007431030273438e+00 0.000000000000000000e+00
1.385149574279785156e+01 5.679221153259277344e+00 0.000000000000000000e+00
5.784665107727050781e+00 -1.381638717651367188e+01 0.000000000000000000e+00
7.320644855499267578e-01 1.727586555480957031e+01 0.000000000000000000e+00
6.953764438629150391e+00 1.503809070587158203e+01 0.000000000000000000e+00
-6.428071498870849609e+00 8.507554054260253906e+00 0.000000000000000000e+00
-8.688677787780761719e+00 -1.195322799682617188e+01 0.000000000000000000e+00
-4.887239456176757812e+00 -9.313120841979980469e+00 0.000000000000000000e+00
-1.319269180297851562e+01 -4.517101287841796875e+00 0.000000000000000000e+00
7.664492130279541016e+00 2.450696706771850586e+00 0.000000000000000000e+00
8.701608777046203613e-01 -1.683488273620605469e+01 0.000000000000000000e+00
4.624292373657226562e+00 1.194929695129394531e+01 0.000000000000000000e+00
-5.462936878204345703e+00 4.191051959991455078e+00 0.000000000000000000e+00
1.450149655342102051e+00 -1.527757453918457031e+01 0.000000000000000000e+00
5.689971923828125000e+00 -4.307724952697753906e+00 0.000000000000000000e+00
-4.554535865783691406e+00 -3.652032136917114258e+00 0.000000000000000000e+00
-8.522233009338378906e+00 -1.500726604461669922e+01 0.000000000000000000e+00
2.077250719070434570e+00 6.628792285919189453e+00 0.000000000000000000e+00
1.554983043670654297e+01 5.131215095520019531e+00 0.000000000000000000e+00
-2.992744207382202148e+00 1.471461200714111328e+01 0.000000000000000000e+00
2.377815961837768555e+00 -1.376416683197021484e+01 0.000000000000000000e+00
-9.238932728767395020e-01 9.935867309570312500e+00 0.000000000000000000e+00
9.618727684020996094e+00 9.665642738342285156e+00 0.000000000000000000e+00
-9.074695110321044922e-01 1.803599476814270020e+00 0.000000000000000000e+00
-4.494518280029296875e+00 2.986281394958496094e+00 0.000000000000000000e+00
8.103896141052246094e+00 6.208927631378173828e+00 0.000000000000000000e+00
1.182956695556640625e+00 1.491088771820068359e+01 0.000000000000000000e+00
1.372919559478759766e+01 -8.498537063598632812e+00 0.000000000000000000e+00
8.261681556701660156e+00 -9.768383026123046875e+00 0.000000000000000000e+00
-1.075595855712890625e+01 -1.190816497802734375e+01 0.000000000000000000e+00
-5.069269180297851562e+00 9.918129920959472656e+00 0.000000000000000000e+00
1.080550575256347656e+01 1.144384288787841797e+01 0.000000000000000000e+00
1.199121761322021484e+01 -6.848803043365478516e+00 0.000000000000000000e+00
1.036105632781982422e+01 1.516840100288391113e+00 0.000000000000000000e+00
-1.525206685066223145e+00 3.350599527359008789e+00 0.000000000000000000e+00
-8.499959945678710938e+00 7.781682968139648438e+00 0.000000000000000000e+00
-1.646760106086730957e+00 7.497795581817626953e+00 0.000000000000000000e+00
2.568025827407836914e+00 1.101175498962402344e+01 0.000000000000000000e+00
-1.497065162658691406e+01 8.031068801879882812e+00 0.000000000000000000e+00
-4.910536766052246094e+00 -5.884695529937744141e+00 0.000000000000000000e+00
1.460041236877441406e+01 7.968516826629638672e+00 0.000000000000000000e+00
9.726616859436035156e+00 -7.521738052368164062e+00 0.000000000000000000e+00
7.374073028564453125e+00 -7.237756252288818359e-01 0.000000000000000000e+00
-1.266693401336669922e+01 1.379306554794311523e+00 0.000000000000000000e+00
-9.650266647338867188e+00 -8.842129707336425781e+00 0.000000000000000000e+00
5.437378406524658203e+00 -5.806235313415527344e+00 0.000000000000000000e+00
-4.793159961700439453e+00 -1.227471065521240234e+01 0.000000000000000000e+00
4.338173866271972656e+00 -7.520507335662841797e+00 0.000000000000000000e+00
5.580395698547363281e+00 1.380639171600341797e+01 0.000000000000000000e+00
-7.996963024139404297e+00 -4.715885639190673828e+00 0.000000000000000000e+00
5.171258926391601562e+00 -1.022189998626708984e+01 0.000000000000000000e+00
-8.493234634399414062e+00 4.588191509246826172e+00 0.000000000000000000e+00
1.628676795959472656e+01 -3.308165311813354492e+00 0.000000000000000000e+00
8.245834350585937500e+00 -7.222651004791259766e+00 0.000000000000000000e+00
-2.351389884948730469e+00 -1.068071937561035156e+01 0.000000000000000000e+00
-8.756721496582031250e+00 -3.100566148757934570e+00 0.000000000000000000e+00
1.134638118743896484e+01 4.902264595031738281e+00 0.000000000000000000e+00
-2.996465682983398438e+00 -6.742867946624755859e+00 0.000000000000000000e+00
4.535646438598632812e+00 1.503189468383789062e+01 0.000000000000000000e+00
-1.348357677459716797e+01 -2.448682069778442383e+00 0.000000000000000000e+00
1.486318707466125488e-01 3.263717293739318848e-01 0.000000000000000000e+00
7.346104145050048828e+00 4.611529350280761719e+00 0.000000000000000000e+00
8.559483528137207031e+00 -1.161837577819824219e+01 0.000000000000000000e+00
1.100072097778320312e+01 -1.313613986968994141e+01 0.000000000000000000e+00
6.119043827056884766e+00 -7.631961822509765625e+00 0.000000000000000000e+00
2.032690048217773438e+00 -2.987670898437500000e+00 0.000000000000000000e+00
1.364945220947265625e+01 9.829787254333496094e+00 0.000000000000000000e+00
4.907134056091308594e+00 1.013062191009521484e+01 0.000000000000000000e+00
-6.656463623046875000e+00 -9.350041389465332031e+00 0.000000000000000000e+00
-9.880701065063476562e+00 1.136760711669921875e+01 0.000000000000000000e+00
-9.553466796875000000e+00 -1.721767783164978027e+00 0.000000000000000000e+00
1.569402694702148438e+01 6.935750484466552734e+00 0.000000000000000000e+00
3.714171886444091797e+00 1.356819915771484375e+01 0.000000000000000000e+00
1.426118373870849609e+00 9.327209472656250000e+00 0.000000000000000000e+00
-4.759900093078613281e+00 -7.788812160491943359e+00 0.000000000000000000e+00
-1.527677154541015625e+01 -4.892349720001220703e+00 0.000000000000000000e+00
1.242680072784423828e+01 -9.258325576782226562e+00 0.000000000000000000e+00
-7.091540813446044922e+00 -1.658914327621459961e+00 0.000000000000000000e+00
4.058147430419921875e+00 -3.793977022171020508e+00 0.000000000000000000e+00
1.002760124206542969e+01 -2.687761187553405762e-01 0.000000000000000000e+00
-5.140396356582641602e-01 -8.958480834960937500e+00 0.000000000000000000e+00
-1.651639366149902344e+01 2.171552658081054688e+00 0.000000000000000000e+00
-1.693612480163574219e+01 4.179663658142089844e+00 0.000000000000000000e+00
4.963636875152587891e+00 -2.365693807601928711e+00 0.000000000000000000e+00
-1.011389064788818359e+01 -5.843635082244873047e+00 0.000000000000000000e+00
5.677332401275634766e+00 8.224892616271972656e-01 0.000000000000000000e+00
-1.240188598632812500e+01 -5.934557914733886719e+00 0.000000000000000000e+00
-5.005587577819824219e+00 1.593959712982177734e+01 0.000000000000000000e+00
-1.015187025070190430e+00 -1.511407756805419922e+01 0.000000000000000000e+00
-1.714435768127441406e+01 5.084014032036066055e-03 0.000000000000000000e+00
-9.013629555702209473e-01 1.689781379699707031e+01 0.000000000000000000e+00
1.585572433471679688e+01 2.619414031505584717e-01 0.000000000000000000e+00
-1.246033382415771484e+01 7.722046852111816406e+00 0.000000000000000000e+00
-4.588104724884033203e+00 8.905414938926696777e-01 0.000000000000000000e+00
-1.345725727081298828e+01 -7.611834526062011719e+00 0.000000000000000000e+00
1.361422061920166016e+01 2.249508619308471680e+00 0.000000000000000000e+00
-1.491099834442138672e+01 4.749552249908447266e+00 0.000000000000000000e+00
-1.142792797088623047e+01 1.985327005386352539e-01 0.000000000000000000e+00
-1.230998802185058594e+01 -1.233828544616699219e+01 0.000000000000000000e+00
2.438598424196243286e-01 -1.145559120178222656e+01 0.000000000000000000e+00
-2.918251037597656250e+00 1.205045342445373535e+00 0.000000000000000000e+00
-1.189198875427246094e+01 4.519794940948486328e+00 0.000000000000000000e+00
7.639526844024658203e+00 -1.291202354431152344e+01 0.000000000000000000e+00
4.227063655853271484e+00 -1.460284137725830078e+01 0.000000000000000000e+00
9.580098152160644531e+00 -1.447602558135986328e+01 0.000000000000000000e+00
-6.833860397338867188e+00 5.122298240661621094e+00 0.000000000000000000e+00
7.708609104156494141e+00 1.338034057617187500e+01 0.000000000000000000e+00
-5.138018608093261719e+00 -1.535198116302490234e+01 0.000000000000000000e+00
-1.103008460998535156e+01 -1.041172313690185547e+01 0.000000000000000000e+00
-8.242986679077148438e+00 2.870623111724853516e+00 0.000000000000000000e+00
7.813999056816101074e-01 -7.665564537048339844e+00 0.000000000000000000e+00
1.442089366912841797e+01 -2.718243122100830078e+00 0.000000000000000000e+00
8.540650367736816406e+00 -5.563054561614990234e+00 0.000000000000000000e+00
-1.522356605529785156e+01 8.619377017021179199e-01 0.000000000000000000e+00
4.267131328582763672e+00 8.363223075866699219e+00 0.000000000000000000e+00
4.881785869598388672e+00 -6.755122542381286621e-01 0.000000000000000000e+00
-1.305405998229980469e+01 1.091839027404785156e+01 0.000000000000000000e+00
4.162434577941894531e+00 4.442106723785400391e+00 0.000000000000000000e+00
-3.556557655334472656e+00 1.023447418212890625e+01 0.000000000000000000e+00
1.680423164367675781e+01 1.703936815261840820e+00 0.000000000000000000e+00
-7.175251483917236328e+00 4.882014393806457520e-01 0.000000000000000000e+00
-1.685550689697265625e+00 4.985893249511718750e+00 0.000000000000000000e+00
-1.427858066558837891e+01 6.361559391021728516e+00 0.000000000000000000e+00
1.320955514907836914e+00 2.398097276687622070e+00 0.000000000000000000e+00
1.236413574218750000e+01 6.478513240814208984e+00 0.000000000000000000e+00
9.868737220764160156e+00 -3.341756343841552734e+00 0.000000000000000000e+00
-4.904270172119140625e+00 1.378153896331787109e+01 0.000000000000000000e+00
8.229589462280273438e+00 7.981201410293579102e-01 0.000000000000000000e+00
-6.443984031677246094e+00 -5.285397052764892578e+00 0.000000000000000000e+00
3.817465066909790039e+00 1.697369575500488281e+01 0.000000000000000000e+00
-9.832979202270507812e+00 -2.162675745785236359e-02 0.000000000000000000e+00
1.244461154937744141e+01 1.228890228271484375e+01 0.000000000000000000e+00
9.913908958435058594e+00 -1.052382087707519531e+01 0.000000000000000000e+00
-1.045919322967529297e+01 -4.206324100494384766e+00 0.000000000000000000e+00
3.204378604888916016e+00 -1.946320891380310059e+00 0.000000000000000000e+00
-3.199703454971313477e+00 5.869140148162841797e+00 0.000000000000000000e+00
2.676894664764404297e+00 -9.529750823974609375e+00 0.000000000000000000e+00
8.763949394226074219e+00 -1.707603812217712402e+00 0.000000000000000000e+00
2.326807260513305664e+00 -7.559862613677978516e+00 0.000000000000000000e+00
-1.741311454772949219e+01 -1.722259283065795898e+00 0.000000000000000000e+00
2.729996919631958008e+00 -1.675387954711914062e+01 0.000000000000000000e+00
-8.208718299865722656e+00 6.115463733673095703e+00 0.000000000000000000e+00
1.701236152648925781e+01 3.213788747787475586e+00 0.000000000000000000e+00
1.126455402374267578e+01 9.256627082824707031e+00 0.000000000000000000e+00
-3.087350368499755859e+00 -3.298935413360595703e+00 0.000000000000000000e+00
1.423701572418212891e+01 -1.004120063781738281e+01 0.000000000000000000e+00
1.000149345397949219e+01 1.294689655303955078e+01 0.000000000000000000e+00
1.860542535781860352e+00 -1.085861301422119141e+01 0.000000000000000000e+00
-1.191359329223632812e+01 2.791770458221435547e+00 0.000000000000000000e+00
9.182972908020019531e+00 2.546752214431762695e+00 0.000000000000000000e+00
-8.382273674011230469e+00 1.508678054809570312e+01 0.000000000000000000e+00
4.128223896026611328e+00 7.306920289993286133e-01 0.000000000000000000e+00
7.976223468780517578e+00 7.790346622467041016e+00 0.000000000000000000e+00
-5.502613067626953125e+00 -1.074623107910156250e+01 0.000000000000000000e+00
