-1.939481157385394283e+00 1.808220904686983044e+00
-6.902471366946019149e-01 1.851974322253120198e+00
5.589868839961904534e-01 1.895727739819257129e+00
1.808220904686983044e+00 1.939481157385394283e+00
-1.895727739819257129e+00 5.589868839961904534e-01
-6.464937191284647611e-01 6.027403015623276072e-01
6.027403015623276072e-01 6.464937191284647611e-01
1.851974322253120198e+00 6.902471366946019149e-01
-1.851974322253120198e+00 -6.902471366946019149e-01
-6.027403015623276072e-01 -6.464937191284647611e-01
6.464937191284647611e-01 -6.027403015623276072e-01
1.895727739819257129e+00 -5.589868839961904534e-01
-1.808220904686983044e+00 -1.939481157385394283e+00
-5.589868839961904534e-01 -1.895727739819257129e+00
6.902471366946019149e-01 -1.851974322253120198e+00
1.939481157385394283e+00 -1.808220904686983044e+00
