6.601266860961914062e-01 3.420737504959106445e+00 0.000000000000000000e+00
-1.229569149017333984e+01 1.006449985504150391e+01 0.000000000000000000e+00
-3.228808641433715820e+00 -1.137015056610107422e+01 0.000000000000000000e+00
1.279718494415283203e+01 -1.094792652130126953e+01 0.000000000000000000e+00
-1.065942859649658203e+01 -6.687136173248291016e+00 0.000000000000000000e+00
1.092912483215332031e+01 1.656516641378402710e-01 0.000000000000000000e+00
1.033585357666015625e+01 -5.009556293487548828e+00 0.000000000000000000e+00
-2.693979740142822266e+00 1.266934680938720703e+01 0.000000000000000000e+00
7.373868465423583984e+00 -4.369928359985351562e+00 0.000000000000000000e+00
-1.147733497619628906e+01 -2.719881832599639893e-01 0.000000000000000000e+00
-3.223935365676879883e+00 -1.620162010192871094e+01 0.000000000000000000e+00
3.783142089843750000e+00 -1.305163288116455078e+01 0.000000000000000000e+00
6.558506965637207031e+00 1.579730987548828125e+01 0.000000000000000000e+00
1.049816608428955078e+01 -9.927757263183593750e+00 0.000000000000000000e+00
1.298712921142578125e+01 5.330094814300537109e+00 0.000000000000000000e+00
-3.302538156509399414e+00 -9.546897888183593750e+00 0.000000000000000000e+00
-3.375147342681884766e+00 -5.499772548675537109e+00 0.000000000000000000e+00
-3.977111816406250000e+00 4.935862064361572266e+00 0.000000000000000000e+00
-6.641520977020263672e+00 2.408369064331054688e+00 0.000000000000000000e+00
6.399014949798583984e+00 -2.572871208190917969e+00 0.000000000000000000e+00
4.659811496734619141e+00 6.373530387878417969e+00 0.000000000000000000e+00
-7.854237079620361328e+00 -1.325063991546630859e+01 0.000000000000000000e+00
-3.536493778228759766e+00 5.536434054374694824e-01 0.000000000000000000e+00
-1.289668321609497070e+00 6.845096111297607422e+00 0.000000000000000000e+00
-1.995902806520462036e-01 -1.972730517387390137e+00 0.000000000000000000e+00
7.234579563140869141e+00 6.585713863372802734e+00 0.000000000000000000e+00
-5.145602703094482422e+00 -1.607285308837890625e+01 0.000000000000000000e+00
-1.348358631134033203e+01 1.894515454769134521e-01 0.000000000000000000e+00
4.594511032104492188e+00 -1.142541980743408203e+01 0.000000000000000000e+00
1.662046623229980469e+01 -2.306484460830688477e+00 0.000000000000000000e+00
3.878073453903198242e+00 -3.366433680057525635e-01 0.000000000000000000e+00
-4.530815601348876953e+00 -3.053482294082641602e+00 0.000000000000000000e+00
-1.009310626983642578e+01 2.541854381561279297e+00 0.000000000000000000e+00
1.843999981880187988e+00 -3.313113451004028320e+00 0.000000000000000000e+00
7.459946632385253906e+00 1.075765228271484375e+01 0.000000000000000000e+00
5.869107723236083984e+00 1.489126682281494141e+00 0.000000000000000000e+00
-5.330703258514404297e+00 1.397793579101562500e+01 0.000000000000000000e+00
-5.352046966552734375e+00 1.559324741363525391e+01 0.000000000000000000e+00
-7.790956020355224609e+00 -1.521924495697021484e+01 0.000000000000000000e+00
3.785835027694702148e+00 9.269263267517089844e+00 0.000000000000000000e+00
-7.156846046447753906e+00 4.489994049072265625e+00 0.000000000000000000e+00
-1.064727115631103516e+01 5.994515419006347656e+00 0.000000000000000000e+00
-4.178071498870849609e+00 -1.132002472877502441e+00 0.000000000000000000e+00
-9.015095710754394531e+00 7.019895553588867188e+00 0.000000000000000000e+00
8.504184722900390625e+00 1.343912887573242188e+01 0.000000000000000000e+00
1.276054286956787109e+01 -4.630570888519287109e+00 0.000000000000000000e+00
-2.796661376953125000e+00 -1.405684947967529297e+01 0.000000000000000000e+00
2.845221757888793945e+00 -8.730484962463378906e+00 0.000000000000000000e+00
-8.125561714172363281e+00 3.452028334140777588e-01 0.000000000000000000e+00
-9.160852432250976562e+00 -6.294157981872558594e+00 0.000000000000000000e+00
7.351250052452087402e-01 1.101145744323730469e+01 0.000000000000000000e+00
8.664711952209472656e+00 -2.127414703369140625e+00 0.000000000000000000e+00
4.056361675262451172e+00 1.572378349304199219e+01 0.000000000000000000e+00
-7.203391075134277344e+00 -6.248099803924560547e+00 0.000000000000000000e+00
-1.175149202346801758e+00 -1.397849082946777344e+01 0.000000000000000000e+00
6.328589916229248047e+00 4.902645111083984375e+00 0.000000000000000000e+00
-9.633862495422363281e+00 1.270064544677734375e+01 0.000000000000000000e+00
-4.443208217620849609e+00 -1.441494369506835938e+01 0.000000000000000000e+00
9.112711906433105469e+00 1.103185558319091797e+01 0.000000000000000000e+00
-1.242911338806152344e+01 7.276535034179687500e+00 0.000000000000000000e+00
-1.595495796203613281e+01 -2.964792966842651367e+00 0.000000000000000000e+00
-2.392039775848388672e+00 -1.768689751625061035e+00 0.000000000000000000e+00
6.429692268371582031e+00 -6.069182753562927246e-01 0.000000000000000000e+00
1.052659225463867188e+01 -1.286857986450195312e+01 0.000000000000000000e+00
7.216340541839599609e+00 -1.186333274841308594e+01 0.000000000000000000e+00
-4.106976509094238281e+00 8.912563323974609375e+00 0.000000000000000000e+00
-1.569260311126708984e+01 2.386244058609008789e+00 0.000000000000000000e+00
-3.261174678802490234e+00 1.076265621185302734e+01 0.000000000000000000e+00
-1.272022151947021484e+01 2.340351819992065430e+00 0.000000000000000000e+00
6.936038970947265625e+00 3.024417638778686523e+00 0.000000000000000000e+00
-9.868252754211425781e+00 -4.309135437011718750e+00 0.000000000000000000e+00
-9.138526916503906250e+00 1.039800453186035156e+01 0.000000000000000000e+00
2.656933069229125977e+00 7.957086563110351562e+00 0.000000000000000000e+00
2.022308588027954102e+00 -6.363219738006591797e+00 0.000000000000000000e+00
-1.382042503356933594e+01 4.727656364440917969e+00 0.000000000000000000e+00
-1.611083984375000000e+01 -6.785655498504638672e+00 0.000000000000000000e+00
1.123930835723876953e+01 1.117553424835205078e+01 0.000000000000000000e+00
6.178262233734130859e-01 6.259439587593078613e-01 0.000000000000000000e+00
-1.632912516593933105e+00 -1.055195045471191406e+01 0.000000000000000000e+00
-6.427670955657958984e+00 5.918390750885009766e+00 0.000000000000000000e+00
5.528001308441162109e+00 -4.920783042907714844e+00 0.000000000000000000e+00
-1.616393208503723145e+00 -8.405780792236328125e+00 0.000000000000000000e+00
-1.435403347015380859e+01 -3.440418481826782227e+00 0.000000000000000000e+00
7.630840301513671875e+00 -1.379293346405029297e+01 0.000000000000000000e+00
6.089642524719238281e+00 -9.642230987548828125e+00 0.000000000000000000e+00
8.949853897094726562e+00 -1.284674358367919922e+01 0.000000000000000000e+00
1.352038002014160156e+01 -7.679409027099609375e+00 0.000000000000000000e+00
-9.472520828247070312e+00 -2.059165477752685547e+00 0.000000000000000000e+00
-1.157088851928710938e+01 3.540255069732666016e+00 0.000000000000000000e+00
-1.288058471679687500e+01 -3.889701366424560547e+00 0.000000000000000000e+00
2.431260585784912109e+00 1.458267116546630859e+01 0.000000000000000000e+00
4.662429332733154297e+00 -6.815215587615966797e+00 0.000000000000000000e+00
9.043978691101074219e+00 8.327191352844238281e+00 0.000000000000000000e+00
9.568144798278808594e+00 5.094440937042236328e+00 0.000000000000000000e+00
1.765015602111816406e+00 -1.720574188232421875e+01 0.000000000000000000e+00
-6.196369647979736328e+00 9.817764282226562500e+00 0.000000000000000000e+00
1.141441249847412109e+01 -2.293098449707031250e+00 0.000000000000000000e+00
-3.853944540023803711e+00 1.457096290588378906e+01 0.000000000000000000e+00
-2.031977653503417969e+00 1.645841217041015625e+01 0.000000000000000000e+00
3.407547473907470703e+00 5.216757297515869141e+00 0.000000000000000000e+00
-7.546142578125000000e+00 -8.761309623718261719e+00 0.000000000000000000e+00
1.382911014556884766e+01 -5.989393711090087891e+00 0.000000000000000000e+00
1.615603256225585938e+01 -4.749220311641693115e-01 0.000000000000000000e+00
5.073229789733886719e+00 1.422690296173095703e+01 0.000000000000000000e+00
-1.453141212463378906e+01 -5.647629737854003906e+00 0.000000000000000000e+00
1.488206481933593750e+01 8.406255722045898438e+00 0.000000000000000000e+00
3.974910020828247070e+00 -2.870734453201293945e+00 0.000000000000000000e+00
1.455173206329345703e+01 -9.543397903442382812e+00 0.000000000000000000e+00
-6.003540515899658203e+00 1.185804271697998047e+01 0.000000000000000000e+00
8.720798492431640625e+00 -7.277559280395507812e+00 0.000000000000000000e+00
-5.346001625061035156e+00 -9.898668289184570312e+00 0.000000000000000000e+00
1.127883553504943848e+00 -1.183273506164550781e+01 0.000000000000000000e+00
8.834409713745117188e-01 -1.565310668945312500e+01 0.000000000000000000e+00
1.564742660522460938e+01 5.956520080566406250e+00 0.000000000000000000e+00
1.122250556945800781e+01 6.199570655822753906e+00 0.000000000000000000e+00
1.187346076965332031e+01 -7.896776676177978516e+00 0.000000000000000000e+00
1.084483909606933594e+01 8.967107772827148438e+00 0.000000000000000000e+00
1.256123828887939453e+01 -8.508533239364624023e-02 0.000000000000000000e+00
5.698613166809082031e+00 1.234532070159912109e+01 0.000000000000000000e+00
-1.069776415824890137e+00 1.224760437011718750e+01 0.000000000000000000e+00
8.926808357238769531e+00 -4.219545841217041016e+00 0.000000000000000000e+00
6.567501068115234375e+00 8.115981101989746094e+00 0.000000000000000000e+00
9.966287612915039062e+00 1.410810852050781250e+01 0.000000000000000000e+00
-8.476906418800354004e-01 1.075649619102478027e+00 0.000000000000000000e+00
-1.825696349143981934e+00 9.416443824768066406e+00 0.000000000000000000e+00
-8.272085189819335938e+00 -1.113436031341552734e+01 0.000000000000000000e+00
1.568464660644531250e+01 -6.686597347259521484e+00 0.000000000000000000e+00
-7.704752683639526367e-01 -7.144361495971679688e+00 0.000000000000000000e+00
1.616289710998535156e+01 2.724096059799194336e+00 0.000000000000000000e+00
-5.610808372497558594e+00 -1.725571870803833008e+00 0.000000000000000000e+00
-1.395305156707763672e+01 -8.056518554687500000e+00 0.000000000000000000e+00
-3.294543027877807617e-01 1.412267112731933594e+01 0.000000000000000000e+00
-4.583195447921752930e-01 -4.907212734222412109e+00 0.000000000000000000e+00
1.439599394798278809e+00 2.045076370239257812e+00 0.000000000000000000e+00
1.182329750061035156e+01 1.606674075126647949e+00 0.000000000000000000e+00
-5.722497463226318359e+00 -5.797445774078369141e+00 0.000000000000000000e+00
7.547183513641357422e+00 1.633616805076599121e+00 0.000000000000000000e+00
-1.173895931243896484e+01 -1.089425373077392578e+01 0.000000000000000000e+00
1.121106863021850586e+00 1.358355426788330078e+01 0.000000000000000000e+00
-1.080684661865234375e+01 1.125964164733886719e+00 0.000000000000000000e+00
-1.616453552246093750e+01 2.548158466815948486e-01 0.000000000000000000e+00
2.626495361328125000e+00 -1.557227611541748047e+01 0.000000000000000000e+00
4.074875354766845703e+00 1.131352138519287109e+01 0.000000000000000000e+00
-2.090139985084533691e-01 8.511534690856933594e+00 0.000000000000000000e+00
-7.683221340179443359e+00 -2.563053846359252930e+00 0.000000000000000000e+00
-9.417097091674804688e+00 -4.827957749366760254e-01 0.000000000000000000e+00
1.386158180236816406e+01 1.649239540100097656e+00 0.000000000000000000e+00
-7.638169765472412109e+00 8.506690979003906250e+00 0.000000000000000000e+00
5.737119674682617188e+00 9.560133934020996094e+00 0.000000000000000000e+00
5.695567131042480469e+00 -1.541769123077392578e+01 0.000000000000000000e+00
-1.473054790496826172e+01 9.295213699340820312e+00 0.000000000000000000e+00
-1.274103832244873047e+01 1.195453834533691406e+01 0.000000000000000000e+00
1.296843242645263672e+01 8.797974586486816406e+00 0.000000000000000000e+00
-4.182981014251708984e+00 1.659642601013183594e+01 0.000000000000000000e+00
7.591586589813232422e+00 -8.539057731628417969e+00 0.000000000000000000e+00
9.041337013244628906e+00 -9.391958236694335938e+00 0.000000000000000000e+00
8.615542411804199219e+00 2.780867576599121094e+00 0.000000000000000000e+00
-1.481959533691406250e+01 1.078927278518676758e+00 0.000000000000000000e+00
-9.838070869445800781e+00 -1.295524883270263672e+01 0.000000000000000000e+00
-4.761276721954345703e+00 3.451746940612792969e+00 0.000000000000000000e+00
-8.314825057983398438e+00 2.524236679077148438e+00 0.000000000000000000e+00
-4.172390460968017578e+00 -1.277927207946777344e+01 0.000000000000000000e+00
4.586837768554687500e+00 2.604940414428710938e+00 0.000000000000000000e+00
-2.257428407669067383e+00 2.937764167785644531e+00 0.000000000000000000e+00
-1.576481533050537109e+01 5.795301437377929688e+00 0.000000000000000000e+00
-1.724713134765625000e+01 1.628029942512512207e+00 0.000000000000000000e+00
-1.422214388847351074e+00 5.133859157562255859e+00 0.000000000000000000e+00
2.054104089736938477e+00 1.010799407958984375e+01 0.000000000000000000e+00
-5.769042015075683594e+00 -8.304801940917968750e+00 0.000000000000000000e+00
1.372946548461914062e+01 -2.746959447860717773e+00 0.000000000000000000e+00
1.783181726932525635e-01 6.369379520416259766e+00 0.000000000000000000e+00
-7.249788761138916016e+00 1.522004795074462891e+01 0.000000000000000000e+00
-1.328719615936279297e+01 -9.938019752502441406e+00 0.000000000000000000e+00
-1.600087547302246094e+01 -4.808730602264404297e+00 0.000000000000000000e+00
-2.951434612274169922e+00 -3.820235490798950195e+00 0.000000000000000000e+00
-1.103883361816406250e+01 8.778052330017089844e+00 0.000000000000000000e+00
-6.694098472595214844e+00 8.421477079391479492e-01 0.000000000000000000e+00
-1.297259330749511719e+01 -1.408367276191711426e+00 0.000000000000000000e+00
1.391488313674926758e+00 -1.367431259155273438e+01 0.000000000000000000e+00
6.872334957122802734e+00 1.373549365997314453e+01 0.000000000000000000e+00
-9.526383399963378906e+00 4.009309291839599609e+00 0.000000000000000000e+00
1.919974327087402344e+00 5.481090068817138672e+00 0.000000000000000000e+00
7.153145313262939453e+00 -6.910429477691650391e+00 0.000000000000000000e+00
6.254748702049255371e-01 -8.231386184692382812e+00 0.000000000000000000e+00
-9.470809936523437500e+00 8.775021553039550781e+00 0.000000000000000000e+00
4.478579998016357422e+00 -1.691152954101562500e+01 0.000000000000000000e+00
-1.412895011901855469e+01 6.996939182281494141e+00 0.000000000000000000e+00
3.083184480667114258e+00 -5.261850833892822266e+00 0.000000000000000000e+00
1.275673198699951172e+01 1.035303115844726562e+01 0.000000000000000000e+00
-1.239978075027465820e+00 -6.132543683052062988e-01 0.000000000000000000e+00
-8.350950241088867188e+00 -4.676977157592773438e+00 0.000000000000000000e+00
-1.558984875679016113e+00 -1.727621459960937500e+01 0.000000000000000000e+00
-5.210841894149780273e-01 1.582021999359130859e+01 0.000000000000000000e+00
1.867003083229064941e+00 -1.047284889221191406e+01 0.000000000000000000e+00
-9.581913948059082031e+00 -8.906509399414062500e+00 0.000000000000000000e+00
-3.045624971389770508e+00 6.222796916961669922e+00 0.000000000000000000e+00
-1.669218826293945312e+01 -1.632703304290771484e+00 0.000000000000000000e+00
8.571963310241699219e-01 1.519143199920654297e+01 0.000000000000000000e+00
1.110494518280029297e+01 4.442959308624267578e+00 0.000000000000000000e+00
1.084444808959960938e+01 -6.548161983489990234e+00 0.000000000000000000e+00
-1.689039039611816406e+01 3.449267387390136719e+00 0.000000000000000000e+00
-1.569751358032226562e+01 7.447879791259765625e+00 0.000000000000000000e+00
-1.131776332855224609e+01 1.287416553497314453e+01 0.000000000000000000e+00
2.084822654724121094e+00 1.698708724975585938e+01 0.000000000000000000e+00
-6.933800697326660156e+00 -1.041173076629638672e+01 0.000000000000000000e+00
-6.443918228149414062e+00 -4.039746761322021484e+00 0.000000000000000000e+00
3.153949022293090820e+00 1.350072860717773438e+00 0.000000000000000000e+00
8.599735260009765625e+00 -1.914074718952178955e-01 0.000000000000000000e+00
-5.526459813117980957e-01 -9.481828689575195312e+00 0.000000000000000000e+00
9.394587516784667969e+00 -1.438805484771728516e+01 0.000000000000000000e+00
-9.054824829101562500e+00 1.435319995880126953e+01 0.000000000000000000e+00
-9.804329872131347656e+00 -1.137153816223144531e+01 0.000000000000000000e+00
7.906472682952880859e+00 5.048450469970703125e+00 0.000000000000000000e+00
1.410652160644531250e+01 -4.079476296901702881e-01 0.000000000000000000e+00
2.655257225036621094e+00 2.982831954956054688e+00 0.000000000000000000e+00
1.553364181518554688e+01 9.061496257781982422e-01 0.000000000000000000e+00
-5.011404305696487427e-02 -1.735998535156250000e+01 0.000000000000000000e+00
-7.425064563751220703e+00 1.136970615386962891e+01 0.000000000000000000e+00
1.485322952270507812e+01 -4.223001956939697266e+00 0.000000000000000000e+00
-7.235729694366455078e+00 1.338637065887451172e+01 0.000000000000000000e+00
1.277269649505615234e+01 7.273593425750732422e+00 0.000000000000000000e+00
8.865628242492675781e+00 6.529494762420654297e+00 0.000000000000000000e+00
1.006539440155029297e+01 -8.169928550720214844e+00 0.000000000000000000e+00
-1.148822498321533203e+01 -2.774624586105346680e+00 0.000000000000000000e+00
-1.121534633636474609e+01 -5.152520656585693359e+00 0.000000000000000000e+00
2.807907581329345703e+00 -1.802596926689147949e+00 0.000000000000000000e+00
3.388124227523803711e+00 1.318995189666748047e+01 0.000000000000000000e+00
-1.228256320953369141e+01 -8.291570663452148438e+00 0.000000000000000000e+00
1.654637908935546875e+01 -4.926316261291503906e+00 0.000000000000000000e+00
-4.017084121704101562e+00 -8.033448219299316406e+00 0.000000000000000000e+00
-1.764616250991821289e+00 -5.934298515319824219e+00 0.000000000000000000e+00
-1.207004261016845703e+01 -1.264754295349121094e+01 0.000000000000000000e+00
-6.277356147766113281e+00 -1.234090423583984375e+01 0.000000000000000000e+00
1.042667007446289062e+01 1.256102180480957031e+01 0.000000000000000000e+00
1.016776561737060547e+01 2.457782506942749023e+00 0.000000000000000000e+00
4.460961818695068359e+00 -1.447615146636962891e+01 0.000000000000000000e+00
5.902109146118164062e+00 -8.057932853698730469e+00 0.000000000000000000e+00
1.501922512054443359e+01 4.095143795013427734e+00 0.000000000000000000e+00
1.426265811920166016e+01 6.933061599731445312e+00 0.000000000000000000e+00
-4.108253002166748047e+00 1.200981903076171875e+01 0.000000000000000000e+00
1.682588958740234375e+01 4.395616531372070312e+00 0.000000000000000000e+00
8.127654075622558594e+00 1.529998302459716797e+01 0.000000000000000000e+00
1.936660766601562500e+00 -1.521867066621780396e-01 0.000000000000000000e+00
-5.541412353515625000e+00 7.139768600463867188e+00 0.000000000000000000e+00
-1.038253879547119141e+01 1.126373767852783203e+01 0.000000000000000000e+00
-4.098018109798431396e-01 -1.216552448272705078e+01 0.000000000000000000e+00
7.800951004028320312e+00 -1.031750774383544922e+01 0.000000000000000000e+00
-5.224194526672363281e+00 2.555039525032043457e-01 0.000000000000000000e+00
1.079182505607604980e+00 -5.165171623229980469e+00 0.000000000000000000e+00
-1.237824916839599609e+01 5.548079967498779297e+00 0.000000000000000000e+00
5.915486335754394531e+00 -1.352505779266357422e+01 0.000000000000000000e+00
-1.484206008911132812e+01 -4.997580051422119141e-01 0.000000000000000000e+00
-7.024844646453857422e+00 -7.754161357879638672e-01 0.000000000000000000e+00
-6.740444302558898926e-01 2.660122156143188477e+00 0.000000000000000000e+00
-1.241990661621093750e+01 -6.225749492645263672e+00 0.000000000000000000e+00
-1.342824339866638184e+00 -2.988162279129028320e+00 0.000000000000000000e+00
