9.554910876137061138e+00 9.005556350828795686e+00 -4.721314094080497625e-04
1.228381714510057421e+01 4.638972254429544861e+00 -9.296758391297288426e-05
2.458330389091650137e+00 1.064419239878821344e+01 -4.594105094879452622e-04
5.187236625112948474e+00 6.277005224284555318e+00 -8.779288105458249447e-04
7.916024291943140057e+00 1.909629079266209395e+00 1.000606767249667683e-04
1.064592335095170661e+01 -2.457653513862089412e+00 -2.463589081178607643e-04
-4.638250097895972424e+00 1.228282844674207475e+01 -4.466896053703095504e-04
-1.909343828932458020e+00 7.916244350342823921e+00 -6.752577987478858290e-05
8.194437719555131006e-01 3.547662049121219852e+00 -6.849005499078852921e-04
3.548350040974717512e+00 -8.189220469092484134e-01 -3.057370032286121919e-04
6.277136681918653593e+00 -5.186901174975503181e+00 -1.255014674410581677e-04
9.006042917937882919e+00 -9.554088348543162468e+00 -5.440193086121425381e-04
-9.006043943883966563e+00 9.553485366998465622e+00 -2.537334442811456370e-04
-6.276143859042736750e+00 5.186805756174956983e+00 1.976014841869044858e-04
-3.547357251043115500e+00 8.182235503786325914e-01 -4.198453895913334399e-04
-8.184509820796017632e-01 -3.548360546020617790e+00 -4.068156409586798361e-05
1.910335658920024882e+00 -7.916339673718089998e+00 1.395536928758822626e-04
4.639242887769784218e+00 -1.228352694326713745e+01 -2.788927916466121815e-04
-1.064481093311397686e+01 2.458350049196908582e+00 -2.802941774755485227e-04
-7.916024325056595146e+00 -1.910232157166629641e+00 -8.977417899567186055e-04
-5.186125233047993000e+00 -6.276911671634415768e+00 -4.464785011499827760e-04
-2.457337599217837898e+00 -1.064489089531327437e+01 -2.661718875298646481e-04
-1.228282531505521824e+01 -4.639067577810364718e+00 1.649955011102655078e-04
-9.553918086261150577e+00 -9.006254847728193624e+00 -2.534507045952594240e-04
