8.560370259204917787e+00 9.955891686205250224e+00 6.639649224986499121e-04
1.173098655020355174e+01 5.897852941452379483e+00 -3.256040868757636986e-04
1.331132865215599814e+00 1.084257156818625845e+01 4.120091817672033585e-05
4.501749189214209856e+00 6.785135900970578504e+00 -1.506867033471692707e-04
7.673239734070963713e+00 2.726812765762491431e+00 3.283506191453788858e-04
1.084286323502454863e+01 -1.330527482261330663e+00 6.436502010953581987e-05
-5.897984867754134441e+00 1.173124955993312035e+01 4.150473343127458747e-04
-2.727368576811188827e+00 7.673210814811467273e+00 -5.745213962460304913e-04
4.440023730238628619e-01 3.614095725847905616e+00 5.032687413772940488e-04
3.613625841035230657e+00 -4.438476002803231069e-01 -5.583989842123937564e-04
6.785115393003604112e+00 -4.502170640624790110e+00 -7.943450836478405108e-05
9.955731717060036345e+00 -8.559606307284362003e+00 -2.713213827920668564e-04
-9.955732709775045208e+00 8.559606402131320735e+00 2.712485487377236382e-04
-6.785115393001535544e+00 4.502170639688793941e+00 7.943404847843282823e-05
-3.613625840975372316e+00 4.438475993387723806e-01 5.583985285226855666e-04
-4.440023729661037311e-01 -3.614095726415119891e+00 -5.032694800799486501e-04
2.727367584040487181e+00 -7.673210720333292656e+00 5.744488410068804285e-04
5.897984867869682901e+00 -1.173124956050588708e+01 -4.150480688185353983e-04
-1.084286323496468896e+01 1.330527481319779826e+00 -6.436547579913298733e-05
-7.673239733955415254e+00 -2.726812766335259930e+00 -3.283513536513904540e-04
-4.501750181929220496e+00 -6.785135806123621549e+00 1.506138692923819633e-04
-1.331132865155741474e+00 -1.084257156912780928e+01 -4.120137386642852562e-05
-1.173098754297632240e+01 -5.897852846038207808e+00 3.255319915238530371e-04
-8.560370259145058114e+00 -9.955891687146801061e+00 -6.639653781874699234e-04
