2.663806676864624023e+00 4.782777786254882812e+00 0.000000000000000000e+00
-1.561278629302978516e+01 7.045038700103759766e+00 0.000000000000000000e+00
-5.748636722564697266e+00 -1.213392162322998047e+01 0.000000000000000000e+00
7.192018032073974609e+00 -1.474112987518310547e+01 0.000000000000000000e+00
1.392306137084960938e+01 8.012112617492675781e+00 0.000000000000000000e+00
3.090379834175109863e-01 9.761333465576171875e+00 0.000000000000000000e+00
4.203510284423828125e+00 -6.774022579193115234e+00 0.000000000000000000e+00
-9.861843109130859375e+00 -1.097021222114562988e+00 0.000000000000000000e+00
-1.408117771148681641e+01 1.735930085182189941e+00 0.000000000000000000e+00
-7.715992450714111328e+00 -1.535462474822998047e+01 0.000000000000000000e+00
4.112613201141357422e+00 -2.350541651248931885e-01 0.000000000000000000e+00
1.176744461059570312e+01 8.720122337341308594e+00 0.000000000000000000e+00
1.022338199615478516e+01 -1.878042697906494141e+00 0.000000000000000000e+00
8.334156036376953125e+00 6.134731769561767578e+00 0.000000000000000000e+00
1.755577564239501953e+00 -1.712033748626708984e+00 0.000000000000000000e+00
-1.163407564163208008e+00 -7.508552074432373047e+00 0.000000000000000000e+00
-3.606970310211181641e+00 1.681625175476074219e+01 0.000000000000000000e+00
6.463962554931640625e+00 1.103156566619873047e+01 0.000000000000000000e+00
-1.024817466735839844e+01 1.073212051391601562e+01 0.000000000000000000e+00
1.467292976379394531e+01 -4.479468822479248047e+00 0.000000000000000000e+00
-1.713354873657226562e+01 -2.901715517044067383e+00 0.000000000000000000e+00
9.450930595397949219e+00 -3.221801042556762695e+00 0.000000000000000000e+00
8.508081436157226562e+00 -9.895432591438293457e-01 0.000000000000000000e+00
1.578665637969970703e+01 -1.980568289756774902e+00 0.000000000000000000e+00
-1.444775676727294922e+01 -7.647499084472656250e+00 0.000000000000000000e+00
6.675712466239929199e-01 4.069125652313232422e+00 0.000000000000000000e+00
8.851659774780273438e+00 9.179343223571777344e+00 0.000000000000000000e+00
-3.693358421325683594e+00 -2.034062385559082031e+00 0.000000000000000000e+00
-7.981320858001708984e+00 -2.931752443313598633e+00 0.000000000000000000e+00
-9.542616844177246094e+00 -1.269339942932128906e+01 0.000000000000000000e+00
-4.728152751922607422e+00 9.422382354736328125e+00 0.000000000000000000e+00
1.562539672851562500e+01 5.114975929260253906e+00 0.000000000000000000e+00
1.356846523284912109e+01 -2.568564891815185547e+00 0.000000000000000000e+00
-6.831333637237548828e+00 -9.113296508789062500e+00 0.000000000000000000e+00
7.019780278205871582e-01 1.197521305084228516e+01 0.000000000000000000e+00
-7.664509296417236328e+00 1.341713047027587891e+01 0.000000000000000000e+00
4.482750892639160156e+00 8.197121620178222656e+00 0.000000000000000000e+00
1.227681827545166016e+01 8.249094486236572266e-01 0.000000000000000000e+00
-1.695305824279785156e+01 1.211234092712402344e+00 0.000000000000000000e+00
1.233424305915832520e+00 -4.201529026031494141e+00 0.000000000000000000e+00
-7.659956216812133789e-01 1.357163906097412109e+01 0.000000000000000000e+00
1.959335505962371826e-01 -1.646346282958984375e+01 0.000000000000000000e+00
-7.790033340454101562e+00 1.122401332855224609e+01 0.000000000000000000e+00
6.692311763763427734e+00 -7.600296974182128906e+00 0.000000000000000000e+00
-1.310832786560058594e+01 8.568789482116699219e+00 0.000000000000000000e+00
3.147304773330688477e+00 -8.167670249938964844e+00 0.000000000000000000e+00
-1.564426541328430176e+00 -1.469126605987548828e+01 0.000000000000000000e+00
-1.417425918579101562e+01 -4.479199409484863281e+00 0.000000000000000000e+00
8.258901596069335938e+00 -4.289261341094970703e+00 0.000000000000000000e+00
2.258249998092651367e+00 9.458645582199096680e-01 0.000000000000000000e+00
1.262126159667968750e+01 -6.163975238800048828e+00 0.000000000000000000e+00
1.622304344177246094e+01 1.086877882480621338e-01 0.000000000000000000e+00
2.895877838134765625e+00 -4.368161201477050781e+00 0.000000000000000000e+00
1.239215373992919922e+01 6.180101394653320312e+00 0.000000000000000000e+00
6.880306005477905273e-01 1.510522460937500000e+01 0.000000000000000000e+00
9.935467720031738281e+00 1.091081714630126953e+01 0.000000000000000000e+00
-4.961260795593261719e+00 -1.344913387298583984e+01 0.000000000000000000e+00
6.314768791198730469e+00 -9.341719627380371094e+00 0.000000000000000000e+00
-2.994845390319824219e+00 -1.594169998168945312e+01 0.000000000000000000e+00
-4.378114700317382812e+00 2.856064081192016602e+00 0.000000000000000000e+00
9.287393093109130859e-01 -1.142413711547851562e+01 0.000000000000000000e+00
6.441903114318847656e+00 -2.161844491958618164e+00 0.000000000000000000e+00
-1.306751060485839844e+01 1.081166648864746094e+01 0.000000000000000000e+00
1.615040302276611328e-01 -1.487179470062255859e+01 0.000000000000000000e+00
7.618313282728195190e-02 6.228781223297119141e+00 0.000000000000000000e+00
-9.417239189147949219e+00 4.267607212066650391e+00 0.000000000000000000e+00
-1.412428569793701172e+01 4.329835414886474609e+00 0.000000000000000000e+00
-1.077486705780029297e+01 -5.382846355438232422e+00 0.000000000000000000e+00
-1.985158324241638184e+00 -3.771367073059082031e+00 0.000000000000000000e+00
4.554621696472167969e+00 -2.791073560714721680e+00 0.000000000000000000e+00
8.908070564270019531e+00 -1.327359676361083984e+01 0.000000000000000000e+00
-4.948451817035675049e-01 1.894556641578674316e+00 0.000000000000000000e+00
1.179282379150390625e+01 1.103273487091064453e+01 0.000000000000000000e+00
-1.617508506774902344e+01 -7.073745131492614746e-01 0.000000000000000000e+00
-1.128373336791992188e+01 -1.081338500976562500e+01 0.000000000000000000e+00
4.603355884552001953e+00 -1.346763896942138672e+01 0.000000000000000000e+00
-1.555099010467529297e+00 6.776650905609130859e+00 0.000000000000000000e+00
-2.202122449874877930e+00 -1.043605041503906250e+01 0.000000000000000000e+00
1.039729881286621094e+01 -1.402521038055419922e+01 0.000000000000000000e+00
-8.307216644287109375e+00 2.099774122238159180e+00 0.000000000000000000e+00
-1.122584819793701172e+01 -8.698354721069335938e+00 0.000000000000000000e+00
2.148975610733032227e+00 1.287465572357177734e+01 0.000000000000000000e+00
3.391891002655029297e+00 1.075890827178955078e+01 0.000000000000000000e+00
4.440347194671630859e+00 -9.847737312316894531e+00 0.000000000000000000e+00
-5.581994056701660156e+00 -5.570626258850097656e-01 0.000000000000000000e+00
-1.230471134185791016e+01 -1.399249076843261719e+00 0.000000000000000000e+00
-1.412963581085205078e+01 6.765390872955322266e+00 0.000000000000000000e+00
3.243789672851562500e+00 1.618676948547363281e+01 0.000000000000000000e+00
-1.069975852966308594e+01 8.522273063659667969e+00 0.000000000000000000e+00
-1.120979499816894531e+01 6.878531455993652344e+00 0.000000000000000000e+00
-8.963567733764648438e+00 -9.674734115600585938e+00 0.000000000000000000e+00
-7.100144386291503906e+00 -1.331248283386230469e+01 0.000000000000000000e+00
-5.058482170104980469e+00 1.411743998527526855e+00 0.000000000000000000e+00
-1.593966007232666016e+00 4.753557682037353516e+00 0.000000000000000000e+00
9.203269958496093750e+00 1.939703345298767090e+00 0.000000000000000000e+00
1.276635074615478516e+01 -7.953846454620361328e+00 0.000000000000000000e+00
-9.107753753662109375e+00 -6.496101856231689453e+00 0.000000000000000000e+00
1.179107666015625000e+01 -2.285734653472900391e+00 0.000000000000000000e+00
-6.401615619659423828e+00 -1.060569286346435547e+01 0.000000000000000000e+00
5.204285621643066406e+00 -1.199768447875976562e+01 0.000000000000000000e+00
2.414748907089233398e+00 -1.689652061462402344e+01 0.000000000000000000e+00
1.554093170166015625e+01 1.863059401512145996e+00 0.000000000000000000e+00
-1.380707073211669922e+01 -1.059950828552246094e+01 0.000000000000000000e+00
1.401315927505493164e+00 -9.774913787841796875e+00 0.000000000000000000e+00
5.648037433624267578e+00 1.592881298065185547e+01 0.000000000000000000e+00
1.076686382293701172e+01 1.355364894866943359e+01 0.000000000000000000e+00
-6.246097087860107422e-01 -5.109073162078857422e+00 0.000000000000000000e+00
-1.125307083129882812e+00 3.485406935214996338e-01 0.000000000000000000e+00
5.384085178375244141e+00 -1.588047313690185547e+01 0.000000000000000000e+00
1.454293060302734375e+01 -7.035159587860107422e+00 0.000000000000000000e+00
-7.093288898468017578e+00 7.676856517791748047e+00 0.000000000000000000e+00
1.161316204071044922e+01 3.954970121383666992e+00 0.000000000000000000e+00
-4.149148464202880859e+00 5.726680755615234375e+00 0.000000000000000000e+00
-1.653338193893432617e+00 9.718133926391601562e+00 0.000000000000000000e+00
1.145246028900146484e+00 -6.275743007659912109e+00 0.000000000000000000e+00
9.756178855895996094e+00 -8.095025062561035156e+00 0.000000000000000000e+00
1.197890186309814453e+01 -3.779940366744995117e+00 0.000000000000000000e+00
9.796040534973144531e+00 -6.434968948364257812e+00 0.000000000000000000e+00
1.494530200958251953e+01 3.730338811874389648e+00 0.000000000000000000e+00
-3.464880228042602539e+00 7.576006412506103516e+00 0.000000000000000000e+00
6.486079692840576172e-01 -8.079406738281250000e+00 0.000000000000000000e+00
7.095568656921386719e+00 1.259525680541992188e+01 0.000000000000000000e+00
6.607685565948486328e+00 -2.675496041774749756e-01 0.000000000000000000e+00
6.505228042602539062e+00 -3.673811912536621094e+00 0.000000000000000000e+00
-5.347822189331054688e+00 -8.117957115173339844e+00 0.000000000000000000e+00
1.398220539093017578e+01 9.727376937866210938e+00 0.000000000000000000e+00
5.277487754821777344e+00 5.992263317108154297e+00 0.000000000000000000e+00
9.039586067199707031e+00 1.386464977264404297e+01 0.000000000000000000e+00
-8.290008902549743652e-01 -1.248892426490783691e+00 0.000000000000000000e+00
1.366345310211181641e+01 -9.162942886352539062e+00 0.000000000000000000e+00
-4.815071105957031250e+00 -5.517117023468017578e+00 0.000000000000000000e+00
-6.952984809875488281e+00 9.220226287841796875e+00 0.000000000000000000e+00
2.242556095123291016e+00 9.395677566528320312e+00 0.000000000000000000e+00
-5.223272800445556641e+00 1.221947956085205078e+01 0.000000000000000000e+00
1.658359146118164062e+01 -3.788234233856201172e+00 0.000000000000000000e+00
1.139568424224853516e+01 -7.141572475433349609e+00 0.000000000000000000e+00
1.044929218292236328e+01 -4.396662235260009766e+00 0.000000000000000000e+00
-1.251378726959228516e+01 -7.237047672271728516e+00 0.000000000000000000e+00
-1.658777809143066406e+01 5.191384792327880859e+00 0.000000000000000000e+00
8.133830070495605469e+00 -1.133264064788818359e+01 0.000000000000000000e+00
-1.473537921905517578e+00 -1.716949272155761719e+01 0.000000000000000000e+00
1.046615600585937500e+01 7.166548728942871094e+00 0.000000000000000000e+00
6.655375480651855469e+00 2.272262096405029297e+00 0.000000000000000000e+00
-1.097702980041503906e+01 -3.419873714447021484e+00 0.000000000000000000e+00
7.968140125274658203e+00 4.382907867431640625e+00 0.000000000000000000e+00
-2.194399833679199219e+00 2.803801774978637695e+00 0.000000000000000000e+00
1.398140239715576172e+01 5.268171310424804688e+00 0.000000000000000000e+00
-6.137132167816162109e+00 1.373277091979980469e+01 0.000000000000000000e+00
-2.109311580657958984e+00 -5.529352664947509766e+00 0.000000000000000000e+00
8.823248863220214844e+00 1.208372306823730469e+01 0.000000000000000000e+00
3.749581813812255859e+00 2.847434759140014648e+00 0.000000000000000000e+00
-3.752871036529541016e+00 1.737613230943679810e-01 0.000000000000000000e+00
-9.701360702514648438e+00 -4.333950042724609375e+00 0.000000000000000000e+00
-1.171243953704833984e+01 2.300869226455688477e+00 0.000000000000000000e+00
-1.092844486236572266e+01 3.802828118205070496e-02 0.000000000000000000e+00
-2.716358184814453125e+00 1.142156887054443359e+01 0.000000000000000000e+00
-6.223395347595214844e+00 -1.479509353637695312e+01 0.000000000000000000e+00
1.684866714477539062e+01 3.639036655426025391e+00 0.000000000000000000e+00
1.358207035064697266e+01 3.063218355178833008e+00 0.000000000000000000e+00
-7.215980529785156250e+00 1.565682697296142578e+01 0.000000000000000000e+00
-6.688074111938476562e+00 5.236400127410888672e+00 0.000000000000000000e+00
-3.220729827880859375e+00 -9.299338340759277344e+00 0.000000000000000000e+00
-8.977108001708984375e+00 7.207084655761718750e+00 0.000000000000000000e+00
-2.322534084320068359e+00 1.538288116455078125e+01 0.000000000000000000e+00
-5.063303470611572266e+00 1.516713428497314453e+01 0.000000000000000000e+00
7.530003547668457031e+00 1.544480705261230469e+01 0.000000000000000000e+00
-1.058062267303466797e+01 1.353542232513427734e+01 0.000000000000000000e+00
2.483046054840087891e+00 -1.339526557922363281e+01 0.000000000000000000e+00
6.624642372131347656e+00 6.933255195617675781e+00 0.000000000000000000e+00
-5.777481555938720703e+00 3.709093570709228516e+00 0.000000000000000000e+00
-3.201417922973632812e+00 -1.161204433441162109e+01 0.000000000000000000e+00
1.583718681335449219e+01 -5.942046642303466797e+00 0.000000000000000000e+00
-1.400355815887451172e+01 -5.840561985969543457e-01 0.000000000000000000e+00
-1.174536347389221191e+00 -1.322710704803466797e+01 0.000000000000000000e+00
1.333098030090332031e+01 -9.678171873092651367e-01 0.000000000000000000e+00
4.452522754669189453e+00 1.276050448417663574e+00 0.000000000000000000e+00
1.429669857025146484e+00 7.784816265106201172e+00 0.000000000000000000e+00
1.179615116119384766e+01 -1.276513385772705078e+01 0.000000000000000000e+00
6.185875892639160156e+00 8.859715461730957031e+00 0.000000000000000000e+00
-2.456825494766235352e+00 1.359635257720947266e+01 0.000000000000000000e+00
1.354632186889648438e+01 -1.089297580718994141e+01 0.000000000000000000e+00
-1.654218101501464844e+01 3.380325794219970703e+00 0.000000000000000000e+00
1.071967315673828125e+01 2.376394271850585938e+00 0.000000000000000000e+00
-8.079975128173828125e+00 -1.291277647018432617e+00 0.000000000000000000e+00
-1.558201885223388672e+01 -2.783665418624877930e+00 0.000000000000000000e+00
7.518990635871887207e-01 8.308984041213989258e-01 0.000000000000000000e+00
8.345872879028320312e+00 -9.565651893615722656e+00 0.000000000000000000e+00
9.164311885833740234e-01 1.663576126098632812e+01 0.000000000000000000e+00
-1.088689422607421875e+01 5.077120304107666016e+00 0.000000000000000000e+00
-1.149822807312011719e+01 1.233460617065429688e+01 0.000000000000000000e+00
1.420959186553955078e+01 1.075862526893615723e+00 0.000000000000000000e+00
-9.440465927124023438e+00 1.468458843231201172e+01 0.000000000000000000e+00
6.525948524475097656e+00 -1.310534667968750000e+01 0.000000000000000000e+00
5.421468734741210938e+00 -5.327344894409179688e+00 0.000000000000000000e+00
3.023165464401245117e+00 6.518303871154785156e+00 0.000000000000000000e+00
1.607391357421875000e+01 6.696863174438476562e+00 0.000000000000000000e+00
-3.205685615539550781e+00 -7.725994110107421875e+00 0.000000000000000000e+00
-1.229907035827636719e+01 7.175886034965515137e-01 0.000000000000000000e+00
9.586896896362304688e+00 3.673416614532470703e+00 0.000000000000000000e+00
-1.583728694915771484e+01 -6.348513126373291016e+00 0.000000000000000000e+00
5.210122585296630859e+00 1.362862968444824219e+01 0.000000000000000000e+00
-3.859037160873413086e+00 1.287997055053710938e+01 0.000000000000000000e+00
-9.387257575988769531e+00 8.452084064483642578e-01 0.000000000000000000e+00
-1.103313255310058594e+01 -1.246616268157958984e+01 0.000000000000000000e+00
-7.791815757751464844e+00 -4.913211345672607422e+00 0.000000000000000000e+00
-1.352740478515625000e+01 -2.645554065704345703e+00 0.000000000000000000e+00
4.383964538574218750e+00 4.326567173004150391e+00 0.000000000000000000e+00
-5.878850221633911133e-01 1.701593399047851562e+01 0.000000000000000000e+00
2.099982261657714844e+00 -1.504837703704833984e+01 0.000000000000000000e+00
-1.376244163513183594e+01 -6.274736881256103516e+00 0.000000000000000000e+00
-4.895545005798339844e+00 -1.573257732391357422e+01 0.000000000000000000e+00
1.003488159179687500e+01 -1.166024017333984375e+01 0.000000000000000000e+00
7.937792301177978516e+00 -2.433860540390014648e+00 0.000000000000000000e+00
-3.118092536926269531e+00 -1.375848293304443359e+01 0.000000000000000000e+00
8.275532722473144531e+00 -7.258638858795166016e+00 0.000000000000000000e+00
-5.149092078208923340e-01 -9.578114509582519531e+00 0.000000000000000000e+00
2.296564102172851562e+00 1.498378276824951172e+01 0.000000000000000000e+00
1.085856914520263672e+01 -3.196907341480255127e-01 0.000000000000000000e+00
-8.904980659484863281e+00 9.566615104675292969e+00 0.000000000000000000e+00
-5.042488098144531250e+00 -9.953407287597656250e+00 0.000000000000000000e+00
-7.959811210632324219e+00 -7.959307670593261719e+00 0.000000000000000000e+00
1.147629165649414062e+01 -9.684957504272460938e+00 0.000000000000000000e+00
-1.003226661682128906e+01 2.381535053253173828e+00 0.000000000000000000e+00
-1.276823234558105469e+01 3.532036066055297852e+00 0.000000000000000000e+00
7.195731639862060547e+00 -5.663303852081298828e+00 0.000000000000000000e+00
-7.326681613922119141e+00 3.840592861175537109e+00 0.000000000000000000e+00
-1.227316284179687500e+01 -5.530381202697753906e+00 0.000000000000000000e+00
-5.193619728088378906e+00 -3.763712644577026367e+00 0.000000000000000000e+00
-1.011060047149658203e+01 -7.633018970489501953e+00 0.000000000000000000e+00
5.167601108551025391e+00 1.015996265411376953e+01 0.000000000000000000e+00
1.044219684600830078e+01 5.333261489868164062e+00 0.000000000000000000e+00
1.711481285095214844e+01 1.471928477287292480e+00 0.000000000000000000e+00
-1.034566402435302734e+00 1.193380641937255859e+01 0.000000000000000000e+00
-1.314583396911621094e+01 5.616878509521484375e+00 0.000000000000000000e+00
-1.284536552429199219e+01 -9.228947639465332031e+00 0.000000000000000000e+00
6.143598079681396484e+00 3.808802843093872070e+00 0.000000000000000000e+00
-7.301430225372314453e+00 -6.415722370147705078e+00 0.000000000000000000e+00
-6.123825311660766602e-01 -1.178267288208007812e+01 0.000000000000000000e+00
-5.657490730285644531e+00 -2.121941328048706055e+00 0.000000000000000000e+00
-1.613204574584960938e+01 -4.793081760406494141e+00 0.000000000000000000e+00
6.659317493438720703e+00 -1.093073844909667969e+01 0.000000000000000000e+00
7.923175334930419922e+00 1.057759571075439453e+01 0.000000000000000000e+00
2.803667068481445312e+00 -1.151265525817871094e+01 0.000000000000000000e+00
1.729805755615234375e+01 -1.002644062042236328e+00 0.000000000000000000e+00
3.755589723587036133e+00 1.314748859405517578e+01 0.000000000000000000e+00
4.176548480987548828e+00 -1.678325653076171875e+01 0.000000000000000000e+00
1.450267910957336426e+00 2.310046672821044922e+00 0.000000000000000000e+00
5.317919731140136719e+00 1.204159164428710938e+01 0.000000000000000000e+00
-2.646054506301879883e+00 1.192871809005737305e+00 0.000000000000000000e+00
-3.313774347305297852e+00 4.064828872680664062e+00 0.000000000000000000e+00
-3.674381494522094727e+00 -3.949413776397705078e+00 0.000000000000000000e+00
-7.527564525604248047e+00 1.933055669069290161e-01 0.000000000000000000e+00
-9.330547332763671875e+00 -1.445523071289062500e+01 0.000000000000000000e+00
4.913273811340332031e+00 -8.271787643432617188e+00 0.000000000000000000e+00
-1.463813209533691406e+01 8.533207893371582031e+00 0.000000000000000000e+00
-6.597831726074218750e+00 1.734826445579528809e+00 0.000000000000000000e+00
