4.688589096069335938e+00 -6.517068862915039062e+00 0.000000000000000000e+00
-6.473603248596191406e+00 9.631595611572265625e+00 0.000000000000000000e+00
-1.217190456390380859e+01 1.972404122352600098e+00 0.000000000000000000e+00
-1.733766674995422363e+00 4.078582227230072021e-01 0.000000000000000000e+00
-1.251570987701416016e+01 -6.950925827026367188e+00 0.000000000000000000e+00
-5.498831272125244141e-01 1.116964530944824219e+01 0.000000000000000000e+00
-3.025555424392223358e-02 1.355788898468017578e+01 0.000000000000000000e+00
-6.985144615173339844e+00 -1.620172262191772461e+00 0.000000000000000000e+00
-1.893615007400512695e+00 8.380001068115234375e+00 0.000000000000000000e+00
-9.635529518127441406e+00 1.024870777130126953e+01 0.000000000000000000e+00
-7.774658203125000000e+00 3.464041709899902344e+00 0.000000000000000000e+00
1.017812442779541016e+01 5.662127971649169922e+00 0.000000000000000000e+00
3.631615877151489258e+00 -5.985535383224487305e-01 0.000000000000000000e+00
8.525846481323242188e+00 -1.358792209625244141e+01 0.000000000000000000e+00
-4.539220333099365234e+00 -4.567503631114959717e-01 0.000000000000000000e+00
-7.977990150451660156e+00 5.509515762329101562e+00 0.000000000000000000e+00
1.384960842132568359e+01 -8.659401893615722656e+00 0.000000000000000000e+00
-1.680832290649414062e+01 -4.369501113891601562e+00 0.000000000000000000e+00
-3.770846605300903320e+00 3.970374107360839844e+00 0.000000000000000000e+00
5.187785148620605469e+00 1.040947723388671875e+01 0.000000000000000000e+00
-9.512297630310058594e+00 1.420731258392333984e+01 0.000000000000000000e+00
6.216819763183593750e+00 6.827101230621337891e+00 0.000000000000000000e+00
1.369791603088378906e+01 1.026507854461669922e+01 0.000000000000000000e+00
-1.005145359039306641e+01 -6.582911491394042969e+00 0.000000000000000000e+00
1.289676475524902344e+01 4.196750640869140625e+00 0.000000000000000000e+00
-1.026645755767822266e+01 1.590688943862915039e+00 0.000000000000000000e+00
7.738905429840087891e+00 6.769670009613037109e+00 0.000000000000000000e+00
-1.499046421051025391e+01 -8.564672470092773438e+00 0.000000000000000000e+00
-1.287703037261962891e+01 1.167662143707275391e+01 0.000000000000000000e+00
3.976351499557495117e+00 -1.438365936279296875e+01 0.000000000000000000e+00
-6.233745098114013672e+00 5.320555210113525391e+00 0.000000000000000000e+00
-5.923853397369384766e+00 -4.678697586059570312e+00 0.000000000000000000e+00
-1.674675750732421875e+01 3.483003377914428711e+00 0.000000000000000000e+00
3.969782829284667969e+00 4.208445549011230469e+00 0.000000000000000000e+00
5.693481445312500000e+00 -1.301456451416015625e+01 0.000000000000000000e+00
1.030647563934326172e+01 -5.523158073425292969e+00 0.000000000000000000e+00
1.089290022850036621e+00 1.655238914489746094e+01 0.000000000000000000e+00
-3.216015338897705078e+00 -8.644787788391113281e+00 0.000000000000000000e+00
-1.188532638549804688e+01 -1.611112356185913086e+00 0.000000000000000000e+00
-3.983296394348144531e+00 1.333441066741943359e+01 0.000000000000000000e+00
7.526566982269287109e+00 9.134238243103027344e+00 0.000000000000000000e+00
-6.742940902709960938e+00 1.282207012176513672e+01 0.000000000000000000e+00
1.328859925270080566e+00 1.227211666107177734e+01 0.000000000000000000e+00
-1.272342586517333984e+01 7.468722343444824219e+00 0.000000000000000000e+00
9.108487129211425781e+00 -7.723795890808105469e+00 0.000000000000000000e+00
5.308255195617675781e+00 3.552075028419494629e-01 0.000000000000000000e+00
5.522788763046264648e-01 7.116412162780761719e+00 0.000000000000000000e+00
-4.589615464210510254e-01 3.110386133193969727e+00 0.000000000000000000e+00
5.409698009490966797e+00 1.248182582855224609e+01 0.000000000000000000e+00
5.313241481781005859e+00 -1.394894719123840332e+00 0.000000000000000000e+00
2.350121736526489258e+00 -1.223806858062744141e+01 0.000000000000000000e+00
1.013829708099365234e+01 -3.782301425933837891e+00 0.000000000000000000e+00
-1.914633870124816895e+00 -1.262019634246826172e+01 0.000000000000000000e+00
-1.524707794189453125e+01 4.871397972106933594e+00 0.000000000000000000e+00
-1.209622764587402344e+01 4.425702095031738281e+00 0.000000000000000000e+00
-3.731862828135490417e-02 -4.212047100067138672e+00 0.000000000000000000e+00
1.213060379028320312e+00 -1.695377159118652344e+01 0.000000000000000000e+00
1.797119498252868652e+00 1.413114738464355469e+01 0.000000000000000000e+00
1.223035049438476562e+01 8.782152175903320312e+00 0.000000000000000000e+00
-3.958284139633178711e+00 -1.503336811065673828e+01 0.000000000000000000e+00
2.666255235671997070e+00 6.830281257629394531e+00 0.000000000000000000e+00
-3.194473743438720703e+00 -1.808498144149780273e+00 0.000000000000000000e+00
-5.446222782135009766e+00 2.670745372772216797e+00 0.000000000000000000e+00
-1.261780071258544922e+01 -5.188174247741699219e+00 0.000000000000000000e+00
1.090189838409423828e+01 -8.691283226013183594e+00 0.000000000000000000e+00
-1.042008972167968750e+01 -8.281340599060058594e+00 0.000000000000000000e+00
-7.879171848297119141e+00 7.174986839294433594e+00 0.000000000000000000e+00
-4.851511001586914062e+00 -8.367530822753906250e+00 0.000000000000000000e+00
1.211472034454345703e+01 -1.187325382232666016e+01 0.000000000000000000e+00
1.605011749267578125e+01 -5.122476100921630859e+00 0.000000000000000000e+00
-1.648318672180175781e+01 1.211789369583129883e+00 0.000000000000000000e+00
1.009239864349365234e+01 2.966522216796875000e+00 0.000000000000000000e+00
1.017847251892089844e+01 7.073522806167602539e-01 0.000000000000000000e+00
2.801031351089477539e+00 -8.277401924133300781e+00 0.000000000000000000e+00
-7.255086898803710938e+00 -1.302760505676269531e+01 0.000000000000000000e+00
-3.790512561798095703e+00 1.146734237670898438e+01 0.000000000000000000e+00
-1.241016578674316406e+01 -1.077573776245117188e+01 0.000000000000000000e+00
2.712601423263549805e-01 -6.890528202056884766e+00 0.000000000000000000e+00
7.508981704711914062e+00 -4.499398708343505859e+00 0.000000000000000000e+00
1.010913848876953125e+01 7.477741241455078125e+00 0.000000000000000000e+00
2.391995191574096680e+00 2.253760576248168945e+00 0.000000000000000000e+00
-1.114352798461914062e+01 -1.211471557617187500e+01 0.000000000000000000e+00
-7.813418865203857422e+00 1.616449236869812012e+00 0.000000000000000000e+00
-1.135639858245849609e+01 9.320647239685058594e+00 0.000000000000000000e+00
3.993780374526977539e+00 -2.359058380126953125e+00 0.000000000000000000e+00
4.284582138061523438e-01 1.517680644989013672e+01 0.000000000000000000e+00
-6.377043724060058594e+00 1.303895711898803711e-01 0.000000000000000000e+00
-6.532150268554687500e+00 1.520631027221679688e+01 0.000000000000000000e+00
-6.928503990173339844e+00 -1.606260108947753906e+01 0.000000000000000000e+00
6.107764244079589844e+00 3.417800188064575195e+00 0.000000000000000000e+00
1.365154266357421875e+01 9.037576913833618164e-01 0.000000000000000000e+00
1.536812400817871094e+01 -1.675608158111572266e+00 0.000000000000000000e+00
-1.012338638305664062e+01 7.066046714782714844e+00 0.000000000000000000e+00
6.238397598266601562e+00 1.558771324157714844e+01 0.000000000000000000e+00
-1.496270561218261719e+01 -3.142959594726562500e+00 0.000000000000000000e+00
-1.414597034454345703e+01 -7.303458690643310547e+00 0.000000000000000000e+00
-9.097930908203125000e+00 8.314377784729003906e+00 0.000000000000000000e+00
-1.138603019714355469e+01 1.096075344085693359e+01 0.000000000000000000e+00
6.425596028566360474e-02 -1.335563659667968750e+01 0.000000000000000000e+00
1.308502912521362305e+00 -5.250761985778808594e+00 0.000000000000000000e+00
-9.693633079528808594e+00 -8.390044569969177246e-01 0.000000000000000000e+00
7.267311573028564453e+00 2.238394260406494141e+00 0.000000000000000000e+00
4.962132453918457031e+00 -4.884084224700927734e+00 0.000000000000000000e+00
-4.045911312103271484e+00 -5.389511585235595703e+00 0.000000000000000000e+00
-1.385300636291503906e+01 3.135836601257324219e+00 0.000000000000000000e+00
-1.583426570892333984e+01 7.034790039062500000e+00 0.000000000000000000e+00
1.086121082305908203e+01 -1.279822635650634766e+01 0.000000000000000000e+00
4.913167476654052734e+00 -9.489591598510742188e+00 0.000000000000000000e+00
1.404390335083007812e+01 -6.721832752227783203e+00 0.000000000000000000e+00
-4.839729309082031250e+00 8.016643524169921875e+00 0.000000000000000000e+00
1.713688468933105469e+01 2.971289396286010742e+00 0.000000000000000000e+00
1.562014102935791016e+00 -6.240997910499572754e-01 0.000000000000000000e+00
1.375593757629394531e+01 8.336479187011718750e+00 0.000000000000000000e+00
-1.340430641174316406e+01 -2.012106418609619141e+00 0.000000000000000000e+00
1.162293338775634766e+01 -4.639019012451171875e+00 0.000000000000000000e+00
-1.485703754425048828e+01 8.510933876037597656e+00 0.000000000000000000e+00
-5.794312953948974609e+00 -7.130651950836181641e+00 0.000000000000000000e+00
-3.122391462326049805e+00 6.539965152740478516e+00 0.000000000000000000e+00
7.850494384765625000e+00 -1.022533130645751953e+01 0.000000000000000000e+00
1.174333095550537109e+01 -3.183839917182922363e-01 0.000000000000000000e+00
5.627591609954833984e-01 1.731310486793518066e+00 0.000000000000000000e+00
1.715975952148437500e+01 -3.238923847675323486e-01 0.000000000000000000e+00
-1.518858909606933594e+01 -2.284746617078781128e-01 0.000000000000000000e+00
1.262086629867553711e+00 -2.355268478393554688e+00 0.000000000000000000e+00
1.360245990753173828e+01 -1.643179178237915039e+00 0.000000000000000000e+00
-1.009448719024658203e+01 -3.545575618743896484e+00 0.000000000000000000e+00
7.556918621063232422e+00 1.197245025634765625e+01 0.000000000000000000e+00
-1.444028973579406738e+00 -7.690682411193847656e+00 0.000000000000000000e+00
1.625040245056152344e+01 -3.131383895874023438e+00 0.000000000000000000e+00
-2.655366063117980957e-01 -1.109039115905761719e+01 0.000000000000000000e+00
5.636618614196777344e+00 -3.157954692840576172e+00 0.000000000000000000e+00
8.332756042480468750e+00 4.754948139190673828e+00 0.000000000000000000e+00
-1.734295040369033813e-01 -8.587724685668945312e+00 0.000000000000000000e+00
1.144385814666748047e+01 1.622609615325927734e+00 0.000000000000000000e+00
2.224831342697143555e+00 4.372213840484619141e+00 0.000000000000000000e+00
1.508387851715087891e+01 4.183216392993927002e-01 0.000000000000000000e+00
2.728400468826293945e+00 -3.968587160110473633e+00 0.000000000000000000e+00
-7.524159908294677734e+00 -3.903098821640014648e+00 0.000000000000000000e+00
8.936412811279296875e+00 1.489705181121826172e+01 0.000000000000000000e+00
1.394223690032958984e+01 6.765110492706298828e+00 0.000000000000000000e+00
-1.438102871179580688e-01 -1.521560072898864746e+00 0.000000000000000000e+00
3.583240509033203125e+00 1.292014694213867188e+01 0.000000000000000000e+00
-1.228109359741210938e+01 -9.241408348083496094e+00 0.000000000000000000e+00
-8.080439567565917969e+00 -7.421652793884277344e+00 0.000000000000000000e+00
-1.453634858131408691e+00 5.634995937347412109e+00 0.000000000000000000e+00
-3.630764484405517578e+00 -1.066821193695068359e+01 0.000000000000000000e+00
1.553294277191162109e+01 7.554203510284423828e+00 0.000000000000000000e+00
-6.997064948081970215e-01 9.328703880310058594e+00 0.000000000000000000e+00
1.307629966735839844e+01 2.621556758880615234e+00 0.000000000000000000e+00
2.771286964416503906e+00 1.606673049926757812e+01 0.000000000000000000e+00
1.524640369415283203e+01 -7.900292873382568359e+00 0.000000000000000000e+00
-1.008053112030029297e+01 -1.008784770965576172e+01 0.000000000000000000e+00
-7.983161449432373047e+00 -1.462220287322998047e+01 0.000000000000000000e+00
-3.152234315872192383e+00 1.562573337554931641e+01 0.000000000000000000e+00
1.102710008621215820e+00 9.772283554077148438e+00 0.000000000000000000e+00
-1.351549720764160156e+01 8.147926330566406250e-01 0.000000000000000000e+00
3.183421611785888672e+00 8.885440826416015625e+00 0.000000000000000000e+00
-6.274428367614746094e+00 -9.942675590515136719e+00 0.000000000000000000e+00
3.226287841796875000e+00 1.079809093475341797e+01 0.000000000000000000e+00
-1.427573394775390625e+01 6.904998302459716797e+00 0.000000000000000000e+00
7.404786109924316406e+00 -1.246313858032226562e+01 0.000000000000000000e+00
-1.617579698562622070e+00 -1.624955177307128906e+01 0.000000000000000000e+00
1.098287391662597656e+01 -1.019386482238769531e+01 0.000000000000000000e+00
-1.389251232147216797e+01 9.940834999084472656e+00 0.000000000000000000e+00
-5.257287979125976562e+00 -1.134448146820068359e+01 0.000000000000000000e+00
-8.014141082763671875e+00 -9.866724014282226562e+00 0.000000000000000000e+00
9.211476325988769531e+00 1.238717842102050781e+01 0.000000000000000000e+00
1.441784667968750000e+01 4.647944927215576172e+00 0.000000000000000000e+00
1.622662734985351562e+01 4.358752727508544922e+00 0.000000000000000000e+00
1.121075344085693359e+01 1.024187946319580078e+01 0.000000000000000000e+00
1.377093219757080078e+01 -4.467551708221435547e+00 0.000000000000000000e+00
2.719677925109863281e+00 -6.538573265075683594e+00 0.000000000000000000e+00
8.354608535766601562e+00 -2.846358530223369598e-02 0.000000000000000000e+00
-2.355508089065551758e+00 1.271512317657470703e+01 0.000000000000000000e+00
-2.133133649826049805e+00 -3.174866199493408203e+00 0.000000000000000000e+00
-1.648486900329589844e+01 -1.234962940216064453e+00 0.000000000000000000e+00
-2.296191692352294922e+00 2.474901437759399414e+00 0.000000000000000000e+00
-1.115666031837463379e+00 1.738459587097167969e+01 0.000000000000000000e+00
6.452426910400390625e+00 1.396711444854736328e+01 0.000000000000000000e+00
-2.524340391159057617e+00 1.059210109710693359e+01 0.000000000000000000e+00
-1.330990123748779297e+01 5.338150978088378906e+00 0.000000000000000000e+00
5.287182807922363281e+00 -1.543298053741455078e+01 0.000000000000000000e+00
-1.067529392242431641e+01 1.242949008941650391e+01 0.000000000000000000e+00
1.008813476562500000e+01 1.381169033050537109e+01 0.000000000000000000e+00
1.108469772338867188e+01 -1.835792064666748047e+00 0.000000000000000000e+00
4.956613540649414062e+00 5.529494285583496094e+00 0.000000000000000000e+00
1.213007640838623047e+01 -6.802403450012207031e+00 0.000000000000000000e+00
-2.075426578521728516e+00 -1.426441097259521484e+01 0.000000000000000000e+00
-5.533929347991943359e+00 -1.323521232604980469e+01 0.000000000000000000e+00
-1.184959030151367188e+01 -3.636236190795898438e+00 0.000000000000000000e+00
-1.150720238685607910e+00 -5.744386196136474609e+00 0.000000000000000000e+00
4.618723392486572266e+00 7.442484855651855469e+00 0.000000000000000000e+00
-4.898839950561523438e+00 1.609592819213867188e+01 0.000000000000000000e+00
1.653555393218994141e+00 -1.450374698638916016e+01 0.000000000000000000e+00
6.977266788482666016e+00 -1.513437557220458984e+01 0.000000000000000000e+00
-3.108183145523071289e+00 -1.679953193664550781e+01 0.000000000000000000e+00
-4.337719917297363281e+00 -3.864439487457275391e+00 0.000000000000000000e+00
9.147092819213867188e+00 -2.543851852416992188e+00 0.000000000000000000e+00
-7.710952758789062500e+00 -1.140003299713134766e+01 0.000000000000000000e+00
6.885911464691162109e+00 -1.467021822929382324e+00 0.000000000000000000e+00
-7.195537567138671875e+00 1.135468101501464844e+01 0.000000000000000000e+00
3.637928485870361328e+00 -1.663329696655273438e+01 0.000000000000000000e+00
1.265875244140625000e+01 1.151162624359130859e+01 0.000000000000000000e+00
-1.027619838714599609e+01 5.326400756835937500e+00 0.000000000000000000e+00
1.558166885375976562e+01 2.390631198883056641e+00 0.000000000000000000e+00
-1.423192310333251953e+01 -5.105988502502441406e+00 0.000000000000000000e+00
-6.506009101867675781e+00 8.065788269042968750e+00 0.000000000000000000e+00
-3.360150098800659180e+00 6.301137804985046387e-01 0.000000000000000000e+00
6.099929809570312500e+00 8.446214675903320312e+00 0.000000000000000000e+00
3.442906141281127930e+00 -1.051229381561279297e+01 0.000000000000000000e+00
4.883300304412841797e+00 1.490267467498779297e+01 0.000000000000000000e+00
3.801548480987548828e-01 -1.542267704010009766e+01 0.000000000000000000e+00
9.369769096374511719e+00 -9.241412162780761719e+00 0.000000000000000000e+00
1.593567752838134766e+01 5.992797851562500000e+00 0.000000000000000000e+00
1.242074203491210938e+01 6.347508430480957031e+00 0.000000000000000000e+00
4.379223823547363281e+00 1.683741760253906250e+01 0.000000000000000000e+00
-1.493220233917236328e+01 1.571862339973449707e+00 0.000000000000000000e+00
7.955937385559082031e-01 5.541066169738769531e+00 0.000000000000000000e+00
-1.550522136688232422e+01 -6.489724159240722656e+00 0.000000000000000000e+00
6.744606971740722656e+00 1.045053005218505859e+01 0.000000000000000000e+00
-8.927845001220703125e+00 1.203003501892089844e+01 0.000000000000000000e+00
-9.435815811157226562e+00 -1.423348999023437500e+01 0.000000000000000000e+00
5.648592472076416016e+00 -8.086663246154785156e+00 0.000000000000000000e+00
9.102153778076171875e+00 -1.130566883087158203e+01 0.000000000000000000e+00
-8.683968544006347656e+00 -2.620570182800292969e+00 0.000000000000000000e+00
8.995504379272460938e+00 9.944049835205078125e+00 0.000000000000000000e+00
1.715705680847167969e+01 1.395664930343627930e+00 0.000000000000000000e+00
-4.519831180572509766e+00 5.911676406860351562e+00 0.000000000000000000e+00
7.761007308959960938e+00 -6.031840801239013672e+00 0.000000000000000000e+00
-4.649060726165771484e+00 9.595452308654785156e+00 0.000000000000000000e+00
-4.706504821777343750e+00 -2.265427350997924805e+00 0.000000000000000000e+00
-1.376658630371093750e+01 -9.516538619995117188e+00 0.000000000000000000e+00
4.439073085784912109e+00 -1.212485027313232422e+01 0.000000000000000000e+00
-9.566054344177246094e+00 2.986557006835937500e+00 0.000000000000000000e+00
-5.384438991546630859e+00 1.161418056488037109e+01 0.000000000000000000e+00
-9.343706130981445312e+00 -1.210487174987792969e+01 0.000000000000000000e+00
1.794130563735961914e+00 -9.797604560852050781e+00 0.000000000000000000e+00
-8.104804992675781250e+00 -5.552086830139160156e+00 0.000000000000000000e+00
3.377539157867431641e+00 1.461739540100097656e+01 0.000000000000000000e+00
1.070503139495849609e+01 1.184190368652343750e+01 0.000000000000000000e+00
-2.445376873016357422e+00 -4.711385250091552734e+00 0.000000000000000000e+00
1.247595882415771484e+01 -9.372094154357910156e+00 0.000000000000000000e+00
1.394410133361816406e+01 -1.022721576690673828e+01 0.000000000000000000e+00
-1.142623424530029297e+00 -9.868684768676757812e+00 0.000000000000000000e+00
8.773221015930175781e+00 1.548114418983459473e+00 0.000000000000000000e+00
-1.153620433807373047e+01 5.577377676963806152e-01 0.000000000000000000e+00
7.158845424652099609e+00 -7.589690208435058594e+00 0.000000000000000000e+00
-8.140699386596679688e+00 9.476146697998046875e+00 0.000000000000000000e+00
-2.919317483901977539e-01 -1.714331054687500000e+01 0.000000000000000000e+00
-5.909603595733642578e+00 -1.488338851928710938e+01 0.000000000000000000e+00
-1.448014378547668457e+00 1.521512699127197266e+01 0.000000000000000000e+00
-5.202746868133544922e+00 -1.641262626647949219e+01 0.000000000000000000e+00
-4.128854751586914062e+00 -1.268589019775390625e+01 0.000000000000000000e+00
1.637949109077453613e+00 8.223321914672851562e+00 0.000000000000000000e+00
6.766210079193115234e+00 7.996886968612670898e-01 0.000000000000000000e+00
-3.424987077713012695e+00 8.587054252624511719e+00 0.000000000000000000e+00
