-2.631888142073738557e+00 -3.231328018193835305e-01
-1.862303028655620363e+00 6.618741794783238319e-01
-1.092717915237501725e+00 1.646881160776031194e+00
-3.231328018193835305e-01 2.631888142073738557e+00
-1.646881160776031194e+00 -1.092717915237501725e+00
-8.772960473579128893e-01 -1.077109339397944732e-01
-1.077109339397944732e-01 8.772960473579128893e-01
6.618741794783238319e-01 1.862303028655620363e+00
-6.618741794783238319e-01 -1.862303028655620363e+00
1.077109339397944732e-01 -8.772960473579128893e-01
8.772960473579128893e-01 1.077109339397944732e-01
1.646881160776031194e+00 1.092717915237501725e+00
3.231328018193835305e-01 -2.631888142073738557e+00
1.092717915237501725e+00 -1.646881160776031194e+00
1.862303028655620363e+00 -6.618741794783238319e-01
2.631888142073738557e+00 3.231328018193835305e-01
