4.823621273040771484e+00 1.215814685821533203e+01 0.000000000000000000e+00
-9.595246315002441406e+00 -1.190290832519531250e+01 0.000000000000000000e+00
-6.216653347015380859e+00 1.336673069000244141e+01 0.000000000000000000e+00
1.106205749511718750e+01 8.169668197631835938e+00 0.000000000000000000e+00
5.260526657104492188e+00 9.418226242065429688e+00 0.000000000000000000e+00
4.005892276763916016e+00 -5.053350925445556641e+00 0.000000000000000000e+00
1.868754982948303223e+00 1.435337543487548828e+01 0.000000000000000000e+00
4.525726795196533203e+00 5.473103046417236328e+00 0.000000000000000000e+00
4.443543434143066406e+00 1.487886607646942139e-01 0.000000000000000000e+00
8.814546585083007812e+00 -6.095508575439453125e+00 0.000000000000000000e+00
1.012897014617919922e+01 -1.318099594116210938e+01 0.000000000000000000e+00
-4.894328594207763672e+00 1.602220916748046875e+01 0.000000000000000000e+00
1.266132354736328125e+01 -1.382994413375854492e+00 0.000000000000000000e+00
8.362866401672363281e+00 2.132809162139892578e+00 0.000000000000000000e+00
1.499765777587890625e+01 -9.725317955017089844e-01 0.000000000000000000e+00
8.219117164611816406e+00 1.188149547576904297e+01 0.000000000000000000e+00
-1.552893924713134766e+01 7.194032073020935059e-01 0.000000000000000000e+00
7.516566753387451172e+00 6.612908840179443359e+00 0.000000000000000000e+00
5.034533023834228516e+00 1.605475807189941406e+01 0.000000000000000000e+00
1.214182376861572266e+01 -4.102878093719482422e+00 0.000000000000000000e+00
5.161385059356689453e+00 -1.456567287445068359e+01 0.000000000000000000e+00
1.135853672027587891e+01 -7.713400363922119141e+00 0.000000000000000000e+00
-4.513727664947509766e+00 2.865235328674316406e+00 0.000000000000000000e+00
2.434780120849609375e+00 -6.070228099822998047e+00 0.000000000000000000e+00
-4.209705829620361328e+00 1.094946503639221191e+00 0.000000000000000000e+00
-1.423176765441894531e+01 -3.461976528167724609e+00 0.000000000000000000e+00
-1.366167068481445312e+01 -4.010122120380401611e-01 0.000000000000000000e+00
-5.364582538604736328e+00 -8.446593284606933594e+00 0.000000000000000000e+00
-1.204926490783691406e+01 1.006857204437255859e+01 0.000000000000000000e+00
-4.461648762226104736e-01 -4.196680068969726562e+00 0.000000000000000000e+00
-1.111114978790283203e+01 1.188581562042236328e+01 0.000000000000000000e+00
-3.713851690292358398e+00 4.546081066131591797e+00 0.000000000000000000e+00
-4.230787754058837891e+00 -6.347849845886230469e+00 0.000000000000000000e+00
5.219110965728759766e+00 -1.205982875823974609e+01 0.000000000000000000e+00
-4.381102561950683594e+00 -3.236020088195800781e+00 0.000000000000000000e+00
-9.228680610656738281e+00 1.345593357086181641e+01 0.000000000000000000e+00
1.290363121032714844e+01 4.128284931182861328e+00 0.000000000000000000e+00
-1.086816406250000000e+01 -6.951632976531982422e+00 0.000000000000000000e+00
-1.175535297393798828e+01 4.167636394500732422e+00 0.000000000000000000e+00
-3.262105464935302734e+00 -1.176672363281250000e+01 0.000000000000000000e+00
-9.317939758300781250e+00 -7.043979167938232422e+00 0.000000000000000000e+00
-1.268319249153137207e+00 5.746396064758300781e+00 0.000000000000000000e+00
-1.126001238822937012e+00 -7.207139968872070312e+00 0.000000000000000000e+00
1.031846904754638672e+01 -1.149760246276855469e+01 0.000000000000000000e+00
1.414063072204589844e+01 -1.009484958648681641e+01 0.000000000000000000e+00
8.541866302490234375e+00 3.633413553237915039e+00 0.000000000000000000e+00
1.156192493438720703e+01 1.210406589508056641e+01 0.000000000000000000e+00
1.009870815277099609e+01 3.074614286422729492e+00 0.000000000000000000e+00
-1.057120561599731445e+00 1.294235110282897949e+00 0.000000000000000000e+00
6.026678085327148438e-01 6.525969982147216797e+00 0.000000000000000000e+00
-7.317140102386474609e+00 1.187286281585693359e+01 0.000000000000000000e+00
1.414301395416259766e+01 -6.657468795776367188e+00 0.000000000000000000e+00
-9.027016639709472656e+00 -6.975780241191387177e-03 0.000000000000000000e+00
2.068891763687133789e+00 -1.805418968200683594e+00 0.000000000000000000e+00
-9.852441787719726562e+00 4.267512798309326172e+00 0.000000000000000000e+00
-2.576881885528564453e+00 -5.647018432617187500e+00 0.000000000000000000e+00
2.669570207595825195e+00 -1.709356307983398438e+01 0.000000000000000000e+00
-1.116403484344482422e+01 -1.222891712188720703e+01 0.000000000000000000e+00
-2.612660884857177734e+00 1.499087691307067871e+00 0.000000000000000000e+00
-8.331761360168457031e+00 -1.003651046752929688e+01 0.000000000000000000e+00
3.528811454772949219e+00 -8.798387527465820312e+00 0.000000000000000000e+00
-5.483395099639892578e+00 -1.131395244598388672e+01 0.000000000000000000e+00
6.146539688110351562e+00 5.428859233856201172e+00 0.000000000000000000e+00
3.787889003753662109e+00 -3.519279956817626953e+00 0.000000000000000000e+00
1.481380939483642578e+01 7.449769496917724609e+00 0.000000000000000000e+00
-1.063256072998046875e+01 -3.686238050460815430e+00 0.000000000000000000e+00
1.118887615203857422e+01 9.961838722229003906e+00 0.000000000000000000e+00
-6.776070594787597656e+00 -7.022896289825439453e+00 0.000000000000000000e+00
-5.804494857788085938e+00 -1.356658554077148438e+01 0.000000000000000000e+00
-3.035118341445922852e+00 -7.393501281738281250e+00 0.000000000000000000e+00
1.276509284973144531e+00 -8.874345779418945312e+00 0.000000000000000000e+00
-1.399839687347412109e+01 6.799267292022705078e+00 0.000000000000000000e+00
-6.929403781890869141e+00 8.200223922729492188e+00 0.000000000000000000e+00
-2.296067237854003906e+00 1.446299266815185547e+01 0.000000000000000000e+00
1.646460342407226562e+01 -4.667140960693359375e+00 0.000000000000000000e+00
8.474978446960449219e+00 -1.259527921676635742e+00 0.000000000000000000e+00
-8.114237785339355469e+00 -4.988159656524658203e+00 0.000000000000000000e+00
5.921122074127197266e+00 8.020931243896484375e+00 0.000000000000000000e+00
2.380245923995971680e+00 1.694911003112792969e+01 0.000000000000000000e+00
-6.568552017211914062e+00 -5.400611758232116699e-01 0.000000000000000000e+00
2.286940813064575195e+00 1.184452438354492188e+01 0.000000000000000000e+00
-1.593304347991943359e+01 5.528448104858398438e+00 0.000000000000000000e+00
-2.262981653213500977e+00 -9.894706726074218750e+00 0.000000000000000000e+00
-1.057982742786407471e-01 -1.092168903350830078e+01 0.000000000000000000e+00
1.157320308685302734e+01 -5.541716098785400391e+00 0.000000000000000000e+00
-7.605035901069641113e-01 1.424219226837158203e+01 0.000000000000000000e+00
3.563028812408447266e+00 6.680047035217285156e+00 0.000000000000000000e+00
4.730611801147460938e+00 -1.531452536582946777e+00 0.000000000000000000e+00
-1.164968681335449219e+01 5.906094074249267578e+00 0.000000000000000000e+00
-2.872320175170898438e+00 1.232957553863525391e+01 0.000000000000000000e+00
6.975973606109619141e+00 -1.148510074615478516e+01 0.000000000000000000e+00
-1.211141872406005859e+01 7.808255195617675781e+00 0.000000000000000000e+00
-9.935917258262634277e-01 7.859945297241210938e+00 0.000000000000000000e+00
-7.824988365173339844e+00 -2.142524719238281250e+00 0.000000000000000000e+00
-1.341027140617370605e+00 -1.182222938537597656e+01 0.000000000000000000e+00
1.186419367790222168e+00 8.306671142578125000e+00 0.000000000000000000e+00
1.292261505126953125e+01 6.247605800628662109e+00 0.000000000000000000e+00
3.794263839721679688e+00 -1.027905941009521484e+01 0.000000000000000000e+00
8.010192871093750000e+00 -4.272177696228027344e+00 0.000000000000000000e+00
7.113875865936279297e+00 1.447393894195556641e+01 0.000000000000000000e+00
1.420872783660888672e+01 3.353146314620971680e+00 0.000000000000000000e+00
-6.025071740150451660e-01 -3.821764886379241943e-01 0.000000000000000000e+00
-2.903236448764801025e-01 1.683846664428710938e+01 0.000000000000000000e+00
-2.319289684295654297e+00 1.698296165466308594e+01 0.000000000000000000e+00
-5.815346837043762207e-01 -8.710813522338867188e+00 0.000000000000000000e+00
4.738539218902587891e+00 1.415664386749267578e+01 0.000000000000000000e+00
9.992984771728515625e+00 1.260389709472656250e+01 0.000000000000000000e+00
7.911530494689941406e+00 -1.420652770996093750e+01 0.000000000000000000e+00
8.546454310417175293e-01 -1.450926780700683594e+01 0.000000000000000000e+00
-3.206195116043090820e+00 -1.401176166534423828e+01 0.000000000000000000e+00
-1.283354854583740234e+01 -2.196709156036376953e+00 0.000000000000000000e+00
6.376165390014648438e+00 -2.231109142303466797e+00 0.000000000000000000e+00
-1.598485565185546875e+01 -1.543486475944519043e+00 0.000000000000000000e+00
1.059844303131103516e+01 4.628299713134765625e+00 0.000000000000000000e+00
-4.085727691650390625e+00 -1.582573032379150391e+01 0.000000000000000000e+00
2.366940259933471680e+00 3.936183929443359375e+00 0.000000000000000000e+00
-1.969864606857299805e+00 -2.335329294204711914e+00 0.000000000000000000e+00
-8.461739540100097656e+00 9.755278587341308594e+00 0.000000000000000000e+00
3.424299478530883789e+00 1.364045619964599609e+00 0.000000000000000000e+00
1.177725434303283691e+00 1.059762573242187500e+01 0.000000000000000000e+00
1.670031356811523438e+01 2.561767339706420898e+00 0.000000000000000000e+00
-9.624589920043945312e+00 -1.389045834541320801e+00 0.000000000000000000e+00
-1.294854736328125000e+01 -8.627412796020507812e+00 0.000000000000000000e+00
-1.215927982330322266e+01 -4.373701095581054688e+00 0.000000000000000000e+00
-1.341558742523193359e+01 -5.663101196289062500e+00 0.000000000000000000e+00
1.029402637481689453e+01 6.139280796051025391e+00 0.000000000000000000e+00
2.998747229576110840e-01 -1.592325782775878906e+01 0.000000000000000000e+00
-6.666821002960205078e+00 -4.456665992736816406e+00 0.000000000000000000e+00
-4.149003028869628906e+00 6.418529987335205078e+00 0.000000000000000000e+00
-9.316341400146484375e+00 -1.352655887603759766e+01 0.000000000000000000e+00
1.272597026824951172e+01 2.060319900512695312e+00 0.000000000000000000e+00
1.506659603118896484e+01 2.092621564865112305e+00 0.000000000000000000e+00
2.049718856811523438e+00 -1.269055157899856567e-01 0.000000000000000000e+00
3.347243070602416992e+00 8.671708106994628906e+00 0.000000000000000000e+00
1.627514362335205078e-01 4.886353015899658203e+00 0.000000000000000000e+00
3.645160913467407227e+00 -1.552634716033935547e+01 0.000000000000000000e+00
-8.517283439636230469e+00 -8.399833679199218750e+00 0.000000000000000000e+00
-6.577151775360107422e+00 2.381881237030029297e+00 0.000000000000000000e+00
9.610358238220214844e+00 1.425139999389648438e+01 0.000000000000000000e+00
8.073097229003906250e+00 -1.045087051391601562e+01 0.000000000000000000e+00
1.491628646850585938e+01 -8.192666053771972656e+00 0.000000000000000000e+00
-4.008046150207519531e+00 1.050584506988525391e+01 0.000000000000000000e+00
-7.236849308013916016e+00 1.535864448547363281e+01 0.000000000000000000e+00
5.044853687286376953e+00 -7.910589694976806641e+00 0.000000000000000000e+00
1.034190750122070312e+01 -1.561790108680725098e+00 0.000000000000000000e+00
-2.050583839416503906e+00 1.036391162872314453e+01 0.000000000000000000e+00
-5.578178405761718750e+00 5.094983577728271484e+00 0.000000000000000000e+00
1.526972866058349609e+01 -3.497063159942626953e+00 0.000000000000000000e+00
8.332428932189941406e-01 1.553277492523193359e+01 0.000000000000000000e+00
-7.894575119018554688e+00 1.150004863739013672e+00 0.000000000000000000e+00
6.295347213745117188e+00 2.901183128356933594e+00 0.000000000000000000e+00
2.595968358218669891e-02 -1.902407646179199219e+00 0.000000000000000000e+00
1.439874839782714844e+01 -5.088398933410644531e+00 0.000000000000000000e+00
-1.691472053527832031e+01 2.938954830169677734e+00 0.000000000000000000e+00
-2.409502983093261719e+00 -2.724436521530151367e-01 0.000000000000000000e+00
1.131266236305236816e+00 1.213657379150390625e+00 0.000000000000000000e+00
-1.130439090728759766e+01 -9.789961814880371094e+00 0.000000000000000000e+00
5.428977012634277344e+00 -5.915232658386230469e+00 0.000000000000000000e+00
-1.050052356719970703e+01 1.004973697662353516e+01 0.000000000000000000e+00
1.360872936248779297e+01 9.704504013061523438e+00 0.000000000000000000e+00
9.569970130920410156e+00 -7.431444644927978516e+00 0.000000000000000000e+00
-1.045970535278320312e+01 1.312550425529479980e+00 0.000000000000000000e+00
3.918767213821411133e+00 -6.903339862823486328e+00 0.000000000000000000e+00
9.353590011596679688e+00 -8.925832748413085938e+00 0.000000000000000000e+00
2.525139570236206055e+00 -1.171890640258789062e+01 0.000000000000000000e+00
1.369141197204589844e+01 -3.371460199356079102e+00 0.000000000000000000e+00
-1.585236358642578125e+01 -5.545891284942626953e+00 0.000000000000000000e+00
-1.212978005409240723e+00 1.184521579742431641e+01 0.000000000000000000e+00
1.690826988220214844e+01 6.619451642036437988e-01 0.000000000000000000e+00
-1.662778854370117188e+01 -3.212454319000244141e+00 0.000000000000000000e+00
-2.775546312332153320e+00 7.286355972290039062e+00 0.000000000000000000e+00
-7.318321228027343750e+00 -1.287884998321533203e+01 0.000000000000000000e+00
7.813715338706970215e-01 -1.746370124816894531e+01 0.000000000000000000e+00
-6.951733589172363281e+00 -1.082290554046630859e+01 0.000000000000000000e+00
-6.258335590362548828e+00 -2.754585027694702148e+00 0.000000000000000000e+00
-3.003494977951049805e+00 -3.930984020233154297e+00 0.000000000000000000e+00
-9.487313270568847656e+00 2.700331449508666992e+00 0.000000000000000000e+00
1.653658294677734375e+01 -1.791159987449645996e+00 0.000000000000000000e+00
-7.476105213165283203e+00 -1.566586017608642578e+01 0.000000000000000000e+00
-1.286776065826416016e+00 -1.369378376007080078e+01 0.000000000000000000e+00
1.028161621093750000e+01 1.531095862388610840e+00 0.000000000000000000e+00
6.772339344024658203e+00 1.031345844268798828e+01 0.000000000000000000e+00
-3.937602996826171875e+00 -1.284248471260070801e+00 0.000000000000000000e+00
1.375559711456298828e+01 8.450280129909515381e-02 0.000000000000000000e+00
9.814523696899414062e+00 9.003808021545410156e+00 0.000000000000000000e+00
-5.780073404312133789e-01 3.363449335098266602e+00 0.000000000000000000e+00
-8.537305831909179688e+00 5.655472755432128906e+00 0.000000000000000000e+00
6.970296382904052734e+00 -8.493188023567199707e-01 0.000000000000000000e+00
1.057620716094970703e+01 -3.531858682632446289e+00 0.000000000000000000e+00
-1.306684398651123047e+01 1.124903583526611328e+01 0.000000000000000000e+00
1.203325748443603516e+01 3.439611196517944336e-01 0.000000000000000000e+00
1.172049522399902344e+01 -1.040771198272705078e+01 0.000000000000000000e+00
-1.142881584167480469e+01 -9.877880215644836426e-01 0.000000000000000000e+00
8.905090689659118652e-01 -1.299349498748779297e+01 0.000000000000000000e+00
-1.454313087463378906e+01 1.861209034919738770e+00 0.000000000000000000e+00
-1.976807951927185059e+00 -1.673143959045410156e+01 0.000000000000000000e+00
3.770986795425415039e+00 3.328993558883666992e+00 0.000000000000000000e+00
3.176667690277099609e+00 -1.406174087524414062e+01 0.000000000000000000e+00
9.941937923431396484e-01 -6.788512229919433594e+00 0.000000000000000000e+00
-6.080537796020507812e+00 1.006058597564697266e+01 0.000000000000000000e+00
-4.625058174133300781e+00 1.288288116455078125e+01 0.000000000000000000e+00
1.431268405914306641e+01 5.185972690582275391e+00 0.000000000000000000e+00
8.614264488220214844e+00 5.501546382904052734e+00 0.000000000000000000e+00
-7.459006786346435547e+00 6.771071910858154297e+00 0.000000000000000000e+00
1.123035073280334473e+00 -4.897950172424316406e+00 0.000000000000000000e+00
-1.405701160430908203e+01 -9.936005592346191406e+00 0.000000000000000000e+00
-9.204533576965332031e+00 1.191281795501708984e+01 0.000000000000000000e+00
6.059566497802734375e+00 -4.016697883605957031e+00 0.000000000000000000e+00
7.409071922302246094e+00 -1.572272777557373047e+01 0.000000000000000000e+00
3.023725748062133789e+00 1.558174133300781250e+01 0.000000000000000000e+00
-9.996383666992187500e+00 6.423469066619873047e+00 0.000000000000000000e+00
-1.403930282592773438e+01 9.044301986694335938e+00 0.000000000000000000e+00
1.612840652465820312e+01 -6.739167213439941406e+00 0.000000000000000000e+00
-9.790737152099609375e+00 -5.444097995758056641e+00 0.000000000000000000e+00
-1.725345802307128906e+01 6.970284581184387207e-01 0.000000000000000000e+00
7.698619842529296875e+00 8.406688690185546875e+00 0.000000000000000000e+00
1.009801673889160156e+01 -5.189527034759521484e+00 0.000000000000000000e+00
3.354073166847229004e-01 1.299415779113769531e+01 0.000000000000000000e+00
-1.485294342041015625e+01 -7.267999172210693359e+00 0.000000000000000000e+00
-9.144387245178222656e+00 -2.975103378295898438e+00 0.000000000000000000e+00
-8.620529174804687500e+00 7.800866603851318359e+00 0.000000000000000000e+00
-5.286275386810302734e+00 8.210372924804687500e+00 0.000000000000000000e+00
7.544727325439453125e+00 -6.925362110137939453e+00 0.000000000000000000e+00
2.469647407531738281e+00 5.471309185028076172e+00 0.000000000000000000e+00
5.706201076507568359e+00 1.255815625190734863e+00 0.000000000000000000e+00
1.168360900878906250e+01 -1.278317737579345703e+01 0.000000000000000000e+00
1.670310974121093750e+01 4.614376544952392578e+00 0.000000000000000000e+00
1.615023994445800781e+01 6.566472530364990234e+00 0.000000000000000000e+00
-3.794064044952392578e+00 -9.909007072448730469e+00 0.000000000000000000e+00
9.913671493530273438e+00 1.094700622558593750e+01 0.000000000000000000e+00
-3.241977214813232422e+00 8.970787048339843750e+00 0.000000000000000000e+00
-1.406445217132568359e+01 4.322766780853271484e+00 0.000000000000000000e+00
5.907649040222167969e+00 -1.591657066345214844e+01 0.000000000000000000e+00
8.863406181335449219e+00 2.041916996240615845e-01 0.000000000000000000e+00
-6.907972335815429688e+00 -8.621665954589843750e+00 0.000000000000000000e+00
-1.288809627294540405e-01 9.809816360473632812e+00 0.000000000000000000e+00
-1.229631233215332031e+01 1.876362085342407227e+00 0.000000000000000000e+00
-7.275467872619628906e+00 4.688154220581054688e+00 0.000000000000000000e+00
5.470764636993408203e+00 -1.018336963653564453e+01 0.000000000000000000e+00
5.220498561859130859e+00 4.080801010131835938e+00 0.000000000000000000e+00
-1.533539009094238281e+01 7.923541069030761719e+00 0.000000000000000000e+00
1.544072628021240234e+00 -1.044882488250732422e+01 0.000000000000000000e+00
1.300727367401123047e+01 -8.749412536621093750e+00 0.000000000000000000e+00
7.786661148071289062e+00 -8.847990036010742188e+00 0.000000000000000000e+00
-5.963943004608154297e+00 -1.505845642089843750e+01 0.000000000000000000e+00
-2.061784744262695312e+00 3.011568784713745117e+00 0.000000000000000000e+00
-5.163989543914794922e+00 1.451161003112792969e+01 0.000000000000000000e+00
-1.258166027069091797e+01 -1.168351078033447266e+01 0.000000000000000000e+00
8.576080322265625000e+00 -1.198459434509277344e+01 0.000000000000000000e+00
6.859784126281738281e+00 1.274550914764404297e+01 0.000000000000000000e+00
-1.270272922515869141e+01 -7.050858497619628906e+00 0.000000000000000000e+00
-4.690546512603759766e+00 -4.871394634246826172e+00 0.000000000000000000e+00
7.843848705291748047e+00 -2.625281333923339844e+00 0.000000000000000000e+00
7.192962646484375000e+00 6.745152473449707031e-01 0.000000000000000000e+00
-1.585540962219238281e+01 4.011421680450439453e+00 0.000000000000000000e+00
3.953559160232543945e+00 1.017234420776367188e+01 0.000000000000000000e+00
