6.857901215553283691e-01 1.499588775634765625e+01 0.000000000000000000e+00
7.987220764160156250e+00 -1.965187430381774902e+00 0.000000000000000000e+00
1.582874536514282227e+00 1.017283248901367188e+01 0.000000000000000000e+00
4.736512601375579834e-01 -7.064460277557373047e+00 0.000000000000000000e+00
-7.059554576873779297e+00 -1.103326559066772461e+00 0.000000000000000000e+00
-2.516726016998291016e+00 3.401676893234252930e+00 0.000000000000000000e+00
1.154265689849853516e+01 -5.167207717895507812e+00 0.000000000000000000e+00
3.615671157836914062e+00 -6.255325317382812500e+00 0.000000000000000000e+00
-1.113692474365234375e+01 1.177688121795654297e+01 0.000000000000000000e+00
5.165388107299804688e+00 2.244638442993164062e+00 0.000000000000000000e+00
3.800160884857177734e+00 -1.212612342834472656e+01 0.000000000000000000e+00
1.440041732788085938e+01 5.523044109344482422e+00 0.000000000000000000e+00
3.767844915390014648e+00 9.260029792785644531e+00 0.000000000000000000e+00
1.316009426116943359e+01 -1.927541375160217285e+00 0.000000000000000000e+00
1.058094978332519531e+01 2.466417849063873291e-01 0.000000000000000000e+00
1.080794811248779297e+01 -1.338444709777832031e+01 0.000000000000000000e+00
2.391388177871704102e+00 3.079914569854736328e+00 0.000000000000000000e+00
-7.240416526794433594e+00 -9.494371414184570312e+00 0.000000000000000000e+00
-9.533968925476074219e+00 -1.560793519020080566e+00 0.000000000000000000e+00
-1.423027753829956055e+00 -1.639940023422241211e+00 0.000000000000000000e+00
-8.740550041198730469e+00 -1.304344654083251953e+01 0.000000000000000000e+00
4.519967555999755859e+00 6.184114933013916016e+00 0.000000000000000000e+00
4.260895252227783203e+00 1.040805101394653320e+00 0.000000000000000000e+00
-1.235410785675048828e+01 -6.047229290008544922e+00 0.000000000000000000e+00
2.454761601984500885e-02 1.651700210571289062e+01 0.000000000000000000e+00
-6.822273731231689453e+00 -1.487214565277099609e+01 0.000000000000000000e+00
6.713212490081787109e+00 1.613517165184020996e+00 0.000000000000000000e+00
-7.075982689857482910e-01 -5.611159324645996094e+00 0.000000000000000000e+00
5.362770080566406250e+00 1.620176124572753906e+01 0.000000000000000000e+00
-9.895656585693359375e+00 -1.413368606567382812e+01 0.000000000000000000e+00
-1.439021015167236328e+01 -3.027311801910400391e+00 0.000000000000000000e+00
-1.189691829681396484e+01 5.614178657531738281e+00 0.000000000000000000e+00
-6.866459369659423828e+00 3.102149009704589844e+00 0.000000000000000000e+00
1.603474235534667969e+01 -4.928922653198242188e+00 0.000000000000000000e+00
-1.954658031463623047e+00 1.106317043304443359e+01 0.000000000000000000e+00
1.126721858978271484e+01 1.213792228698730469e+01 0.000000000000000000e+00
-4.568911075592041016e+00 -1.066576290130615234e+01 0.000000000000000000e+00
1.291170120239257812e+01 7.158622741699218750e-01 0.000000000000000000e+00
5.322934150695800781e+00 -1.511852931976318359e+01 0.000000000000000000e+00
1.314029216766357422e+01 -9.275511741638183594e+00 0.000000000000000000e+00
-3.123758554458618164e+00 -6.144934177398681641e+00 0.000000000000000000e+00
-1.022043991088867188e+01 9.662047386169433594e+00 0.000000000000000000e+00
-2.574644088745117188e+00 8.943044543266296387e-01 0.000000000000000000e+00
1.062751102447509766e+01 9.208899497985839844e+00 0.000000000000000000e+00
4.414316177368164062e+00 -1.046775150299072266e+01 0.000000000000000000e+00
1.381000614166259766e+01 -6.995494842529296875e+00 0.000000000000000000e+00
2.409604936838150024e-01 8.541944503784179688e+00 0.000000000000000000e+00
-1.330109786987304688e+01 1.831951618194580078e+00 0.000000000000000000e+00
-8.003260612487792969e+00 8.213834762573242188e+00 0.000000000000000000e+00
-1.083872699737548828e+01 -6.111579418182373047e+00 0.000000000000000000e+00
9.363582611083984375e+00 1.248852062225341797e+01 0.000000000000000000e+00
-1.632131767272949219e+01 2.858252763748168945e+00 0.000000000000000000e+00
-1.240089035034179688e+01 -2.826741218566894531e+00 0.000000000000000000e+00
1.434118747711181641e+01 -4.009040832519531250e+00 0.000000000000000000e+00
-1.344909191131591797e+01 -1.066602706909179688e+01 0.000000000000000000e+00
-1.244675993919372559e+00 -1.123010158538818359e+01 0.000000000000000000e+00
1.572314453125000000e+01 3.537508964538574219e+00 0.000000000000000000e+00
-4.604366779327392578e+00 -9.489915966987609863e-01 0.000000000000000000e+00
4.793108463287353516e+00 -1.165982604026794434e+00 0.000000000000000000e+00
2.881000280380249023e+00 -8.969535827636718750e+00 0.000000000000000000e+00
1.555474758148193359e+01 7.787491798400878906e+00 0.000000000000000000e+00
1.367007970809936523e+00 -1.492904472351074219e+01 0.000000000000000000e+00
-6.315024852752685547e+00 1.567700290679931641e+01 0.000000000000000000e+00
1.504224586486816406e+01 -8.003058433532714844e+00 0.000000000000000000e+00
7.171057224273681641e+00 1.137839412689208984e+01 0.000000000000000000e+00
-1.511695194244384766e+01 1.343000531196594238e+00 0.000000000000000000e+00
-7.409065246582031250e+00 1.182656383514404297e+01 0.000000000000000000e+00
-6.018579483032226562e+00 1.267691612243652344e+01 0.000000000000000000e+00
-1.226695251464843750e+01 -9.245435714721679688e+00 0.000000000000000000e+00
-7.678776741027832031e+00 6.283683776855468750e+00 0.000000000000000000e+00
9.336249351501464844e+00 1.419057369232177734e+01 0.000000000000000000e+00
-1.781570434570312500e+00 4.851780891418457031e+00 0.000000000000000000e+00
4.350532054901123047e+00 -1.659752464294433594e+01 0.000000000000000000e+00
1.161411762237548828e+01 2.933644533157348633e+00 0.000000000000000000e+00
-7.769239902496337891e+00 1.001569938659667969e+01 0.000000000000000000e+00
6.627305507659912109e+00 -9.400202751159667969e+00 0.000000000000000000e+00
-4.706765651702880859e+00 -1.618960952758789062e+01 0.000000000000000000e+00
7.567498683929443359e+00 -1.552102375030517578e+01 0.000000000000000000e+00
5.729716300964355469e+00 1.441376113891601562e+01 0.000000000000000000e+00
8.653116226196289062e+00 -5.881973505020141602e-01 0.000000000000000000e+00
6.036345958709716797e+00 -1.227502632141113281e+01 0.000000000000000000e+00
8.925912857055664062e+00 9.647189140319824219e+00 0.000000000000000000e+00
-2.546329498291015625e+00 -1.519465160369873047e+01 0.000000000000000000e+00
2.707478046417236328e+00 -1.723086738586425781e+01 0.000000000000000000e+00
8.405333518981933594e+00 -7.412425994873046875e+00 0.000000000000000000e+00
8.029887080192565918e-02 4.703035354614257812e+00 0.000000000000000000e+00
1.231583881378173828e+01 8.670917510986328125e+00 0.000000000000000000e+00
-1.215671825408935547e+01 7.151599407196044922e+00 0.000000000000000000e+00
3.274065017700195312e+00 -3.745051622390747070e+00 0.000000000000000000e+00
6.350778102874755859e+00 7.044302463531494141e+00 0.000000000000000000e+00
-1.116960620880126953e+01 -1.331863594055175781e+01 0.000000000000000000e+00
-1.311909961700439453e+01 -1.478934407234191895e+00 0.000000000000000000e+00
-7.660130023956298828e+00 4.646973133087158203e+00 0.000000000000000000e+00
1.021106529235839844e+01 -3.041611194610595703e+00 0.000000000000000000e+00
1.662554931640625000e+01 9.127930551767349243e-02 0.000000000000000000e+00
-4.332599639892578125e+00 1.504694271087646484e+01 0.000000000000000000e+00
-1.427921962738037109e+01 3.298340559005737305e+00 0.000000000000000000e+00
8.944469451904296875e+00 -5.414708614349365234e+00 0.000000000000000000e+00
2.162356853485107422e+00 1.229879951477050781e+01 0.000000000000000000e+00
-1.666064262390136719e+01 -1.703716397285461426e+00 0.000000000000000000e+00
9.187539100646972656e+00 5.004837036132812500e+00 0.000000000000000000e+00
-1.520135402679443359e+00 1.329922580718994141e+01 0.000000000000000000e+00
3.555578708648681641e+00 1.626651573181152344e+01 0.000000000000000000e+00
-1.368996739387512207e+00 7.272891998291015625e+00 0.000000000000000000e+00
-1.127816104888916016e+01 -7.084955573081970215e-01 0.000000000000000000e+00
-6.206855773925781250e+00 -6.235003948211669922e+00 0.000000000000000000e+00
7.536119937896728516e+00 -3.857759475708007812e+00 0.000000000000000000e+00
4.335443019866943359e+00 -7.808980941772460938e+00 0.000000000000000000e+00
-4.120286464691162109e+00 5.399980545043945312e+00 0.000000000000000000e+00
-5.525551795959472656e+00 9.243303298950195312e+00 0.000000000000000000e+00
1.512898683547973633e+00 1.551533937454223633e+00 0.000000000000000000e+00
1.283501052856445312e+01 1.160315608978271484e+01 0.000000000000000000e+00
-2.987990856170654297e+00 8.751802444458007812e+00 0.000000000000000000e+00
-1.739554405212402344e+01 -1.616331487894058228e-01 0.000000000000000000e+00
3.034538269042968750e+00 4.994164466857910156e+00 0.000000000000000000e+00
2.721662998199462891e+00 -1.297847032546997070e+00 0.000000000000000000e+00
9.923450469970703125e+00 7.729785919189453125e+00 0.000000000000000000e+00
-8.267951011657714844e+00 -8.066323280334472656e+00 0.000000000000000000e+00
-7.504459381103515625e+00 -1.182902240753173828e+01 0.000000000000000000e+00
5.563344478607177734e+00 4.933236598968505859e+00 0.000000000000000000e+00
-4.507660865783691406e+00 -7.566537857055664062e+00 0.000000000000000000e+00
-6.142082691192626953e+00 -4.530623435974121094e+00 0.000000000000000000e+00
9.953674674034118652e-01 -1.148957252502441406e+01 0.000000000000000000e+00
4.500649452209472656e+00 -1.373556900024414062e+01 0.000000000000000000e+00
-8.555637359619140625e+00 1.299489402770996094e+01 0.000000000000000000e+00
-1.040260028839111328e+01 5.931171417236328125e+00 0.000000000000000000e+00
1.139343929290771484e+01 5.073623180389404297e+00 0.000000000000000000e+00
-5.694978237152099609e+00 6.332849502563476562e+00 0.000000000000000000e+00
-9.917162895202636719e+00 7.984297275543212891e+00 0.000000000000000000e+00
5.090750455856323242e-01 -5.706586837768554688e-01 0.000000000000000000e+00
1.708972930908203125e+01 -2.210487842559814453e+00 0.000000000000000000e+00
-1.764857053756713867e+00 -7.860637187957763672e+00 0.000000000000000000e+00
1.143328285217285156e+01 -1.103857517242431641e+01 0.000000000000000000e+00
-1.144286155700683594e+01 2.006847143173217773e+00 0.000000000000000000e+00
7.916126251220703125e+00 1.343976211547851562e+01 0.000000000000000000e+00
3.394898891448974609e+00 1.087083911895751953e+01 0.000000000000000000e+00
-1.038507652282714844e+01 7.210086584091186523e-01 0.000000000000000000e+00
-1.358721923828125000e+01 6.385478019714355469e+00 0.000000000000000000e+00
-9.875817298889160156e+00 -3.380794763565063477e+00 0.000000000000000000e+00
-1.446795463562011719e+01 8.768796920776367188e+00 0.000000000000000000e+00
-1.493359565734863281e+01 -6.348968505859375000e+00 0.000000000000000000e+00
9.397720694541931152e-01 1.344667148590087891e+01 0.000000000000000000e+00
1.044149017333984375e+01 -6.514528274536132812e+00 0.000000000000000000e+00
-7.162506580352783203e-01 2.552585601806640625e+00 0.000000000000000000e+00
-4.438810348510742188e+00 -1.471077919006347656e+01 0.000000000000000000e+00
-5.460199117660522461e-01 -3.606012582778930664e+00 0.000000000000000000e+00
5.462754249572753906e+00 1.270481014251708984e+01 0.000000000000000000e+00
8.285580635070800781e+00 -1.154397201538085938e+01 0.000000000000000000e+00
-9.225887298583984375e+00 3.744812011718750000e+00 0.000000000000000000e+00
7.578965187072753906e+00 8.057193756103515625e+00 0.000000000000000000e+00
5.805736541748046875e+00 -6.902319431304931641e+00 0.000000000000000000e+00
-9.961318969726562500e+00 -1.178818130493164062e+01 0.000000000000000000e+00
-2.609099388122558594e+00 1.568206214904785156e+01 0.000000000000000000e+00
-1.713210487365722656e+01 1.573098540306091309e+00 0.000000000000000000e+00
1.537568664550781250e+01 1.270558714866638184e+00 0.000000000000000000e+00
-7.637442111968994141e+00 1.449233055114746094e+01 0.000000000000000000e+00
5.298038125038146973e-01 6.851481914520263672e+00 0.000000000000000000e+00
-7.204703688621520996e-01 -1.629157066345214844e+01 0.000000000000000000e+00
7.503644943237304688e+00 4.210403919219970703e+00 0.000000000000000000e+00
-1.947249472141265869e-01 -1.313381385803222656e+01 0.000000000000000000e+00
1.450811505317687988e+00 -3.701704502105712891e+00 0.000000000000000000e+00
-5.870630741119384766e+00 6.886901259422302246e-01 0.000000000000000000e+00
-1.202894306182861328e+01 -4.509538650512695312e+00 0.000000000000000000e+00
-2.756979465484619141e+00 -2.914423465728759766e+00 0.000000000000000000e+00
-1.520824813842773438e+01 5.927242755889892578e+00 0.000000000000000000e+00
-3.918373346328735352e+00 1.031152820587158203e+01 0.000000000000000000e+00
1.743625521659851074e+00 -5.679349899291992188e+00 0.000000000000000000e+00
4.742523193359375000e+00 -3.371211290359497070e+00 0.000000000000000000e+00
9.697054862976074219e+00 3.172848939895629883e+00 0.000000000000000000e+00
8.653746247291564941e-01 -9.901349067687988281e+00 0.000000000000000000e+00
7.500020027160644531e+00 -5.875790119171142578e+00 0.000000000000000000e+00
-1.418555355072021484e+01 -5.006165981292724609e+00 0.000000000000000000e+00
2.100905179977416992e+00 -7.493387222290039062e+00 0.000000000000000000e+00
-5.666594982147216797e+00 -1.296718502044677734e+01 0.000000000000000000e+00
4.633893370628356934e-01 -2.317394495010375977e+00 0.000000000000000000e+00
6.021556258201599121e-01 1.132815551757812500e+01 0.000000000000000000e+00
1.079115200042724609e+01 -8.569968223571777344e+00 0.000000000000000000e+00
-3.692995786666870117e+00 -1.268119907379150391e+01 0.000000000000000000e+00
6.222497940063476562e+00 8.820954322814941406e+00 0.000000000000000000e+00
-9.089048385620117188e+00 -5.337455272674560547e+00 0.000000000000000000e+00
-8.517315864562988281e+00 1.760347962379455566e+00 0.000000000000000000e+00
-9.072683334350585938e+00 -9.587030410766601562e+00 0.000000000000000000e+00
1.274021339416503906e+01 6.583978176116943359e+00 0.000000000000000000e+00
6.490266799926757812e+00 -1.304993629455566406e+00 0.000000000000000000e+00
1.357523632049560547e+01 3.252561569213867188e+00 0.000000000000000000e+00
8.904485702514648438e+00 -1.455432510375976562e+01 0.000000000000000000e+00
-4.495186328887939453e+00 -3.706598043441772461e+00 0.000000000000000000e+00
1.323437118530273438e+01 -5.148675918579101562e+00 0.000000000000000000e+00
1.565887546539306641e+01 -2.681111335754394531e+00 0.000000000000000000e+00
1.679483532905578613e+00 5.805950164794921875e+00 0.000000000000000000e+00
-5.327626705169677734e+00 4.505867004394531250e+00 0.000000000000000000e+00
3.950750112533569336e+00 3.146649360656738281e+00 0.000000000000000000e+00
7.590916156768798828e+00 1.562218189239501953e+01 0.000000000000000000e+00
-1.490627002716064453e+01 -5.633897185325622559e-01 0.000000000000000000e+00
-4.402526378631591797e+00 1.227530574798583984e+01 0.000000000000000000e+00
-5.126908302307128906e+00 7.771201610565185547e+00 0.000000000000000000e+00
-7.846691608428955078e-01 -9.396482467651367188e+00 0.000000000000000000e+00
9.431960105895996094e+00 1.394746661186218262e+00 0.000000000000000000e+00
1.097273921966552734e+01 -1.530995368957519531e+00 0.000000000000000000e+00
-1.829425096511840820e+00 -1.356752014160156250e+01 0.000000000000000000e+00
-8.298075675964355469e+00 3.463760763406753540e-02 0.000000000000000000e+00
1.407222366333007812e+01 1.028074836730957031e+01 0.000000000000000000e+00
-1.704291725158691406e+01 -3.828810214996337891e+00 0.000000000000000000e+00
-2.980520963668823242e+00 -1.097989559173583984e+01 0.000000000000000000e+00
9.978260040283203125e+00 1.100012016296386719e+01 0.000000000000000000e+00
9.363828659057617188e+00 -9.520560264587402344e+00 0.000000000000000000e+00
2.196212768554687500e+00 7.879526138305664062e+00 0.000000000000000000e+00
-6.174327373504638672e+00 -8.001676559448242188e+00 0.000000000000000000e+00
-1.243721389770507812e+01 1.005193710327148438e+01 0.000000000000000000e+00
-2.006002426147460938e+00 -1.734463310241699219e+01 0.000000000000000000e+00
-1.284003734588623047e+01 4.178038597106933594e+00 0.000000000000000000e+00
-1.088191795349121094e+01 -1.000309181213378906e+01 0.000000000000000000e+00
1.720910263061523438e+01 2.609408855438232422e+00 0.000000000000000000e+00
8.231056213378906250e+00 2.815097332000732422e+00 0.000000000000000000e+00
-1.612787055969238281e+01 4.368729114532470703e+00 0.000000000000000000e+00
-3.069078445434570312e+00 6.497710704803466797e+00 0.000000000000000000e+00
1.307478618621826172e+01 -1.107486152648925781e+01 0.000000000000000000e+00
1.194248485565185547e+01 -7.471930027008056641e+00 0.000000000000000000e+00
-1.102998256683349609e+01 1.337814044952392578e+01 0.000000000000000000e+00
-1.509800815582275391e+01 -8.603811264038085938e+00 0.000000000000000000e+00
-1.020491123199462891e+01 -7.916281700134277344e+00 0.000000000000000000e+00
4.979107856750488281e+00 -5.228261470794677734e+00 0.000000000000000000e+00
-1.289658355712890625e+01 -7.666006088256835938e+00 0.000000000000000000e+00
3.092668056488037109e+00 1.432785034179687500e+01 0.000000000000000000e+00
-4.098803520202636719e+00 1.766908764839172363e+00 0.000000000000000000e+00
-1.063868045806884766e+01 4.258265018463134766e+00 0.000000000000000000e+00
-8.131647109985351562e+00 -3.872947216033935547e+00 0.000000000000000000e+00
-1.791522264480590820e+00 1.701258277893066406e+01 0.000000000000000000e+00
-2.293290853500366211e+00 -4.748797416687011719e+00 0.000000000000000000e+00
-8.944316864013671875e+00 1.120938587188720703e+01 0.000000000000000000e+00
-6.189373970031738281e+00 1.087090778350830078e+01 0.000000000000000000e+00
1.800102710723876953e+00 1.725098228454589844e+01 0.000000000000000000e+00
-9.355928301811218262e-01 -5.598248541355133057e-02 0.000000000000000000e+00
1.231107234954833984e+01 -3.195303678512573242e+00 0.000000000000000000e+00
2.155818223953247070e+00 -1.336684703826904297e+01 0.000000000000000000e+00
1.498800659179687500e+01 -4.561136960983276367e-01 0.000000000000000000e+00
8.142937660217285156e+00 -1.308675479888916016e+01 0.000000000000000000e+00
-6.138707160949707031e+00 -1.080257701873779297e+01 0.000000000000000000e+00
-9.245256423950195312e+00 1.483112716674804688e+01 0.000000000000000000e+00
2.788803577423095703e+00 -1.554386711120605469e+01 0.000000000000000000e+00
1.307455444335937500e+01 4.782627105712890625e+00 0.000000000000000000e+00
-1.326504516601562500e+01 5.582925304770469666e-02 0.000000000000000000e+00
-1.574124908447265625e+01 -4.637220859527587891e+00 0.000000000000000000e+00
1.388086605072021484e+01 7.925967216491699219e+00 0.000000000000000000e+00
1.613410758972167969e+01 -6.708313941955566406e+00 0.000000000000000000e+00
2.621367931365966797e+00 4.252502620220184326e-01 0.000000000000000000e+00
5.506147384643554688e+00 1.110224246978759766e+01 0.000000000000000000e+00
-3.970632314682006836e+00 -9.097470283508300781e+00 0.000000000000000000e+00
7.996349334716796875e-01 -1.746289634704589844e+01 0.000000000000000000e+00
8.759395599365234375e+00 6.753042221069335938e+00 0.000000000000000000e+00
1.663640213012695312e+01 5.023314952850341797e+00 0.000000000000000000e+00
-2.541291415691375732e-01 -1.469722366333007812e+01 0.000000000000000000e+00
-1.576591491699218750e+01 7.454609394073486328e+00 0.000000000000000000e+00
-1.118531227111816406e+00 1.487642097473144531e+01 0.000000000000000000e+00
-1.176034450531005859e+01 -1.160601329803466797e+01 0.000000000000000000e+00
-1.283106327056884766e+01 8.604042053222656250e+00 0.000000000000000000e+00
