-2.362731856128194252e+00 1.203639554034768411e+00
-1.173941386073873439e+00 1.590003654732577099e+00
1.484908398044748612e-02 1.976367755430385786e+00
1.203639554034768411e+00 2.362731856128194252e+00
-1.976367755430385786e+00 1.484908398044748612e-02
-7.875772853760648617e-01 4.012131846782561739e-01
4.012131846782561739e-01 7.875772853760648617e-01
1.590003654732577099e+00 1.173941386073873439e+00
-1.590003654732577099e+00 -1.173941386073873439e+00
-4.012131846782561739e-01 -7.875772853760648617e-01
7.875772853760648617e-01 -4.012131846782561739e-01
1.976367755430385786e+00 -1.484908398044748612e-02
-1.203639554034768411e+00 -2.362731856128194252e+00
-1.484908398044748612e-02 -1.976367755430385786e+00
1.173941386073873439e+00 -1.590003654732577099e+00
2.362731856128194252e+00 -1.203639554034768411e+00
