2.395829439163208008e+00 1.226140213012695312e+01 0.000000000000000000e+00
2.082264900207519531e+00 -1.471023368835449219e+01 0.000000000000000000e+00
-6.714013099670410156e+00 1.302110290527343750e+01 0.000000000000000000e+00
6.799892425537109375e+00 -1.560666847229003906e+01 0.000000000000000000e+00
-1.122849082946777344e+01 7.784897804260253906e+00 0.000000000000000000e+00
1.398507022857666016e+01 -8.668287277221679688e+00 0.000000000000000000e+00
-3.229733705520629883e+00 1.285587024688720703e+01 0.000000000000000000e+00
4.868461608886718750e+00 8.914897918701171875e+00 0.000000000000000000e+00
6.177871704101562500e+00 -1.173465347290039062e+01 0.000000000000000000e+00
5.184932231903076172e+00 1.701546907424926758e+00 0.000000000000000000e+00
1.482707142829895020e+00 1.472056484222412109e+01 0.000000000000000000e+00
-1.390073108673095703e+01 -4.962193489074707031e+00 0.000000000000000000e+00
3.366585493087768555e+00 -4.203861713409423828e+00 0.000000000000000000e+00
7.337882995605468750e+00 -7.518557548522949219e+00 0.000000000000000000e+00
-1.970380544662475586e-01 3.465494632720947266e+00 0.000000000000000000e+00
-7.465117931365966797e+00 9.506055831909179688e+00 0.000000000000000000e+00
3.293843030929565430e+00 3.439470767974853516e+00 0.000000000000000000e+00
5.043709278106689453e+00 -1.457500076293945312e+01 0.000000000000000000e+00
1.504708480834960938e+01 7.253408432006835938e+00 0.000000000000000000e+00
-1.701664543151855469e+01 2.013534307479858398e+00 0.000000000000000000e+00
8.701690673828125000e+00 7.911855578422546387e-01 0.000000000000000000e+00
-5.302251338958740234e+00 -1.376994991302490234e+01 0.000000000000000000e+00
-2.408057212829589844e+00 2.754257678985595703e+00 0.000000000000000000e+00
-8.582372665405273438e-01 1.503201198577880859e+01 0.000000000000000000e+00
5.876087188720703125e+00 -7.759022712707519531e-02 0.000000000000000000e+00
-4.523100852966308594e+00 1.136892986297607422e+01 0.000000000000000000e+00
4.067598581314086914e-01 1.430509805679321289e+00 0.000000000000000000e+00
9.268679618835449219e+00 7.510576725006103516e+00 0.000000000000000000e+00
6.662891864776611328e+00 -9.736760139465332031e+00 0.000000000000000000e+00
1.449405574798583984e+01 5.262589931488037109e+00 0.000000000000000000e+00
-7.699161052703857422e+00 -1.385759830474853516e+01 0.000000000000000000e+00
-5.135918140411376953e+00 -6.655536651611328125e+00 0.000000000000000000e+00
-1.129996585845947266e+01 5.981434822082519531e+00 0.000000000000000000e+00
1.024959278106689453e+01 2.701112031936645508e+00 0.000000000000000000e+00
-8.822813987731933594e+00 -7.041692733764648438e+00 0.000000000000000000e+00
-1.430853462219238281e+01 -3.123614549636840820e+00 0.000000000000000000e+00
7.206003189086914062e+00 1.585921049118041992e+00 0.000000000000000000e+00
-3.390048027038574219e+00 -6.022743225097656250e+00 0.000000000000000000e+00
-2.863950282335281372e-02 -2.469514846801757812e+00 0.000000000000000000e+00
1.596623802185058594e+01 6.538909673690795898e-01 0.000000000000000000e+00
-1.282081222534179688e+01 5.148769855499267578e+00 0.000000000000000000e+00
8.796971440315246582e-01 8.686776161193847656e+00 0.000000000000000000e+00
-1.173904228210449219e+01 3.150334596633911133e+00 0.000000000000000000e+00
-3.719284772872924805e+00 -1.263871097564697266e+01 0.000000000000000000e+00
-9.697800636291503906e+00 3.097150564193725586e+00 0.000000000000000000e+00
1.138669872283935547e+01 -7.826260089874267578e+00 0.000000000000000000e+00
1.267376899719238281e+01 8.331041336059570312e+00 0.000000000000000000e+00
-8.107900619506835938e+00 1.481455230712890625e+01 0.000000000000000000e+00
-9.840166091918945312e+00 -5.034246444702148438e+00 0.000000000000000000e+00
-9.055171012878417969e+00 7.159150123596191406e+00 0.000000000000000000e+00
-2.663493871688842773e+00 -1.092320919036865234e+01 0.000000000000000000e+00
-3.441600084304809570e+00 -2.588803052902221680e+00 0.000000000000000000e+00
-4.742991447448730469e+00 5.142377853393554688e+00 0.000000000000000000e+00
1.248724842071533203e+01 1.175233745574951172e+01 0.000000000000000000e+00
-2.060921669006347656e+00 -4.996865689754486084e-01 0.000000000000000000e+00
1.159520339965820312e+01 -1.055484294891357422e+01 0.000000000000000000e+00
3.447569906711578369e-01 -8.617048263549804688e+00 0.000000000000000000e+00
-4.303640842437744141e+00 -9.627911567687988281e+00 0.000000000000000000e+00
7.371762275695800781e+00 1.037688636779785156e+01 0.000000000000000000e+00
1.549273967742919922e+01 -5.482408523559570312e+00 0.000000000000000000e+00
-1.123668098449707031e+01 1.015133976936340332e+00 0.000000000000000000e+00
-1.633573722839355469e+01 5.553218364715576172e+00 0.000000000000000000e+00
-1.133330917358398438e+01 -3.432999134063720703e+00 0.000000000000000000e+00
-1.725164532661437988e+00 -1.426843833923339844e+01 0.000000000000000000e+00
1.424428367614746094e+01 -3.074845790863037109e+00 0.000000000000000000e+00
2.152941465377807617e+00 -1.578978776931762695e+00 0.000000000000000000e+00
2.422962427139282227e+00 7.144220829010009766e+00 0.000000000000000000e+00
-1.904126286506652832e+00 9.223904609680175781e+00 0.000000000000000000e+00
-9.411190986633300781e+00 1.418535709381103516e+00 0.000000000000000000e+00
-7.867022037506103516e+00 1.156361770629882812e+01 0.000000000000000000e+00
1.355916500091552734e+01 -6.566815853118896484e+00 0.000000000000000000e+00
9.374019622802734375e+00 -1.908067226409912109e+00 0.000000000000000000e+00
1.689337968826293945e+00 -6.217593669891357422e+00 0.000000000000000000e+00
8.727883338928222656e+00 -8.242110252380371094e+00 0.000000000000000000e+00
2.084365844726562500e+00 9.995830535888671875e+00 0.000000000000000000e+00
-1.113992691040039062e+01 -1.295654964447021484e+01 0.000000000000000000e+00
3.007784843444824219e+00 4.921731948852539062e+00 0.000000000000000000e+00
3.123632967472076416e-01 -4.559576988220214844e+00 0.000000000000000000e+00
-1.604249382019042969e+01 -9.816008806228637695e-01 0.000000000000000000e+00
-1.303743171691894531e+01 -1.058214282989501953e+01 0.000000000000000000e+00
4.298923969268798828e+00 -2.575961351394653320e+00 0.000000000000000000e+00
9.240097999572753906e+00 9.845909118652343750e+00 0.000000000000000000e+00
-5.303547382354736328e+00 7.640715122222900391e+00 0.000000000000000000e+00
1.245538330078125000e+01 -1.894272804260253906e+00 0.000000000000000000e+00
4.123931407928466797e+00 -1.674682235717773438e+01 0.000000000000000000e+00
1.338704490661621094e+01 -4.727106571197509766e+00 0.000000000000000000e+00
5.627759933471679688e+00 1.022210693359375000e+01 0.000000000000000000e+00
6.904923915863037109e+00 -3.766337633132934570e+00 0.000000000000000000e+00
8.839422225952148438e+00 4.387726783752441406e+00 0.000000000000000000e+00
6.375358700752258301e-01 -1.634960919618606567e-01 0.000000000000000000e+00
1.132256793975830078e+01 -6.087895393371582031e+00 0.000000000000000000e+00
1.027992820739746094e+01 1.310228061676025391e+01 0.000000000000000000e+00
1.645193290710449219e+01 -9.232208728790283203e-01 0.000000000000000000e+00
1.357571506500244141e+01 -1.087793445587158203e+01 0.000000000000000000e+00
-1.045369338989257812e+01 -6.952961444854736328e+00 0.000000000000000000e+00
2.629477024078369141e+00 -1.270617485046386719e+01 0.000000000000000000e+00
1.063604164123535156e+01 -1.095357894897460938e+00 0.000000000000000000e+00
7.695449590682983398e-01 1.180125713348388672e+01 0.000000000000000000e+00
-1.040186405181884766e+00 6.687471866607666016e+00 0.000000000000000000e+00
4.186856746673583984e+00 6.983187198638916016e+00 0.000000000000000000e+00
-5.755445003509521484e+00 -8.629713058471679688e+00 0.000000000000000000e+00
-3.871922969818115234e+00 -1.486305236816406250e+01 0.000000000000000000e+00
-7.926272869110107422e+00 -2.911278009414672852e+00 0.000000000000000000e+00
-1.357154560089111328e+01 9.812682151794433594e+00 0.000000000000000000e+00
-1.066350269317626953e+01 1.353284358978271484e+01 0.000000000000000000e+00
-7.033694744110107422e+00 -1.292044758796691895e+00 0.000000000000000000e+00
-6.276469826698303223e-01 -1.249108409881591797e+01 0.000000000000000000e+00
2.395864725112915039e+00 2.082693099975585938e+00 0.000000000000000000e+00
-1.051720046997070312e+01 -9.947189331054687500e+00 0.000000000000000000e+00
7.401271820068359375e+00 5.123205661773681641e+00 0.000000000000000000e+00
-3.338863134384155273e+00 1.706910514831542969e+01 0.000000000000000000e+00
2.256759643554687500e+00 -9.116504669189453125e+00 0.000000000000000000e+00
-6.814790248870849609e+00 6.758462786674499512e-01 0.000000000000000000e+00
-1.141407871246337891e+01 1.154342555999755859e+01 0.000000000000000000e+00
-7.253427982330322266e+00 -9.304638862609863281e+00 0.000000000000000000e+00
6.369382381439208984e+00 1.304569244384765625e+01 0.000000000000000000e+00
-1.317893218994140625e+01 -8.625363349914550781e+00 0.000000000000000000e+00
-7.282115459442138672e+00 7.240120410919189453e+00 0.000000000000000000e+00
8.025352478027343750e+00 -1.240717792510986328e+01 0.000000000000000000e+00
7.646158933639526367e-01 1.712066459655761719e+01 0.000000000000000000e+00
9.635778427124023438e+00 -1.381579494476318359e+01 0.000000000000000000e+00
-5.793227195739746094e+00 -3.235349416732788086e+00 0.000000000000000000e+00
-2.807255268096923828e+00 1.505910968780517578e+01 0.000000000000000000e+00
-5.220177650451660156e+00 1.610911750793457031e+01 0.000000000000000000e+00
-4.702002525329589844e+00 -1.630326843261718750e+01 0.000000000000000000e+00
-5.372652411460876465e-02 -1.520606803894042969e+01 0.000000000000000000e+00
4.435652256011962891e+00 -8.637522697448730469e+00 0.000000000000000000e+00
-5.524010181427001953e+00 -1.197267341613769531e+01 0.000000000000000000e+00
3.102147102355957031e+00 1.377749919891357422e+01 0.000000000000000000e+00
1.184593105316162109e+01 3.724376678466796875e+00 0.000000000000000000e+00
-3.057571649551391602e+00 4.856255531311035156e+00 0.000000000000000000e+00
5.760751724243164062e+00 1.453533363342285156e+01 0.000000000000000000e+00
-4.234799861907958984e+00 6.912952065467834473e-01 0.000000000000000000e+00
6.611949920654296875e+00 -1.385684585571289062e+01 0.000000000000000000e+00
4.345875680446624756e-01 6.002729892730712891e+00 0.000000000000000000e+00
-1.496441268920898438e+01 7.058228850364685059e-01 0.000000000000000000e+00
4.695465564727783203e+00 1.206383323669433594e+01 0.000000000000000000e+00
8.038932800292968750e+00 -5.799820899963378906e+00 0.000000000000000000e+00
3.414686679840087891e+00 1.578905010223388672e+01 0.000000000000000000e+00
-1.787632703781127930e+00 -2.803437948226928711e+00 0.000000000000000000e+00
-9.856136322021484375e+00 -1.595417022705078125e+00 0.000000000000000000e+00
-8.742701530456542969e+00 -1.005206298828125000e+01 0.000000000000000000e+00
-1.408705139160156250e+01 2.484673738479614258e+00 0.000000000000000000e+00
1.203409957885742188e+01 6.244864940643310547e+00 0.000000000000000000e+00
-1.309454631805419922e+01 7.646703124046325684e-01 0.000000000000000000e+00
-1.762075781822204590e+00 -4.463831901550292969e+00 0.000000000000000000e+00
-4.422337532043457031e+00 -1.359116911888122559e+00 0.000000000000000000e+00
3.798416852951049805e+00 7.951579093933105469e-01 0.000000000000000000e+00
-1.430826568603515625e+01 8.008136749267578125e+00 0.000000000000000000e+00
1.155840778350830078e+01 1.050645256042480469e+01 0.000000000000000000e+00
-8.357282638549804688e+00 -1.636385917663574219e-01 0.000000000000000000e+00
-1.354632186889648438e+01 -1.451063632965087891e+00 0.000000000000000000e+00
5.832519054412841797e+00 5.392283439636230469e+00 0.000000000000000000e+00
-4.931496143341064453e+00 1.381367111206054688e+01 0.000000000000000000e+00
-7.286017894744873047e+00 -7.802165031433105469e+00 0.000000000000000000e+00
1.055838108062744141e+01 -2.961439847946166992e+00 0.000000000000000000e+00
3.668220758438110352e+00 1.079028892517089844e+01 0.000000000000000000e+00
-4.421679973602294922e+00 -4.088555335998535156e+00 0.000000000000000000e+00
-9.423001289367675781e+00 -1.206606292724609375e+01 0.000000000000000000e+00
-7.042616844177246094e+00 4.181253433227539062e+00 0.000000000000000000e+00
9.352626800537109375e+00 1.457175064086914062e+01 0.000000000000000000e+00
1.303156089782714844e+01 2.276002883911132812e+00 0.000000000000000000e+00
-6.349733352661132812e+00 1.493790245056152344e+01 0.000000000000000000e+00
8.455290794372558594e+00 1.199171257019042969e+01 0.000000000000000000e+00
-6.301575183868408203e+00 -4.932014465332031250e+00 0.000000000000000000e+00
-1.436230468750000000e+01 6.309640407562255859e+00 0.000000000000000000e+00
5.203896045684814453e+00 1.602749824523925781e+01 0.000000000000000000e+00
-1.615998840332031250e+01 -6.089642047882080078e+00 0.000000000000000000e+00
1.444644069671630859e+01 -1.196639418601989746e+00 0.000000000000000000e+00
7.286944389343261719e+00 7.136602878570556641e+00 0.000000000000000000e+00
1.052242851257324219e+01 -1.195129299163818359e+01 0.000000000000000000e+00
1.197245788574218750e+01 8.920322060585021973e-01 0.000000000000000000e+00
-9.044972419738769531e+00 -1.453349304199218750e+01 0.000000000000000000e+00
1.352548789978027344e+01 1.014960002899169922e+01 0.000000000000000000e+00
9.662448883056640625e+00 -1.017549228668212891e+01 0.000000000000000000e+00
3.150497972965240479e-01 -1.048731040954589844e+01 0.000000000000000000e+00
1.050885963439941406e+01 5.185913085937500000e+00 0.000000000000000000e+00
1.572887420654296875e+01 2.664601564407348633e+00 0.000000000000000000e+00
-3.650464057922363281e+00 6.758912563323974609e+00 0.000000000000000000e+00
-7.135937213897705078e+00 2.615644931793212891e+00 0.000000000000000000e+00
1.651651763916015625e+01 -2.793535470962524414e+00 0.000000000000000000e+00
-9.880928039550781250e+00 8.910336494445800781e+00 0.000000000000000000e+00
7.899775505065917969e+00 -8.492614626884460449e-01 0.000000000000000000e+00
-1.872796535491943359e+00 -8.651438713073730469e+00 0.000000000000000000e+00
-1.164695262908935547e+01 9.456203460693359375e+00 0.000000000000000000e+00
3.429484844207763672e+00 -1.078547668457031250e+01 0.000000000000000000e+00
-8.118818283081054688e+00 -5.673409461975097656e+00 0.000000000000000000e+00
-1.287134838104248047e+01 -3.593448400497436523e+00 0.000000000000000000e+00
-1.468048954010009766e+01 -8.809787750244140625e+00 0.000000000000000000e+00
-7.203226089477539062e+00 -1.191609001159667969e+01 0.000000000000000000e+00
-6.505368232727050781e+00 -1.545571708679199219e+01 0.000000000000000000e+00
9.515938758850097656e+00 -5.004963397979736328e+00 0.000000000000000000e+00
-9.922360420227050781e+00 1.221738052368164062e+01 0.000000000000000000e+00
-5.228483200073242188e+00 1.984922766685485840e+00 0.000000000000000000e+00
-8.956508636474609375e+00 1.356980419158935547e+01 0.000000000000000000e+00
3.382604598999023438e+00 8.453971862792968750e+00 0.000000000000000000e+00
-1.728103065490722656e+01 -2.681232452392578125e+00 0.000000000000000000e+00
1.211926555633544922e+01 -1.235781097412109375e+01 0.000000000000000000e+00
-1.079598307609558105e+00 -1.667497253417968750e+01 0.000000000000000000e+00
-1.269500851631164551e+00 1.179090404510498047e+01 0.000000000000000000e+00
1.128142070770263672e+01 8.956858634948730469e+00 0.000000000000000000e+00
-1.518431568145751953e+01 3.582134008407592773e+00 0.000000000000000000e+00
4.259461402893066406e+00 -6.687850952148437500e+00 0.000000000000000000e+00
1.511129021644592285e+00 3.361241340637207031e+00 0.000000000000000000e+00
8.120951652526855469e+00 -1.485234928131103516e+01 0.000000000000000000e+00
5.899024963378906250e+00 3.892227649688720703e+00 0.000000000000000000e+00
-1.333102822303771973e+00 -6.638337612152099609e+00 0.000000000000000000e+00
-4.239820957183837891e+00 3.217970848083496094e+00 0.000000000000000000e+00
6.718905925750732422e+00 8.661375999450683594e+00 0.000000000000000000e+00
1.712679147720336914e+00 -1.114526748657226562e+01 0.000000000000000000e+00
-1.159756660461425781e+00 -1.079459476470947266e+01 0.000000000000000000e+00
-4.451262056827545166e-01 1.323764038085937500e+01 0.000000000000000000e+00
9.606901407241821289e-01 -1.263735675811767578e+01 0.000000000000000000e+00
-3.878767251968383789e+00 9.243776321411132812e+00 0.000000000000000000e+00
1.188457489013671875e+01 -3.832688808441162109e+00 0.000000000000000000e+00
2.308047771453857422e+00 -1.688132858276367188e+01 0.000000000000000000e+00
-6.478960514068603516e+00 1.090225601196289062e+01 0.000000000000000000e+00
-5.713677883148193359e+00 9.368741035461425781e+00 0.000000000000000000e+00
1.735946083068847656e+01 1.972752332687377930e+00 0.000000000000000000e+00
-1.385220146179199219e+01 -7.103270530700683594e+00 0.000000000000000000e+00
-1.220495939254760742e+00 1.702841377258300781e+01 0.000000000000000000e+00
1.561399936676025391e+01 -6.988530158996582031e+00 0.000000000000000000e+00
4.997510910034179688e+00 -1.029392147064208984e+01 0.000000000000000000e+00
-1.163045787811279297e+01 -1.176628351211547852e+00 0.000000000000000000e+00
-1.204227352142333984e+01 -4.914983272552490234e+00 0.000000000000000000e+00
1.646437454223632812e+01 5.809172153472900391e+00 0.000000000000000000e+00
-1.075603294372558594e+01 4.549089908599853516e+00 0.000000000000000000e+00
-2.852038860321044922e+00 -1.687463378906250000e+01 0.000000000000000000e+00
-5.839121341705322266e+00 -1.025334644317626953e+01 0.000000000000000000e+00
-1.685998535156250000e+01 3.546088933944702148e+00 0.000000000000000000e+00
-5.554347515106201172e+00 -1.929563730955123901e-01 0.000000000000000000e+00
-8.193874359130859375e+00 5.275114536285400391e+00 0.000000000000000000e+00
5.158612251281738281e+00 -4.033574104309082031e+00 0.000000000000000000e+00
8.439138412475585938e+00 2.823659181594848633e+00 0.000000000000000000e+00
1.420839881896972656e+01 9.872673749923706055e-01 0.000000000000000000e+00
-1.774618983268737793e+00 1.190091371536254883e+00 0.000000000000000000e+00
1.809693217277526855e+00 -4.050704479217529297e+00 0.000000000000000000e+00
9.467894554138183594e+00 -6.845756053924560547e+00 0.000000000000000000e+00
-9.472721099853515625e+00 -3.342691898345947266e+00 0.000000000000000000e+00
-1.198555088043212891e+01 -6.825446605682373047e+00 0.000000000000000000e+00
-8.917118072509765625e+00 1.007369709014892578e+01 0.000000000000000000e+00
7.676985740661621094e+00 1.443794441223144531e+01 0.000000000000000000e+00
-9.659722328186035156e+00 5.674521446228027344e+00 0.000000000000000000e+00
6.289116382598876953e+00 -5.434619426727294922e+00 0.000000000000000000e+00
-1.672761154174804688e+01 -4.555501937866210938e+00 0.000000000000000000e+00
5.599361896514892578e+00 7.499503612518310547e+00 0.000000000000000000e+00
-2.704725742340087891e+00 1.089955234527587891e+01 0.000000000000000000e+00
-5.934535026550292969e+00 6.059388160705566406e+00 0.000000000000000000e+00
1.258037376403808594e+01 -9.332262992858886719e+00 0.000000000000000000e+00
2.467472314834594727e+00 -7.591663360595703125e+00 0.000000000000000000e+00
-1.256265544891357422e+01 6.954514980316162109e+00 0.000000000000000000e+00
6.018096446990966797e+00 -1.966940402984619141e+00 0.000000000000000000e+00
3.474654436111450195e+00 -8.618820309638977051e-01 0.000000000000000000e+00
-1.679372406005859375e+01 3.895366191864013672e-01 0.000000000000000000e+00
2.087262630462646484e+00 4.368744790554046631e-01 0.000000000000000000e+00
-2.288585662841796875e+00 7.608239650726318359e+00 0.000000000000000000e+00
