-2.631888142081124204e+00 -3.231328017592280943e-01
-1.862303028640492020e+00 6.618741795208893386e-01
-1.092717915199860279e+00 1.646881160801006772e+00
-3.231328017592280943e-01 2.631888142081124204e+00
-1.646881160801006772e+00 -1.092717915199860279e+00
-8.772960473603746978e-01 -1.077109339197427351e-01
-1.077109339197427351e-01 8.772960473603746978e-01
6.618741795208893386e-01 1.862303028640492020e+00
-6.618741795208893386e-01 -1.862303028640492020e+00
1.077109339197427351e-01 -8.772960473603746978e-01
8.772960473603746978e-01 1.077109339197427351e-01
1.646881160801006772e+00 1.092717915199860279e+00
3.231328017592280943e-01 -2.631888142081124204e+00
1.092717915199860279e+00 -1.646881160801006772e+00
1.862303028640492020e+00 -6.618741795208893386e-01
2.631888142081124204e+00 3.231328017592280943e-01
