-1.112670898437500000e+01 1.208862876892089844e+01 0.000000000000000000e+00
-1.510011005401611328e+01 7.136273860931396484e+00 0.000000000000000000e+00
-1.159538936614990234e+01 -1.043681859970092773e+00 0.000000000000000000e+00
6.713889122009277344e+00 -7.638618469238281250e+00 0.000000000000000000e+00
-1.091434669494628906e+01 9.466017723083496094e+00 0.000000000000000000e+00
-1.011653900146484375e+01 -4.528397083282470703e+00 0.000000000000000000e+00
3.584806919097900391e+00 -2.931777954101562500e+00 0.000000000000000000e+00
-1.064598178863525391e+01 1.619234561920166016e+00 0.000000000000000000e+00
-4.261600017547607422e+00 3.507278680801391602e+00 0.000000000000000000e+00
9.428430557250976562e+00 2.185644388198852539e+00 0.000000000000000000e+00
-2.269555777311325073e-01 1.625119972229003906e+01 0.000000000000000000e+00
8.972166061401367188e+00 3.214643597602844238e-01 0.000000000000000000e+00
-1.660926818847656250e+01 2.291245222091674805e+00 0.000000000000000000e+00
9.168882369995117188e+00 -2.542325019836425781e+00 0.000000000000000000e+00
-4.526570796966552734e+00 -5.001007556915283203e+00 0.000000000000000000e+00
-4.945811748504638672e+00 1.406182098388671875e+01 0.000000000000000000e+00
1.492029571533203125e+01 -4.261070728302001953e+00 0.000000000000000000e+00
9.077672004699707031e+00 -9.140310287475585938e+00 0.000000000000000000e+00
-1.073660850524902344e+01 -9.789160728454589844e+00 0.000000000000000000e+00
-7.154303550720214844e+00 -5.565523624420166016e+00 0.000000000000000000e+00
-2.587454617023468018e-01 6.849835395812988281e+00 0.000000000000000000e+00
-6.264556407928466797e+00 7.755971908569335938e+00 0.000000000000000000e+00
3.518083393573760986e-01 3.138384342193603516e+00 0.000000000000000000e+00
-4.822973728179931641e+00 -8.707932472229003906e+00 0.000000000000000000e+00
-3.085795640945434570e+00 1.792104125022888184e+00 0.000000000000000000e+00
6.958322525024414062e+00 1.218914270401000977e+00 0.000000000000000000e+00
1.298510742187500000e+01 9.795418739318847656e+00 0.000000000000000000e+00
-2.211882829666137695e+00 -4.476393222808837891e+00 0.000000000000000000e+00
-1.392354679107666016e+01 -1.828797221183776855e+00 0.000000000000000000e+00
6.560137867927551270e-01 1.294451618194580078e+01 0.000000000000000000e+00
-1.132324981689453125e+01 6.403273582458496094e+00 0.000000000000000000e+00
8.360369682312011719e+00 -1.214962959289550781e+01 0.000000000000000000e+00
-3.976103305816650391e+00 1.548773288726806641e+01 0.000000000000000000e+00
1.821372985839843750e+00 1.144700241088867188e+01 0.000000000000000000e+00
-3.439747571945190430e+00 5.376554489135742188e+00 0.000000000000000000e+00
5.254407882690429688e+00 -9.761051177978515625e+00 0.000000000000000000e+00
1.538271141052246094e+01 -5.928812980651855469e+00 0.000000000000000000e+00
-1.278581047058105469e+01 -1.165249824523925781e+01 0.000000000000000000e+00
6.027625083923339844e+00 1.159202384948730469e+01 0.000000000000000000e+00
1.188607120513916016e+01 1.689643502235412598e+00 0.000000000000000000e+00
1.218438816070556641e+01 1.165602111816406250e+01 0.000000000000000000e+00
-2.321577548980712891e+00 1.326300907135009766e+01 0.000000000000000000e+00
3.140314340591430664e+00 -8.927062034606933594e+00 0.000000000000000000e+00
-1.446977996826171875e+01 2.673322200775146484e+00 0.000000000000000000e+00
-6.517852783203125000e+00 -1.114003849029541016e+01 0.000000000000000000e+00
-2.975203990936279297e+00 8.562204360961914062e+00 0.000000000000000000e+00
-8.397746086120605469e+00 8.495691299438476562e+00 0.000000000000000000e+00
5.174681663513183594e+00 -1.830252647399902344e+00 0.000000000000000000e+00
-2.812221288681030273e+00 3.988408803939819336e+00 0.000000000000000000e+00
8.855307579040527344e+00 1.360225772857666016e+01 0.000000000000000000e+00
1.078527927398681641e+01 -1.127591705322265625e+01 0.000000000000000000e+00
4.283769607543945312e+00 4.901470184326171875e+00 0.000000000000000000e+00
-5.511888504028320312e+00 5.413248538970947266e+00 0.000000000000000000e+00
-8.658324241638183594e+00 -7.908109664916992188e+00 0.000000000000000000e+00
8.150224685668945312e+00 6.091676235198974609e+00 0.000000000000000000e+00
6.390542984008789062e+00 2.821568012237548828e+00 0.000000000000000000e+00
1.138312339782714844e+00 -1.455998802185058594e+01 0.000000000000000000e+00
4.179957389831542969e+00 1.440586853027343750e+01 0.000000000000000000e+00
-1.141931056976318359e+01 -7.707535266876220703e+00 0.000000000000000000e+00
-4.087073504924774170e-01 -4.719289779663085938e+00 0.000000000000000000e+00
6.718585014343261719e+00 4.584603309631347656e+00 0.000000000000000000e+00
-1.225869655609130859e+01 -9.971176147460937500e+00 0.000000000000000000e+00
-1.729777693748474121e+00 1.030108261108398438e+01 0.000000000000000000e+00
1.236259937286376953e+01 6.201120853424072266e+00 0.000000000000000000e+00
1.131070423126220703e+01 -3.846786499023437500e+00 0.000000000000000000e+00
6.681121826171875000e+00 8.880833625793457031e+00 0.000000000000000000e+00
1.469768333435058594e+01 -8.888341784477233887e-01 0.000000000000000000e+00
-3.512385606765747070e+00 -1.933277606964111328e+00 0.000000000000000000e+00
-9.015269279479980469e+00 -9.469610214233398438e+00 0.000000000000000000e+00
1.459774398803710938e+01 -9.532396316528320312e+00 0.000000000000000000e+00
-1.083341884613037109e+01 3.913950920104980469e+00 0.000000000000000000e+00
-1.538749504089355469e+01 -4.786075055599212646e-01 0.000000000000000000e+00
-3.738411366939544678e-01 -2.526217699050903320e+00 0.000000000000000000e+00
-7.290922999382019043e-01 -7.480580806732177734e+00 0.000000000000000000e+00
1.425078487396240234e+01 2.232975959777832031e+00 0.000000000000000000e+00
-1.555958628654479980e+00 1.474842643737792969e+01 0.000000000000000000e+00
1.077086067199707031e+01 1.369422721862792969e+01 0.000000000000000000e+00
1.314845275878906250e+01 -3.467521905899047852e+00 0.000000000000000000e+00
4.149425506591796875e+00 -1.585747623443603516e+01 0.000000000000000000e+00
-4.760995805263519287e-01 8.799351692199707031e+00 0.000000000000000000e+00
1.810216188430786133e+00 2.233780622482299805e+00 0.000000000000000000e+00
-5.567062854766845703e+00 1.722019433975219727e+00 0.000000000000000000e+00
1.373718070983886719e+01 -8.161279678344726562e+00 0.000000000000000000e+00
-1.291140270233154297e+01 3.851675987243652344e+00 0.000000000000000000e+00
8.497716903686523438e+00 1.013490676879882812e+01 0.000000000000000000e+00
-9.479207992553710938e+00 -5.970924377441406250e+00 0.000000000000000000e+00
5.410978794097900391e+00 -3.928557872772216797e+00 0.000000000000000000e+00
1.217812728881835938e+01 -5.525719642639160156e+00 0.000000000000000000e+00
-1.235534697771072388e-01 -1.733563232421875000e+01 0.000000000000000000e+00
-6.721544265747070312e+00 3.486115217208862305e+00 0.000000000000000000e+00
3.226339578628540039e+00 7.311719417572021484e+00 0.000000000000000000e+00
-3.958457231521606445e+00 -6.533239841461181641e+00 0.000000000000000000e+00
6.340182781219482422e+00 -1.149475097656250000e+01 0.000000000000000000e+00
1.128970813751220703e+01 -7.323538780212402344e+00 0.000000000000000000e+00
1.536721467971801758e+00 -7.381827831268310547e+00 0.000000000000000000e+00
-8.911092758178710938e+00 -2.133245952427387238e-02 0.000000000000000000e+00
3.258748769760131836e+00 1.629161834716796875e+01 0.000000000000000000e+00
-7.460849761962890625e+00 -2.351095914840698242e+00 0.000000000000000000e+00
5.038622379302978516e+00 7.355851531028747559e-01 0.000000000000000000e+00
-3.382965087890625000e+00 -1.131502532958984375e+01 0.000000000000000000e+00
3.465697288513183594e+00 -8.139094114303588867e-01 0.000000000000000000e+00
-1.064286041259765625e+01 -3.077785253524780273e+00 0.000000000000000000e+00
2.074321061372756958e-01 -1.268376350402832031e+01 0.000000000000000000e+00
1.159178733825683594e+01 7.743719100952148438e+00 0.000000000000000000e+00
-1.182258415222167969e+01 -4.443846225738525391e+00 0.000000000000000000e+00
1.453932404518127441e+00 -1.136182904243469238e+00 0.000000000000000000e+00
-5.894708156585693359e+00 -1.342991065979003906e+01 0.000000000000000000e+00
-1.345125865936279297e+01 -7.989060401916503906e+00 0.000000000000000000e+00
-4.919528007507324219e+00 -1.600738143920898438e+01 0.000000000000000000e+00
5.769608020782470703e+00 -1.649240684509277344e+01 0.000000000000000000e+00
7.461234092712402344e+00 -1.581763076782226562e+01 0.000000000000000000e+00
1.046493816375732422e+01 -5.770069599151611328e+00 0.000000000000000000e+00
-4.289255142211914062e+00 -1.380196952819824219e+01 0.000000000000000000e+00
-1.114948654174804688e+01 -1.316507816314697266e+01 0.000000000000000000e+00
-1.223566818237304688e+01 6.434648633003234863e-01 0.000000000000000000e+00
1.025223374366760254e+00 -1.031131553649902344e+01 0.000000000000000000e+00
-1.332699012756347656e+01 8.918399810791015625e+00 0.000000000000000000e+00
-3.046204745769500732e-01 1.764519572257995605e+00 0.000000000000000000e+00
8.721780776977539062e-01 1.734465217590332031e+01 0.000000000000000000e+00
-1.340120792388916016e+00 -1.407641696929931641e+01 0.000000000000000000e+00
1.695219421386718750e+01 -2.552232503890991211e+00 0.000000000000000000e+00
1.160018539428710938e+01 -1.592450857162475586e+00 0.000000000000000000e+00
9.419796943664550781e+00 5.028654098510742188e+00 0.000000000000000000e+00
-6.440109252929687500e+00 -7.275610923767089844e+00 0.000000000000000000e+00
3.825056791305541992e+00 9.143413543701171875e+00 0.000000000000000000e+00
7.289792537689208984e+00 -1.361216354370117188e+01 0.000000000000000000e+00
-3.210353374481201172e+00 -3.728125691413879395e-01 0.000000000000000000e+00
7.927558422088623047e+00 -4.901093482971191406e+00 0.000000000000000000e+00
-1.331247425079345703e+01 -3.857557773590087891e+00 0.000000000000000000e+00
5.959441661834716797e+00 1.439382457733154297e+01 0.000000000000000000e+00
1.506240558624267578e+01 4.517839431762695312e+00 0.000000000000000000e+00
-7.353231906890869141e+00 6.172805309295654297e+00 0.000000000000000000e+00
-1.459259414672851562e+01 -5.793829441070556641e+00 0.000000000000000000e+00
1.363596057891845703e+01 8.106139183044433594e+00 0.000000000000000000e+00
-5.580980777740478516e+00 1.140866088867187500e+01 0.000000000000000000e+00
-7.546403408050537109e+00 1.858022212982177734e+00 0.000000000000000000e+00
-3.110671043395996094e+00 -8.487261772155761719e+00 0.000000000000000000e+00
2.927827358245849609e+00 -4.651027679443359375e+00 0.000000000000000000e+00
-2.836415529251098633e+00 -1.613838768005371094e+01 0.000000000000000000e+00
-5.101283073425292969e+00 1.654025077819824219e+01 0.000000000000000000e+00
2.753945350646972656e+00 1.025632286071777344e+01 0.000000000000000000e+00
1.484030628204345703e+01 6.453544139862060547e+00 0.000000000000000000e+00
-1.289005565643310547e+01 6.545633316040039062e+00 0.000000000000000000e+00
-7.957796573638916016e+00 -1.275366878509521484e+01 0.000000000000000000e+00
-5.701236724853515625e+00 -4.316152930259704590e-01 0.000000000000000000e+00
-2.243072986602783203e+00 6.830568790435791016e+00 0.000000000000000000e+00
-4.062219619750976562e+00 1.116786384582519531e+01 0.000000000000000000e+00
5.018297195434570312e+00 -6.076715946197509766e+00 0.000000000000000000e+00
-8.084947586059570312e+00 -1.430436897277832031e+01 0.000000000000000000e+00
1.270284056663513184e+00 -5.062051296234130859e+00 0.000000000000000000e+00
-8.767974853515625000e+00 -3.347137451171875000e+00 0.000000000000000000e+00
7.425298213958740234e+00 -9.505180358886718750e+00 0.000000000000000000e+00
-6.364731788635253906e+00 -1.510158443450927734e+01 0.000000000000000000e+00
-9.840648651123046875e+00 5.443714141845703125e+00 0.000000000000000000e+00
-7.548092365264892578e+00 1.442414855957031250e+01 0.000000000000000000e+00
-9.124267101287841797e-02 5.300261974334716797e+00 0.000000000000000000e+00
4.780623912811279297e+00 6.360648632049560547e+00 0.000000000000000000e+00
9.552227020263671875e+00 1.158985710144042969e+01 0.000000000000000000e+00
-8.898441791534423828e-01 3.999941110610961914e+00 0.000000000000000000e+00
2.195787191390991211e+00 5.369451999664306641e+00 0.000000000000000000e+00
2.743107795715332031e+00 -1.450546932220458984e+01 0.000000000000000000e+00
1.096594524383544922e+01 -1.312880611419677734e+01 0.000000000000000000e+00
7.850697040557861328e+00 1.505851173400878906e+01 0.000000000000000000e+00
-1.643156433105468750e+01 -5.694165706634521484e+00 0.000000000000000000e+00
1.366954207420349121e+00 6.823734760284423828e+00 0.000000000000000000e+00
-9.427323341369628906e+00 1.343486022949218750e+01 0.000000000000000000e+00
-1.422179985046386719e+01 4.878223896026611328e+00 0.000000000000000000e+00
5.978739738464355469e+00 -4.578740894794464111e-01 0.000000000000000000e+00
1.611528968811035156e+01 1.182737797498703003e-01 0.000000000000000000e+00
8.996705055236816406e+00 8.501214027404785156e+00 0.000000000000000000e+00
3.894259691238403320e+00 -1.344352054595947266e+01 0.000000000000000000e+00
-7.333465099334716797e+00 3.365149796009063721e-01 0.000000000000000000e+00
1.150886154174804688e+01 3.223160266876220703e+00 0.000000000000000000e+00
4.457447052001953125e+00 2.887213468551635742e+00 0.000000000000000000e+00
7.316057205200195312e+00 -1.767116427421569824e+00 0.000000000000000000e+00
1.346794128417968750e+01 4.678143978118896484e+00 0.000000000000000000e+00
-9.878285408020019531e+00 -1.114204216003417969e+01 0.000000000000000000e+00
1.661911773681640625e+01 -4.494822025299072266e+00 0.000000000000000000e+00
1.049674510955810547e+01 -5.003352090716362000e-02 0.000000000000000000e+00
-6.829805850982666016e+00 -9.235157012939453125e+00 0.000000000000000000e+00
-1.624423861503601074e+00 -9.137898683547973633e-01 0.000000000000000000e+00
1.069939804077148438e+01 6.314164638519287109e+00 0.000000000000000000e+00
1.212226009368896484e+01 -9.722020149230957031e+00 0.000000000000000000e+00
3.918043613433837891e+00 1.171311664581298828e+01 0.000000000000000000e+00
-6.587104320526123047e+00 1.008433341979980469e+01 0.000000000000000000e+00
-8.419981002807617188e+00 1.091002178192138672e+01 0.000000000000000000e+00
2.602510452270507812e+00 -1.217348003387451172e+01 0.000000000000000000e+00
-1.389980912208557129e+00 -1.104765415191650391e+01 0.000000000000000000e+00
-1.711934089660644531e+01 -1.354059219360351562e+00 0.000000000000000000e+00
-1.660469025373458862e-01 -3.008656203746795654e-01 0.000000000000000000e+00
-3.941951990127563477e+00 1.272738742828369141e+01 0.000000000000000000e+00
1.245131373405456543e+00 4.771430492401123047e-01 0.000000000000000000e+00
-5.236204147338867188e+00 -2.397276639938354492e+00 0.000000000000000000e+00
-8.690937042236328125e+00 6.945967197418212891e+00 0.000000000000000000e+00
3.347245931625366211e+00 1.314236831665039062e+01 0.000000000000000000e+00
-6.480154037475585938e+00 1.323632812500000000e+01 0.000000000000000000e+00
5.535889625549316406e+00 -1.443277072906494141e+01 0.000000000000000000e+00
1.372860431671142578e+01 7.912977337837219238e-01 0.000000000000000000e+00
4.614874839782714844e+00 -1.212405490875244141e+01 0.000000000000000000e+00
-1.416436481475830078e+01 -9.901314735412597656e+00 0.000000000000000000e+00
2.481050729751586914e+00 -1.721788215637207031e+01 0.000000000000000000e+00
6.260662078857421875e-01 9.914447784423828125e+00 0.000000000000000000e+00
9.873228073120117188e+00 -1.417336177825927734e+01 0.000000000000000000e+00
1.662266159057617188e+01 5.330630302429199219e+00 0.000000000000000000e+00
1.339403152465820312e+00 -1.619920349121093750e+01 0.000000000000000000e+00
1.777736544609069824e+00 1.483102703094482422e+01 0.000000000000000000e+00
-1.682126235961914062e+01 -3.930498361587524414e+00 0.000000000000000000e+00
-8.364630699157714844e+00 4.459466457366943359e+00 0.000000000000000000e+00
1.661270332336425781e+01 3.342333555221557617e+00 0.000000000000000000e+00
8.214111328125000000e+00 3.862485885620117188e+00 0.000000000000000000e+00
-1.511304950714111328e+01 -8.208064079284667969e+00 0.000000000000000000e+00
3.451484441757202148e+00 -6.173817634582519531e+00 0.000000000000000000e+00
1.387131881713867188e+01 -5.401074409484863281e+00 0.000000000000000000e+00
9.472167015075683594e+00 -4.306784629821777344e+00 0.000000000000000000e+00
1.149812984466552734e+01 9.429234504699707031e+00 0.000000000000000000e+00
-1.108854293823242188e+01 -5.821768760681152344e+00 0.000000000000000000e+00
-1.229606533050537109e+01 1.113474750518798828e+01 0.000000000000000000e+00
5.133234977722167969e+00 -7.653419971466064453e+00 0.000000000000000000e+00
9.367344856262207031e+00 -7.270269393920898438e+00 0.000000000000000000e+00
1.145132446289062500e+01 4.935982704162597656e+00 0.000000000000000000e+00
-4.905083179473876953e+00 -1.127040576934814453e+01 0.000000000000000000e+00
-8.571334838867187500e+00 2.972570896148681641e+00 0.000000000000000000e+00
-4.786881923675537109e+00 8.618355751037597656e+00 0.000000000000000000e+00
1.578762680292129517e-01 -8.817798614501953125e+00 0.000000000000000000e+00
-1.007098960876464844e+01 -1.223980069160461426e+00 0.000000000000000000e+00
-8.093097805976867676e-01 1.180838584899902344e+01 0.000000000000000000e+00
8.054320335388183594e+00 1.173016357421875000e+01 0.000000000000000000e+00
-1.236713600158691406e+01 2.222658634185791016e+00 0.000000000000000000e+00
1.985744237899780273e+00 -2.819506883621215820e+00 0.000000000000000000e+00
1.570723915100097656e+01 -7.542145252227783203e+00 0.000000000000000000e+00
1.277056884765625000e+01 -1.193173789978027344e+01 0.000000000000000000e+00
1.613512992858886719e+01 1.863934397697448730e+00 0.000000000000000000e+00
-1.158764123916625977e+00 1.744561767578125000e+01 0.000000000000000000e+00
-8.023205757141113281e+00 -1.113135528564453125e+01 0.000000000000000000e+00
5.806774616241455078e+00 1.596275615692138672e+01 0.000000000000000000e+00
-4.080836176872253418e-01 -1.552014827728271484e+01 0.000000000000000000e+00
1.470187950134277344e+01 -2.435575723648071289e+00 0.000000000000000000e+00
9.339472770690917969e+00 -1.064640045166015625e+01 0.000000000000000000e+00
-1.525044441223144531e+01 -3.683227300643920898e+00 0.000000000000000000e+00
5.302822113037109375e+00 9.477420806884765625e+00 0.000000000000000000e+00
-6.972234725952148438e+00 1.602885437011718750e+01 0.000000000000000000e+00
6.227342128753662109e+00 6.804085254669189453e+00 0.000000000000000000e+00
-1.260060214996337891e+01 -6.657809734344482422e+00 0.000000000000000000e+00
-7.372945785522460938e+00 -4.010865688323974609e+00 0.000000000000000000e+00
2.661315917968750000e+00 3.654697656631469727e+00 0.000000000000000000e+00
-1.608653259277343750e+01 5.765796661376953125e+00 0.000000000000000000e+00
1.679144501686096191e-01 1.458068943023681641e+01 0.000000000000000000e+00
-4.669735431671142578e+00 7.047027587890625000e+00 0.000000000000000000e+00
-1.515118694305419922e+01 8.676329612731933594e+00 0.000000000000000000e+00
-1.994302034378051758e+00 -9.502801895141601562e+00 0.000000000000000000e+00
7.747321128845214844e+00 7.606062412261962891e+00 0.000000000000000000e+00
1.253472328186035156e+01 -1.443018168210983276e-01 0.000000000000000000e+00
-1.443567180633544922e+01 9.347164034843444824e-01 0.000000000000000000e+00
-2.011694908142089844e+00 -2.690028667449951172e+00 0.000000000000000000e+00
-4.506892681121826172e+00 5.923576354980468750e-01 0.000000000000000000e+00
1.782324075698852539e+00 8.474725723266601562e+00 0.000000000000000000e+00
