4.247143268585205078e-01 -1.425009155273437500e+01 0.000000000000000000e+00
-1.152452373504638672e+01 9.835618972778320312e+00 0.000000000000000000e+00
-1.176781177520751953e+01 -9.045868873596191406e+00 0.000000000000000000e+00
1.642011046409606934e+00 -8.416235923767089844e+00 0.000000000000000000e+00
-2.956057786941528320e-01 -1.137667846679687500e+01 0.000000000000000000e+00
3.820153474807739258e+00 1.562530994415283203e+01 0.000000000000000000e+00
1.128847026824951172e+01 8.297817230224609375e+00 0.000000000000000000e+00
-1.060576629638671875e+01 3.603883028030395508e+00 0.000000000000000000e+00
1.741744041442871094e+01 8.967269062995910645e-01 0.000000000000000000e+00
-1.210206127166748047e+01 4.956129491329193115e-01 0.000000000000000000e+00
3.409914731979370117e+00 -1.393751907348632812e+01 0.000000000000000000e+00
6.746425151824951172e+00 -8.628527641296386719e+00 0.000000000000000000e+00
-1.647453498840332031e+01 1.628880262374877930e+00 0.000000000000000000e+00
-7.175170898437500000e+00 4.434218704700469971e-01 0.000000000000000000e+00
-7.857201576232910156e+00 -7.056187629699707031e+00 0.000000000000000000e+00
3.514104604721069336e+00 -6.819646835327148438e+00 0.000000000000000000e+00
-4.493663787841796875e+00 -8.173999786376953125e-01 0.000000000000000000e+00
1.659827613830566406e+01 -5.112816333770751953e+00 0.000000000000000000e+00
7.066740989685058594e+00 -6.038703918457031250e+00 0.000000000000000000e+00
1.400704479217529297e+01 -5.784829258918762207e-01 0.000000000000000000e+00
1.534246563911437988e+00 1.227029228210449219e+01 0.000000000000000000e+00
1.023796749114990234e+01 4.388041019439697266e+00 0.000000000000000000e+00
-1.358434295654296875e+01 9.519858360290527344e+00 0.000000000000000000e+00
6.026899814605712891e+00 1.318707084655761719e+01 0.000000000000000000e+00
1.484680080413818359e+01 3.580227851867675781e+00 0.000000000000000000e+00
-5.340708255767822266e+00 5.511757850646972656e+00 0.000000000000000000e+00
-7.401443481445312500e+00 9.691601753234863281e+00 0.000000000000000000e+00
1.185094833374023438e+00 3.898869752883911133e+00 0.000000000000000000e+00
5.343766212463378906e+00 -9.538081169128417969e+00 0.000000000000000000e+00
-8.713578224182128906e+00 1.231689071655273438e+01 0.000000000000000000e+00
-7.962239742279052734e+00 -1.210296344757080078e+01 0.000000000000000000e+00
2.534088134765625000e+00 1.381391143798828125e+01 0.000000000000000000e+00
9.027142524719238281e+00 -1.438332271575927734e+01 0.000000000000000000e+00
-5.856985092163085938e+00 -8.750983238220214844e+00 0.000000000000000000e+00
-1.566630554199218750e+01 -2.917622804641723633e+00 0.000000000000000000e+00
-1.309064579010009766e+01 1.112962532043457031e+01 0.000000000000000000e+00
-3.785615444183349609e+00 3.301749229431152344e+00 0.000000000000000000e+00
-1.285892963409423828e+01 1.877504825592041016e+00 0.000000000000000000e+00
-2.558639049530029297e+00 1.219641780853271484e+01 0.000000000000000000e+00
9.814048767089843750e+00 1.381936931610107422e+01 0.000000000000000000e+00
7.274762153625488281e+00 -1.405613136291503906e+01 0.000000000000000000e+00
1.007262420654296875e+01 -4.294547557830810547e+00 0.000000000000000000e+00
-2.854421615600585938e+00 5.593731403350830078e+00 0.000000000000000000e+00
-1.635428619384765625e+01 -1.186401128768920898e+00 0.000000000000000000e+00
8.641551017761230469e+00 -8.127870559692382812e+00 0.000000000000000000e+00
4.015008926391601562e+00 -1.087037849426269531e+01 0.000000000000000000e+00
8.693921089172363281e+00 -5.553768634796142578e+00 0.000000000000000000e+00
-1.139025807380676270e+00 -1.277972602844238281e+01 0.000000000000000000e+00
2.198828220367431641e+00 -1.496841335296630859e+01 0.000000000000000000e+00
6.800015926361083984e+00 -1.287715554237365723e+00 0.000000000000000000e+00
-2.151107311248779297e+00 1.471961498260498047e+01 0.000000000000000000e+00
1.093001651763916016e+01 2.178047180175781250e+00 0.000000000000000000e+00
-5.212375521659851074e-01 -1.634326553344726562e+01 0.000000000000000000e+00
1.452478504180908203e+01 -6.045866012573242188e+00 0.000000000000000000e+00
9.723858833312988281e+00 -9.201850891113281250e+00 0.000000000000000000e+00
-3.851757347583770752e-01 1.093005847930908203e+01 0.000000000000000000e+00
-1.270275974273681641e+01 -1.109854125976562500e+01 0.000000000000000000e+00
-8.499468803405761719e+00 8.081092834472656250e+00 0.000000000000000000e+00
-8.684057235717773438e+00 -4.807758331298828125e+00 0.000000000000000000e+00
-4.316717147827148438e+00 -1.408192634582519531e+01 0.000000000000000000e+00
-1.293504238128662109e+00 5.035048007965087891e+00 0.000000000000000000e+00
-1.074322414398193359e+01 1.161880302429199219e+01 0.000000000000000000e+00
1.312770652770996094e+01 6.058401584625244141e+00 0.000000000000000000e+00
-1.188279819488525391e+01 -6.716521739959716797e+00 0.000000000000000000e+00
-1.269382667541503906e+01 7.063523769378662109e+00 0.000000000000000000e+00
-3.358160495758056641e+00 7.473283290863037109e+00 0.000000000000000000e+00
5.808025360107421875e+00 -1.333441066741943359e+01 0.000000000000000000e+00
3.047424554824829102e-01 1.686722946166992188e+01 0.000000000000000000e+00
3.513003349304199219e+00 -1.624411201477050781e+01 0.000000000000000000e+00
1.174011993408203125e+01 -2.523665904998779297e+00 0.000000000000000000e+00
8.437977790832519531e+00 7.209475040435791016e+00 0.000000000000000000e+00
8.228404998779296875e+00 1.290683937072753906e+01 0.000000000000000000e+00
-9.109537124633789062e+00 -1.289026975631713867e+00 0.000000000000000000e+00
-5.712170600891113281e+00 -1.628628349304199219e+01 0.000000000000000000e+00
-3.174101591110229492e+00 -1.104162025451660156e+01 0.000000000000000000e+00
-9.488756179809570312e+00 1.070082902908325195e+00 0.000000000000000000e+00
2.964067220687866211e+00 -2.716829299926757812e+00 0.000000000000000000e+00
3.305769443511962891e+00 4.799768447875976562e+00 0.000000000000000000e+00
-3.597318887710571289e+00 1.569142913818359375e+01 0.000000000000000000e+00
-1.502430915832519531e+01 -4.487451076507568359e+00 0.000000000000000000e+00
-2.658169746398925781e+00 1.317855358123779297e+00 0.000000000000000000e+00
9.705766677856445312e+00 -1.130018115043640137e+00 0.000000000000000000e+00
1.096910572052001953e+01 1.112057304382324219e+01 0.000000000000000000e+00
1.016470527648925781e+01 -2.610537767410278320e+00 0.000000000000000000e+00
-5.662806034088134766e+00 1.296115970611572266e+01 0.000000000000000000e+00
4.334828376770019531e+00 1.376122951507568359e+00 0.000000000000000000e+00
-4.930839061737060547e+00 -1.254255676269531250e+01 0.000000000000000000e+00
5.231400489807128906e+00 -1.869037628173828125e+00 0.000000000000000000e+00
3.327813148498535156e-01 -1.525337100028991699e+00 0.000000000000000000e+00
6.701124191284179688e+00 1.558417510986328125e+01 0.000000000000000000e+00
2.307292222976684570e+00 -9.386482834815979004e-01 0.000000000000000000e+00
-9.850754737854003906e+00 -7.316596984863281250e+00 0.000000000000000000e+00
-4.037939071655273438e+00 -4.975335121154785156e+00 0.000000000000000000e+00
4.545461177825927734e+00 9.184597015380859375e+00 0.000000000000000000e+00
4.919444561004638672e+00 6.699687480926513672e+00 0.000000000000000000e+00
7.809924125671386719e+00 -1.134125137329101562e+01 0.000000000000000000e+00
1.478599834442138672e+01 -2.538359642028808594e+00 0.000000000000000000e+00
-7.755724430084228516e+00 -1.486458301544189453e+01 0.000000000000000000e+00
-1.386116981506347656e+00 -4.980618000030517578e+00 0.000000000000000000e+00
7.957182526588439941e-01 -4.982533454895019531e+00 0.000000000000000000e+00
7.290612220764160156e+00 2.514524459838867188e-01 0.000000000000000000e+00
7.151773452758789062e+00 -4.534543514251708984e+00 0.000000000000000000e+00
-1.383571720123291016e+01 7.347705364227294922e-01 0.000000000000000000e+00
-8.596584796905517578e-01 9.229209899902343750e+00 0.000000000000000000e+00
-9.518023490905761719e+00 -1.200333023071289062e+01 0.000000000000000000e+00
-1.021382808685302734e+01 1.400248146057128906e+01 0.000000000000000000e+00
-9.048480033874511719e+00 2.842384338378906250e+00 0.000000000000000000e+00
3.131493806838989258e+00 -4.502473831176757812e+00 0.000000000000000000e+00
1.473484802246093750e+01 7.153280735015869141e+00 0.000000000000000000e+00
-1.624409294128417969e+01 6.376261711120605469e+00 0.000000000000000000e+00
6.272693276405334473e-01 -9.662367820739746094e+00 0.000000000000000000e+00
6.123955726623535156e+00 -1.510419082641601562e+01 0.000000000000000000e+00
-7.581757545471191406e+00 1.525022506713867188e+01 0.000000000000000000e+00
1.204099655151367188e+01 -9.392518997192382812e+00 0.000000000000000000e+00
-1.480022144317626953e+01 -7.199698925018310547e+00 0.000000000000000000e+00
8.938961029052734375e+00 1.524164676666259766e+00 0.000000000000000000e+00
7.818510532379150391e+00 1.047398662567138672e+01 0.000000000000000000e+00
9.444506764411926270e-01 8.843031883239746094e+00 0.000000000000000000e+00
1.119985103607177734e+01 -7.551270484924316406e+00 0.000000000000000000e+00
4.853705406188964844e+00 -4.976260662078857422e+00 0.000000000000000000e+00
-8.684524536132812500e+00 1.073708057403564453e+01 0.000000000000000000e+00
-5.864953041076660156e+00 -1.066479110717773438e+01 0.000000000000000000e+00
1.064754199981689453e+01 -1.342305088043212891e+01 0.000000000000000000e+00
2.857971668243408203e+00 -1.199683475494384766e+01 0.000000000000000000e+00
-6.916190147399902344e+00 1.175895404815673828e+01 0.000000000000000000e+00
-1.301488971710205078e+01 -1.458613753318786621e+00 0.000000000000000000e+00
1.764347910881042480e+00 -1.691492271423339844e+01 0.000000000000000000e+00
-4.025784492492675781e+00 -9.302176475524902344e+00 0.000000000000000000e+00
-1.424377560615539551e+00 -2.384951353073120117e+00 0.000000000000000000e+00
-6.355112552642822266e+00 -7.091876029968261719e+00 0.000000000000000000e+00
8.537446975708007812e+00 5.484653949737548828e+00 0.000000000000000000e+00
1.034619903564453125e+01 6.812059879302978516e-01 0.000000000000000000e+00
4.615510463714599609e+00 3.789022207260131836e+00 0.000000000000000000e+00
1.345391941070556641e+01 -4.149124622344970703e+00 0.000000000000000000e+00
1.214092731475830078e+01 1.009128856658935547e+01 0.000000000000000000e+00
-6.345487833023071289e-01 6.647728919982910156e+00 0.000000000000000000e+00
7.524494528770446777e-01 1.810875535011291504e+00 0.000000000000000000e+00
-1.342890024185180664e+00 3.485001564025878906e+00 0.000000000000000000e+00
-8.339106559753417969e+00 5.450337886810302734e+00 0.000000000000000000e+00
-8.901810646057128906e+00 -8.765322685241699219e+00 0.000000000000000000e+00
1.484304904937744141e+00 7.172746181488037109e+00 0.000000000000000000e+00
-3.912198305130004883e+00 1.110113048553466797e+01 0.000000000000000000e+00
-1.194692611694335938e+01 1.270873355865478516e+01 0.000000000000000000e+00
-3.768434762954711914e+00 -7.477649688720703125e+00 0.000000000000000000e+00
2.243807464838027954e-01 5.078789710998535156e+00 0.000000000000000000e+00
-6.850733757019042969e+00 -4.883991241455078125e+00 0.000000000000000000e+00
-1.230776977539062500e+01 -4.305522441864013672e+00 0.000000000000000000e+00
1.716031074523925781e+01 -1.377154469490051270e+00 0.000000000000000000e+00
-8.050651550292968750e+00 -1.025982952117919922e+01 0.000000000000000000e+00
-5.454701900482177734e+00 -3.417549133300781250e+00 0.000000000000000000e+00
-5.238088607788085938e+00 1.603494644165039062e+01 0.000000000000000000e+00
1.682273674011230469e+01 2.869687557220458984e+00 0.000000000000000000e+00
-5.265968799591064453e+00 7.911796092987060547e+00 0.000000000000000000e+00
-1.154782390594482422e+01 -1.922576546669006348e+00 0.000000000000000000e+00
1.238635182380676270e+00 -6.848969936370849609e+00 0.000000000000000000e+00
1.215860557556152344e+01 3.651952028274536133e+00 0.000000000000000000e+00
3.313182830810546875e+00 7.794633865356445312e+00 0.000000000000000000e+00
7.134285926818847656e+00 4.012528896331787109e+00 0.000000000000000000e+00
-2.212807178497314453e+00 -8.329950332641601562e+00 0.000000000000000000e+00
-1.018619537353515625e+01 -5.844068527221679688e+00 0.000000000000000000e+00
1.070880985260009766e+01 -1.134984970092773438e+01 0.000000000000000000e+00
6.198940753936767578e+00 -1.188220500946044922e+01 0.000000000000000000e+00
-9.126802444458007812e+00 -1.416793632507324219e+01 0.000000000000000000e+00
-8.415296077728271484e-01 -7.513465404510498047e+00 0.000000000000000000e+00
-1.499872565269470215e+00 -4.635956883430480957e-01 0.000000000000000000e+00
3.037871599197387695e+00 1.082997798919677734e+01 0.000000000000000000e+00
5.355959415435791016e+00 -7.216773509979248047e+00 0.000000000000000000e+00
-1.380879688262939453e+01 -2.933557033538818359e+00 0.000000000000000000e+00
-3.945834875106811523e+00 -1.699402618408203125e+01 0.000000000000000000e+00
1.547732448577880859e+01 -1.058479309082031250e+00 0.000000000000000000e+00
7.712167263031005859e+00 1.440480804443359375e+01 0.000000000000000000e+00
-1.549488544464111328e+01 3.101152181625366211e+00 0.000000000000000000e+00
-5.318855762481689453e+00 2.565418720245361328e+00 0.000000000000000000e+00
-1.307827234268188477e+00 1.597688579559326172e+01 0.000000000000000000e+00
5.169348239898681641e+00 1.076544475555419922e+01 0.000000000000000000e+00
-6.703059196472167969e+00 7.027496814727783203e+00 0.000000000000000000e+00
-1.474709129333496094e+01 4.806982517242431641e+00 0.000000000000000000e+00
-1.045906352996826172e+01 -3.779708862304687500e+00 0.000000000000000000e+00
1.188360881805419922e+01 -4.474767684936523438e+00 0.000000000000000000e+00
1.283999919891357422e+01 9.056316018104553223e-01 0.000000000000000000e+00
1.675455284118652344e+01 4.713827133178710938e+00 0.000000000000000000e+00
-2.805651903152465820e+00 -3.966189861297607422e+00 0.000000000000000000e+00
1.084516048431396484e+01 6.639150619506835938e+00 0.000000000000000000e+00
6.289135456085205078e+00 9.278773307800292969e+00 0.000000000000000000e+00
3.675181388854980469e+00 -9.356848716735839844e+00 0.000000000000000000e+00
-5.271011829376220703e+00 9.706702232360839844e+00 0.000000000000000000e+00
4.130469322204589844e+00 1.255580043792724609e+01 0.000000000000000000e+00
9.988050460815429688e+00 9.638581275939941406e+00 0.000000000000000000e+00
1.600383162498474121e+00 -1.282244682312011719e+01 0.000000000000000000e+00
5.143136978149414062e+00 1.672173309326171875e+01 0.000000000000000000e+00
-1.362468624114990234e+01 -5.622976303100585938e+00 0.000000000000000000e+00
-9.588846206665039062e+00 6.548577785491943359e+00 0.000000000000000000e+00
2.298022270202636719e+00 1.690752983093261719e+01 0.000000000000000000e+00
2.820197582244873047e+00 9.309753417968750000e+00 0.000000000000000000e+00
-3.201044321060180664e+00 9.013155937194824219e+00 0.000000000000000000e+00
5.901443481445312500e+00 5.469600200653076172e+00 0.000000000000000000e+00
-2.640668630599975586e+00 -1.435317134857177734e+01 0.000000000000000000e+00
-7.141039848327636719e+00 2.196999788284301758e+00 0.000000000000000000e+00
-6.606343746185302734e+00 -1.368935966491699219e+01 0.000000000000000000e+00
-1.429299831390380859e+01 7.220560073852539062e+00 0.000000000000000000e+00
-8.711190223693847656e+00 1.389513683319091797e+01 0.000000000000000000e+00
1.416123771667480469e+01 -8.168272972106933594e+00 0.000000000000000000e+00
1.273316478729248047e+01 -6.162314891815185547e+00 0.000000000000000000e+00
-7.215132713317871094e+00 -2.987592697143554688e+00 0.000000000000000000e+00
1.148986721038818359e+01 1.282717800140380859e+01 0.000000000000000000e+00
1.235353851318359375e+01 -1.200874519348144531e+01 0.000000000000000000e+00
8.321991920471191406e+00 -9.793489456176757812e+00 0.000000000000000000e+00
-1.100789928436279297e+01 2.050758361816406250e+00 0.000000000000000000e+00
-1.265482425689697266e+00 -1.002082347869873047e+01 0.000000000000000000e+00
-1.005490112304687500e+01 -9.888827323913574219e+00 0.000000000000000000e+00
1.377733993530273438e+01 8.821298599243164062e+00 0.000000000000000000e+00
-1.228409862518310547e+01 5.078768253326416016e+00 0.000000000000000000e+00
1.486980724334716797e+01 1.747115015983581543e+00 0.000000000000000000e+00
8.941563606262207031e+00 -1.275885105133056641e+01 0.000000000000000000e+00
2.926665306091308594e+00 2.095014572143554688e+00 0.000000000000000000e+00
6.210552692413330078e+00 2.006954908370971680e+00 0.000000000000000000e+00
-1.605047285556793213e-01 -3.364791154861450195e+00 0.000000000000000000e+00
1.606724739074707031e+00 1.019715881347656250e+01 0.000000000000000000e+00
4.761038780212402344e+00 1.416265296936035156e+01 0.000000000000000000e+00
-1.655348205566406250e+01 -4.576250553131103516e+00 0.000000000000000000e+00
-1.320274353027343750e+01 -8.419730186462402344e+00 0.000000000000000000e+00
-2.534259557723999023e-01 1.483987712860107422e+01 0.000000000000000000e+00
-6.382264614105224609e+00 -1.016669511795043945e+00 0.000000000000000000e+00
1.495716476440429688e+01 5.337009429931640625e+00 0.000000000000000000e+00
6.958163261413574219e+00 1.171099090576171875e+01 0.000000000000000000e+00
-1.701794815063476562e+01 3.176331996917724609e+00 0.000000000000000000e+00
-2.964469671249389648e+00 -1.648031234741210938e+00 0.000000000000000000e+00
-2.511828184127807617e+00 -6.290671825408935547e+00 0.000000000000000000e+00
1.405999851226806641e+01 -1.002013683319091797e+01 0.000000000000000000e+00
-1.109377956390380859e+01 -1.302120685577392578e+01 0.000000000000000000e+00
3.843181729316711426e-01 3.203644454479217529e-01 0.000000000000000000e+00
-1.071489238739013672e+01 -1.087877899408340454e-01 0.000000000000000000e+00
1.495226001739501953e+01 -4.512131690979003906e+00 0.000000000000000000e+00
-9.920350074768066406e+00 9.097796440124511719e+00 0.000000000000000000e+00
1.159941673278808594e+01 -6.331834197044372559e-01 0.000000000000000000e+00
1.122190380096435547e+01 -5.864199638366699219e+00 0.000000000000000000e+00
5.588534832000732422e+00 4.798844158649444580e-01 0.000000000000000000e+00
-7.965981960296630859e-01 1.559195876121520996e+00 0.000000000000000000e+00
-2.279674291610717773e+00 -1.641776657104492188e+01 0.000000000000000000e+00
1.790422081947326660e+00 5.349270343780517578e+00 0.000000000000000000e+00
-1.108199214935302734e+01 -1.119837856292724609e+01 0.000000000000000000e+00
8.829668998718261719e+00 3.725301265716552734e+00 0.000000000000000000e+00
1.350899124145507812e+01 2.891519784927368164e+00 0.000000000000000000e+00
5.916858196258544922e+00 -3.553958415985107422e+00 0.000000000000000000e+00
1.673504829406738281e+01 -2.985907793045043945e+00 0.000000000000000000e+00
-1.747873497009277344e+01 1.472745835781097412e-01 0.000000000000000000e+00
1.614713311195373535e+00 -3.525850772857666016e+00 0.000000000000000000e+00
1.622798538208007812e+01 6.503961563110351562e+00 0.000000000000000000e+00
-1.393262004852294922e+01 3.482529163360595703e+00 0.000000000000000000e+00
-1.113261795043945312e+01 7.059805870056152344e+00 0.000000000000000000e+00
-1.412458229064941406e+01 -9.735301971435546875e+00 0.000000000000000000e+00
7.709161758422851562e+00 8.679102897644042969e+00 0.000000000000000000e+00
-6.735738277435302734e+00 3.754237651824951172e+00 0.000000000000000000e+00
8.167649269104003906e+00 -2.347090959548950195e+00 0.000000000000000000e+00
-2.380778074264526367e+00 1.706998252868652344e+01 0.000000000000000000e+00
-1.936621218919754028e-02 1.292690086364746094e+01 0.000000000000000000e+00
