1.485048866271972656e+01 -8.573807716369628906e+00 0.000000000000000000e+00
-3.965565919876098633e+00 -1.618353271484375000e+01 0.000000000000000000e+00
2.393080711364746094e+00 1.499532699584960938e+01 0.000000000000000000e+00
-1.313681697845458984e+01 -1.133958911895751953e+01 0.000000000000000000e+00
-7.153553962707519531e+00 -3.230612576007843018e-01 0.000000000000000000e+00
2.623782396316528320e+00 -1.643819999694824219e+01 0.000000000000000000e+00
1.161535072326660156e+01 -8.278016090393066406e+00 0.000000000000000000e+00
-1.272306442260742188e+01 8.576980590820312500e+00 0.000000000000000000e+00
-1.528719711303710938e+01 -1.634971380233764648e+00 0.000000000000000000e+00
-2.318383216857910156e+00 -2.066306114196777344e+00 0.000000000000000000e+00
2.612025737762451172e+00 -1.033166503906250000e+01 0.000000000000000000e+00
1.305241870880126953e+01 -2.291193962097167969e+00 0.000000000000000000e+00
5.817346096038818359e+00 -5.606149196624755859e+00 0.000000000000000000e+00
-1.074577617645263672e+01 -3.279390573501586914e+00 0.000000000000000000e+00
9.101812362670898438e+00 -1.317220020294189453e+01 0.000000000000000000e+00
-8.532485961914062500e+00 7.032991409301757812e+00 0.000000000000000000e+00
7.764745712280273438e+00 1.044953060150146484e+01 0.000000000000000000e+00
-4.513845920562744141e+00 -1.364769786596298218e-01 0.000000000000000000e+00
1.476045131683349609e+00 9.989405632019042969e+00 0.000000000000000000e+00
-6.743536949157714844e+00 1.635908842086791992e+00 0.000000000000000000e+00
-8.407770156860351562e+00 -5.261443614959716797e+00 0.000000000000000000e+00
-1.048113727569580078e+01 -4.842442512512207031e+00 0.000000000000000000e+00
4.428926467895507812e+00 1.136042213439941406e+01 0.000000000000000000e+00
-1.738537979125976562e+01 1.836632966995239258e+00 0.000000000000000000e+00
-3.605779170989990234e+00 1.561479759216308594e+01 0.000000000000000000e+00
4.981915473937988281e+00 -1.510218811035156250e+01 0.000000000000000000e+00
1.486947178840637207e+00 1.306462526321411133e+00 0.000000000000000000e+00
-5.099214315414428711e-01 1.399076366424560547e+01 0.000000000000000000e+00
-1.065159606933593750e+01 -9.577475547790527344e+00 0.000000000000000000e+00
8.852779388427734375e+00 -1.121717453002929688e+01 0.000000000000000000e+00
-5.023330211639404297e+00 -9.732249259948730469e+00 0.000000000000000000e+00
1.623542976379394531e+01 -6.023058414459228516e+00 0.000000000000000000e+00
1.958390474319458008e+00 4.091995239257812500e+00 0.000000000000000000e+00
3.157322406768798828e+00 1.219297599792480469e+01 0.000000000000000000e+00
1.623163986206054688e+01 8.483269214630126953e-01 0.000000000000000000e+00
1.257191753387451172e+01 6.184124946594238281e-01 0.000000000000000000e+00
-1.210830116271972656e+01 2.861442804336547852e+00 0.000000000000000000e+00
-1.642272949218750000e+01 3.831380903720855713e-01 0.000000000000000000e+00
4.865857601165771484e+00 1.559554004669189453e+01 0.000000000000000000e+00
-1.359058022499084473e+00 1.735637664794921875e+01 0.000000000000000000e+00
7.721814632415771484e+00 -1.479164123535156250e+01 0.000000000000000000e+00
-8.998979568481445312e+00 1.225342750549316406e+01 0.000000000000000000e+00
-1.592872023582458496e+00 1.092528438568115234e+01 0.000000000000000000e+00
-1.793569028377532959e-01 7.365198135375976562e+00 0.000000000000000000e+00
-2.870009183883666992e+00 -6.496227741241455078e+00 0.000000000000000000e+00
-7.103347301483154297e+00 -1.369374465942382812e+01 0.000000000000000000e+00
-8.544469833374023438e+00 -1.475708293914794922e+01 0.000000000000000000e+00
9.200027465820312500e+00 3.295625448226928711e+00 0.000000000000000000e+00
1.929927706718444824e+00 7.108147621154785156e+00 0.000000000000000000e+00
-1.031435012817382812e+01 -1.165955924987792969e+01 0.000000000000000000e+00
1.046962165832519531e+01 1.969048142433166504e+00 0.000000000000000000e+00
-7.154899120330810547e+00 -2.319090604782104492e+00 0.000000000000000000e+00
2.891078948974609375e+00 -6.641147136688232422e+00 0.000000000000000000e+00
4.831701278686523438e+00 -7.031520843505859375e+00 0.000000000000000000e+00
-1.338256454467773438e+01 1.072822570800781250e+01 0.000000000000000000e+00
-1.123716592788696289e+00 -1.619727706909179688e+01 0.000000000000000000e+00
8.819818496704101562e+00 7.780821800231933594e+00 0.000000000000000000e+00
2.425856590270996094e+00 -3.707690238952636719e-01 0.000000000000000000e+00
-5.190896987915039062e+00 -3.566802263259887695e+00 0.000000000000000000e+00
-8.610795974731445312e+00 -9.531096458435058594e+00 0.000000000000000000e+00
8.983297944068908691e-01 -5.434037446975708008e-01 0.000000000000000000e+00
5.291741371154785156e+00 3.796689271926879883e+00 0.000000000000000000e+00
3.946372032165527344e+00 -2.960974216461181641e+00 0.000000000000000000e+00
1.121633434295654297e+01 -2.926468610763549805e+00 0.000000000000000000e+00
-1.506202983856201172e+01 6.580743312835693359e+00 0.000000000000000000e+00
-1.628469944000244141e+00 -1.012512779235839844e+01 0.000000000000000000e+00
-1.028975868225097656e+01 1.023269462585449219e+01 0.000000000000000000e+00
-1.398478126525878906e+01 4.190604209899902344e+00 0.000000000000000000e+00
-4.638068675994873047e+00 1.046974563598632812e+01 0.000000000000000000e+00
-1.051597690582275391e+01 1.327969264984130859e+01 0.000000000000000000e+00
-3.882559537887573242e+00 5.160734176635742188e+00 0.000000000000000000e+00
-6.066392064094543457e-01 3.604630708694458008e+00 0.000000000000000000e+00
3.809054613113403320e+00 -4.696474075317382812e+00 0.000000000000000000e+00
-7.335390090942382812e+00 -1.158550167083740234e+01 0.000000000000000000e+00
-1.997424006462097168e+00 -1.411499118804931641e+01 0.000000000000000000e+00
5.751286029815673828e+00 -8.589650154113769531e+00 0.000000000000000000e+00
-9.852123260498046875e+00 6.059624671936035156e+00 0.000000000000000000e+00
1.725998878479003906e+01 2.684808015823364258e+00 0.000000000000000000e+00
6.082637310028076172e+00 -1.062369823455810547e+01 0.000000000000000000e+00
-8.935501098632812500e+00 3.842630386352539062e+00 0.000000000000000000e+00
7.033556461334228516e+00 -1.214491271972656250e+01 0.000000000000000000e+00
8.740653038024902344e+00 1.313817691802978516e+01 0.000000000000000000e+00
-7.024737834930419922e+00 9.220286369323730469e+00 0.000000000000000000e+00
6.629659652709960938e+00 -5.386896133422851562e-01 0.000000000000000000e+00
9.357490539550781250e+00 -3.785706043243408203e+00 0.000000000000000000e+00
8.841725438833236694e-02 1.616034889221191406e+01 0.000000000000000000e+00
-1.327070522308349609e+01 -6.736987113952636719e+00 0.000000000000000000e+00
-9.158981323242187500e+00 -3.433228254318237305e+00 0.000000000000000000e+00
-1.111318874359130859e+01 -8.058790206909179688e+00 0.000000000000000000e+00
-1.417816066741943359e+01 -9.217080116271972656e+00 0.000000000000000000e+00
-1.435439014434814453e+01 1.156172513961791992e+00 0.000000000000000000e+00
-1.498784351348876953e+01 8.827048301696777344e+00 0.000000000000000000e+00
1.448835659027099609e+01 -5.863072395324707031e+00 0.000000000000000000e+00
4.419250488281250000e+00 1.380526828765869141e+01 0.000000000000000000e+00
-1.348056316375732422e+01 -1.641878724098205566e+00 0.000000000000000000e+00
3.343279600143432617e+00 -1.467490768432617188e+01 0.000000000000000000e+00
-1.501804256439208984e+01 -6.538889884948730469e+00 0.000000000000000000e+00
8.785541534423828125e+00 -9.423384666442871094e+00 0.000000000000000000e+00
9.902269363403320312e+00 1.097240447998046875e+01 0.000000000000000000e+00
-5.893903732299804688e+00 4.636892318725585938e+00 0.000000000000000000e+00
1.381984329223632812e+01 6.556696414947509766e+00 0.000000000000000000e+00
1.540910720825195312e+01 3.342799901962280273e+00 0.000000000000000000e+00
1.403843283653259277e+00 -1.369947624206542969e+01 0.000000000000000000e+00
-1.593594455718994141e+01 3.186164855957031250e+00 0.000000000000000000e+00
-1.681081008911132812e+01 -2.581835985183715820e+00 0.000000000000000000e+00
8.595204353332519531e-01 -3.155139446258544922e+00 0.000000000000000000e+00
1.032029315829277039e-01 -1.154080104827880859e+01 0.000000000000000000e+00
7.311634540557861328e+00 -6.436502933502197266e+00 0.000000000000000000e+00
-1.031906700134277344e+01 -6.536355972290039062e+00 0.000000000000000000e+00
1.019087219238281250e+01 1.370801353454589844e+01 0.000000000000000000e+00
-1.113683032989501953e+01 8.390199661254882812e+00 0.000000000000000000e+00
1.223553180694580078e+01 6.642713546752929688e+00 0.000000000000000000e+00
-3.381676197052001953e+00 -9.901910781860351562e+00 0.000000000000000000e+00
4.059899330139160156e+00 -1.201648139953613281e+01 0.000000000000000000e+00
-1.180669689178466797e+01 1.167279005050659180e+00 0.000000000000000000e+00
-1.354944229125976562e+00 5.232488632202148438e+00 0.000000000000000000e+00
-4.492892265319824219e+00 2.001972675323486328e+00 0.000000000000000000e+00
-5.004399299621582031e+00 -1.404830551147460938e+01 0.000000000000000000e+00
1.526680660247802734e+01 -3.708608627319335938e+00 0.000000000000000000e+00
-8.888373374938964844e+00 1.463660049438476562e+01 0.000000000000000000e+00
2.468346595764160156e+00 -8.529831886291503906e+00 0.000000000000000000e+00
-9.918049812316894531e+00 -1.342758560180664062e+01 0.000000000000000000e+00
3.860802650451660156e+00 4.646033763885498047e+00 0.000000000000000000e+00
6.796664237976074219e+00 8.821962356567382812e+00 0.000000000000000000e+00
-5.422773838043212891e+00 8.792038917541503906e+00 0.000000000000000000e+00
1.300725460052490234e+01 7.963611602783203125e+00 0.000000000000000000e+00
1.077922153472900391e+01 -9.712392807006835938e+00 0.000000000000000000e+00
1.126454114913940430e+00 1.212862014770507812e+01 0.000000000000000000e+00
-6.127240180969238281e+00 1.200372314453125000e+01 0.000000000000000000e+00
1.380233478546142578e+01 4.133887290954589844e+00 0.000000000000000000e+00
5.936384677886962891e+00 2.129843711853027344e+00 0.000000000000000000e+00
-3.987074613571166992e+00 7.241923332214355469e+00 0.000000000000000000e+00
5.545151710510253906e+00 6.633689403533935547e+00 0.000000000000000000e+00
9.078311920166015625e+00 -2.137203931808471680e+00 0.000000000000000000e+00
-5.772254943847656250e+00 6.298621654510498047e+00 0.000000000000000000e+00
-1.600628852844238281e+01 -4.060228824615478516e+00 0.000000000000000000e+00
-1.121900367736816406e+01 4.986172199249267578e+00 0.000000000000000000e+00
-8.755617141723632812e+00 -1.245001029968261719e+01 0.000000000000000000e+00
9.066276550292968750e+00 1.005322933197021484e+00 0.000000000000000000e+00
-3.470229625701904297e+00 9.389697074890136719e+00 0.000000000000000000e+00
4.540750384330749512e-01 -1.713490486145019531e+01 0.000000000000000000e+00
8.817511558532714844e+00 -6.950194358825683594e+00 0.000000000000000000e+00
-3.997619867324829102e+00 -1.862397432327270508e+00 0.000000000000000000e+00
5.146070480346679688e+00 9.308940887451171875e+00 0.000000000000000000e+00
1.081557273864746094e+01 -8.213679790496826172e-01 0.000000000000000000e+00
1.054895782470703125e+01 -1.182996177673339844e+01 0.000000000000000000e+00
-1.009493446350097656e+01 6.449604034423828125e-01 0.000000000000000000e+00
1.181238982826471329e-02 -7.732831001281738281e+00 0.000000000000000000e+00
-6.016828536987304688e+00 -8.531972885131835938e+00 0.000000000000000000e+00
-2.543207406997680664e+00 1.453266334533691406e+01 0.000000000000000000e+00
1.426194477081298828e+01 8.442012071609497070e-01 0.000000000000000000e+00
7.190770626068115234e+00 1.369625473022460938e+01 0.000000000000000000e+00
8.184292793273925781e+00 4.923114776611328125e+00 0.000000000000000000e+00
1.560319066047668457e+00 1.655526351928710938e+01 0.000000000000000000e+00
-5.413699150085449219e+00 1.433214569091796875e+01 0.000000000000000000e+00
1.331717586517333984e+01 -4.249880790710449219e+00 0.000000000000000000e+00
-1.320856285095214844e+01 5.509713172912597656e+00 0.000000000000000000e+00
-1.011683654785156250e+01 2.690803289413452148e+00 0.000000000000000000e+00
6.834209918975830078e+00 1.192528247833251953e+01 0.000000000000000000e+00
1.107332992553710938e+01 8.621733665466308594e+00 0.000000000000000000e+00
-6.943428993225097656e+00 7.425375461578369141e+00 0.000000000000000000e+00
-4.231762886047363281e+00 -1.170455455780029297e+01 0.000000000000000000e+00
-1.093478298187255859e+01 -6.272642016410827637e-01 0.000000000000000000e+00
-8.296528816223144531e+00 1.075450038909912109e+01 0.000000000000000000e+00
1.622628784179687500e+01 -7.393010258674621582e-01 0.000000000000000000e+00
-4.592341780662536621e-01 1.247115039825439453e+01 0.000000000000000000e+00
-1.781676888465881348e+00 -7.787181854248046875e+00 0.000000000000000000e+00
1.717713928222656250e+01 -2.711896896362304688e+00 0.000000000000000000e+00
-1.214634609222412109e+01 -5.522087574005126953e+00 0.000000000000000000e+00
-5.458325386047363281e+00 -5.213879585266113281e+00 0.000000000000000000e+00
4.665851593017578125e+00 -1.472503319382667542e-02 0.000000000000000000e+00
-7.304955959320068359e+00 1.555757904052734375e+01 0.000000000000000000e+00
7.595578193664550781e+00 -3.110822916030883789e+00 0.000000000000000000e+00
-1.278902244567871094e+01 -8.561292648315429688e+00 0.000000000000000000e+00
3.580899953842163086e+00 1.806255340576171875e+00 0.000000000000000000e+00
-1.537512588500976562e+01 5.103168487548828125e+00 0.000000000000000000e+00
-2.966398239135742188e+00 -4.712069511413574219e+00 0.000000000000000000e+00
1.057174587249755859e+01 -6.732373714447021484e+00 0.000000000000000000e+00
8.262039184570312500e+00 -3.927000761032104492e-01 0.000000000000000000e+00
-3.024733304977416992e+00 3.246067285537719727e+00 0.000000000000000000e+00
-6.640127182006835938e+00 -4.201546192169189453e+00 0.000000000000000000e+00
1.357839488983154297e+01 -5.325479507446289062e-01 0.000000000000000000e+00
-1.555953383445739746e+00 8.380184173583984375e+00 0.000000000000000000e+00
-1.287055015563964844e+00 -5.897746086120605469e+00 0.000000000000000000e+00
1.377614116668701172e+01 -1.075018310546875000e+01 0.000000000000000000e+00
-6.935865402221679688e+00 -1.595742702484130859e+01 0.000000000000000000e+00
1.112053275108337402e+00 -5.808522701263427734e+00 0.000000000000000000e+00
1.304047966003417969e+01 -9.109653472900390625e+00 0.000000000000000000e+00
-1.238605785369873047e+01 1.193068408966064453e+01 0.000000000000000000e+00
-7.205868721008300781e+00 3.583230257034301758e+00 0.000000000000000000e+00
1.219384765625000000e+01 4.472638130187988281e+00 0.000000000000000000e+00
6.215901374816894531e+00 -2.091649532318115234e+00 0.000000000000000000e+00
-1.710467100143432617e+00 1.160184517502784729e-01 0.000000000000000000e+00
3.198989868164062500e+00 1.044311237335205078e+01 0.000000000000000000e+00
1.202202796936035156e+01 -1.091890048980712891e+01 0.000000000000000000e+00
-2.933326959609985352e+00 1.202143573760986328e+01 0.000000000000000000e+00
4.523238837718963623e-01 4.751819610595703125e+00 0.000000000000000000e+00
-5.826161384582519531e+00 -1.276116657257080078e+01 0.000000000000000000e+00
-8.628602981567382812e+00 8.863937377929687500e+00 0.000000000000000000e+00
1.551625919342041016e+01 7.685626506805419922e+00 0.000000000000000000e+00
1.223060703277587891e+01 2.935772657394409180e+00 0.000000000000000000e+00
1.160907554626464844e+01 1.166092395782470703e+01 0.000000000000000000e+00
1.598278331756591797e+01 6.102603912353515625e+00 0.000000000000000000e+00
-9.957860708236694336e-01 -4.347342014312744141e+00 0.000000000000000000e+00
-2.603457927703857422e+00 -1.262873458862304688e+01 0.000000000000000000e+00
1.385632133483886719e+01 1.040136623382568359e+01 0.000000000000000000e+00
8.738813996315002441e-01 -9.471098899841308594e+00 0.000000000000000000e+00
-3.927067518234252930e+00 -7.906300544738769531e+00 0.000000000000000000e+00
2.742354393005371094e+00 -1.302054786682128906e+01 0.000000000000000000e+00
-1.137954711914062500e+01 6.661749362945556641e+00 0.000000000000000000e+00
2.947283744812011719e+00 1.720970535278320312e+01 0.000000000000000000e+00
1.337641143798828125e+01 -7.287508964538574219e+00 0.000000000000000000e+00
9.972731590270996094e+00 -5.154110908508300781e+00 0.000000000000000000e+00
-8.533447265625000000e+00 1.155086755752563477e+00 0.000000000000000000e+00
1.109627437591552734e+01 -1.352980899810791016e+01 0.000000000000000000e+00
2.759520411491394043e-01 -1.564084053039550781e+01 0.000000000000000000e+00
1.184313011169433594e+01 -4.590325355529785156e+00 0.000000000000000000e+00
4.187388420104980469e+00 -9.590059280395507812e+00 0.000000000000000000e+00
1.408320808410644531e+01 2.499603271484375000e+00 0.000000000000000000e+00
-8.323561668395996094e+00 -7.186115741729736328e+00 0.000000000000000000e+00
9.972817420959472656e+00 5.669035911560058594e+00 0.000000000000000000e+00
1.672839927673339844e+01 4.604881763458251953e+00 0.000000000000000000e+00
6.392384529113769531e+00 5.038885593414306641e+00 0.000000000000000000e+00
-5.178706049919128418e-01 -1.581843614578247070e+00 0.000000000000000000e+00
-2.135209739208221436e-01 -1.306204032897949219e+01 0.000000000000000000e+00
-5.467221260070800781e+00 1.616775321960449219e+01 0.000000000000000000e+00
-1.394824409484863281e+01 -3.800447940826416016e+00 0.000000000000000000e+00
-2.821835994720458984e+00 1.557163119316101074e+00 0.000000000000000000e+00
7.582068443298339844e+00 1.716349363327026367e+00 0.000000000000000000e+00
-4.864286258816719055e-02 1.031174373626708984e+01 0.000000000000000000e+00
6.638278961181640625e+00 -4.304383277893066406e+00 0.000000000000000000e+00
8.319031715393066406e+00 1.498055171966552734e+01 0.000000000000000000e+00
9.821227073669433594e+00 -8.248778343200683594e+00 0.000000000000000000e+00
7.369156360626220703e+00 -8.673720359802246094e+00 0.000000000000000000e+00
-8.419517517089843750e+00 -1.424975037574768066e+00 0.000000000000000000e+00
-2.264618158340454102e+00 7.015377521514892578e+00 0.000000000000000000e+00
4.488182544708251953e+00 7.929321289062500000e+00 0.000000000000000000e+00
-1.245412540435791016e+01 -3.942250490188598633e+00 0.000000000000000000e+00
-5.552484512329101562e+00 -1.370965838432312012e+00 0.000000000000000000e+00
3.245426654815673828e+00 6.284631252288818359e+00 0.000000000000000000e+00
-1.267573356628417969e+01 -1.920532137155532837e-01 0.000000000000000000e+00
-1.717476844787597656e+01 -9.772743582725524902e-01 0.000000000000000000e+00
7.213448524475097656e+00 6.545173645019531250e+00 0.000000000000000000e+00
1.435362911224365234e+01 8.672629356384277344e+00 0.000000000000000000e+00
-1.544355964660644531e+01 -8.218686103820800781e+00 0.000000000000000000e+00
9.203354835510253906e+00 9.369101524353027344e+00 0.000000000000000000e+00
-1.365217018127441406e+01 7.329902172088623047e+00 0.000000000000000000e+00
-3.845488309860229492e+00 1.355004787445068359e+01 0.000000000000000000e+00
2.467437744140625000e+00 8.765433311462402344e+00 0.000000000000000000e+00
6.410717487335205078e+00 -1.620555686950683594e+01 0.000000000000000000e+00
-6.243147373199462891e+00 -6.528521537780761719e+00 0.000000000000000000e+00
6.433766365051269531e+00 1.567203712463378906e+01 0.000000000000000000e+00
-7.520330548286437988e-01 1.987955212593078613e+00 0.000000000000000000e+00
-6.945415496826171875e+00 1.367124843597412109e+01 0.000000000000000000e+00
1.554708957672119141e+01 -2.096808671951293945e+00 0.000000000000000000e+00
5.671505928039550781e+00 -1.342793178558349609e+01 0.000000000000000000e+00
