5.326015472412109375e+00 -4.430641651153564453e+00 0.000000000000000000e+00
5.446809291839599609e+00 1.449158477783203125e+01 0.000000000000000000e+00
-6.067888736724853516e+00 -1.271486854553222656e+01 0.000000000000000000e+00
-4.510558605194091797e+00 8.508212089538574219e+00 0.000000000000000000e+00
8.670063018798828125e+00 8.269327163696289062e+00 0.000000000000000000e+00
1.658869743347167969e+00 -5.469560146331787109e+00 0.000000000000000000e+00
-1.282739830017089844e+01 -7.707212924957275391e+00 0.000000000000000000e+00
-6.308770179748535156e+00 1.138484096527099609e+01 0.000000000000000000e+00
3.851691722869873047e+00 7.516120433807373047e+00 0.000000000000000000e+00
-1.416752433776855469e+01 3.925126791000366211e+00 0.000000000000000000e+00
5.804677009582519531e+00 -1.188403701782226562e+01 0.000000000000000000e+00
9.541826248168945312e+00 1.027979278564453125e+01 0.000000000000000000e+00
1.525822353363037109e+01 3.516639232635498047e+00 0.000000000000000000e+00
6.276083946228027344e+00 -9.520178794860839844e+00 0.000000000000000000e+00
2.824007987976074219e+00 -1.281955623626708984e+01 0.000000000000000000e+00
-4.449740409851074219e+00 -5.863957405090332031e+00 0.000000000000000000e+00
1.142933750152587891e+01 -1.078414154052734375e+01 0.000000000000000000e+00
3.277290344238281250e+00 3.056057929992675781e+00 0.000000000000000000e+00
2.894050598144531250e+00 -4.390684366226196289e-01 0.000000000000000000e+00
-1.207253360748291016e+01 9.446599960327148438e+00 0.000000000000000000e+00
-8.113242149353027344e+00 1.437945747375488281e+01 0.000000000000000000e+00
-1.418618106842041016e+01 -6.978712558746337891e+00 0.000000000000000000e+00
9.515283584594726562e+00 -1.805809497833251953e+00 0.000000000000000000e+00
1.567644500732421875e+01 3.290006518363952637e-01 0.000000000000000000e+00
-1.010459995269775391e+01 -7.665960311889648438e+00 0.000000000000000000e+00
-1.020397663116455078e+01 1.124199581146240234e+01 0.000000000000000000e+00
-3.303030729293823242e+00 -1.424230384826660156e+01 0.000000000000000000e+00
9.697366714477539062e+00 4.951157867908477783e-01 0.000000000000000000e+00
-7.590072631835937500e+00 6.830378055572509766e+00 0.000000000000000000e+00
7.154206275939941406e+00 -1.589422988891601562e+01 0.000000000000000000e+00
3.817030429840087891e+00 -2.866839647293090820e+00 0.000000000000000000e+00
1.390579319000244141e+01 -2.246346950531005859e+00 0.000000000000000000e+00
5.456837654113769531e+00 -1.650815582275390625e+01 0.000000000000000000e+00
-6.573333144187927246e-01 -1.557553768157958984e+01 0.000000000000000000e+00
9.329931259155273438e+00 -3.544089078903198242e+00 0.000000000000000000e+00
1.424522972106933594e+01 -7.907652378082275391e+00 0.000000000000000000e+00
-8.400987625122070312e+00 1.013144588470458984e+01 0.000000000000000000e+00
-1.489212036132812500e+01 -8.505336761474609375e+00 0.000000000000000000e+00
1.283134269714355469e+01 4.123166561126708984e+00 0.000000000000000000e+00
-2.536075592041015625e+00 -8.626869201660156250e+00 0.000000000000000000e+00
-4.377977848052978516e+00 -2.695419073104858398e+00 0.000000000000000000e+00
3.395901024341583252e-01 1.142128562927246094e+01 0.000000000000000000e+00
-5.282243490219116211e-01 -8.636330604553222656e+00 0.000000000000000000e+00
-2.555968284606933594e+00 2.253905236721038818e-01 0.000000000000000000e+00
9.399707794189453125e+00 1.249938201904296875e+01 0.000000000000000000e+00
1.306663894653320312e+01 1.131136035919189453e+01 0.000000000000000000e+00
-2.957537651062011719e+00 -7.043730258941650391e+00 0.000000000000000000e+00
-6.775049567222595215e-01 7.159165382385253906e+00 0.000000000000000000e+00
2.567428350448608398e+00 1.278604507446289062e+01 0.000000000000000000e+00
-1.583707714080810547e+01 1.777913570404052734e+00 0.000000000000000000e+00
4.824142932891845703e+00 3.987062215805053711e+00 0.000000000000000000e+00
-1.717905879020690918e+00 -1.019572734832763672e+01 0.000000000000000000e+00
2.248564481735229492e+00 -1.577492237091064453e+01 0.000000000000000000e+00
1.256732177734375000e+01 -9.586086273193359375e+00 0.000000000000000000e+00
-5.918073177337646484e+00 -8.975625038146972656e-01 0.000000000000000000e+00
6.300831317901611328e+00 1.198977375030517578e+01 0.000000000000000000e+00
-1.152709197998046875e+01 -5.193911552429199219e+00 0.000000000000000000e+00
8.063770294189453125e+00 1.415022945404052734e+01 0.000000000000000000e+00
1.727309799194335938e+01 9.160691499710083008e-01 0.000000000000000000e+00
1.695836830139160156e+01 -2.386830091476440430e+00 0.000000000000000000e+00
-9.392132759094238281e+00 2.771523952484130859e+00 0.000000000000000000e+00
1.108558082580566406e+01 3.356478452682495117e+00 0.000000000000000000e+00
-7.683926820755004883e-01 1.348892116546630859e+01 0.000000000000000000e+00
-3.168401241302490234e+00 4.028976917266845703e+00 0.000000000000000000e+00
-7.438807964324951172e+00 3.596992492675781250e+00 0.000000000000000000e+00
-1.340124416351318359e+01 -1.435452222824096680e+00 0.000000000000000000e+00
-3.959550857543945312e+00 -9.274959564208984375e+00 0.000000000000000000e+00
1.474544429779052734e+01 8.319685935974121094e+00 0.000000000000000000e+00
-1.227488517761230469e+00 1.728291130065917969e+01 0.000000000000000000e+00
1.547001934051513672e+01 -4.527040481567382812e+00 0.000000000000000000e+00
-1.504088401794433594e+01 -3.894581317901611328e+00 0.000000000000000000e+00
-1.213959884643554688e+01 -1.058603477478027344e+01 0.000000000000000000e+00
5.532297134399414062e+00 -2.937118053436279297e+00 0.000000000000000000e+00
-4.293009281158447266e+00 5.139041423797607422e+00 0.000000000000000000e+00
-5.275120735168457031e+00 6.474445343017578125e+00 0.000000000000000000e+00
-3.183116912841796875e-01 -1.106651210784912109e+01 0.000000000000000000e+00
1.074543380737304688e+01 -1.365721511840820312e+01 0.000000000000000000e+00
-8.616174697875976562e+00 -1.407802200317382812e+01 0.000000000000000000e+00
1.595713901519775391e+01 5.035504817962646484e+00 0.000000000000000000e+00
6.200387954711914062e+00 1.603667449951171875e+01 0.000000000000000000e+00
-2.694947957992553711e+00 1.256028270721435547e+01 0.000000000000000000e+00
-2.165298938751220703e+00 -3.168105602264404297e+00 0.000000000000000000e+00
-2.765816211700439453e+00 -1.703067302703857422e+00 0.000000000000000000e+00
7.631682395935058594e+00 -1.414596843719482422e+01 0.000000000000000000e+00
1.019698047637939453e+01 -8.828232765197753906e+00 0.000000000000000000e+00
1.436060786247253418e+00 6.996212005615234375e+00 0.000000000000000000e+00
-9.308035850524902344e+00 4.455853462219238281e+00 0.000000000000000000e+00
7.104218482971191406e+00 -2.998668432235717773e+00 0.000000000000000000e+00
3.323021650314331055e+00 4.810574531555175781e+00 0.000000000000000000e+00
2.140913963317871094e+00 1.598553085327148438e+01 0.000000000000000000e+00
-5.006324291229248047e+00 -4.458607673645019531e+00 0.000000000000000000e+00
-3.810258865356445312e+00 2.528291225433349609e+00 0.000000000000000000e+00
-4.938113689422607422e-01 -6.142102241516113281e+00 0.000000000000000000e+00
1.509248638153076172e+01 6.558440685272216797e+00 0.000000000000000000e+00
7.675571441650390625e+00 5.290555000305175781e+00 0.000000000000000000e+00
5.500466823577880859e-01 -1.371202468872070312e+01 0.000000000000000000e+00
-1.683141326904296875e+01 4.582598507404327393e-01 0.000000000000000000e+00
-1.815786719322204590e+00 -1.657256126403808594e+01 0.000000000000000000e+00
-9.056308746337890625e+00 1.250703620910644531e+01 0.000000000000000000e+00
2.927062511444091797e-01 -2.345546334981918335e-02 0.000000000000000000e+00
1.737079048156738281e+01 -6.408675312995910645e-01 0.000000000000000000e+00
-8.776281356811523438e+00 -8.627844810485839844e+00 0.000000000000000000e+00
-2.695179462432861328e+00 1.596150970458984375e+01 0.000000000000000000e+00
1.983276158571243286e-01 1.510988426208496094e+01 0.000000000000000000e+00
-7.277102947235107422e+00 -1.124506855010986328e+01 0.000000000000000000e+00
-2.880517244338989258e+00 7.127325057983398438e+00 0.000000000000000000e+00
-8.002460479736328125e+00 2.056515812873840332e-01 0.000000000000000000e+00
-4.373602867126464844e+00 1.548253536224365234e+01 0.000000000000000000e+00
6.648357868194580078e+00 -7.540508270263671875e+00 0.000000000000000000e+00
1.567922401428222656e+01 -6.642543315887451172e+00 0.000000000000000000e+00
4.590517520904541016e+00 -1.014725589752197266e+01 0.000000000000000000e+00
5.725616931915283203e+00 -1.477112960815429688e+01 0.000000000000000000e+00
-8.427021026611328125e+00 8.488499641418457031e+00 0.000000000000000000e+00
-5.933154582977294922e+00 1.494954204559326172e+01 0.000000000000000000e+00
4.059809207916259766e+00 1.298981785774230957e+00 0.000000000000000000e+00
1.278355407714843750e+01 -5.431028842926025391e+00 0.000000000000000000e+00
-2.381247520446777344e+00 1.061557006835937500e+01 0.000000000000000000e+00
9.191020965576171875e+00 -1.046463203430175781e+01 0.000000000000000000e+00
8.985573768615722656e+00 2.122378587722778320e+00 0.000000000000000000e+00
1.001565361022949219e+01 6.206940174102783203e+00 0.000000000000000000e+00
6.633728027343750000e+00 8.857472419738769531e+00 0.000000000000000000e+00
-6.602312564849853516e+00 -1.584266281127929688e+01 0.000000000000000000e+00
-1.203781414031982422e+01 7.258148789405822754e-01 0.000000000000000000e+00
9.308665275573730469e+00 4.102082252502441406e+00 0.000000000000000000e+00
1.169343185424804688e+01 5.635457992553710938e+00 0.000000000000000000e+00
5.665386676788330078e+00 6.212291717529296875e+00 0.000000000000000000e+00
-1.178147315979003906e+00 -4.023314714431762695e-01 0.000000000000000000e+00
8.281019210815429688e+00 1.146001720428466797e+01 0.000000000000000000e+00
-1.179484272003173828e+01 -7.748067975044250488e-01 0.000000000000000000e+00
-4.574115276336669922e+00 -1.517750930786132812e+01 0.000000000000000000e+00
7.760595798492431641e+00 3.870584666728973389e-01 0.000000000000000000e+00
7.515102386474609375e+00 -4.997181415557861328e+00 0.000000000000000000e+00
2.566478013992309570e+00 -8.312274932861328125e+00 0.000000000000000000e+00
-9.096410751342773438e+00 -5.580061435699462891e+00 0.000000000000000000e+00
1.183456420898437500e+01 -7.444538116455078125e+00 0.000000000000000000e+00
-8.304359436035156250e+00 -2.442282676696777344e+00 0.000000000000000000e+00
-3.939025163650512695e+00 1.090411472320556641e+01 0.000000000000000000e+00
-6.870053291320800781e+00 -8.849610328674316406e+00 0.000000000000000000e+00
-9.899555206298828125e+00 -1.197088837623596191e+00 0.000000000000000000e+00
-1.564402580261230469e+01 4.841671943664550781e+00 0.000000000000000000e+00
-1.444806194305419922e+01 9.614017486572265625e+00 0.000000000000000000e+00
4.396018505096435547e+00 -6.917579650878906250e+00 0.000000000000000000e+00
-6.984428405761718750e+00 1.336862087249755859e+01 0.000000000000000000e+00
6.128619194030761719e+00 -1.310387492179870605e+00 0.000000000000000000e+00
-1.462494087219238281e+01 6.768227219581604004e-01 0.000000000000000000e+00
4.480317115783691406e+00 1.001563930511474609e+01 0.000000000000000000e+00
-9.243913650512695312e+00 -3.931475400924682617e+00 0.000000000000000000e+00
1.170750021934509277e+00 4.736019134521484375e+00 0.000000000000000000e+00
1.273789167404174805e+00 -1.719696235656738281e+01 0.000000000000000000e+00
1.172877120971679688e+01 1.054335975646972656e+01 0.000000000000000000e+00
7.901951789855957031e+00 -8.701565742492675781e+00 0.000000000000000000e+00
-9.921675682067871094e+00 1.408817768096923828e+01 0.000000000000000000e+00
-1.225140476226806641e+01 5.360670566558837891e+00 0.000000000000000000e+00
6.817699074745178223e-01 -2.167004108428955078e+00 0.000000000000000000e+00
2.766052246093750000e+00 -1.103424072265625000e+01 0.000000000000000000e+00
4.110183417797088623e-01 9.334480285644531250e+00 0.000000000000000000e+00
1.063605308532714844e+01 -5.074218273162841797e+00 0.000000000000000000e+00
-2.028189659118652344e+00 1.779200792312622070e+00 0.000000000000000000e+00
3.778647422790527344e+00 -1.542854309082031250e+01 0.000000000000000000e+00
1.432684326171875000e+01 1.556778788566589355e+00 0.000000000000000000e+00
1.264338302612304688e+01 2.476429939270019531e+00 0.000000000000000000e+00
-1.586928486824035645e+00 8.405725479125976562e+00 0.000000000000000000e+00
-1.637957954406738281e+01 -1.901916146278381348e+00 0.000000000000000000e+00
1.241171169281005859e+01 -9.211828559637069702e-02 0.000000000000000000e+00
8.990036010742187500e+00 -5.477956771850585938e+00 0.000000000000000000e+00
1.166496849060058594e+01 -2.974978208541870117e+00 0.000000000000000000e+00
-1.399423980712890625e+01 6.551004409790039062e+00 0.000000000000000000e+00
-1.855410933494567871e+00 -5.512159824371337891e+00 0.000000000000000000e+00
3.212301492691040039e+00 1.462661361694335938e+01 0.000000000000000000e+00
-1.186796474456787109e+01 -3.078784704208374023e+00 0.000000000000000000e+00
7.109197616577148438e+00 2.404425382614135742e+00 0.000000000000000000e+00
-1.150299167633056641e+01 1.278168296813964844e+01 0.000000000000000000e+00
2.460195541381835938e+00 1.052315044403076172e+01 0.000000000000000000e+00
1.102280998229980469e+01 1.238912296295166016e+01 0.000000000000000000e+00
-1.353868293762207031e+01 -5.232685565948486328e+00 0.000000000000000000e+00
2.207796096801757812e+00 1.066717147827148438e+00 0.000000000000000000e+00
4.819172382354736328e+00 -1.350533866882324219e+01 0.000000000000000000e+00
-7.593153476715087891e+00 -5.157756328582763672e+00 0.000000000000000000e+00
-3.680059194564819336e+00 -1.212917804718017578e+01 0.000000000000000000e+00
7.238319873809814453e+00 -1.107676315307617188e+01 0.000000000000000000e+00
7.758354663848876953e+00 -1.521839499473571777e+00 0.000000000000000000e+00
1.311119318008422852e+00 -3.815762996673583984e+00 0.000000000000000000e+00
-4.700863063335418701e-01 2.156202316284179688e+00 0.000000000000000000e+00
-1.531585121154785156e+01 8.244973182678222656e+00 0.000000000000000000e+00
1.068629264831542969e+01 8.721723556518554688e+00 0.000000000000000000e+00
-1.605612564086914062e+01 -5.424491405487060547e+00 0.000000000000000000e+00
-5.934943199157714844e+00 -7.508408546447753906e+00 0.000000000000000000e+00
1.175142383575439453e+01 7.184634685516357422e+00 0.000000000000000000e+00
7.893099308013916016e+00 -6.659118175506591797e+00 0.000000000000000000e+00
9.065376520156860352e-01 -9.235955238342285156e+00 0.000000000000000000e+00
3.212052345275878906e+00 -5.620473384857177734e+00 0.000000000000000000e+00
-1.036056041717529297e+01 9.232666969299316406e+00 0.000000000000000000e+00
-1.237620639801025391e+01 -1.209320545196533203e+01 0.000000000000000000e+00
2.005741596221923828e+00 8.807686805725097656e+00 0.000000000000000000e+00
-1.508632779121398926e+00 -1.228532218933105469e+01 0.000000000000000000e+00
-8.728674888610839844e+00 -1.240044498443603516e+01 0.000000000000000000e+00
1.395720195770263672e+01 -3.753070831298828125e+00 0.000000000000000000e+00
-4.059607982635498047e+00 -1.667717933654785156e+01 0.000000000000000000e+00
-1.116479301452636719e+01 7.947861194610595703e+00 0.000000000000000000e+00
-6.917252540588378906e+00 1.707084894180297852e+00 0.000000000000000000e+00
7.732634544372558594e+00 3.776606559753417969e+00 0.000000000000000000e+00
-1.333363628387451172e+01 2.103449583053588867e+00 0.000000000000000000e+00
-9.842918395996093750e+00 -1.040273857116699219e+01 0.000000000000000000e+00
1.420203208923339844e+01 -9.633105993270874023e-02 0.000000000000000000e+00
-1.061808013916015625e+01 5.778534412384033203e+00 0.000000000000000000e+00
1.700150299072265625e+01 2.526514530181884766e+00 0.000000000000000000e+00
1.227352976799011230e+00 -7.291576385498046875e+00 0.000000000000000000e+00
-1.090267372131347656e+01 3.283809423446655273e+00 0.000000000000000000e+00
8.036631941795349121e-01 1.703789138793945312e+01 0.000000000000000000e+00
6.133337974548339844e+00 3.433514833450317383e-01 0.000000000000000000e+00
-6.234845638275146484e+00 -5.916242599487304688e+00 0.000000000000000000e+00
-7.329408645629882812e+00 1.569240379333496094e+01 0.000000000000000000e+00
5.371402740478515625e+00 2.171219587326049805e+00 0.000000000000000000e+00
-4.795935630798339844e+00 1.327880287170410156e+01 0.000000000000000000e+00
-1.051006031036376953e+01 -1.222384452819824219e+01 0.000000000000000000e+00
1.239805412292480469e+01 9.165255546569824219e+00 0.000000000000000000e+00
1.119076919555664062e+01 -1.455451965332031250e+00 0.000000000000000000e+00
-2.378812789916992188e+00 1.406840324401855469e+01 0.000000000000000000e+00
2.827965736389160156e+00 -1.722724151611328125e+01 0.000000000000000000e+00
9.978140830993652344e+00 -1.222825717926025391e+01 0.000000000000000000e+00
1.674437761306762695e+00 1.431348228454589844e+01 0.000000000000000000e+00
1.298596763610839844e+01 -1.126030921936035156e+01 0.000000000000000000e+00
-1.672310113906860352e+00 4.676199436187744141e+00 0.000000000000000000e+00
-1.368941783905029297e+01 -1.053733062744140625e+01 0.000000000000000000e+00
1.366383647918701172e+01 7.140875816345214844e+00 0.000000000000000000e+00
-4.967327117919921875e+00 3.809769749641418457e-01 0.000000000000000000e+00
1.524285411834716797e+01 -1.235664963722229004e+00 0.000000000000000000e+00
-6.618391990661621094e+00 5.554391384124755859e+00 0.000000000000000000e+00
3.704329729080200195e+00 1.647132873535156250e+01 0.000000000000000000e+00
6.533538818359375000e+00 1.045081138610839844e+01 0.000000000000000000e+00
-6.011620044708251953e+00 -2.538970232009887695e+00 0.000000000000000000e+00
-6.052242755889892578e+00 8.380769729614257812e+00 0.000000000000000000e+00
-1.369155120849609375e+01 -3.032416582107543945e+00 0.000000000000000000e+00
-1.307222485542297363e+00 -1.412713050842285156e+01 0.000000000000000000e+00
9.370833396911621094e+00 -1.449205303192138672e+01 0.000000000000000000e+00
1.317949533462524414e+00 2.344259977340698242e+00 0.000000000000000000e+00
1.441715049743652344e+01 5.077202796936035156e+00 0.000000000000000000e+00
-1.162639331817626953e+01 -9.109370231628417969e+00 0.000000000000000000e+00
-1.668796157836914062e+01 -3.840622901916503906e+00 0.000000000000000000e+00
-1.592959308624267578e+01 6.389823436737060547e+00 0.000000000000000000e+00
-1.029534626007080078e+01 1.557511448860168457e+00 0.000000000000000000e+00
-5.557977199554443359e+00 -1.085663509368896484e+01 0.000000000000000000e+00
9.952411651611328125e+00 1.430601692199707031e+01 0.000000000000000000e+00
5.111519336700439453e+00 -8.278763771057128906e+00 0.000000000000000000e+00
1.410816478729248047e+01 -9.429119110107421875e+00 0.000000000000000000e+00
3.781971693038940430e+00 1.183818054199218750e+01 0.000000000000000000e+00
7.110913276672363281e+00 6.759083271026611328e+00 0.000000000000000000e+00
-5.436062812805175781e+00 2.462723016738891602e+00 0.000000000000000000e+00
8.077558517456054688e+00 -1.240066242218017578e+01 0.000000000000000000e+00
4.273804664611816406e+00 -1.309993743896484375e+00 0.000000000000000000e+00
-6.939743041992187500e+00 -1.397416591644287109e+01 0.000000000000000000e+00
2.334561824798583984e+00 -1.897134065628051758e+00 0.000000000000000000e+00
-8.261811256408691406e+00 -1.010305404663085938e+01 0.000000000000000000e+00
-1.277469921112060547e+01 7.472855567932128906e+00 0.000000000000000000e+00
9.948347091674804688e+00 -6.784289836883544922e+00 0.000000000000000000e+00
-3.325378656387329102e+00 -1.065849208831787109e+01 0.000000000000000000e+00
