1.983671931507614117e+00 1.297873460713638849e+01 -3.172600754934862266e-04
6.822363321501350164e+00 1.121760803891208980e+01 -3.968689707054551263e-04
-4.617394361496306665e+00 9.901109220804231725e+00 2.113840972661762407e-05
2.222898515446176393e-01 8.139887234137059835e+00 1.362926083769977481e-05
5.061854436510242472e+00 6.377270214872441834e+00 -1.928086418439001193e-04
9.900665421525712162e+00 4.616935600965277331e+00 -8.711696092884579912e-04
-1.121846068750020109e+01 6.822880756934880608e+00 -4.381444929033584401e-04
-6.377782658695041462e+00 5.061563255480223233e+00 -3.734822642003088333e-04
-1.539210863663087459e+00 3.299644733682217890e+00 1.456626858251652834e-04
3.299600121352382232e+00 1.539310119775053831e+00 -5.326982816197256554e-04
8.140277157326980983e+00 -2.220072862598780616e-01 -4.681081524658264881e-04
1.297884895235893588e+01 -1.983925808057882545e+00 5.103679755980028432e-05
-1.297884895169893227e+01 1.983937869709725188e+00 -3.508303608090734826e-05
-8.140277189666981883e+00 2.214162698128685491e-01 -3.136202168055601813e-04
-3.300473381662146100e+00 -1.539013763093273646e+00 -9.198821850228133812e-04
1.539210864323061756e+00 -3.299632672592035298e+00 -1.297096672454589594e-04
6.377782626355010365e+00 -5.062154272488892381e+00 -4.082468479706946596e-04
1.121746683934024347e+01 -6.823376259524845722e+00 -4.157557180444193534e-04
-9.901659269685669784e+00 -4.617431103555242444e+00 1.726939834068019763e-05
-5.061855461680833557e+00 -6.377861136461385527e+00 -5.889925698765452466e-04
-2.222908436595124326e-01 -8.139875077258368563e+00 2.251379376705386903e-06
4.616400546336354438e+00 -9.901001645295343323e+00 -7.735648992479582375e-05
-6.823356176888538016e+00 -1.121810363691622570e+01 -4.569591448895238273e-04
-1.983671963847614350e+00 -1.297932562358339759e+01 -4.644682937779975873e-04
