-7.059364795684814453e+00 -4.688236236572265625e+00 0.000000000000000000e+00
-8.213160514831542969e+00 1.285979747772216797e+01 0.000000000000000000e+00
1.562820434570312500e+01 -5.986181735992431641e+00 0.000000000000000000e+00
1.138051414489746094e+01 -9.173475265502929688e+00 0.000000000000000000e+00
-3.531205177307128906e+00 1.617525482177734375e+01 0.000000000000000000e+00
5.728287100791931152e-01 5.602148056030273438e+00 0.000000000000000000e+00
5.679891586303710938e+00 9.316587448120117188e+00 0.000000000000000000e+00
-9.717654228210449219e+00 -3.966578245162963867e+00 0.000000000000000000e+00
1.980939269065856934e+00 -5.890625953674316406e+00 0.000000000000000000e+00
-4.847540855407714844e+00 5.003827095031738281e+00 0.000000000000000000e+00
2.894107580184936523e+00 -9.752354621887207031e+00 0.000000000000000000e+00
-7.176959037780761719e+00 -8.777830123901367188e+00 0.000000000000000000e+00
-2.759699106216430664e+00 8.663860321044921875e+00 0.000000000000000000e+00
-5.934445381164550781e+00 1.521025180816650391e+01 0.000000000000000000e+00
9.612412452697753906e+00 -5.397188663482666016e+00 0.000000000000000000e+00
2.361636877059936523e+00 8.852348327636718750e+00 0.000000000000000000e+00
8.260540008544921875e+00 -8.247649192810058594e+00 0.000000000000000000e+00
1.023057746887207031e+01 1.331762504577636719e+01 0.000000000000000000e+00
-1.570676517486572266e+01 1.960106968879699707e+00 0.000000000000000000e+00
5.994712829589843750e+00 6.026714801788330078e+00 0.000000000000000000e+00
-6.989223957061767578e+00 -1.555706501007080078e+01 0.000000000000000000e+00
1.688523101806640625e+01 -3.722256898880004883e+00 0.000000000000000000e+00
6.254814624786376953e+00 1.605344200134277344e+01 0.000000000000000000e+00
-8.154458999633789062e+00 7.732073783874511719e+00 0.000000000000000000e+00
7.186407566070556641e+00 1.415509343147277832e+00 0.000000000000000000e+00
1.180416870117187500e+01 -4.074553012847900391e+00 0.000000000000000000e+00
-1.095196723937988281e+00 9.884857177734375000e+00 0.000000000000000000e+00
-9.593555450439453125e+00 3.131129980087280273e+00 0.000000000000000000e+00
-8.831142425537109375e+00 1.605223774909973145e+00 0.000000000000000000e+00
-9.510045051574707031e+00 1.159972095489501953e+01 0.000000000000000000e+00
-5.563478946685791016e+00 1.367183494567871094e+01 0.000000000000000000e+00
6.023792266845703125e+00 -8.348293304443359375e+00 0.000000000000000000e+00
-1.129018020629882812e+01 -8.269782662391662598e-01 0.000000000000000000e+00
-8.868507385253906250e+00 -1.148422718048095703e+01 0.000000000000000000e+00
2.327014207839965820e+00 1.281909656524658203e+01 0.000000000000000000e+00
7.975799083709716797e+00 1.551655101776123047e+01 0.000000000000000000e+00
1.834998250007629395e+00 1.089574813842773438e+01 0.000000000000000000e+00
7.563108921051025391e+00 7.024809360504150391e+00 0.000000000000000000e+00
-2.399769783020019531e+00 -1.291663932800292969e+01 0.000000000000000000e+00
-9.965054512023925781e+00 9.446884155273437500e+00 0.000000000000000000e+00
2.313929557800292969e+00 3.813328504562377930e+00 0.000000000000000000e+00
-6.180793285369873047e+00 -3.090590000152587891e+00 0.000000000000000000e+00
-1.670790100097656250e+01 -1.138851523399353027e+00 0.000000000000000000e+00
-6.263324737548828125e+00 1.084286022186279297e+01 0.000000000000000000e+00
3.736186504364013672e+00 -4.198648452758789062e+00 0.000000000000000000e+00
2.298121690750122070e+00 7.209552288055419922e+00 0.000000000000000000e+00
1.102632331848144531e+01 7.952555656433105469e+00 0.000000000000000000e+00
-5.290096402168273926e-01 -1.638542175292968750e+00 0.000000000000000000e+00
-2.449006438255310059e-01 -3.128890991210937500e+00 0.000000000000000000e+00
5.295187473297119141e+00 -6.653808593750000000e+00 0.000000000000000000e+00
-1.109199142456054688e+01 -4.734798431396484375e+00 0.000000000000000000e+00
-2.139972448348999023e+00 -8.063663482666015625e+00 0.000000000000000000e+00
-8.643180847167968750e+00 1.024340629577636719e+01 0.000000000000000000e+00
-2.003361940383911133e+00 8.843035995960235596e-02 0.000000000000000000e+00
-1.249593734741210938e+01 5.245449542999267578e+00 0.000000000000000000e+00
-3.792412042617797852e+00 -2.041794061660766602e+00 0.000000000000000000e+00
-8.878819465637207031e+00 -9.897935867309570312e+00 0.000000000000000000e+00
-1.610141098499298096e-01 -9.018058776855468750e+00 0.000000000000000000e+00
7.468539237976074219e+00 1.261331272125244141e+01 0.000000000000000000e+00
1.661452293395996094e+01 4.236915111541748047e+00 0.000000000000000000e+00
-1.685552978515625000e+01 4.463650703430175781e+00 0.000000000000000000e+00
-4.542704582214355469e+00 3.328934669494628906e+00 0.000000000000000000e+00
-1.100572776794433594e+01 4.475190639495849609e+00 0.000000000000000000e+00
4.940435409545898438e+00 -1.427413272857666016e+01 0.000000000000000000e+00
-9.386422157287597656e+00 -6.373336315155029297e+00 0.000000000000000000e+00
-8.707549095153808594e+00 1.489676475524902344e+01 0.000000000000000000e+00
9.452657699584960938e+00 1.655161738395690918e+00 0.000000000000000000e+00
5.201713085174560547e+00 1.234500408172607422e+01 0.000000000000000000e+00
1.409160900115966797e+01 -8.724138259887695312e+00 0.000000000000000000e+00
3.792002499103546143e-01 1.741294479370117188e+01 0.000000000000000000e+00
1.329034233093261719e+01 -4.617973804473876953e+00 0.000000000000000000e+00
1.013142681121826172e+01 -1.186786413192749023e+00 0.000000000000000000e+00
2.919486999511718750e+00 -7.200240612030029297e+00 0.000000000000000000e+00
7.439501285552978516e+00 -3.065931558609008789e+00 0.000000000000000000e+00
-1.248078942298889160e+00 -1.607955741882324219e+01 0.000000000000000000e+00
-3.296439945697784424e-01 1.428136920928955078e+01 0.000000000000000000e+00
-6.775624275207519531e+00 -1.048195266723632812e+01 0.000000000000000000e+00
7.472470283508300781e+00 -6.622286796569824219e+00 0.000000000000000000e+00
3.176147699356079102e+00 -1.134636783599853516e+01 0.000000000000000000e+00
-7.358962535858154297e+00 3.289347887039184570e+00 0.000000000000000000e+00
1.254808807373046875e+01 -6.565266609191894531e+00 0.000000000000000000e+00
4.948268890380859375e+00 -1.663225364685058594e+01 0.000000000000000000e+00
1.089244842529296875e+01 7.034980058670043945e-01 0.000000000000000000e+00
-1.278465461730957031e+01 1.047376728057861328e+01 0.000000000000000000e+00
-8.890374183654785156e+00 -2.076872110366821289e+00 0.000000000000000000e+00
-2.335473060607910156e+00 1.087309360504150391e+01 0.000000000000000000e+00
4.586596012115478516e+00 1.430324554443359375e+01 0.000000000000000000e+00
8.930318832397460938e+00 -1.168474864959716797e+01 0.000000000000000000e+00
3.141564846038818359e+00 -4.497004449367523193e-01 0.000000000000000000e+00
-1.293069839477539062e+01 7.188714981079101562e+00 0.000000000000000000e+00
-2.444432497024536133e+00 4.561360836029052734e+00 0.000000000000000000e+00
1.377409362792968750e+01 1.027588462829589844e+01 0.000000000000000000e+00
5.656320452690124512e-01 -1.176239490509033203e+01 0.000000000000000000e+00
7.095147609710693359e+00 1.427728080749511719e+01 0.000000000000000000e+00
-1.021586322784423828e+01 -1.333908081054687500e+01 0.000000000000000000e+00
3.402071893215179443e-01 2.946395397186279297e+00 0.000000000000000000e+00
1.166594314575195312e+01 -1.164095759391784668e+00 0.000000000000000000e+00
-1.637901812791824341e-01 -5.556286334991455078e+00 0.000000000000000000e+00
1.787710785865783691e+00 -3.358362674713134766e+00 0.000000000000000000e+00
1.493648815155029297e+01 3.692211389541625977e+00 0.000000000000000000e+00
-1.377122592926025391e+01 3.679737150669097900e-01 0.000000000000000000e+00
-2.399969577789306641e+00 -5.164775848388671875e+00 0.000000000000000000e+00
-1.135562229156494141e+01 1.978239059448242188e+00 0.000000000000000000e+00
-5.962400436401367188e+00 6.384792804718017578e+00 0.000000000000000000e+00
1.152216815948486328e+01 -1.072147655487060547e+01 0.000000000000000000e+00
-3.228327035903930664e+00 -9.867236137390136719e+00 0.000000000000000000e+00
-4.026919364929199219e+00 -3.803052663803100586e+00 0.000000000000000000e+00
5.812582015991210938e+00 -5.258911252021789551e-01 0.000000000000000000e+00
-1.196040058135986328e+01 -8.021563529968261719e+00 0.000000000000000000e+00
-1.150526642799377441e+00 6.136281490325927734e+00 0.000000000000000000e+00
-1.607978248596191406e+01 4.666796624660491943e-01 0.000000000000000000e+00
9.520740509033203125e+00 -9.230128288269042969e+00 0.000000000000000000e+00
-6.046818733215332031e+00 -1.387103366851806641e+01 0.000000000000000000e+00
-4.049730777740478516e+00 -1.274946594238281250e+01 0.000000000000000000e+00
1.604277992248535156e+01 2.221649408340454102e+00 0.000000000000000000e+00
1.317196941375732422e+01 8.611241340637207031e+00 0.000000000000000000e+00
1.264603257179260254e+00 -1.022316265106201172e+01 0.000000000000000000e+00
-1.038125157356262207e+00 1.228916358947753906e+01 0.000000000000000000e+00
-1.412937736511230469e+01 2.718515872955322266e+00 0.000000000000000000e+00
7.385594844818115234e+00 -9.976036071777343750e+00 0.000000000000000000e+00
1.414129924774169922e+01 1.459608435630798340e+00 0.000000000000000000e+00
3.774542570114135742e+00 6.143580913543701172e+00 0.000000000000000000e+00
-1.508151054382324219e+01 5.987536430358886719e+00 0.000000000000000000e+00
-5.766320228576660156e+00 9.012815475463867188e+00 0.000000000000000000e+00
8.852234840393066406e+00 5.248196125030517578e+00 0.000000000000000000e+00
-7.032495021820068359e+00 5.217036247253417969e+00 0.000000000000000000e+00
-5.068105697631835938e+00 1.658181381225585938e+01 0.000000000000000000e+00
2.009523391723632812e+00 2.278794050216674805e+00 0.000000000000000000e+00
-7.038614273071289062e+00 -1.211988258361816406e+01 0.000000000000000000e+00
1.459044170379638672e+01 6.162896156311035156e+00 0.000000000000000000e+00
1.178030395507812500e+01 1.000111770629882812e+01 0.000000000000000000e+00
1.568369102478027344e+01 -9.418166279792785645e-01 0.000000000000000000e+00
7.111382484436035156e+00 -1.550596046447753906e+01 0.000000000000000000e+00
-5.181884288787841797e+00 -1.156277656555175781e+01 0.000000000000000000e+00
9.495390892028808594e+00 -7.011186599731445312e+00 0.000000000000000000e+00
8.797395706176757812e+00 1.409981822967529297e+01 0.000000000000000000e+00
3.453442811965942383e+00 1.669879341125488281e+01 0.000000000000000000e+00
1.125799417495727539e+00 -7.885829448699951172e+00 0.000000000000000000e+00
7.771087169647216797e+00 -1.346148204803466797e+01 0.000000000000000000e+00
1.743328285217285156e+01 3.561166524887084961e-01 0.000000000000000000e+00
-1.432061386108398438e+01 -7.949783325195312500e+00 0.000000000000000000e+00
7.645317554473876953e+00 8.916069984436035156e+00 0.000000000000000000e+00
6.889450550079345703e+00 3.221408605575561523e+00 0.000000000000000000e+00
-8.415410041809082031e+00 -1.448111534118652344e+01 0.000000000000000000e+00
-9.383396148681640625e+00 4.927629947662353516e+00 0.000000000000000000e+00
-3.798223018646240234e+00 1.322689151763916016e+01 0.000000000000000000e+00
3.110569715499877930e+00 -1.487523841857910156e+01 0.000000000000000000e+00
2.941251516342163086e+00 -1.992497444152832031e+00 0.000000000000000000e+00
-1.467721015214920044e-01 -1.481956005096435547e+01 0.000000000000000000e+00
1.852061033248901367e+00 -1.648578643798828125e+01 0.000000000000000000e+00
-5.961861610412597656e+00 5.606052875518798828e-01 0.000000000000000000e+00
-2.721122026443481445e+00 2.401385307312011719e+00 0.000000000000000000e+00
-1.923788189888000488e-01 1.152387261390686035e+00 0.000000000000000000e+00
1.635691761970520020e+00 1.458146095275878906e+01 0.000000000000000000e+00
-4.385815620422363281e+00 1.044786262512207031e+01 0.000000000000000000e+00
-1.414693260192871094e+01 9.711166381835937500e+00 0.000000000000000000e+00
-1.201255798339843750e+01 -1.000157642364501953e+01 0.000000000000000000e+00
-1.577996444702148438e+01 -5.357345104217529297e+00 0.000000000000000000e+00
9.556891441345214844e+00 -1.315044879913330078e+01 0.000000000000000000e+00
-7.511229515075683594e-01 4.544246673583984375e+00 0.000000000000000000e+00
1.305740642547607422e+01 -1.044014835357666016e+01 0.000000000000000000e+00
-1.270712566375732422e+01 -6.178081512451171875e+00 0.000000000000000000e+00
-1.018209266662597656e+01 -8.513059616088867188e+00 0.000000000000000000e+00
-2.783753871917724609e+00 7.035583972930908203e+00 0.000000000000000000e+00
-1.242611598968505859e+01 3.641840934753417969e+00 0.000000000000000000e+00
-1.212672710418701172e+01 -3.463377952575683594e+00 0.000000000000000000e+00
-4.615696430206298828e+00 1.421035647392272949e+00 0.000000000000000000e+00
5.635743618011474609e+00 -2.296447515487670898e+00 0.000000000000000000e+00
1.335662937164306641e+01 -2.238717079162597656e+00 0.000000000000000000e+00
7.035683393478393555e-01 9.836715698242187500e+00 0.000000000000000000e+00
6.198467016220092773e-01 8.199014663696289062e+00 0.000000000000000000e+00
-1.100328159332275391e+01 8.154971122741699219e+00 0.000000000000000000e+00
-3.446584224700927734e+00 -5.101612806320190430e-01 0.000000000000000000e+00
1.439141845703125000e+01 -3.465871810913085938e+00 0.000000000000000000e+00
-4.723550319671630859e+00 -6.489755153656005859e+00 0.000000000000000000e+00
-9.923336029052734375e+00 1.364275646209716797e+01 0.000000000000000000e+00
1.515959453582763672e+01 -7.446436405181884766e+00 0.000000000000000000e+00
1.287298107147216797e+01 6.538187026977539062e+00 0.000000000000000000e+00
-1.099596977233886719e+01 1.207990264892578125e+01 0.000000000000000000e+00
-1.839769124984741211e+00 -1.126875209808349609e+01 0.000000000000000000e+00
1.099548435211181641e+01 3.823593378067016602e+00 0.000000000000000000e+00
3.961730957031250000e+00 -8.533631324768066406e+00 0.000000000000000000e+00
-5.353501319885253906e+00 -1.597502231597900391e+01 0.000000000000000000e+00
1.138114261627197266e+01 -1.221635055541992188e+01 0.000000000000000000e+00
-7.432671070098876953e+00 -1.193154096603393555e+00 0.000000000000000000e+00
-2.660556077957153320e+00 -1.703342628479003906e+01 0.000000000000000000e+00
6.089117527008056641e+00 -1.309926605224609375e+01 0.000000000000000000e+00
-1.661597442626953125e+01 -2.926829338073730469e+00 0.000000000000000000e+00
1.250453186035156250e+01 3.222108840942382812e+00 0.000000000000000000e+00
1.428906822204589844e+01 -1.531910151243209839e-01 0.000000000000000000e+00
-6.820820331573486328e+00 -6.297702312469482422e+00 0.000000000000000000e+00
4.458812713623046875e+00 2.528758525848388672e+00 0.000000000000000000e+00
-2.592144012451171875e+00 -1.507611083984375000e+01 0.000000000000000000e+00
5.186620235443115234e+00 -4.880917549133300781e+00 0.000000000000000000e+00
4.445171833038330078e+00 8.710656166076660156e-01 0.000000000000000000e+00
5.611173152923583984e+00 7.595109462738037109e+00 0.000000000000000000e+00
1.724281501770019531e+01 -1.758062005043029785e+00 0.000000000000000000e+00
-1.138864326477050781e+01 -1.171319389343261719e+01 0.000000000000000000e+00
-2.859600067138671875e+00 1.480235671997070312e+01 0.000000000000000000e+00
1.344556212425231934e+00 -1.383220195770263672e+01 0.000000000000000000e+00
-1.432088756561279297e+01 -2.917255401611328125e+00 0.000000000000000000e+00
4.603844165802001953e+00 -1.084844207763671875e+01 0.000000000000000000e+00
-1.419425201416015625e+01 -1.084573149681091309e+00 0.000000000000000000e+00
-1.128239631652832031e+01 6.632772922515869141e+00 0.000000000000000000e+00
9.410120010375976562e+00 1.146009922027587891e+01 0.000000000000000000e+00
3.668210029602050781e+00 -1.340076732635498047e+01 0.000000000000000000e+00
9.609513282775878906e+00 3.205894947052001953e+00 0.000000000000000000e+00
7.021095275878906250e+00 -1.157404899597167969e+01 0.000000000000000000e+00
1.009371376037597656e+01 -2.740491390228271484e+00 0.000000000000000000e+00
-9.089299201965332031e+00 6.281635165214538574e-02 0.000000000000000000e+00
-3.937110424041748047e+00 -8.215037345886230469e+00 0.000000000000000000e+00
-1.437699794769287109e+01 -4.664765357971191406e+00 0.000000000000000000e+00
-5.215464115142822266e+00 -9.029612541198730469e+00 0.000000000000000000e+00
7.265286445617675781e+00 4.850197792053222656e+00 0.000000000000000000e+00
-2.171381950378417969e+00 -1.513810396194458008e+00 0.000000000000000000e+00
8.348219871520996094e+00 4.472905695438385010e-01 0.000000000000000000e+00
-2.416039705276489258e+00 -3.099171161651611328e+00 0.000000000000000000e+00
9.813670158386230469e+00 6.436875343322753906e+00 0.000000000000000000e+00
-7.671749114990234375e+00 -3.278245449066162109e+00 0.000000000000000000e+00
-1.450666046142578125e+01 7.658366203308105469e+00 0.000000000000000000e+00
1.241554260253906250e+01 4.974822521209716797e+00 0.000000000000000000e+00
1.018126487731933594e+00 -1.563276171684265137e+00 0.000000000000000000e+00
-1.332962226867675781e+01 -1.119782352447509766e+01 0.000000000000000000e+00
8.055939674377441406e+00 -4.689759254455566406e+00 0.000000000000000000e+00
-1.547147274017333984e+01 3.843358516693115234e+00 0.000000000000000000e+00
-2.080772638320922852e+00 1.689741897583007812e+01 0.000000000000000000e+00
1.246861934661865234e+01 2.730864882469177246e-01 0.000000000000000000e+00
5.448195457458496094e+00 3.819131612777709961e+00 0.000000000000000000e+00
4.425408363342285156e+00 1.044596767425537109e+01 0.000000000000000000e+00
3.155327320098876953e+00 1.515663146972656250e+01 0.000000000000000000e+00
-3.121106386184692383e+00 -6.516798496246337891e+00 0.000000000000000000e+00
-4.939845561981201172e+00 1.196274757385253906e+01 0.000000000000000000e+00
9.750698089599609375e+00 9.986160278320312500e+00 0.000000000000000000e+00
-4.426383018493652344e+00 1.495343589782714844e+01 0.000000000000000000e+00
1.495997714996337891e+01 8.748462677001953125e+00 0.000000000000000000e+00
7.035043239593505859e+00 1.055136108398437500e+01 0.000000000000000000e+00
1.935925364494323730e+00 1.639115333557128906e+01 0.000000000000000000e+00
9.964793920516967773e-02 1.592724418640136719e+01 0.000000000000000000e+00
-1.367277336120605469e+01 -9.574779510498046875e+00 0.000000000000000000e+00
-1.054603385925292969e+01 -1.042899799346923828e+01 0.000000000000000000e+00
-8.734206199645996094e+00 -1.299552631378173828e+01 0.000000000000000000e+00
-1.275015115737915039e+00 7.972124099731445312e+00 0.000000000000000000e+00
1.160700988769531250e+01 1.190606307983398438e+01 0.000000000000000000e+00
-4.481229782104492188e+00 7.947825431823730469e+00 0.000000000000000000e+00
3.424375057220458984e+00 -1.653793907165527344e+01 0.000000000000000000e+00
5.920919179916381836e-01 -1.745070648193359375e+01 0.000000000000000000e+00
3.750080823898315430e+00 4.574185371398925781e+00 0.000000000000000000e+00
8.569437026977539062e+00 -1.972314238548278809e+00 0.000000000000000000e+00
4.739026427268981934e-01 1.194351005554199219e+01 0.000000000000000000e+00
1.589935302734375000e+01 5.985759496688842773e-01 0.000000000000000000e+00
7.247965335845947266e+00 -1.014100313186645508e+00 0.000000000000000000e+00
-1.587982368469238281e+01 -7.109572410583496094e+00 0.000000000000000000e+00
-7.587404251098632812e-01 -7.236342906951904297e+00 0.000000000000000000e+00
1.246645689010620117e+00 6.264185905456542969e-01 0.000000000000000000e+00
-8.577077388763427734e-01 -1.331258106231689453e+01 0.000000000000000000e+00
-1.099619770050048828e+01 -6.478318214416503906e+00 0.000000000000000000e+00
