-1.071586322784423828e+01 -1.326425671577453613e+00 0.000000000000000000e+00
1.384910583496093750e+01 -6.904385566711425781e+00 0.000000000000000000e+00
1.200162506103515625e+01 -3.644015312194824219e+00 0.000000000000000000e+00
1.522569179534912109e+01 -5.580084323883056641e+00 0.000000000000000000e+00
-1.281482028961181641e+01 9.156422615051269531e+00 0.000000000000000000e+00
5.231685161590576172e+00 -6.427728176116943359e+00 0.000000000000000000e+00
-3.629109263420104980e-01 -4.357354640960693359e+00 0.000000000000000000e+00
1.524158954620361328e+00 4.370957911014556885e-01 0.000000000000000000e+00
8.944630622863769531e+00 1.390027999877929688e+01 0.000000000000000000e+00
4.013411998748779297e+00 -9.868301391601562500e+00 0.000000000000000000e+00
4.328475892543792725e-01 -1.657681846618652344e+01 0.000000000000000000e+00
-1.299751567840576172e+01 1.141225242614746094e+01 0.000000000000000000e+00
1.378840827941894531e+01 -1.465009689331054688e+00 0.000000000000000000e+00
-4.195599555969238281e+00 -1.010606670379638672e+01 0.000000000000000000e+00
-6.637824058532714844e+00 -5.324645519256591797e+00 0.000000000000000000e+00
3.125808000564575195e+00 -1.160866641998291016e+01 0.000000000000000000e+00
3.133373737335205078e+00 2.474505901336669922e+00 0.000000000000000000e+00
-1.152865982055664062e+01 -8.721206665039062500e+00 0.000000000000000000e+00
6.400581836700439453e+00 -3.523700714111328125e+00 0.000000000000000000e+00
2.027508735656738281e+00 -1.281027221679687500e+01 0.000000000000000000e+00
1.056468200683593750e+01 5.304557830095291138e-02 0.000000000000000000e+00
4.559375286102294922e+00 -1.308452224731445312e+01 0.000000000000000000e+00
-1.321345901489257812e+01 -7.791227102279663086e-01 0.000000000000000000e+00
-9.877505302429199219e+00 9.427571296691894531e+00 0.000000000000000000e+00
8.866354942321777344e+00 -1.320095181465148926e+00 0.000000000000000000e+00
-2.776821136474609375e+00 6.920722007751464844e+00 0.000000000000000000e+00
9.942493438720703125e+00 1.198608398437500000e+01 0.000000000000000000e+00
1.684472656250000000e+01 1.851342558860778809e+00 0.000000000000000000e+00
-1.365023493766784668e+00 4.137898445129394531e+00 0.000000000000000000e+00
1.430720520019531250e+01 6.197165250778198242e-01 0.000000000000000000e+00
9.837818145751953125e+00 6.796028137207031250e+00 0.000000000000000000e+00
3.368302106857299805e+00 -1.610284447669982910e+00 0.000000000000000000e+00
-5.054560661315917969e+00 1.466913986206054688e+01 0.000000000000000000e+00
1.082573223114013672e+01 -7.385277748107910156e+00 0.000000000000000000e+00
-7.544936180114746094e+00 7.682295799255371094e+00 0.000000000000000000e+00
-9.239466667175292969e+00 1.446150588989257812e+01 0.000000000000000000e+00
-7.042075157165527344e+00 5.663479804992675781e+00 0.000000000000000000e+00
-1.965851545333862305e+00 -2.863326787948608398e+00 0.000000000000000000e+00
-1.137814903259277344e+01 -1.059471035003662109e+01 0.000000000000000000e+00
-9.984849929809570312e+00 7.475912094116210938e+00 0.000000000000000000e+00
1.533226394653320312e+01 -8.184019088745117188e+00 0.000000000000000000e+00
1.004778981208801270e+00 1.238786125183105469e+01 0.000000000000000000e+00
-8.083116531372070312e+00 -7.298578262329101562e+00 0.000000000000000000e+00
7.473182201385498047e+00 4.835760116577148438e+00 0.000000000000000000e+00
-3.515675783157348633e+00 -7.187024116516113281e+00 0.000000000000000000e+00
9.858945846557617188e+00 -4.337220191955566406e+00 0.000000000000000000e+00
-7.039525985717773438e+00 1.869661092758178711e+00 0.000000000000000000e+00
-9.417244911193847656e+00 -1.336447801440954208e-02 0.000000000000000000e+00
-5.292421817779541016e+00 -1.817578554153442383e+00 0.000000000000000000e+00
-4.079182624816894531e+00 3.986137866973876953e+00 0.000000000000000000e+00
1.385339355468750000e+01 8.717330932617187500e+00 0.000000000000000000e+00
-1.313190650939941406e+01 6.868022918701171875e+00 0.000000000000000000e+00
-3.225960016250610352e+00 -1.702046751976013184e+00 0.000000000000000000e+00
3.255958557128906250e+00 -7.578948020935058594e+00 0.000000000000000000e+00
9.065849304199218750e+00 -1.126241016387939453e+01 0.000000000000000000e+00
-1.600156402587890625e+01 -4.025380611419677734e+00 0.000000000000000000e+00
-3.635280609130859375e+00 2.187581777572631836e+00 0.000000000000000000e+00
-3.056641101837158203e+00 -1.651975059509277344e+01 0.000000000000000000e+00
3.555044412612915039e+00 5.524681091308593750e+00 0.000000000000000000e+00
-2.550822496414184570e+00 1.687029838562011719e+01 0.000000000000000000e+00
4.133565902709960938e+00 1.055443954467773438e+01 0.000000000000000000e+00
1.289687252044677734e+01 1.045617675781250000e+01 0.000000000000000000e+00
-8.382258415222167969e+00 1.014375305175781250e+01 0.000000000000000000e+00
2.493349552154541016e+00 -3.913521051406860352e+00 0.000000000000000000e+00
-7.242212295532226562e+00 -1.995413422584533691e+00 0.000000000000000000e+00
6.588892936706542969e+00 -8.575642108917236328e-01 0.000000000000000000e+00
7.440612792968750000e+00 8.201236724853515625e+00 0.000000000000000000e+00
6.628849983215332031e+00 -1.348569583892822266e+01 0.000000000000000000e+00
-1.033546257019042969e+01 4.018119812011718750e+00 0.000000000000000000e+00
-9.434895515441894531e+00 1.146265029907226562e+01 0.000000000000000000e+00
6.095063209533691406e+00 -1.524886608123779297e+01 0.000000000000000000e+00
5.629348278045654297e+00 4.121600151062011719e+00 0.000000000000000000e+00
-8.426963806152343750e+00 -1.076132774353027344e+01 0.000000000000000000e+00
-1.220170855522155762e+00 7.245776653289794922e+00 0.000000000000000000e+00
-1.635394477844238281e+01 5.067783832550048828e+00 0.000000000000000000e+00
-6.539922714233398438e+00 -1.430091476440429688e+01 0.000000000000000000e+00
-1.084586906433105469e+01 -6.467675209045410156e+00 0.000000000000000000e+00
1.711307525634765625e+00 -9.184270858764648438e+00 0.000000000000000000e+00
-8.936181664466857910e-01 1.236924171447753906e+01 0.000000000000000000e+00
-3.939806938171386719e+00 -4.652124881744384766e+00 0.000000000000000000e+00
5.154768943786621094e+00 -3.522583544254302979e-01 0.000000000000000000e+00
-1.851826161146163940e-01 9.704965591430664062e+00 0.000000000000000000e+00
5.089059829711914062e+00 1.471581172943115234e+01 0.000000000000000000e+00
2.620525598526000977e+00 7.243760585784912109e+00 0.000000000000000000e+00
9.480715394020080566e-01 -1.161698818206787109e+01 0.000000000000000000e+00
-1.307895660400390625e+01 4.269291877746582031e+00 0.000000000000000000e+00
1.345587253570556641e+01 4.965425014495849609e+00 0.000000000000000000e+00
1.231626033782958984e+01 1.809868574142456055e+00 0.000000000000000000e+00
-5.057446956634521484e+00 -6.248051166534423828e+00 0.000000000000000000e+00
8.636535644531250000e+00 -8.724150657653808594e+00 0.000000000000000000e+00
-1.310690212249755859e+01 -5.226128578186035156e+00 0.000000000000000000e+00
1.094330978393554688e+01 -2.465784549713134766e+00 0.000000000000000000e+00
-1.431871223449707031e+01 9.382093429565429688e+00 0.000000000000000000e+00
-1.156984996795654297e+01 2.482651919126510620e-01 0.000000000000000000e+00
1.647656059265136719e+01 -3.143311500549316406e+00 0.000000000000000000e+00
5.051792621612548828e+00 -2.313970804214477539e+00 0.000000000000000000e+00
1.617213821411132812e+01 -4.147772789001464844e-01 0.000000000000000000e+00
-5.744482040405273438e+00 1.229687595367431641e+01 0.000000000000000000e+00
-1.272797775268554688e+01 -3.551408529281616211e+00 0.000000000000000000e+00
-9.529420852661132812e+00 -1.326454067230224609e+01 0.000000000000000000e+00
2.321753978729248047e+00 -1.593494987487792969e+01 0.000000000000000000e+00
-2.443704605102539062e+00 -1.511064434051513672e+01 0.000000000000000000e+00
5.748375415802001953e+00 1.145237636566162109e+01 0.000000000000000000e+00
1.417258453369140625e+01 -9.642490386962890625e+00 0.000000000000000000e+00
-1.558982968330383301e+00 -8.518424034118652344e+00 0.000000000000000000e+00
8.048605918884277344e+00 -5.676515579223632812e+00 0.000000000000000000e+00
8.161976814270019531e+00 1.078593540191650391e+01 0.000000000000000000e+00
1.076713752746582031e+01 8.043577194213867188e+00 0.000000000000000000e+00
5.155418872833251953e+00 -1.669562149047851562e+01 0.000000000000000000e+00
-1.125753688812255859e+01 1.136787700653076172e+01 0.000000000000000000e+00
4.923777103424072266e+00 -4.891043186187744141e+00 0.000000000000000000e+00
1.669946098327636719e+01 4.624759197235107422e+00 0.000000000000000000e+00
9.377398490905761719e+00 2.387358427047729492e+00 0.000000000000000000e+00
3.514334917068481445e+00 -5.968621253967285156e+00 0.000000000000000000e+00
-7.646760940551757812e+00 3.673001766204833984e+00 0.000000000000000000e+00
-1.567819023132324219e+01 -5.907110691070556641e+00 0.000000000000000000e+00
-1.520841312408447266e+01 7.987232208251953125e+00 0.000000000000000000e+00
-3.861026763916015625e-01 -3.212811946868896484e-01 0.000000000000000000e+00
-1.680236434936523438e+01 -1.023697376251220703e+00 0.000000000000000000e+00
-1.086300754547119141e+01 1.631352543830871582e+00 0.000000000000000000e+00
-8.268111228942871094e+00 -5.353034496307373047e+00 0.000000000000000000e+00
-6.998825550079345703e+00 -8.910812377929687500e+00 0.000000000000000000e+00
7.896076440811157227e-01 1.489495658874511719e+01 0.000000000000000000e+00
-5.572917938232421875e+00 9.057145118713378906e+00 0.000000000000000000e+00
-3.306698083877563477e+00 8.370757102966308594e+00 0.000000000000000000e+00
-6.065960884094238281e+00 -1.160436534881591797e+01 0.000000000000000000e+00
-2.990283966064453125e+00 1.223172187805175781e+01 0.000000000000000000e+00
1.031364679336547852e+00 -2.126749277114868164e+00 0.000000000000000000e+00
-1.133307170867919922e+01 -1.259169292449951172e+01 0.000000000000000000e+00
-1.409797191619873047e+01 1.913431525230407715e+00 0.000000000000000000e+00
-1.060476493835449219e+01 -4.976656436920166016e+00 0.000000000000000000e+00
-1.300988912582397461e+00 -1.037505626678466797e+01 0.000000000000000000e+00
-7.034353256225585938e+00 -1.580900001525878906e+01 0.000000000000000000e+00
-1.381829929351806641e+01 -2.215697765350341797e+00 0.000000000000000000e+00
6.006591796875000000e+00 -8.211457252502441406e+00 0.000000000000000000e+00
-4.426126956939697266e+00 1.019074153900146484e+01 0.000000000000000000e+00
1.474777698516845703e+01 6.239626407623291016e+00 0.000000000000000000e+00
1.461707687377929688e+01 -4.084680557250976562e+00 0.000000000000000000e+00
-6.833543300628662109e+00 1.005633449554443359e+01 0.000000000000000000e+00
1.220049190521240234e+01 -9.715616226196289062e+00 0.000000000000000000e+00
1.005076313018798828e+01 4.979680538177490234e+00 0.000000000000000000e+00
1.230605030059814453e+01 -1.723399043083190918e+00 0.000000000000000000e+00
7.947793006896972656e+00 -1.508586215972900391e+01 0.000000000000000000e+00
-2.182213068008422852e+00 1.017808341979980469e+01 0.000000000000000000e+00
1.294127082824707031e+01 -1.146673679351806641e+01 0.000000000000000000e+00
5.429074287414550781e+00 9.751185417175292969e+00 0.000000000000000000e+00
-7.789520263671875000e+00 1.377603149414062500e+01 0.000000000000000000e+00
-3.309212446212768555e+00 1.523499393463134766e+01 0.000000000000000000e+00
9.749486923217773438e+00 -9.823141098022460938e+00 0.000000000000000000e+00
7.352008342742919922e+00 1.380982875823974609e+01 0.000000000000000000e+00
1.715940475463867188e+00 -7.072064876556396484e+00 0.000000000000000000e+00
1.226385784149169922e+01 7.645668983459472656e+00 0.000000000000000000e+00
7.617025852203369141e+00 6.544106960296630859e+00 0.000000000000000000e+00
-1.148129177093505859e+01 8.466258049011230469e+00 0.000000000000000000e+00
4.456062912940979004e-01 -1.414801025390625000e+01 0.000000000000000000e+00
3.848775386810302734e+00 6.001353859901428223e-01 0.000000000000000000e+00
-1.461102771759033203e+01 4.580143451690673828e+00 0.000000000000000000e+00
-1.759907484054565430e+00 1.788251757621765137e+00 0.000000000000000000e+00
-5.308431982994079590e-01 1.412808990478515625e+01 0.000000000000000000e+00
1.176742649078369141e+01 4.251186370849609375e+00 0.000000000000000000e+00
-1.501356601715087891e+01 -7.279908657073974609e+00 0.000000000000000000e+00
7.275519847869873047e+00 -1.073761177062988281e+01 0.000000000000000000e+00
-1.348946857452392578e+01 -7.869021892547607422e+00 0.000000000000000000e+00
-1.488571763038635254e+00 8.727399826049804688e+00 0.000000000000000000e+00
1.450653171539306641e+01 2.873798131942749023e+00 0.000000000000000000e+00
-7.416534423828125000e+00 -7.174826413393020630e-02 0.000000000000000000e+00
-4.427196979522705078e+00 -3.166809082031250000e+00 0.000000000000000000e+00
1.911114096641540527e+00 5.009971141815185547e+00 0.000000000000000000e+00
1.077456951141357422e+01 -1.176187610626220703e+01 0.000000000000000000e+00
-4.343375682830810547e+00 1.438779085874557495e-01 0.000000000000000000e+00
1.274342346191406250e+01 -5.732341289520263672e+00 0.000000000000000000e+00
2.093324437737464905e-02 3.150122404098510742e+00 0.000000000000000000e+00
1.082902240753173828e+01 1.357573795318603516e+01 0.000000000000000000e+00
3.039339303970336914e+00 1.489379978179931641e+01 0.000000000000000000e+00
-1.075619125366210938e+01 1.313278770446777344e+01 0.000000000000000000e+00
1.029295635223388672e+01 -1.394803428649902344e+01 0.000000000000000000e+00
-4.386002540588378906e+00 5.857377529144287109e+00 0.000000000000000000e+00
6.398109436035156250e+00 6.966167688369750977e-01 0.000000000000000000e+00
-5.933134078979492188e+00 5.038316249847412109e-01 0.000000000000000000e+00
2.723087929189205170e-02 5.614091873168945312e+00 0.000000000000000000e+00
-5.272561550140380859e+00 -1.577303409576416016e+01 0.000000000000000000e+00
5.636289596557617188e+00 1.611594772338867188e+01 0.000000000000000000e+00
5.347939968109130859e+00 7.673542976379394531e+00 0.000000000000000000e+00
1.410002827644348145e+00 1.627161979675292969e+01 0.000000000000000000e+00
-1.469702529907226562e+01 6.158031940460205078e+00 0.000000000000000000e+00
-6.078439950942993164e-01 1.590883731842041016e+01 0.000000000000000000e+00
3.110692024230957031e+00 -1.422425842285156250e+01 0.000000000000000000e+00
1.093520641326904297e+01 2.988949060440063477e+00 0.000000000000000000e+00
-4.812197208404541016e+00 -1.252138710021972656e+01 0.000000000000000000e+00
-9.159250259399414062e+00 -1.673862814903259277e+00 0.000000000000000000e+00
1.135575652122497559e+00 7.529466629028320312e+00 0.000000000000000000e+00
-1.758746027946472168e+00 -6.739985942840576172e+00 0.000000000000000000e+00
1.830007314682006836e+00 1.069594097137451172e+01 0.000000000000000000e+00
-1.569573497772216797e+01 3.508775472640991211e+00 0.000000000000000000e+00
-2.326134592294692993e-01 1.740861511230468750e+01 0.000000000000000000e+00
-3.433734416961669922e+00 -1.347886848449707031e+01 0.000000000000000000e+00
-8.010569572448730469e+00 -1.266846466064453125e+01 0.000000000000000000e+00
-2.789254426956176758e+00 -1.177551078796386719e+01 0.000000000000000000e+00
1.178744697570800781e+01 6.125096321105957031e+00 0.000000000000000000e+00
-9.428220748901367188e+00 2.088507890701293945e+00 0.000000000000000000e+00
-1.556420803070068359e+01 3.761173188686370850e-01 0.000000000000000000e+00
3.421417176723480225e-01 -7.915691852569580078e+00 0.000000000000000000e+00
-9.869931221008300781e+00 -1.118986606597900391e+01 0.000000000000000000e+00
1.128461837768554688e+01 1.016451740264892578e+01 0.000000000000000000e+00
-7.082826614379882812e+00 1.526432037353515625e+01 0.000000000000000000e+00
-1.592466831207275391e+00 -1.370332241058349609e+01 0.000000000000000000e+00
-1.806599378585815430e+00 -5.138076305389404297e+00 0.000000000000000000e+00
-1.379940891265869141e+01 -1.065961074829101562e+01 0.000000000000000000e+00
5.571017742156982422e+00 -1.004025650024414062e+01 0.000000000000000000e+00
2.811434745788574219e+00 1.189171504974365234e+01 0.000000000000000000e+00
-9.153027534484863281e+00 5.285692691802978516e+00 0.000000000000000000e+00
1.192471122741699219e+01 1.224182987213134766e+01 0.000000000000000000e+00
3.601560831069946289e+00 1.646470642089843750e+01 0.000000000000000000e+00
-1.104219627380371094e+01 5.973360061645507812e+00 0.000000000000000000e+00
7.998827934265136719e+00 1.140780329704284668e+00 0.000000000000000000e+00
-1.957861185073852539e+00 2.990928590297698975e-01 0.000000000000000000e+00
-1.013650608062744141e+01 -9.570990562438964844e+00 0.000000000000000000e+00
-9.926882743835449219e+00 -2.986432313919067383e+00 0.000000000000000000e+00
-4.669972896575927734e+00 7.730238437652587891e+00 0.000000000000000000e+00
7.012001037597656250e+00 -6.991919994354248047e+00 0.000000000000000000e+00
-1.413695096969604492e+00 -1.717557334899902344e+01 0.000000000000000000e+00
5.629261970520019531e+00 2.173039674758911133e+00 0.000000000000000000e+00
2.765288591384887695e+00 9.112978935241699219e+00 0.000000000000000000e+00
-1.711500048637390137e+00 5.747137546539306641e+00 0.000000000000000000e+00
-1.190879249572753906e+01 -2.254853248596191406e+00 0.000000000000000000e+00
-5.657680988311767578e+00 3.989542722702026367e+00 0.000000000000000000e+00
1.182526111602783203e+00 -5.329728126525878906e+00 0.000000000000000000e+00
3.733704805374145508e+00 1.324819469451904297e+01 0.000000000000000000e+00
1.203702354431152344e+01 -1.269739532470703125e+01 0.000000000000000000e+00
-1.166811847686767578e+01 3.326423883438110352e+00 0.000000000000000000e+00
4.347253799438476562e+00 -1.530604743957519531e+01 0.000000000000000000e+00
-8.553604125976562500e+00 -1.491444206237792969e+01 0.000000000000000000e+00
9.054310798645019531e+00 -1.305663967132568359e+01 0.000000000000000000e+00
-8.497949242591857910e-01 -1.189970779418945312e+01 0.000000000000000000e+00
9.690258979797363281e+00 9.219621658325195312e+00 0.000000000000000000e+00
-8.343235015869140625e+00 -3.584839582443237305e+00 0.000000000000000000e+00
8.183922767639160156e+00 -3.195132017135620117e+00 0.000000000000000000e+00
-2.727886438369750977e+00 -9.506103515625000000e+00 0.000000000000000000e+00
1.534982109069824219e+01 7.642464637756347656e+00 0.000000000000000000e+00
7.546482563018798828e+00 1.530545997619628906e+01 0.000000000000000000e+00
-1.571545124053955078e+01 -2.397387504577636719e+00 0.000000000000000000e+00
6.102554798126220703e+00 5.872338771820068359e+00 0.000000000000000000e+00
-5.566294193267822266e+00 2.413418292999267578e+00 0.000000000000000000e+00
1.525691413879394531e+01 -1.990680694580078125e+00 0.000000000000000000e+00
1.747898483276367188e+01 4.659723639488220215e-01 0.000000000000000000e+00
-5.756301403045654297e+00 -3.931756496429443359e+00 0.000000000000000000e+00
-7.909058570861816406e+00 1.223681735992431641e+01 0.000000000000000000e+00
7.189348220825195312e+00 -9.157844543457031250e+00 0.000000000000000000e+00
-4.632998943328857422e+00 1.660826301574707031e+01 0.000000000000000000e+00
-2.041542768478393555e+00 1.365466213226318359e+01 0.000000000000000000e+00
-6.380835533142089844e+00 -7.395655632019042969e+00 0.000000000000000000e+00
-1.653714942932128906e+01 1.943930625915527344e+00 0.000000000000000000e+00
5.786030769348144531e+00 -1.153117561340332031e+01 0.000000000000000000e+00
-4.331701278686523438e+00 1.333012008666992188e+01 0.000000000000000000e+00
1.517436981201171875e+01 4.658406734466552734e+00 0.000000000000000000e+00
-5.077608227729797363e-01 -2.488953828811645508e+00 0.000000000000000000e+00
