5.897713830235702837e+00 1.173124474574717979e+01 -7.404611361039314943e-05
9.956260500222166243e+00 8.560305697965702620e+00 1.644162909348878543e-04
-1.330929533764904527e+00 1.084292261358246279e+01 -1.130023813713521008e-04
2.726744934024571965e+00 7.673473921614456295e+00 2.523621519054941587e-04
6.785291604068794946e+00 4.502534873265766180e+00 4.908238177487866949e-04
1.084284541800809798e+01 1.331088166389969851e+00 -1.404949118805065567e-04
-8.559452276915314073e+00 9.955995418788344153e+00 4.704322592363752165e-05
-4.501898429976035843e+00 6.785151789449740178e+00 2.134058841454233857e-04
-4.443445829789375301e-01 3.614308160667242475e+00 3.797692894629278726e-04
3.614321682027099136e+00 4.441610664539173969e-01 1.947785296582682513e-05
7.672868352071353648e+00 -2.726777981333112777e+00 2.579402617080006621e-04
1.173141502205778686e+01 -5.897717029676249112e+00 4.964019233546501653e-04
-1.173042216589924358e+01 5.898224689508133167e+00 3.733786531885385784e-04
-7.672868318959936040e+00 2.727381060731190132e+00 5.397420543091779876e-04
-3.614321681915717566e+00 -4.441610657163527209e-01 -1.947841059804500397e-05
4.443446160903551934e-01 -3.613705081269165120e+00 4.179130265544728218e-04
4.501899455860192134e+00 -6.784548806027496326e+00 5.843477843248123804e-04
8.560446092904442139e+00 -9.956090931913378128e+00 2.512806231624864495e-05
-1.084284541795237544e+01 -1.331088165459527239e+00 1.404953759637228572e-04
-6.785290578126849326e+00 -4.501931889849075219e+00 3.069298549180921043e-04
-2.726743908140384143e+00 -7.672870937630552390e+00 5.453922594642612864e-04
1.330929533876286097e+00 -1.084292261284489811e+01 1.130018237391894331e-04
-9.956260467166439199e+00 -8.559702618936407603e+00 6.332663038985941739e-04
-5.897713830124289736e+00 -1.173124474444795418e+01 7.404629887730607152e-05
