7.618997097015380859e+00 3.172434329986572266e+00 0.000000000000000000e+00
-1.295689010620117188e+01 6.728892326354980469e+00 0.000000000000000000e+00
8.020121574401855469e+00 -1.397477245330810547e+01 0.000000000000000000e+00
-1.094368171691894531e+01 -1.082282352447509766e+01 0.000000000000000000e+00
-1.525902557373046875e+01 6.547719001770019531e+00 0.000000000000000000e+00
-1.537918567657470703e+00 -3.365105152130126953e+00 0.000000000000000000e+00
-5.168790817260742188e-01 1.322189903259277344e+01 0.000000000000000000e+00
1.079800319671630859e+01 -9.092939376831054688e+00 0.000000000000000000e+00
-8.524129867553710938e+00 -1.229802513122558594e+01 0.000000000000000000e+00
2.335907697677612305e+00 1.160354986786842346e-01 0.000000000000000000e+00
8.820934295654296875e+00 -1.022653102874755859e+01 0.000000000000000000e+00
5.088790893554687500e+00 8.238413810729980469e+00 0.000000000000000000e+00
-1.067597389221191406e+01 -2.312270641326904297e+00 0.000000000000000000e+00
6.348448753356933594e+00 -1.109583377838134766e+01 0.000000000000000000e+00
-3.620754003524780273e+00 -4.372624397277832031e+00 0.000000000000000000e+00
1.100297069549560547e+01 -1.297826385498046875e+01 0.000000000000000000e+00
-1.003721618652343750e+01 -7.067787170410156250e+00 0.000000000000000000e+00
-4.820996761322021484e+00 -6.281258583068847656e+00 0.000000000000000000e+00
8.135859489440917969e+00 1.515137481689453125e+01 0.000000000000000000e+00
-1.203881549835205078e+01 2.934184789657592773e+00 0.000000000000000000e+00
1.339945435523986816e+00 -1.463452816009521484e+01 0.000000000000000000e+00
1.524440860748291016e+01 -5.093554019927978516e+00 0.000000000000000000e+00
-1.103147697448730469e+01 7.613850235939025879e-01 0.000000000000000000e+00
1.214298439025878906e+01 4.404863834381103516e+00 0.000000000000000000e+00
1.012935638427734375e+01 8.927655220031738281e+00 0.000000000000000000e+00
-2.939346313476562500e+00 -1.597793197631835938e+01 0.000000000000000000e+00
-1.230689239501953125e+01 -1.007209396362304688e+01 0.000000000000000000e+00
3.684035539627075195e+00 1.463632488250732422e+01 0.000000000000000000e+00
6.528944015502929688e+00 -8.646257400512695312e+00 0.000000000000000000e+00
-8.057825088500976562e+00 -3.985650539398193359e+00 0.000000000000000000e+00
-1.556095886230468750e+01 -1.513224363327026367e+00 0.000000000000000000e+00
1.386184215545654297e+01 -3.748811006546020508e+00 0.000000000000000000e+00
-7.973676681518554688e+00 -1.532358646392822266e+01 0.000000000000000000e+00
3.792246580123901367e+00 -1.357091712951660156e+01 0.000000000000000000e+00
-5.710018634796142578e+00 1.415119743347167969e+01 0.000000000000000000e+00
1.358496665954589844e+01 7.415538787841796875e+00 0.000000000000000000e+00
-2.056117534637451172e+00 -1.278289604187011719e+01 0.000000000000000000e+00
1.849247962236404419e-01 9.706141471862792969e+00 0.000000000000000000e+00
-1.050477886199951172e+01 6.532287597656250000e+00 0.000000000000000000e+00
-1.725815582275390625e+01 -2.562566757202148438e+00 0.000000000000000000e+00
7.454020977020263672e+00 -5.437062263488769531e+00 0.000000000000000000e+00
-2.757216215133666992e+00 -6.941525936126708984e-01 0.000000000000000000e+00
-1.252317142486572266e+01 1.082247352600097656e+01 0.000000000000000000e+00
-9.897909760475158691e-01 -5.071199893951416016e+00 0.000000000000000000e+00
-1.258586692810058594e+01 5.262704372406005859e+00 0.000000000000000000e+00
1.360939145088195801e+00 1.758242845535278320e+00 0.000000000000000000e+00
-1.293813800811767578e+01 -3.336302280426025391e+00 0.000000000000000000e+00
1.333302617073059082e+00 1.649059867858886719e+01 0.000000000000000000e+00
-7.049968719482421875e+00 2.322533607482910156e+00 0.000000000000000000e+00
-8.049982070922851562e+00 5.266089439392089844e+00 0.000000000000000000e+00
-1.203982734680175781e+01 -7.749582290649414062e+00 0.000000000000000000e+00
-4.136186599731445312e+00 1.089669895172119141e+01 0.000000000000000000e+00
9.709816932678222656e+00 1.405875492095947266e+01 0.000000000000000000e+00
-6.136533260345458984e+00 -1.638601875305175781e+01 0.000000000000000000e+00
6.565726280212402344e+00 -1.556479930877685547e+01 0.000000000000000000e+00
1.068388557434082031e+01 1.322227954864501953e+00 0.000000000000000000e+00
1.421294927597045898e+00 -7.397495269775390625e+00 0.000000000000000000e+00
1.328282451629638672e+01 5.890292644500732422e+00 0.000000000000000000e+00
-5.220905303955078125e+00 -6.768639683723449707e-01 0.000000000000000000e+00
9.851741790771484375e+00 -1.446324634552001953e+01 0.000000000000000000e+00
1.064664554595947266e+01 1.125350284576416016e+01 0.000000000000000000e+00
1.034612846374511719e+01 3.106152772903442383e+00 0.000000000000000000e+00
-6.926355361938476562e+00 -6.852158546447753906e+00 0.000000000000000000e+00
-3.856523036956787109e+00 5.338178873062133789e-01 0.000000000000000000e+00
-2.934764862060546875e+00 2.975752830505371094e+00 0.000000000000000000e+00
5.191479206085205078e+00 3.208402633666992188e+00 0.000000000000000000e+00
-1.667869758605957031e+01 5.068154335021972656e+00 0.000000000000000000e+00
1.419590568542480469e+01 8.516086935997009277e-01 0.000000000000000000e+00
6.863567829132080078e+00 -1.825577139854431152e+00 0.000000000000000000e+00
1.316802692413330078e+01 -9.199387550354003906e+00 0.000000000000000000e+00
-1.036644077301025391e+01 -1.402788543701171875e+01 0.000000000000000000e+00
-3.046553730964660645e-01 -8.989349365234375000e+00 0.000000000000000000e+00
9.575660705566406250e+00 -1.229624938964843750e+01 0.000000000000000000e+00
4.492770731449127197e-01 -1.120734405517578125e+01 0.000000000000000000e+00
-9.029494285583496094e+00 2.153729438781738281e+00 0.000000000000000000e+00
2.376750856637954712e-01 -1.702236366271972656e+01 0.000000000000000000e+00
-2.308162301778793335e-01 1.618984818458557129e+00 0.000000000000000000e+00
4.085834503173828125e+00 -1.868830442428588867e+00 0.000000000000000000e+00
-4.612251222133636475e-01 1.699642181396484375e+01 0.000000000000000000e+00
-4.276332378387451172e+00 -1.668806838989257812e+01 0.000000000000000000e+00
-4.196937084197998047e+00 4.063362121582031250e+00 0.000000000000000000e+00
1.053450584411621094e+01 -6.336149573326110840e-01 0.000000000000000000e+00
6.035586833953857422e+00 -4.838344573974609375e+00 0.000000000000000000e+00
-6.705294132232666016e+00 -1.170869636535644531e+01 0.000000000000000000e+00
9.127254486083984375e+00 1.089364433288574219e+01 0.000000000000000000e+00
-2.290597438812255859e+00 1.366749286651611328e+01 0.000000000000000000e+00
1.258440685272216797e+01 6.281130909919738770e-01 0.000000000000000000e+00
6.710190296173095703e+00 4.727629661560058594e+00 0.000000000000000000e+00
1.428000092506408691e+00 -2.825319528579711914e+00 0.000000000000000000e+00
-1.075557708740234375e+01 1.219306659698486328e+01 0.000000000000000000e+00
-3.177482128143310547e+00 1.544479179382324219e+01 0.000000000000000000e+00
1.545626831054687500e+01 -3.441974401473999023e+00 0.000000000000000000e+00
-5.500434398651123047e+00 -9.556588172912597656e+00 0.000000000000000000e+00
2.115649461746215820e+00 9.675156593322753906e+00 0.000000000000000000e+00
7.968540668487548828e+00 -3.084597587585449219e+00 0.000000000000000000e+00
-1.602306175231933594e+01 -4.971371650695800781e+00 0.000000000000000000e+00
-8.075298309326171875e+00 1.057355690002441406e+01 0.000000000000000000e+00
-7.044432163238525391e+00 1.588570022583007812e+01 0.000000000000000000e+00
-1.539455413818359375e+01 2.102563619613647461e+00 0.000000000000000000e+00
-1.586266756057739258e+00 4.660763263702392578e+00 0.000000000000000000e+00
1.711407279968261719e+01 2.060739994049072266e+00 0.000000000000000000e+00
-2.972686767578125000e+00 -6.357021808624267578e+00 0.000000000000000000e+00
7.604479312896728516e+00 1.370786571502685547e+01 0.000000000000000000e+00
4.911915302276611328e+00 1.169783401489257812e+01 0.000000000000000000e+00
-5.432523727416992188e+00 9.636808395385742188e+00 0.000000000000000000e+00
-1.436936855316162109e+00 1.584266757965087891e+01 0.000000000000000000e+00
-1.286867523193359375e+01 8.482714653015136719e+00 0.000000000000000000e+00
9.271865844726562500e+00 7.501555442810058594e+00 0.000000000000000000e+00
6.980279922485351562e+00 8.836502075195312500e+00 0.000000000000000000e+00
3.015488624572753906e+00 -3.152137517929077148e+00 0.000000000000000000e+00
1.201771354675292969e+01 8.133680343627929688e+00 0.000000000000000000e+00
-1.015839958190917969e+01 3.453182697296142578e+00 0.000000000000000000e+00
1.115904331207275391e+01 -1.072686386108398438e+01 0.000000000000000000e+00
-3.887557238340377808e-02 5.645256042480468750e+00 0.000000000000000000e+00
8.055184364318847656e+00 7.694599628448486328e-01 0.000000000000000000e+00
9.781307220458984375e+00 -3.414868354797363281e+00 0.000000000000000000e+00
-5.595579147338867188e+00 5.962136268615722656e+00 0.000000000000000000e+00
3.877313137054443359e+00 -5.818863868713378906e+00 0.000000000000000000e+00
4.684950828552246094e+00 1.269273906946182251e-01 0.000000000000000000e+00
-2.355679750442504883e+00 1.050933647155761719e+01 0.000000000000000000e+00
1.704968452453613281e+01 -3.412506341934204102e+00 0.000000000000000000e+00
1.674320030212402344e+01 3.804107904434204102e+00 0.000000000000000000e+00
-3.069044113159179688e+00 5.744828224182128906e+00 0.000000000000000000e+00
4.110645771026611328e+00 -1.186195468902587891e+01 0.000000000000000000e+00
-1.078473281860351562e+01 -8.578277587890625000e+00 0.000000000000000000e+00
-1.427507877349853516e+01 -5.433111190795898438e+00 0.000000000000000000e+00
1.421042537689208984e+01 -1.912559390068054199e+00 0.000000000000000000e+00
2.118559598922729492e+00 6.463061332702636719e+00 0.000000000000000000e+00
2.101346731185913086e+00 -1.214362144470214844e+01 0.000000000000000000e+00
3.890360116958618164e+00 -8.100776672363281250e+00 0.000000000000000000e+00
-6.889622688293457031e+00 1.244621372222900391e+01 0.000000000000000000e+00
-5.744334220886230469e+00 4.142711639404296875e+00 0.000000000000000000e+00
1.330900669097900391e+01 1.102471256256103516e+01 0.000000000000000000e+00
6.477951049804687500e+00 1.074056053161621094e+01 0.000000000000000000e+00
3.413355827331542969e+00 1.644270706176757812e+01 0.000000000000000000e+00
-1.499685859680175781e+01 8.480015754699707031e+00 0.000000000000000000e+00
1.349939727783203125e+01 -1.098426246643066406e+01 0.000000000000000000e+00
-2.021895885467529297e+00 -9.071804046630859375e+00 0.000000000000000000e+00
1.736072158813476562e+01 -1.602400660514831543e+00 0.000000000000000000e+00
-5.392941951751708984e+00 -3.396436691284179688e+00 0.000000000000000000e+00
-9.647683143615722656e+00 -5.223528385162353516e+00 0.000000000000000000e+00
8.180149078369140625e+00 1.211979675292968750e+01 0.000000000000000000e+00
2.224610567092895508e+00 -1.595759296417236328e+01 0.000000000000000000e+00
-3.857045173645019531e+00 -1.008940219879150391e+01 0.000000000000000000e+00
2.761029005050659180e+00 -1.020199680328369141e+01 0.000000000000000000e+00
5.407157421112060547e+00 1.650287151336669922e+00 0.000000000000000000e+00
1.235014820098876953e+01 -5.723208427429199219e+00 0.000000000000000000e+00
5.714354038238525391e+00 1.420009803771972656e+01 0.000000000000000000e+00
1.524075698852539062e+01 -6.327190995216369629e-01 0.000000000000000000e+00
-1.166785907745361328e+01 -4.559473991394042969e+00 0.000000000000000000e+00
-1.432866001129150391e+01 -7.739763736724853516e+00 0.000000000000000000e+00
-7.488265514373779297e+00 -8.530532836914062500e+00 0.000000000000000000e+00
6.090717792510986328e+00 -6.864001274108886719e+00 0.000000000000000000e+00
2.749872207641601562e+00 1.257817173004150391e+01 0.000000000000000000e+00
-8.292377471923828125e+00 7.658528804779052734e+00 0.000000000000000000e+00
1.486966323852539062e+01 -8.813490867614746094e+00 0.000000000000000000e+00
-6.032588481903076172e+00 -1.408444595336914062e+01 0.000000000000000000e+00
-3.694100618362426758e+00 7.442630290985107422e+00 0.000000000000000000e+00
9.139357566833496094e+00 -6.641881942749023438e+00 0.000000000000000000e+00
-5.055692195892333984e+00 1.630056953430175781e+01 0.000000000000000000e+00
2.055594921112060547e-01 -1.049303174018859863e+00 0.000000000000000000e+00
1.546921634674072266e+01 2.303940296173095703e+00 0.000000000000000000e+00
-1.201667499542236328e+01 -1.411240577697753906e+00 0.000000000000000000e+00
-8.332744598388671875e+00 7.879832386970520020e-01 0.000000000000000000e+00
2.094122409820556641e+00 1.471075820922851562e+01 0.000000000000000000e+00
8.996282577514648438e+00 4.400815963745117188e+00 0.000000000000000000e+00
-1.382804203033447266e+01 9.740398406982421875e+00 0.000000000000000000e+00
1.212973976135253906e+01 -1.261950135231018066e+00 0.000000000000000000e+00
-1.656191825866699219e+01 8.616328835487365723e-01 0.000000000000000000e+00
-1.024533390998840332e+00 -1.943250775337219238e+00 0.000000000000000000e+00
-1.242067050933837891e+01 -1.185997486114501953e+01 0.000000000000000000e+00
-8.470019340515136719e+00 1.388195991516113281e+01 0.000000000000000000e+00
-9.083556175231933594e+00 -8.429491996765136719e+00 0.000000000000000000e+00
-9.391078948974609375e+00 -3.415980637073516846e-01 0.000000000000000000e+00
-1.695715522766113281e+01 2.570436477661132812e+00 0.000000000000000000e+00
8.004360198974609375e+00 -1.169454956054687500e+01 0.000000000000000000e+00
6.559558868408203125e+00 1.607252883911132812e+01 0.000000000000000000e+00
-9.879661560058593750e+00 8.667573928833007812e+00 0.000000000000000000e+00
2.394660711288452148e+00 4.039939403533935547e+00 0.000000000000000000e+00
8.115278244018554688e+00 5.866641521453857422e+00 0.000000000000000000e+00
-4.429785251617431641e+00 -1.293593692779541016e+01 0.000000000000000000e+00
-8.545336723327636719e+00 -1.005731296539306641e+01 0.000000000000000000e+00
1.789216101169586182e-01 7.209877014160156250e+00 0.000000000000000000e+00
-1.058593845367431641e+01 1.035411643981933594e+01 0.000000000000000000e+00
7.447056770324707031e-01 -5.746247291564941406e+00 0.000000000000000000e+00
-1.530373191833496094e+01 4.369295120239257812e+00 0.000000000000000000e+00
1.145969963073730469e+01 -4.217438220977783203e+00 0.000000000000000000e+00
-3.976997137069702148e+00 1.292741870880126953e+01 0.000000000000000000e+00
1.389367771148681641e+01 3.412595748901367188e+00 0.000000000000000000e+00
1.043603610992431641e+01 6.240234375000000000e+00 0.000000000000000000e+00
-1.482438087463378906e+00 -1.438012123107910156e+01 0.000000000000000000e+00
-1.921867012977600098e+00 1.737810897827148438e+01 0.000000000000000000e+00
-1.636508584022521973e+00 3.977454304695129395e-01 0.000000000000000000e+00
6.634967327117919922e-01 1.148550987243652344e+01 0.000000000000000000e+00
4.066322803497314453e+00 -1.567592239379882812e+01 0.000000000000000000e+00
1.893914937973022461e+00 -4.744309902191162109e+00 0.000000000000000000e+00
1.142014312744140625e+01 -7.419218063354492188e+00 0.000000000000000000e+00
1.472124290466308594e+01 -7.146472454071044922e+00 0.000000000000000000e+00
1.582029724121093750e+01 7.428591728210449219e+00 0.000000000000000000e+00
4.635996818542480469e+00 5.943837165832519531e+00 0.000000000000000000e+00
9.574257850646972656e+00 -1.795855998992919922e+00 0.000000000000000000e+00
-1.540844726562500000e+01 -3.189420223236083984e+00 0.000000000000000000e+00
-7.227163314819335938e+00 -8.696488738059997559e-01 0.000000000000000000e+00
5.305917739868164062e+00 -2.904653787612915039e+00 0.000000000000000000e+00
6.976928234100341797e+00 -1.286304855346679688e+01 0.000000000000000000e+00
-1.597637295722961426e+00 -1.053382587432861328e+01 0.000000000000000000e+00
-1.515575599670410156e+01 1.745488680899143219e-02 0.000000000000000000e+00
-1.301119446754455566e+00 -1.699122238159179688e+01 0.000000000000000000e+00
-7.950011491775512695e-01 -7.250649452209472656e+00 0.000000000000000000e+00
-1.588318586349487305e+00 7.922776699066162109e+00 0.000000000000000000e+00
-1.568010044097900391e+01 -6.541696548461914062e+00 0.000000000000000000e+00
-3.832001209259033203e+00 8.971440315246582031e+00 0.000000000000000000e+00
-3.418095111846923828e+00 -1.415946006774902344e+01 0.000000000000000000e+00
-1.294431304931640625e+01 5.648244023323059082e-01 0.000000000000000000e+00
-1.019402885437011719e+01 -1.221510696411132812e+01 0.000000000000000000e+00
3.016936540603637695e+00 1.558703541755676270e+00 0.000000000000000000e+00
5.440527796745300293e-01 4.227587223052978516e+00 0.000000000000000000e+00
-8.513813018798828125e+00 -1.662492752075195312e+00 0.000000000000000000e+00
1.485739803314208984e+01 5.131389141082763672e+00 0.000000000000000000e+00
-1.107421779632568359e+01 5.014536857604980469e+00 0.000000000000000000e+00
3.537186622619628906e+00 1.092626380920410156e+01 0.000000000000000000e+00
1.738744926452636719e+01 1.130907535552978516e-01 0.000000000000000000e+00
-3.506169557571411133e+00 1.708546638488769531e+01 0.000000000000000000e+00
9.099000930786132812e+00 -8.330784797668457031e+00 0.000000000000000000e+00
-2.247749418020248413e-01 -1.289721488952636719e+01 0.000000000000000000e+00
-7.405713081359863281e+00 -5.384181022644042969e+00 0.000000000000000000e+00
4.154826164245605469e+00 -4.133752822875976562e+00 0.000000000000000000e+00
-3.091037034988403320e+00 -2.307664155960083008e+00 0.000000000000000000e+00
1.200366485863924026e-02 -3.750385284423828125e+00 0.000000000000000000e+00
4.878379344940185547e+00 1.579053497314453125e+01 0.000000000000000000e+00
-1.469912624359130859e+01 -9.449256896972656250e+00 0.000000000000000000e+00
-6.398020267486572266e+00 9.205484986305236816e-01 0.000000000000000000e+00
-2.173969030380249023e+00 1.213448619842529297e+01 0.000000000000000000e+00
1.310943245887756348e+00 -9.133806228637695312e+00 0.000000000000000000e+00
3.672280609607696533e-01 1.471640205383300781e+01 0.000000000000000000e+00
-1.240209007263183594e+01 -6.072339057922363281e+00 0.000000000000000000e+00
1.205745029449462891e+01 1.267400741577148438e+01 0.000000000000000000e+00
-5.890956878662109375e+00 -4.868237972259521484e+00 0.000000000000000000e+00
-1.734500503540039062e+01 -6.358218789100646973e-01 0.000000000000000000e+00
6.058337211608886719e+00 -1.408515453338623047e+01 0.000000000000000000e+00
1.282360649108886719e+01 2.355099439620971680e+00 0.000000000000000000e+00
-4.633864402770996094e+00 -1.141372299194335938e+01 0.000000000000000000e+00
-6.626690387725830078e+00 7.643233776092529297e+00 0.000000000000000000e+00
-4.373712062835693359e+00 -8.543728828430175781e+00 0.000000000000000000e+00
6.394975185394287109e+00 6.431735038757324219e+00 0.000000000000000000e+00
-1.139538669586181641e+01 7.750798225402832031e+00 0.000000000000000000e+00
-4.705381870269775391e+00 2.001071453094482422e+00 0.000000000000000000e+00
7.773489475250244141e+00 7.345698833465576172e+00 0.000000000000000000e+00
9.165557861328125000e+00 2.070413112640380859e+00 0.000000000000000000e+00
3.166669607162475586e+00 8.488087654113769531e+00 0.000000000000000000e+00
4.365933895111083984e+00 -1.006255531311035156e+01 0.000000000000000000e+00
1.070167827606201172e+01 -5.555517196655273438e+00 0.000000000000000000e+00
-7.608106613159179688e+00 3.759652853012084961e+00 0.000000000000000000e+00
-1.527969717979431152e+00 6.380345344543457031e+00 0.000000000000000000e+00
-9.140362739562988281e+00 1.203702354431152344e+01 0.000000000000000000e+00
1.322480869293212891e+01 -7.553524494171142578e+00 0.000000000000000000e+00
