-2.535808916143404090e+00 -7.751923250443167879e-01
-1.948936719110375027e+00 3.284747553515902085e-01
-1.362064522077345963e+00 1.432141835747497094e+00
-7.751923250443167879e-01 2.535808916143404090e+00
-1.432141835747497094e+00 -1.362064522077345963e+00
-8.452696387144680301e-01 -2.583974416814389108e-01
-2.583974416814389108e-01 8.452696387144680301e-01
3.284747553515902085e-01 1.948936719110375027e+00
-3.284747553515902085e-01 -1.948936719110375027e+00
2.583974416814389108e-01 -8.452696387144680301e-01
8.452696387144680301e-01 2.583974416814389108e-01
1.432141835747497094e+00 1.362064522077345963e+00
7.751923250443167879e-01 -2.535808916143404090e+00
1.362064522077345963e+00 -1.432141835747497094e+00
1.948936719110375027e+00 -3.284747553515902085e-01
2.535808916143404090e+00 7.751923250443167879e-01
