3.647426128387451172e+00 1.274619960784912109e+01 0.000000000000000000e+00
-1.126434421539306641e+01 -1.048107337951660156e+01 0.000000000000000000e+00
5.925595283508300781e+00 1.588255977630615234e+01 0.000000000000000000e+00
5.248398303985595703e+00 -1.185176849365234375e+01 0.000000000000000000e+00
-2.871118307113647461e+00 -1.200168418884277344e+01 0.000000000000000000e+00
-1.274192184209823608e-01 -8.546059608459472656e+00 0.000000000000000000e+00
-5.502291202545166016e+00 -1.482960796356201172e+01 0.000000000000000000e+00
-1.118047332763671875e+01 -4.133590757846832275e-01 0.000000000000000000e+00
-1.122326850891113281e+01 -8.336103439331054688e+00 0.000000000000000000e+00
3.803916692733764648e+00 8.423438668251037598e-01 0.000000000000000000e+00
5.623518943786621094e+00 1.369060611724853516e+01 0.000000000000000000e+00
-5.268257617950439453e+00 -8.035160064697265625e+00 0.000000000000000000e+00
-9.589939713478088379e-01 2.028273344039916992e+00 0.000000000000000000e+00
-7.561414241790771484e+00 1.362672710418701172e+01 0.000000000000000000e+00
1.492157840728759766e+01 7.097125053405761719e-01 0.000000000000000000e+00
-8.608489036560058594e+00 1.719261884689331055e+00 0.000000000000000000e+00
-6.045567512512207031e+00 2.930101633071899414e+00 0.000000000000000000e+00
4.646226406097412109e+00 -6.494238376617431641e+00 0.000000000000000000e+00
1.050743770599365234e+01 7.902297496795654297e+00 0.000000000000000000e+00
-1.500509262084960938e+01 3.236160755157470703e+00 0.000000000000000000e+00
1.551346492767333984e+01 -7.935848236083984375e+00 0.000000000000000000e+00
1.275943279266357422e+01 4.318451583385467529e-01 0.000000000000000000e+00
-1.300718975067138672e+01 9.007554054260253906e+00 0.000000000000000000e+00
5.914556980133056641e+00 -1.616528129577636719e+01 0.000000000000000000e+00
9.652818679809570312e+00 -8.312022209167480469e+00 0.000000000000000000e+00
5.502424716949462891e+00 -9.792407989501953125e+00 0.000000000000000000e+00
5.039924621582031250e+00 -3.911062002182006836e+00 0.000000000000000000e+00
-1.245125198364257812e+01 5.145944118499755859e+00 0.000000000000000000e+00
8.217446327209472656e+00 -1.009136581420898438e+01 0.000000000000000000e+00
-5.150087475776672363e-01 -1.326824665069580078e+01 0.000000000000000000e+00
-1.081356143951416016e+01 -1.242495632171630859e+01 0.000000000000000000e+00
-5.288801670074462891e+00 7.966176509857177734e+00 0.000000000000000000e+00
-1.578262901306152344e+01 4.861381530761718750e+00 0.000000000000000000e+00
1.470264911651611328e+01 7.089694023132324219e+00 0.000000000000000000e+00
5.651556968688964844e+00 3.297609806060791016e+00 0.000000000000000000e+00
1.119950652122497559e+00 -6.571586728096008301e-01 0.000000000000000000e+00
-5.493489265441894531e+00 -3.478588342666625977e+00 0.000000000000000000e+00
3.128273963928222656e+00 -2.035875082015991211e+00 0.000000000000000000e+00
1.580916786193847656e+01 5.168051719665527344e+00 0.000000000000000000e+00
-9.975910186767578125e+00 1.437594413757324219e+01 0.000000000000000000e+00
3.317175626754760742e+00 1.717895698547363281e+01 0.000000000000000000e+00
-3.911607861518859863e-01 1.400038146972656250e+01 0.000000000000000000e+00
5.912832260131835938e+00 5.548875331878662109e-01 0.000000000000000000e+00
7.722125053405761719e+00 1.042816400527954102e+00 0.000000000000000000e+00
1.111950016021728516e+01 -5.803159713745117188e+00 0.000000000000000000e+00
-1.156689167022705078e+01 7.869362354278564453e+00 0.000000000000000000e+00
-4.982932567596435547e+00 -1.666382217407226562e+01 0.000000000000000000e+00
5.783430099487304688e+00 6.811726093292236328e+00 0.000000000000000000e+00
-1.352184772491455078e+01 -4.115944385528564453e+00 0.000000000000000000e+00
1.258107566833496094e+01 5.261543273925781250e+00 0.000000000000000000e+00
-1.720886993408203125e+01 1.503274083137512207e+00 0.000000000000000000e+00
-1.007872104644775391e+01 1.077114295959472656e+01 0.000000000000000000e+00
1.086729907989501953e+01 -1.114563941955566406e+01 0.000000000000000000e+00
1.015406417846679688e+01 -2.128956280648708344e-02 0.000000000000000000e+00
-1.335926294326782227e+00 -2.528461456298828125e+00 0.000000000000000000e+00
-2.155197381973266602e+00 3.081887245178222656e+00 0.000000000000000000e+00
-2.050710678100585938e+00 1.348791599273681641e+01 0.000000000000000000e+00
8.818032264709472656e+00 -6.409332275390625000e+00 0.000000000000000000e+00
-6.295097827911376953e+00 1.082328438758850098e+00 0.000000000000000000e+00
-1.290866565704345703e+01 -5.980352401733398438e+00 0.000000000000000000e+00
3.665863275527954102e+00 8.884080886840820312e+00 0.000000000000000000e+00
8.123243331909179688e+00 -3.651287794113159180e+00 0.000000000000000000e+00
-2.387742519378662109e+00 -1.640795135498046875e+01 0.000000000000000000e+00
1.045603942871093750e+01 3.828094959259033203e+00 0.000000000000000000e+00
1.466296672821044922e+00 7.873280525207519531e+00 0.000000000000000000e+00
5.683413505554199219e+00 -5.295867919921875000e+00 0.000000000000000000e+00
8.877234458923339844e+00 7.333333492279052734e+00 0.000000000000000000e+00
-5.588816165924072266e+00 1.345553302764892578e+01 0.000000000000000000e+00
-3.661021232604980469e+00 1.035662651062011719e+01 0.000000000000000000e+00
-9.456631660461425781e+00 -1.174587631225585938e+01 0.000000000000000000e+00
1.022788238525390625e+01 2.325746774673461914e+00 0.000000000000000000e+00
-3.753135442733764648e+00 1.467677021026611328e+01 0.000000000000000000e+00
-8.207008361816406250e+00 -8.972026824951171875e+00 0.000000000000000000e+00
-1.843528389930725098e+00 -4.957864284515380859e+00 0.000000000000000000e+00
-3.928738594055175781e+00 3.938990116119384766e+00 0.000000000000000000e+00
7.388176918029785156e+00 -1.203365325927734375e+01 0.000000000000000000e+00
6.856342792510986328e+00 9.648088455200195312e+00 0.000000000000000000e+00
3.700608253479003906e+00 2.701813697814941406e+00 0.000000000000000000e+00
8.665402531623840332e-01 6.357626914978027344e+00 0.000000000000000000e+00
-1.325031089782714844e+01 -6.346735954284667969e-01 0.000000000000000000e+00
-1.639570426940917969e+01 -5.199484229087829590e-01 0.000000000000000000e+00
3.174540758132934570e+00 -8.000904083251953125e+00 0.000000000000000000e+00
-4.054690361022949219e+00 1.276894211769104004e+00 0.000000000000000000e+00
-7.719900131225585938e+00 6.965087890625000000e+00 0.000000000000000000e+00
-5.342546939849853516e+00 -5.800593376159667969e+00 0.000000000000000000e+00
6.290965080261230469e+00 -6.742628097534179688e+00 0.000000000000000000e+00
-7.196204185485839844e+00 1.048000621795654297e+01 0.000000000000000000e+00
-2.156501770019531250e+00 7.187961339950561523e-01 0.000000000000000000e+00
1.398877978324890137e+00 1.070365715026855469e+01 0.000000000000000000e+00
-6.148926734924316406e+00 -2.097764730453491211e+00 0.000000000000000000e+00
-1.018578052520751953e+01 -7.247000217437744141e+00 0.000000000000000000e+00
-8.092828750610351562e+00 5.396553039550781250e+00 0.000000000000000000e+00
1.392818927764892578e+01 2.394460678100585938e+00 0.000000000000000000e+00
-3.741530418395996094e+00 -1.017487144470214844e+01 0.000000000000000000e+00
1.000446557998657227e+00 -1.074569606781005859e+01 0.000000000000000000e+00
-1.621205329895019531e+01 -5.159598350524902344e+00 0.000000000000000000e+00
-1.126638412475585938e+01 -4.706631660461425781e+00 0.000000000000000000e+00
-1.488797473907470703e+01 -3.053195953369140625e+00 0.000000000000000000e+00
-1.174836349487304688e+01 -2.782508611679077148e+00 0.000000000000000000e+00
-9.409635663032531738e-01 8.239858627319335938e+00 0.000000000000000000e+00
-9.346115112304687500e+00 1.289562892913818359e+01 0.000000000000000000e+00
4.928288936614990234e+00 1.029793262481689453e+01 0.000000000000000000e+00
-1.467837810516357422e+01 -1.400295019149780273e+00 0.000000000000000000e+00
-1.545848131179809570e+00 1.671247291564941406e+01 0.000000000000000000e+00
-3.004917144775390625e+00 -7.157211899757385254e-01 0.000000000000000000e+00
-1.335997009277343750e+01 2.183890819549560547e+00 0.000000000000000000e+00
1.291567611694335938e+01 -3.095095396041870117e+00 0.000000000000000000e+00
3.690575957298278809e-01 -5.085818290710449219e+00 0.000000000000000000e+00
7.257328510284423828e+00 1.360301685333251953e+01 0.000000000000000000e+00
1.140451335906982422e+01 -1.606582283973693848e+00 0.000000000000000000e+00
8.394851088523864746e-01 1.907432913780212402e+00 0.000000000000000000e+00
-5.957495212554931641e+00 1.148242568969726562e+01 0.000000000000000000e+00
-1.336551189422607422e+01 6.343878269195556641e+00 0.000000000000000000e+00
1.345474720001220703e+01 -5.729050159454345703e+00 0.000000000000000000e+00
1.165824222564697266e+01 1.086998558044433594e+01 0.000000000000000000e+00
1.282314419746398926e+00 1.288414478302001953e+01 0.000000000000000000e+00
-8.190201759338378906e+00 1.515844154357910156e+01 0.000000000000000000e+00
1.249855422973632812e+01 -8.087445259094238281e+00 0.000000000000000000e+00
1.737319946289062500e+00 -1.448840427398681641e+01 0.000000000000000000e+00
1.585964488983154297e+01 -3.281022071838378906e+00 0.000000000000000000e+00
7.368095874786376953e+00 7.700162410736083984e+00 0.000000000000000000e+00
1.537553501129150391e+01 -5.833390235900878906e+00 0.000000000000000000e+00
3.827169656753540039e+00 7.231863021850585938e+00 0.000000000000000000e+00
-6.782382011413574219e+00 -7.292298793792724609e+00 0.000000000000000000e+00
1.185477733612060547e+01 8.601774215698242188e+00 0.000000000000000000e+00
-7.795429229736328125e+00 -1.498528289794921875e+01 0.000000000000000000e+00
2.974150180816650391e+00 1.425485897064208984e+01 0.000000000000000000e+00
-1.948881983757019043e+00 -1.492684936523437500e+01 0.000000000000000000e+00
1.175226211547851562e+00 -7.178495883941650391e+00 0.000000000000000000e+00
6.102411746978759766e+00 -8.246282577514648438e+00 0.000000000000000000e+00
4.295339107513427734e+00 4.845335960388183594e+00 0.000000000000000000e+00
-7.039494514465332031e+00 -5.054768919944763184e-01 0.000000000000000000e+00
-9.403298377990722656e+00 -3.359461307525634766e+00 0.000000000000000000e+00
7.391576290130615234e+00 -1.575932788848876953e+01 0.000000000000000000e+00
-8.841711878776550293e-01 -6.287798881530761719e+00 0.000000000000000000e+00
-1.471830940246582031e+01 -6.892744541168212891e+00 0.000000000000000000e+00
2.444082975387573242e+00 -1.164990234375000000e+01 0.000000000000000000e+00
7.792307376861572266e+00 -7.847084045410156250e+00 0.000000000000000000e+00
6.009824275970458984e-01 1.521537494659423828e+01 0.000000000000000000e+00
-9.997053146362304688e+00 3.987348556518554688e+00 0.000000000000000000e+00
-1.306296253204345703e+01 -9.912380218505859375e+00 0.000000000000000000e+00
-1.130890846252441406e+01 1.254855060577392578e+01 0.000000000000000000e+00
8.086566925048828125e+00 4.171796798706054688e+00 0.000000000000000000e+00
-1.532056808471679688e+00 1.521041965484619141e+01 0.000000000000000000e+00
-1.081962299346923828e+01 9.271800994873046875e+00 0.000000000000000000e+00
8.588394522666931152e-01 -3.607662439346313477e+00 0.000000000000000000e+00
-4.443381786346435547e+00 -1.335934829711914062e+01 0.000000000000000000e+00
-4.399415254592895508e-01 -3.215528130531311035e-01 0.000000000000000000e+00
8.673894882202148438e+00 2.418556690216064453e+00 0.000000000000000000e+00
-9.416389465332031250e+00 -5.520502090454101562e+00 0.000000000000000000e+00
-5.612596511840820312e+00 5.994410037994384766e+00 0.000000000000000000e+00
8.966468811035156250e+00 9.584505081176757812e+00 0.000000000000000000e+00
2.704561710357666016e+00 -5.812683582305908203e+00 0.000000000000000000e+00
-7.013013362884521484e+00 8.750433921813964844e+00 0.000000000000000000e+00
-2.963258504867553711e+00 1.170532417297363281e+01 0.000000000000000000e+00
8.937550544738769531e+00 -1.213471889495849609e+01 0.000000000000000000e+00
3.104057073593139648e+00 -1.574141502380371094e+01 0.000000000000000000e+00
-2.239274978637695312e+00 -9.725626945495605469e+00 0.000000000000000000e+00
-5.275064945220947266e+00 -1.161553955078125000e+01 0.000000000000000000e+00
4.393785953521728516e+00 1.488899230957031250e+01 0.000000000000000000e+00
7.138657093048095703e+00 1.182093143463134766e+01 0.000000000000000000e+00
-2.903725624084472656e+00 -7.487940311431884766e+00 0.000000000000000000e+00
1.308008575439453125e+01 7.702109336853027344e+00 0.000000000000000000e+00
-1.494445896148681641e+01 7.181647300720214844e+00 0.000000000000000000e+00
-3.810377597808837891e+00 6.734677791595458984e+00 0.000000000000000000e+00
-7.765434741973876953e+00 -4.285180568695068359e+00 0.000000000000000000e+00
-6.314579486846923828e+00 1.522860527038574219e+01 0.000000000000000000e+00
-1.379390239715576172e+01 -8.262350082397460938e+00 0.000000000000000000e+00
-1.618068337440490723e+00 -1.110127258300781250e+01 0.000000000000000000e+00
1.661974143981933594e+01 1.022085361182689667e-02 0.000000000000000000e+00
-1.195542049407958984e+01 1.365122318267822266e+00 0.000000000000000000e+00
-3.565264225006103516e+00 1.642480659484863281e+01 0.000000000000000000e+00
-9.087744712829589844e+00 -1.323764419555664062e+01 0.000000000000000000e+00
9.113029479980468750e+00 1.340382957458496094e+01 0.000000000000000000e+00
1.717806243896484375e+01 -2.108814239501953125e+00 0.000000000000000000e+00
1.369613361358642578e+01 -9.803898811340332031e+00 0.000000000000000000e+00
-8.259140014648437500e+00 -1.675400614738464355e+00 0.000000000000000000e+00
1.212053108215332031e+01 3.317127466201782227e+00 0.000000000000000000e+00
1.489873313903808594e+01 8.625175476074218750e+00 0.000000000000000000e+00
-6.637438774108886719e+00 -9.559837341308593750e+00 0.000000000000000000e+00
7.958700656890869141e+00 -1.409429550170898438e+01 0.000000000000000000e+00
1.095300436019897461e+00 -1.256777477264404297e+01 0.000000000000000000e+00
1.340613746643066406e+01 9.623736381530761719e+00 0.000000000000000000e+00
-9.550909996032714844e+00 8.161208152770996094e+00 0.000000000000000000e+00
9.396199226379394531e+00 4.922672271728515625e+00 0.000000000000000000e+00
9.208084344863891602e-01 4.620340824127197266e+00 0.000000000000000000e+00
1.036027336120605469e+01 -4.264564990997314453e+00 0.000000000000000000e+00
4.011349678039550781e+00 -9.984969139099121094e+00 0.000000000000000000e+00
7.981973171234130859e+00 -1.538213968276977539e+00 0.000000000000000000e+00
-7.982575416564941406e+00 -6.263148307800292969e+00 0.000000000000000000e+00
-6.491897702217102051e-01 6.359262943267822266e+00 0.000000000000000000e+00
-9.188183784484863281e+00 -3.517852425575256348e-01 0.000000000000000000e+00
-2.457747220993041992e+00 7.513538837432861328e+00 0.000000000000000000e+00
-7.558782100677490234e+00 3.131305694580078125e+00 0.000000000000000000e+00
4.450440883636474609e+00 -7.378022670745849609e-01 0.000000000000000000e+00
-1.673138046264648438e+01 -2.007818937301635742e+00 0.000000000000000000e+00
-3.786609888076782227e+00 -2.334396600723266602e+00 0.000000000000000000e+00
-3.799605607986450195e+00 8.825845718383789062e+00 0.000000000000000000e+00
-8.538504600524902344e+00 9.646705627441406250e+00 0.000000000000000000e+00
1.094279098510742188e+01 1.222863292694091797e+01 0.000000000000000000e+00
-6.636367321014404297e+00 -1.364643001556396484e+01 0.000000000000000000e+00
-1.473472595214843750e+01 9.518633484840393066e-01 0.000000000000000000e+00
-5.170993804931640625e+00 -8.977669477462768555e-01 0.000000000000000000e+00
-1.022252464294433594e+01 1.524595975875854492e+00 0.000000000000000000e+00
1.598741912841796875e+01 2.915968418121337891e+00 0.000000000000000000e+00
1.250014972686767578e+01 -1.223922538757324219e+01 0.000000000000000000e+00
2.967821836471557617e+00 -1.313635730743408203e+01 0.000000000000000000e+00
1.728258514404296875e+01 1.802790164947509766e+00 0.000000000000000000e+00
5.949296474456787109e+00 -2.107834577560424805e+00 0.000000000000000000e+00
-1.229615116119384766e+01 1.123369216918945312e+01 0.000000000000000000e+00
-1.136258316040039062e+01 2.748607397079467773e+00 0.000000000000000000e+00
1.331407856196165085e-02 -1.668990135192871094e+01 0.000000000000000000e+00
7.137943267822265625e+00 5.418749809265136719e+00 0.000000000000000000e+00
-2.236650884151458740e-01 1.059215164184570312e+01 0.000000000000000000e+00
9.836011886596679688e+00 -1.716391921043395996e+00 0.000000000000000000e+00
-1.486429119110107422e+01 8.838419914245605469e+00 0.000000000000000000e+00
2.376050472259521484e+00 5.285714626312255859e+00 0.000000000000000000e+00
1.084896659851074219e+01 5.325470447540283203e+00 0.000000000000000000e+00
1.448008823394775391e+01 -7.815664410591125488e-01 0.000000000000000000e+00
-5.240078449249267578e+00 1.664386367797851562e+01 0.000000000000000000e+00
1.010497856140136719e+01 -9.755997657775878906e+00 0.000000000000000000e+00
2.925134658813476562e+00 -3.759162425994873047e+00 0.000000000000000000e+00
-3.357458591461181641e+00 -5.962856769561767578e+00 0.000000000000000000e+00
-2.794259786605834961e+00 5.578369617462158203e+00 0.000000000000000000e+00
4.610944271087646484e+00 -8.511667251586914062e+00 0.000000000000000000e+00
1.279274654388427734e+01 1.188086223602294922e+01 0.000000000000000000e+00
-1.047388267517089844e+01 5.984221935272216797e+00 0.000000000000000000e+00
-3.015820980072021484e-01 -1.504242420196533203e+01 0.000000000000000000e+00
-1.332680511474609375e+01 -2.506490707397460938e+00 0.000000000000000000e+00
-1.401590824127197266e+01 1.021036815643310547e+01 0.000000000000000000e+00
8.118603706359863281e+00 1.540073680877685547e+01 0.000000000000000000e+00
1.138682365417480469e+01 1.053551793098449707e+00 0.000000000000000000e+00
1.485910415649414062e+01 3.993703365325927734e+00 0.000000000000000000e+00
-2.379909992218017578e+00 -1.343221950531005859e+01 0.000000000000000000e+00
5.313011169433593750e+00 8.785541534423828125e+00 0.000000000000000000e+00
4.591086387634277344e+00 -1.376552391052246094e+01 0.000000000000000000e+00
-9.052183628082275391e-01 4.155392646789550781e+00 0.000000000000000000e+00
-4.113610744476318359e+00 1.282028293609619141e+01 0.000000000000000000e+00
-3.460911989212036133e+00 -4.274038791656494141e+00 0.000000000000000000e+00
-1.740878820419311523e+00 1.026540565490722656e+01 0.000000000000000000e+00
2.199897527694702148e+00 1.599474143981933594e+01 0.000000000000000000e+00
-1.342485785484313965e+00 1.201926040649414062e+01 0.000000000000000000e+00
1.051085758209228516e+01 -1.278071403503417969e+01 0.000000000000000000e+00
2.318450212478637695e+00 3.474034070968627930e+00 0.000000000000000000e+00
-3.901707172393798828e+00 -1.534109210968017578e+01 0.000000000000000000e+00
3.044826745986938477e+00 1.099663639068603516e+01 0.000000000000000000e+00
5.241990566253662109e+00 1.188959312438964844e+01 0.000000000000000000e+00
9.324079513549804688e+00 1.147066974639892578e+01 0.000000000000000000e+00
-1.033241558074951172e+01 -1.410631179809570312e+01 0.000000000000000000e+00
1.267467260360717773e+00 1.736977386474609375e+01 0.000000000000000000e+00
1.704071998596191406e+00 -1.680848312377929688e+01 0.000000000000000000e+00
-1.282930374145507812e+01 -1.187058353424072266e+01 0.000000000000000000e+00
1.226025581359863281e+01 -4.545610904693603516e+00 0.000000000000000000e+00
-9.880494117736816406e+00 -9.693452835083007812e+00 0.000000000000000000e+00
-1.352061557769775391e+01 3.747436761856079102e+00 0.000000000000000000e+00
1.866795897483825684e+00 7.308144569396972656e-01 0.000000000000000000e+00
