8.286212921142578125e+00 -2.725414037704467773e+00 0.000000000000000000e+00
-4.472632408142089844e+00 -1.358763027191162109e+01 0.000000000000000000e+00
1.098756194114685059e+00 -9.507287979125976562e+00 0.000000000000000000e+00
1.255514812469482422e+01 6.900458812713623047e+00 0.000000000000000000e+00
-5.190941333770751953e+00 1.044155788421630859e+01 0.000000000000000000e+00
1.252032470703125000e+01 2.580580234527587891e+00 0.000000000000000000e+00
-8.291259407997131348e-01 -5.728167533874511719e+00 0.000000000000000000e+00
7.477238655090332031e+00 -5.397490978240966797e+00 0.000000000000000000e+00
-7.930259227752685547e+00 -1.137484931945800781e+01 0.000000000000000000e+00
-3.063353598117828369e-01 -8.912945747375488281e+00 0.000000000000000000e+00
7.285892486572265625e+00 7.252039909362792969e+00 0.000000000000000000e+00
-2.104515790939331055e+00 -4.048701286315917969e+00 0.000000000000000000e+00
-8.757930755615234375e+00 7.653125762939453125e+00 0.000000000000000000e+00
1.400534057617187500e+01 1.553659439086914062e+00 0.000000000000000000e+00
-8.443025588989257812e+00 -6.800525188446044922e+00 0.000000000000000000e+00
1.164163017272949219e+01 -6.210149765014648438e+00 0.000000000000000000e+00
-6.818234920501708984e+00 -2.399295091629028320e+00 0.000000000000000000e+00
-1.488797760009765625e+01 5.550737857818603516e+00 0.000000000000000000e+00
5.819350242614746094e+00 7.815513610839843750e+00 0.000000000000000000e+00
2.698641538619995117e+00 -8.179954528808593750e+00 0.000000000000000000e+00
6.475446701049804688e+00 9.204298019409179688e+00 0.000000000000000000e+00
-3.560317277908325195e+00 -7.129631042480468750e-01 0.000000000000000000e+00
1.029047203063964844e+01 6.756996631622314453e+00 0.000000000000000000e+00
-2.912218093872070312e+00 -1.475788402557373047e+01 0.000000000000000000e+00
-1.041384792327880859e+01 3.735008716583251953e+00 0.000000000000000000e+00
8.554079055786132812e+00 4.178772449493408203e+00 0.000000000000000000e+00
-7.870075106620788574e-01 -8.795285820960998535e-01 0.000000000000000000e+00
6.037951946258544922e+00 -7.741993904113769531e+00 0.000000000000000000e+00
2.892380475997924805e+00 -1.513756084442138672e+01 0.000000000000000000e+00
-5.256003379821777344e+00 4.530951023101806641e+00 0.000000000000000000e+00
6.215565204620361328e+00 1.635383367538452148e+00 0.000000000000000000e+00
-1.936063051223754883e+00 9.919749259948730469e+00 0.000000000000000000e+00
-3.415540695190429688e+00 1.020251274108886719e+01 0.000000000000000000e+00
1.470451927185058594e+01 7.434109210968017578e+00 0.000000000000000000e+00
1.332106494903564453e+01 -7.388206005096435547e+00 0.000000000000000000e+00
-9.355120658874511719e+00 5.823068141937255859e+00 0.000000000000000000e+00
-7.105000972747802734e+00 7.417680621147155762e-01 0.000000000000000000e+00
-1.071825885772705078e+01 -5.159790515899658203e+00 0.000000000000000000e+00
-2.793131589889526367e+00 -1.093912124633789062e+01 0.000000000000000000e+00
-1.215009880065917969e+01 7.922293663024902344e+00 0.000000000000000000e+00
-3.973909616470336914e+00 -8.634941101074218750e+00 0.000000000000000000e+00
-1.312549686431884766e+01 6.614164710044860840e-01 0.000000000000000000e+00
1.684090423583984375e+01 1.153005003929138184e+00 0.000000000000000000e+00
3.202372789382934570e-01 2.677936553955078125e+00 0.000000000000000000e+00
-1.433043479919433594e+01 -7.215146422386169434e-01 0.000000000000000000e+00
5.093533039093017578e+00 -4.535914421081542969e+00 0.000000000000000000e+00
-1.230813884735107422e+01 2.915466785430908203e+00 0.000000000000000000e+00
1.307386684417724609e+01 -1.379926085472106934e+00 0.000000000000000000e+00
-1.213799762725830078e+01 -8.815161705017089844e+00 0.000000000000000000e+00
1.319764494895935059e+00 -4.424259185791015625e+00 0.000000000000000000e+00
1.005634212493896484e+01 -8.477483749389648438e+00 0.000000000000000000e+00
-9.580396652221679688e+00 -2.270514249801635742e+00 0.000000000000000000e+00
7.634819030761718750e+00 1.155026054382324219e+01 0.000000000000000000e+00
1.088519477844238281e+01 8.573357582092285156e+00 0.000000000000000000e+00
-2.100081920623779297e+00 1.667831230163574219e+01 0.000000000000000000e+00
1.166221618652343750e+01 -4.454977989196777344e+00 0.000000000000000000e+00
-1.005358505249023438e+01 -8.004000663757324219e+00 0.000000000000000000e+00
-1.046586799621582031e+01 8.422378540039062500e+00 0.000000000000000000e+00
1.316394805908203125e+01 -4.035388946533203125e+00 0.000000000000000000e+00
1.397090244293212891e+01 4.460988998413085938e+00 0.000000000000000000e+00
-6.787551879882812500e+00 -6.142587184906005859e+00 0.000000000000000000e+00
6.490444540977478027e-01 1.151459407806396484e+01 0.000000000000000000e+00
-1.025831699371337891e+01 -1.387195968627929688e+01 0.000000000000000000e+00
-1.381096720695495605e+00 4.322102546691894531e+00 0.000000000000000000e+00
-9.143235206604003906e+00 2.095697879791259766e+00 0.000000000000000000e+00
-8.448942303657531738e-01 -1.526313686370849609e+01 0.000000000000000000e+00
-1.571979427337646484e+01 4.003303527832031250e+00 0.000000000000000000e+00
4.663591682910919189e-01 -1.146793746948242188e+01 0.000000000000000000e+00
5.238800048828125000e+00 1.299180603027343750e+01 0.000000000000000000e+00
-6.362004280090332031e+00 6.036179542541503906e+00 0.000000000000000000e+00
-6.648978233337402344e+00 1.083053779602050781e+01 0.000000000000000000e+00
-2.038634300231933594e+00 1.443178462982177734e+01 0.000000000000000000e+00
-7.699529170989990234e+00 -4.462568283081054688e+00 0.000000000000000000e+00
4.288112163543701172e+00 1.568963050842285156e+01 0.000000000000000000e+00
-1.522398185729980469e+01 -4.135523319244384766e+00 0.000000000000000000e+00
-4.691184997558593750e+00 1.002531766891479492e+00 0.000000000000000000e+00
1.088284969329833984e+01 1.119647598266601562e+01 0.000000000000000000e+00
7.273777008056640625e+00 -1.006422424316406250e+01 0.000000000000000000e+00
9.847879409790039062e+00 -1.308573722839355469e+00 0.000000000000000000e+00
4.336982250213623047e+00 -1.333615589141845703e+01 0.000000000000000000e+00
-5.096806526184082031e+00 8.732168197631835938e+00 0.000000000000000000e+00
-7.564728260040283203e-01 1.545929527282714844e+01 0.000000000000000000e+00
6.854855537414550781e+00 1.506853866577148438e+01 0.000000000000000000e+00
-7.709034442901611328e+00 4.699678897857666016e+00 0.000000000000000000e+00
1.622558593750000000e+01 4.228249073028564453e+00 0.000000000000000000e+00
7.393969058990478516e+00 -8.484922647476196289e-01 0.000000000000000000e+00
-8.324868202209472656e+00 -5.816580057144165039e-01 0.000000000000000000e+00
8.795715570449829102e-01 -7.619978427886962891e+00 0.000000000000000000e+00
-9.560139656066894531e+00 1.061222553253173828e+01 0.000000000000000000e+00
-2.140462875366210938e+00 -1.631961059570312500e+01 0.000000000000000000e+00
-7.478374481201171875e+00 -9.590525627136230469e+00 0.000000000000000000e+00
8.220719099044799805e-01 5.343977451324462891e+00 0.000000000000000000e+00
1.265044689178466797e+01 1.199209499359130859e+01 0.000000000000000000e+00
9.048954963684082031e+00 1.746609687805175781e+00 0.000000000000000000e+00
6.356247901916503906e+00 -1.357528972625732422e+01 0.000000000000000000e+00
-1.068922901153564453e+01 -9.451478004455566406e+00 0.000000000000000000e+00
9.096778869628906250e+00 9.474609375000000000e+00 0.000000000000000000e+00
3.939703702926635742e+00 -1.371104955673217773e+00 0.000000000000000000e+00
1.883421242237091064e-01 8.557566642761230469e+00 0.000000000000000000e+00
-9.715902328491210938e+00 -1.187622833251953125e+01 0.000000000000000000e+00
-3.333530426025390625e+00 5.865851402282714844e+00 0.000000000000000000e+00
1.670449829101562500e+01 -5.301191210746765137e-01 0.000000000000000000e+00
1.428401851654052734e+01 -6.117232799530029297e+00 0.000000000000000000e+00
-1.608729553222656250e+01 2.779959738254547119e-01 0.000000000000000000e+00
-4.545940876007080078e+00 1.282258987426757812e+01 0.000000000000000000e+00
1.040936350822448730e+00 1.438480758666992188e+01 0.000000000000000000e+00
-9.114865303039550781e+00 1.467722702026367188e+01 0.000000000000000000e+00
5.469306945800781250e+00 -1.211932659149169922e+01 0.000000000000000000e+00
-9.543260931968688965e-01 -1.322579860687255859e+01 0.000000000000000000e+00
-6.054314613342285156e+00 -8.909013748168945312e+00 0.000000000000000000e+00
1.480784320831298828e+01 -3.775588750839233398e+00 0.000000000000000000e+00
-1.469458866119384766e+01 2.487581491470336914e+00 0.000000000000000000e+00
-5.351902484893798828e+00 -4.100291728973388672e+00 0.000000000000000000e+00
-4.311594009399414062e+00 -6.188826560974121094e+00 0.000000000000000000e+00
8.801551818847656250e+00 -4.421098232269287109e+00 0.000000000000000000e+00
1.184282588958740234e+01 4.869471073150634766e+00 0.000000000000000000e+00
-1.828591346740722656e+00 6.932148456573486328e+00 0.000000000000000000e+00
-1.243846130371093750e+01 -1.679129004478454590e+00 0.000000000000000000e+00
1.976264834403991699e+00 8.526453971862792969e+00 0.000000000000000000e+00
4.047732353210449219e+00 6.646651268005371094e+00 0.000000000000000000e+00
2.975517988204956055e+00 -6.632275104522705078e+00 0.000000000000000000e+00
-2.332019805908203125e-02 1.684689331054687500e+01 0.000000000000000000e+00
-8.992079496383666992e-01 1.245501136779785156e+01 0.000000000000000000e+00
-6.892095565795898438e+00 -1.438237667083740234e+01 0.000000000000000000e+00
6.818836212158203125e+00 4.794999122619628906e+00 0.000000000000000000e+00
2.505649805068969727e+00 1.268669962882995605e+00 0.000000000000000000e+00
-8.336404800415039062e+00 1.241909313201904297e+01 0.000000000000000000e+00
6.988102436065673828e+00 3.140947580337524414e+00 0.000000000000000000e+00
2.960767984390258789e+00 -1.270189380645751953e+01 0.000000000000000000e+00
-8.160743713378906250e+00 -1.352870082855224609e+01 0.000000000000000000e+00
1.504525470733642578e+01 3.332119882106781006e-01 0.000000000000000000e+00
-9.150937080383300781e+00 -9.737475395202636719e+00 0.000000000000000000e+00
-1.585083675384521484e+01 -2.475264310836791992e+00 0.000000000000000000e+00
1.109672355651855469e+01 -3.742554411292076111e-02 0.000000000000000000e+00
9.417698860168457031e+00 1.166093826293945312e+01 0.000000000000000000e+00
9.156626701354980469e+00 1.347346782684326172e+01 0.000000000000000000e+00
-5.583337783813476562e+00 1.419108200073242188e+01 0.000000000000000000e+00
-1.349233341217041016e+01 1.060565376281738281e+01 0.000000000000000000e+00
1.207673668861389160e+00 -1.510397720336914062e+01 0.000000000000000000e+00
-1.320446300506591797e+01 6.142363548278808594e+00 0.000000000000000000e+00
8.353201866149902344e+00 -8.171343803405761719e+00 0.000000000000000000e+00
-5.441842555999755859e+00 -1.134099841117858887e+00 0.000000000000000000e+00
-1.317562103271484375e+01 -7.644232749938964844e+00 0.000000000000000000e+00
3.825833082199096680e+00 3.910335063934326172e+00 0.000000000000000000e+00
-2.472281306982040405e-01 -2.469978332519531250e+00 0.000000000000000000e+00
1.034071731567382812e+01 4.961983203887939453e+00 0.000000000000000000e+00
-1.351482510566711426e+00 2.720031499862670898e+00 0.000000000000000000e+00
1.504004669189453125e+01 -7.733432292938232422e+00 0.000000000000000000e+00
2.100797891616821289e+00 1.606469726562500000e+01 0.000000000000000000e+00
4.721962928771972656e+00 -1.521750354766845703e+01 0.000000000000000000e+00
-1.147593307495117188e+01 1.032936096191406250e+01 0.000000000000000000e+00
8.401709556579589844e+00 6.082141399383544922e+00 0.000000000000000000e+00
-5.229499340057373047e+00 -1.131069278717041016e+01 0.000000000000000000e+00
1.630508804321289062e+01 -4.691295146942138672e+00 0.000000000000000000e+00
-1.466149330139160156e+01 -9.079827308654785156e+00 0.000000000000000000e+00
9.404083251953125000e+00 -1.109094905853271484e+01 0.000000000000000000e+00
-1.295629882812500000e+01 -1.147852420806884766e+01 0.000000000000000000e+00
-7.235824584960937500e+00 2.970355033874511719e+00 0.000000000000000000e+00
2.925408363342285156e+00 -1.069794368743896484e+01 0.000000000000000000e+00
5.270741462707519531e+00 -2.268000125885009766e+00 0.000000000000000000e+00
1.078975558280944824e+00 -1.343555736541748047e+01 0.000000000000000000e+00
4.544284820556640625e+00 1.069300889968872070e+00 0.000000000000000000e+00
2.431069135665893555e+00 1.330218219757080078e+01 0.000000000000000000e+00
5.441875934600830078e+00 2.935568332672119141e+00 0.000000000000000000e+00
-4.075173854827880859e+00 2.802837371826171875e+00 0.000000000000000000e+00
-4.280429363250732422e+00 1.624681854248046875e+01 0.000000000000000000e+00
1.124719047546386719e+01 -2.898430824279785156e+00 0.000000000000000000e+00
8.289216995239257812e+00 -1.324823951721191406e+01 0.000000000000000000e+00
-5.392880916595458984e+00 -1.526050376892089844e+01 0.000000000000000000e+00
8.170047760009765625e+00 -1.507403755187988281e+01 0.000000000000000000e+00
-1.540217113494873047e+01 -5.627369403839111328e+00 0.000000000000000000e+00
-2.657522916793823242e+00 -6.906413078308105469e+00 0.000000000000000000e+00
-3.056312799453735352e+00 -5.264436244964599609e+00 0.000000000000000000e+00
-1.161366271972656250e+01 1.183674144744873047e+01 0.000000000000000000e+00
1.723919105529785156e+01 -2.692419767379760742e+00 0.000000000000000000e+00
-2.936848402023315430e+00 -2.181339979171752930e+00 0.000000000000000000e+00
2.295624256134033203e+00 1.156141853332519531e+01 0.000000000000000000e+00
1.311785602569580078e+01 -9.034115791320800781e+00 0.000000000000000000e+00
9.847759246826171875e+00 -6.960021972656250000e+00 0.000000000000000000e+00
3.673747301101684570e+00 9.047547340393066406e+00 0.000000000000000000e+00
-1.280922031402587891e+01 4.499164581298828125e+00 0.000000000000000000e+00
-1.671172142028808594e+01 -4.575977325439453125e+00 0.000000000000000000e+00
-4.532048225402832031e+00 -2.494922876358032227e+00 0.000000000000000000e+00
2.597652435302734375e+00 5.165071010589599609e+00 0.000000000000000000e+00
-6.174434185028076172e+00 1.595749282836914062e+01 0.000000000000000000e+00
5.316510200500488281e+00 1.103963470458984375e+01 0.000000000000000000e+00
1.290803050994873047e+01 9.873700141906738281e+00 0.000000000000000000e+00
4.774435520172119141e+00 5.333436489105224609e+00 0.000000000000000000e+00
-1.258493423461914062e+01 -6.038940906524658203e+00 0.000000000000000000e+00
1.297436904907226562e+01 -1.094581985473632812e+01 0.000000000000000000e+00
-1.717099952697753906e+01 1.605513095855712891e+00 0.000000000000000000e+00
3.063723087310791016e+00 -3.824941396713256836e+00 0.000000000000000000e+00
-1.476572227478027344e+01 9.024525642395019531e+00 0.000000000000000000e+00
-2.882905006408691406e+00 7.221196293830871582e-01 0.000000000000000000e+00
-9.049652218818664551e-01 8.240761160850524902e-01 0.000000000000000000e+00
-1.115559959411621094e+01 5.442100524902343750e+00 0.000000000000000000e+00
-1.486707401275634766e+01 -7.262595653533935547e+00 0.000000000000000000e+00
-9.937696456909179688e+00 1.304351997375488281e+01 0.000000000000000000e+00
3.277405977249145508e+00 -1.682916641235351562e+01 0.000000000000000000e+00
1.093483352661132812e+01 -9.814564704895019531e+00 0.000000000000000000e+00
1.445203208923339844e+01 9.213747024536132812e+00 0.000000000000000000e+00
-4.986466407775878906e+00 6.910944938659667969e+00 0.000000000000000000e+00
1.413114786148071289e+00 3.799185276031494141e+00 0.000000000000000000e+00
4.526288032531738281e+00 -7.329842567443847656e+00 0.000000000000000000e+00
2.498845815658569336e+00 -3.337109088897705078e-01 0.000000000000000000e+00
8.515335321426391602e-01 -1.739102363586425781e+01 0.000000000000000000e+00
6.202210426330566406e+00 -1.609973907470703125e+01 0.000000000000000000e+00
1.064645767211914062e+01 -1.196184730529785156e+01 0.000000000000000000e+00
-3.793562173843383789e+00 -1.669012451171875000e+01 0.000000000000000000e+00
1.515984725952148438e+01 5.443034648895263672e+00 0.000000000000000000e+00
-7.267020225524902344e+00 1.452502155303955078e+01 0.000000000000000000e+00
7.320261955261230469e+00 -1.200880050659179688e+01 0.000000000000000000e+00
-2.548645496368408203e+00 8.408669471740722656e+00 0.000000000000000000e+00
-6.498307704925537109e+00 8.187314987182617188e+00 0.000000000000000000e+00
-2.754997014999389648e+00 1.161063480377197266e+01 0.000000000000000000e+00
4.812098979949951172e+00 -1.675122642517089844e+01 0.000000000000000000e+00
6.388669013977050781e-01 6.953714847564697266e+00 0.000000000000000000e+00
1.347699356079101562e+01 8.289930969476699829e-02 0.000000000000000000e+00
1.668094515800476074e+00 -2.869884014129638672e+00 0.000000000000000000e+00
-1.174360752105712891e+00 -7.523965835571289062e+00 0.000000000000000000e+00
7.311488628387451172e+00 1.343819046020507812e+01 0.000000000000000000e+00
-1.081473159790039062e+01 7.644692659378051758e-01 0.000000000000000000e+00
-1.326317787170410156e+01 -4.152962207794189453e+00 0.000000000000000000e+00
8.783132553100585938e+00 7.966944694519042969e+00 0.000000000000000000e+00
1.235851526260375977e+00 -1.243726253509521484e+00 0.000000000000000000e+00
7.844760417938232422e+00 7.095552682876586914e-01 0.000000000000000000e+00
-1.117910385131835938e+01 -3.039910554885864258e+00 0.000000000000000000e+00
-1.141302204132080078e+01 -1.114495849609375000e+01 0.000000000000000000e+00
-6.218073368072509766e+00 -1.254174613952636719e+01 0.000000000000000000e+00
-1.708880233764648438e+01 3.192761659622192383e+00 0.000000000000000000e+00
-2.662064790725708008e+00 -1.269916820526123047e+01 0.000000000000000000e+00
-1.128840327262878418e+00 -1.129096031188964844e+01 0.000000000000000000e+00
1.103550529479980469e+01 1.321951293945312500e+01 0.000000000000000000e+00
-2.087767362594604492e+00 -9.365606307983398438e+00 0.000000000000000000e+00
-1.180741596221923828e+01 -1.263221549987792969e+01 0.000000000000000000e+00
1.464399147033691406e+01 -2.184395790100097656e+00 0.000000000000000000e+00
-1.418951702117919922e+01 7.507634162902832031e+00 0.000000000000000000e+00
5.983458995819091797e+00 1.631640052795410156e+01 0.000000000000000000e+00
1.098246765136718750e+01 1.873469352722167969e+00 0.000000000000000000e+00
6.687637805938720703e+00 -3.877404689788818359e+00 0.000000000000000000e+00
1.184338665008544922e+01 -8.031100273132324219e+00 0.000000000000000000e+00
-9.191706657409667969e+00 -4.038655281066894531e+00 0.000000000000000000e+00
5.497025489807128906e+00 -9.590199470520019531e+00 0.000000000000000000e+00
-5.224434852600097656e+00 -7.480438232421875000e+00 0.000000000000000000e+00
-7.230455875396728516e+00 -7.741641044616699219e+00 0.000000000000000000e+00
9.900740623474121094e+00 -1.430130672454833984e+01 0.000000000000000000e+00
-6.574352264404296875e+00 1.279671955108642578e+01 0.000000000000000000e+00
7.302436828613281250e-01 -5.931813240051269531e+00 0.000000000000000000e+00
1.460575008392333984e+01 -9.553791999816894531e+00 0.000000000000000000e+00
1.224780750274658203e+01 -1.248126316070556641e+01 0.000000000000000000e+00
-6.758399009704589844e+00 -1.596018314361572266e+01 0.000000000000000000e+00
1.594309902191162109e+01 2.423697710037231445e+00 0.000000000000000000e+00
-8.165468215942382812e+00 9.814087867736816406e+00 0.000000000000000000e+00
-4.283534049987792969e+00 -1.012368297576904297e+01 0.000000000000000000e+00
-1.411134815216064453e+01 -2.875933885574340820e+00 0.000000000000000000e+00
9.795869827270507812e+00 3.113684892654418945e+00 0.000000000000000000e+00
