8.436004638671875000e+00 -5.239167213439941406e+00 0.000000000000000000e+00
-3.168790340423583984e+00 -1.136494255065917969e+01 0.000000000000000000e+00
-5.243499755859375000e+00 -1.729967236518859863e+00 0.000000000000000000e+00
1.362076950073242188e+01 9.991024971008300781e+00 0.000000000000000000e+00
6.326442241668701172e+00 3.908676624298095703e+00 0.000000000000000000e+00
8.072772026062011719e+00 1.164686107635498047e+01 0.000000000000000000e+00
-5.757904529571533203e+00 1.202325916290283203e+01 0.000000000000000000e+00
3.150794208049774170e-01 1.251333904266357422e+01 0.000000000000000000e+00
-4.763508319854736328e+00 -1.151109409332275391e+01 0.000000000000000000e+00
-1.735751724243164062e+01 1.834045499563217163e-01 0.000000000000000000e+00
-1.569876480102539062e+01 -6.345955371856689453e+00 0.000000000000000000e+00
1.229933834075927734e+01 1.674569725990295410e+00 0.000000000000000000e+00
-9.945148468017578125e+00 3.573393344879150391e+00 0.000000000000000000e+00
1.270522356033325195e+00 -1.025885486602783203e+01 0.000000000000000000e+00
-1.205153465270996094e+01 -1.016804122924804688e+01 0.000000000000000000e+00
-5.708574771881103516e+00 1.004998683929443359e+01 0.000000000000000000e+00
1.607258987426757812e+01 4.663195610046386719e+00 0.000000000000000000e+00
5.201356887817382812e+00 -1.303637504577636719e+01 0.000000000000000000e+00
-4.615205764770507812e+00 1.633472442626953125e+01 0.000000000000000000e+00
-1.083064079284667969e+01 4.967173576354980469e+00 0.000000000000000000e+00
-2.082247734069824219e+00 1.478193163871765137e+00 0.000000000000000000e+00
-6.622740745544433594e+00 -1.153822231292724609e+01 0.000000000000000000e+00
-9.956532120704650879e-01 -3.488022565841674805e+00 0.000000000000000000e+00
9.944412231445312500e+00 -6.423816680908203125e+00 0.000000000000000000e+00
-2.749902248382568359e+00 -7.337345480918884277e-01 0.000000000000000000e+00
-2.105701684951782227e+00 7.708389759063720703e+00 0.000000000000000000e+00
-8.372775077819824219e+00 -1.356102943420410156e+00 0.000000000000000000e+00
2.361496448516845703e+00 -7.177177667617797852e-01 0.000000000000000000e+00
5.313726902008056641e+00 -1.090523815155029297e+01 0.000000000000000000e+00
-3.784904956817626953e+00 1.132204341888427734e+01 0.000000000000000000e+00
-1.530313873291015625e+01 4.003986835479736328e+00 0.000000000000000000e+00
-6.483466148376464844e+00 2.632839679718017578e+00 0.000000000000000000e+00
9.373690605163574219e+00 6.731256961822509766e+00 0.000000000000000000e+00
4.488435268402099609e+00 1.652986717224121094e+01 0.000000000000000000e+00
6.404630184173583984e+00 -2.385645389556884766e+00 0.000000000000000000e+00
1.082709026336669922e+01 -8.752548217773437500e+00 0.000000000000000000e+00
1.634735488891601562e+01 1.392727732658386230e+00 0.000000000000000000e+00
4.696927547454833984e+00 8.108979225158691406e+00 0.000000000000000000e+00
9.574659347534179688e+00 -9.805856704711914062e+00 0.000000000000000000e+00
-7.506426334381103516e+00 6.555895328521728516e+00 0.000000000000000000e+00
-9.461879730224609375e+00 -1.134754753112792969e+01 0.000000000000000000e+00
-4.409978866577148438e+00 -5.386183261871337891e+00 0.000000000000000000e+00
-7.186070919036865234e+00 -1.322930431365966797e+01 0.000000000000000000e+00
4.417729854583740234e+00 -4.327250003814697266e+00 0.000000000000000000e+00
-5.626740455627441406e-01 3.553453445434570312e+00 0.000000000000000000e+00
2.524432420730590820e+00 -4.090462684631347656e+00 0.000000000000000000e+00
1.875799655914306641e+00 -1.292008018493652344e+01 0.000000000000000000e+00
5.784369468688964844e+00 -7.359571933746337891e+00 0.000000000000000000e+00
-9.516809463500976562e+00 1.225364589691162109e+01 0.000000000000000000e+00
-1.261743164062500000e+01 -8.679917335510253906e+00 0.000000000000000000e+00
-4.840200901031494141e+00 4.709455013275146484e+00 0.000000000000000000e+00
-1.303998279571533203e+01 7.068694114685058594e+00 0.000000000000000000e+00
-9.243244171142578125e+00 -7.803595542907714844e+00 0.000000000000000000e+00
-1.066244602203369141e+01 -2.018627166748046875e+00 0.000000000000000000e+00
1.059359073638916016e+01 1.225942516326904297e+01 0.000000000000000000e+00
3.868716478347778320e+00 1.667302966117858887e+00 0.000000000000000000e+00
-8.226420402526855469e+00 3.971611499786376953e+00 0.000000000000000000e+00
-1.207494354248046875e+01 8.910737991333007812e+00 0.000000000000000000e+00
-4.339118957519531250e+00 3.026177406311035156e+00 0.000000000000000000e+00
-9.621796607971191406e+00 1.280990362167358398e+00 0.000000000000000000e+00
-1.206861591339111328e+01 1.605602741241455078e+00 0.000000000000000000e+00
5.738215923309326172e+00 1.262132453918457031e+01 0.000000000000000000e+00
6.188359260559082031e+00 1.653904199600219727e+00 0.000000000000000000e+00
-9.455157518386840820e-01 -1.419109463691711426e+00 0.000000000000000000e+00
1.008233451843261719e+01 1.814506530761718750e+00 0.000000000000000000e+00
-9.819349646568298340e-01 -1.746782684326171875e+01 0.000000000000000000e+00
1.075215530395507812e+01 -6.415334939956665039e-01 0.000000000000000000e+00
4.163865089416503906e+00 -7.912679195404052734e+00 0.000000000000000000e+00
7.477755069732666016e+00 8.452219963073730469e+00 0.000000000000000000e+00
-7.766657352447509766e+00 1.484592247009277344e+01 0.000000000000000000e+00
4.929114580154418945e-01 -1.708118820190429688e+01 0.000000000000000000e+00
6.345046520233154297e+00 7.310102462768554688e+00 0.000000000000000000e+00
1.109051227569580078e+01 -1.024824047088623047e+01 0.000000000000000000e+00
1.060250568389892578e+01 -2.389741897583007812e+00 0.000000000000000000e+00
1.446582412719726562e+01 -1.161753773689270020e+00 0.000000000000000000e+00
-9.230991363525390625e+00 -9.598432540893554688e+00 0.000000000000000000e+00
1.518153667449951172e+00 1.459075927734375000e+00 0.000000000000000000e+00
1.607008743286132812e+01 -3.873067200183868408e-01 0.000000000000000000e+00
-2.246743679046630859e+00 -8.129700660705566406e+00 0.000000000000000000e+00
1.041983222961425781e+01 7.811768054962158203e+00 0.000000000000000000e+00
-1.623977088928222656e+01 -3.117181539535522461e+00 0.000000000000000000e+00
-6.740814685821533203e+00 -7.466163039207458496e-01 0.000000000000000000e+00
-8.364301681518554688e+00 1.101413536071777344e+01 0.000000000000000000e+00
1.382409381866455078e+01 -3.448548793792724609e+00 0.000000000000000000e+00
7.212643146514892578e+00 1.307314968109130859e+01 0.000000000000000000e+00
-9.331872463226318359e-01 -1.040186595916748047e+01 0.000000000000000000e+00
-6.619852066040039062e+00 -9.710830688476562500e+00 0.000000000000000000e+00
1.090787315368652344e+01 -4.267750263214111328e+00 0.000000000000000000e+00
1.538689136505126953e+00 -6.957089424133300781e+00 0.000000000000000000e+00
-8.608720779418945312e+00 1.357109832763671875e+01 0.000000000000000000e+00
3.201050043106079102e+00 4.203323841094970703e+00 0.000000000000000000e+00
1.295873165130615234e+01 7.604211807250976562e+00 0.000000000000000000e+00
-1.511824703216552734e+01 5.602871179580688477e-01 0.000000000000000000e+00
1.464193725585937500e+01 6.189130306243896484e+00 0.000000000000000000e+00
8.871000289916992188e+00 1.436967563629150391e+01 0.000000000000000000e+00
3.159115314483642578e+00 -1.608559036254882812e+01 0.000000000000000000e+00
5.950147628784179688e+00 9.044697761535644531e+00 0.000000000000000000e+00
1.306304550170898438e+01 -8.694908142089843750e+00 0.000000000000000000e+00
-1.211598777770996094e+01 1.087358093261718750e+01 0.000000000000000000e+00
6.852495193481445312e+00 1.585492134094238281e+01 0.000000000000000000e+00
1.640797042846679688e+01 -3.016993522644042969e+00 0.000000000000000000e+00
1.549806499481201172e+01 -5.978508949279785156e+00 0.000000000000000000e+00
-4.243190288543701172e+00 -8.285260200500488281e+00 0.000000000000000000e+00
9.179046630859375000e+00 9.130705833435058594e+00 0.000000000000000000e+00
3.768819332122802734e+00 -1.452117633819580078e+01 0.000000000000000000e+00
-7.128108501434326172e+00 -8.112959861755371094e+00 0.000000000000000000e+00
8.384721755981445312e+00 -2.025800466537475586e+00 0.000000000000000000e+00
6.059205532073974609e-01 8.762474060058593750e+00 0.000000000000000000e+00
-9.824590384960174561e-02 6.555400848388671875e+00 0.000000000000000000e+00
6.064119338989257812e+00 -5.232486724853515625e+00 0.000000000000000000e+00
-1.145856499671936035e+00 4.956662654876708984e+00 0.000000000000000000e+00
-1.230691719055175781e+01 3.135332345962524414e+00 0.000000000000000000e+00
-9.979758262634277344e+00 -1.428330802917480469e+01 0.000000000000000000e+00
5.409229755401611328e+00 1.472516155242919922e+01 0.000000000000000000e+00
-7.478825092315673828e+00 1.056091547012329102e+00 0.000000000000000000e+00
-2.664958834648132324e-01 1.600118446350097656e+01 0.000000000000000000e+00
-6.270318757742643356e-03 -8.082617759704589844e+00 0.000000000000000000e+00
-1.409532737731933594e+01 -3.019484519958496094e+00 0.000000000000000000e+00
1.016657948493957520e+00 -3.785790205001831055e+00 0.000000000000000000e+00
-1.146974945068359375e+01 -6.010494381189346313e-02 0.000000000000000000e+00
1.975847959518432617e+00 7.706828117370605469e+00 0.000000000000000000e+00
-6.103032588958740234e+00 1.550791168212890625e+01 0.000000000000000000e+00
8.623288154602050781e+00 4.815936565399169922e+00 0.000000000000000000e+00
5.185374736785888672e+00 -1.640670967102050781e+01 0.000000000000000000e+00
-1.311538505554199219e+01 -6.059994697570800781e+00 0.000000000000000000e+00
8.479232788085937500e+00 1.910671710968017578e+00 0.000000000000000000e+00
-1.504041576385498047e+01 6.551486492156982422e+00 0.000000000000000000e+00
-1.103333091735839844e+01 -1.279932022094726562e+01 0.000000000000000000e+00
6.630666732788085938e+00 1.039365577697753906e+01 0.000000000000000000e+00
1.180982780456542969e+01 4.037246704101562500e+00 0.000000000000000000e+00
3.032258033752441406e+00 -6.657670974731445312e+00 0.000000000000000000e+00
-1.495147943496704102e+00 1.291778087615966797e+01 0.000000000000000000e+00
-1.142833614349365234e+01 -4.217296600341796875e+00 0.000000000000000000e+00
-1.321094322204589844e+01 -4.277698516845703125e+00 0.000000000000000000e+00
-2.803938865661621094e+00 4.689908027648925781e+00 0.000000000000000000e+00
1.339672374725341797e+01 4.639037251472473145e-01 0.000000000000000000e+00
4.317367672920227051e-01 -5.720238208770751953e+00 0.000000000000000000e+00
-1.089472103118896484e+01 -8.027548789978027344e+00 0.000000000000000000e+00
9.840152740478515625e+00 3.890583753585815430e+00 0.000000000000000000e+00
3.627307415008544922e+00 1.084813976287841797e+01 0.000000000000000000e+00
-1.406140565872192383e+00 1.038798427581787109e+01 0.000000000000000000e+00
-1.543956160545349121e+00 -5.059055805206298828e+00 0.000000000000000000e+00
1.458211612701416016e+01 -8.266104698181152344e+00 0.000000000000000000e+00
-3.114884614944458008e+00 -2.255183458328247070e+00 0.000000000000000000e+00
1.475204944610595703e+01 3.716536045074462891e+00 0.000000000000000000e+00
-2.168875217437744141e+00 -1.452894687652587891e+01 0.000000000000000000e+00
-2.430277585983276367e+00 -1.662078666687011719e+01 0.000000000000000000e+00
9.799550056457519531e+00 -1.361545085906982422e+01 0.000000000000000000e+00
2.795841693878173828e+00 -1.101143932342529297e+01 0.000000000000000000e+00
-1.543828010559082031e+01 -4.701742172241210938e+00 0.000000000000000000e+00
-9.640756607055664062e+00 -5.084226608276367188e+00 0.000000000000000000e+00
1.689847826957702637e+00 1.076075172424316406e+01 0.000000000000000000e+00
7.258676528930664062e+00 -1.171802997589111328e+01 0.000000000000000000e+00
1.178057193756103516e+01 -1.252950954437255859e+01 0.000000000000000000e+00
-1.412400531768798828e+01 -1.014371395111083984e+01 0.000000000000000000e+00
-1.387932109832763672e+01 1.913049340248107910e+00 0.000000000000000000e+00
-6.292058944702148438e+00 4.121067047119140625e+00 0.000000000000000000e+00
-1.687506294250488281e+01 1.982033252716064453e+00 0.000000000000000000e+00
-4.470628261566162109e+00 7.156564712524414062e+00 0.000000000000000000e+00
5.190019130706787109e+00 -3.400812149047851562e-01 0.000000000000000000e+00
-1.316967868804931641e+01 2.331243306398391724e-01 0.000000000000000000e+00
-4.219595909118652344e+00 -1.451809597015380859e+01 0.000000000000000000e+00
5.429436206817626953e+00 -1.484044933319091797e+01 0.000000000000000000e+00
-9.411334991455078125e+00 7.725735187530517578e+00 0.000000000000000000e+00
1.796255588531494141e+00 -1.502142143249511719e+01 0.000000000000000000e+00
1.197179889678955078e+01 1.031651687622070312e+01 0.000000000000000000e+00
-1.453735679388046265e-01 -1.437073612213134766e+01 0.000000000000000000e+00
6.027866840362548828e+00 -9.314507484436035156e+00 0.000000000000000000e+00
-3.576088666915893555e+00 1.303174304962158203e+01 0.000000000000000000e+00
-9.226463317871093750e+00 -1.298519897460937500e+01 0.000000000000000000e+00
8.965728759765625000e+00 -8.050756454467773438e+00 0.000000000000000000e+00
-1.078423690795898438e+01 1.377961349487304688e+01 0.000000000000000000e+00
-5.996483802795410156e+00 -4.842424392700195312e+00 0.000000000000000000e+00
-2.606055885553359985e-02 1.441865444183349609e+00 0.000000000000000000e+00
4.889188766479492188e+00 -2.034507751464843750e+00 0.000000000000000000e+00
3.124367952346801758e+00 6.090167045593261719e+00 0.000000000000000000e+00
-8.592598915100097656e+00 -3.271975517272949219e+00 0.000000000000000000e+00
3.229442834854125977e+00 1.552541542053222656e+01 0.000000000000000000e+00
-6.349985599517822266e+00 -3.299552202224731445e+00 0.000000000000000000e+00
8.844327926635742188e+00 -3.532609939575195312e+00 0.000000000000000000e+00
1.527077198028564453e+00 1.407369709014892578e+01 0.000000000000000000e+00
-6.865580558776855469e+00 -1.526044559478759766e+01 0.000000000000000000e+00
-3.086242914199829102e+00 -6.292607307434082031e+00 0.000000000000000000e+00
1.521952724456787109e+01 7.745951175689697266e+00 0.000000000000000000e+00
-1.362250232696533203e+01 4.308921337127685547e+00 0.000000000000000000e+00
-5.648531913757324219e+00 -7.146522521972656250e+00 0.000000000000000000e+00
-1.101027297973632812e+01 7.413952827453613281e+00 0.000000000000000000e+00
-1.240445423126220703e+01 5.440263748168945312e+00 0.000000000000000000e+00
1.368332958221435547e+01 -5.267288684844970703e+00 0.000000000000000000e+00
-6.961989402770996094e+00 -6.016911983489990234e+00 0.000000000000000000e+00
-1.124582767486572266e+01 1.233690834045410156e+01 0.000000000000000000e+00
3.981156349182128906e+00 1.282317733764648438e+01 0.000000000000000000e+00
-3.499614715576171875e+00 -3.711193561553955078e+00 0.000000000000000000e+00
-1.433499813079833984e+01 -1.064208865165710449e+00 0.000000000000000000e+00
7.843224525451660156e+00 -9.183924674987792969e+00 0.000000000000000000e+00
1.471741390228271484e+01 1.242134690284729004e+00 0.000000000000000000e+00
1.209080410003662109e+01 -6.442410469055175781e+00 0.000000000000000000e+00
2.931166172027587891e+00 -2.413302898406982422e+00 0.000000000000000000e+00
7.281788825988769531e+00 -1.349470615386962891e+01 0.000000000000000000e+00
-1.186868429183959961e+00 -1.201899337768554688e+01 0.000000000000000000e+00
-1.478807640075683594e+01 -7.881369590759277344e+00 0.000000000000000000e+00
3.901219367980957031e+00 -1.215819549560546875e+01 0.000000000000000000e+00
-4.435933113098144531e+00 1.442827987670898438e+01 0.000000000000000000e+00
1.023587584495544434e+00 5.335657119750976562e+00 0.000000000000000000e+00
-1.425102710723876953e+01 8.697166442871093750e+00 0.000000000000000000e+00
1.237905025482177734e+01 6.147614955902099609e+00 0.000000000000000000e+00
-3.986664772033691406e+00 9.677624702453613281e+00 0.000000000000000000e+00
-1.613200569152832031e+01 -9.564045667648315430e-01 0.000000000000000000e+00
-4.052879333496093750e+00 -1.650995635986328125e+01 0.000000000000000000e+00
8.750025749206542969e+00 -3.667100667953491211e-01 0.000000000000000000e+00
-2.232472419738769531e+00 1.581321525573730469e+01 0.000000000000000000e+00
1.248470497131347656e+01 1.217749786376953125e+01 0.000000000000000000e+00
1.422180461883544922e+01 -9.897666931152343750e+00 0.000000000000000000e+00
-7.562016487121582031e+00 8.601488113403320312e+00 0.000000000000000000e+00
-1.017737197875976562e+01 9.093107223510742188e+00 0.000000000000000000e+00
2.254215002059936523e+00 1.223474693298339844e+01 0.000000000000000000e+00
5.372771263122558594e+00 5.980298995971679688e+00 0.000000000000000000e+00
-8.022995948791503906e+00 -4.855931282043457031e+00 0.000000000000000000e+00
-5.185473918914794922e+00 8.478147506713867188e+00 0.000000000000000000e+00
-5.477545261383056641e-01 -1.582469177246093750e+01 0.000000000000000000e+00
-6.726863861083984375e+00 1.323264122009277344e+01 0.000000000000000000e+00
3.170446157455444336e+00 -9.455048561096191406e+00 0.000000000000000000e+00
-4.302223205566406250e+00 -1.301115894317626953e+01 0.000000000000000000e+00
-1.128394031524658203e+01 -5.777225971221923828e+00 0.000000000000000000e+00
7.825239181518554688e+00 6.289336681365966797e+00 0.000000000000000000e+00
1.079261875152587891e+01 5.976607799530029297e+00 0.000000000000000000e+00
2.736616134643554688e+00 9.593760490417480469e+00 0.000000000000000000e+00
-1.202388763427734375e+00 -6.876642227172851562e+00 0.000000000000000000e+00
-5.717247486114501953e+00 6.284158706665039062e+00 0.000000000000000000e+00
1.021491050720214844e+01 -1.147152519226074219e+01 0.000000000000000000e+00
8.378992080688476562e+00 -1.482861518859863281e+01 0.000000000000000000e+00
1.061511993408203125e+01 9.592605590820312500e+00 0.000000000000000000e+00
-1.287369441986083984e+01 -1.175872230529785156e+01 0.000000000000000000e+00
1.200013160705566406e+00 1.633718299865722656e+01 0.000000000000000000e+00
-5.394163608551025391e+00 5.697866678237915039e-01 0.000000000000000000e+00
-1.292539787292480469e+01 -1.995219111442565918e+00 0.000000000000000000e+00
-2.456129789352416992e+00 9.307245254516601562e+00 0.000000000000000000e+00
1.267841815948486328e+01 -1.572352409362792969e+00 0.000000000000000000e+00
-1.676240730285644531e+01 4.746507167816162109e+00 0.000000000000000000e+00
-8.386416435241699219e+00 -1.458032131195068359e+01 0.000000000000000000e+00
4.544654846191406250e+00 -6.279253005981445312e+00 0.000000000000000000e+00
7.345081329345703125e+00 -6.476464748382568359e+00 0.000000000000000000e+00
6.717063903808593750e+00 -8.950421810150146484e-01 0.000000000000000000e+00
-2.650737524032592773e+00 -1.284354877471923828e+01 0.000000000000000000e+00
4.499424397945404053e-01 -1.179390811920166016e+01 0.000000000000000000e+00
-9.843022346496582031e+00 1.061492061614990234e+01 0.000000000000000000e+00
7.193210124969482422e+00 -1.574903488159179688e+01 0.000000000000000000e+00
2.346447229385375977e+00 2.775026559829711914e+00 0.000000000000000000e+00
-1.467970371246337891e+00 1.723988533020019531e+01 0.000000000000000000e+00
-8.582225799560546875e+00 2.373442411422729492e+00 0.000000000000000000e+00
1.654889297485351562e+01 -4.704030990600585938e+00 0.000000000000000000e+00
-5.827044248580932617e-01 1.415801715850830078e+01 0.000000000000000000e+00
1.293491935729980469e+01 -1.146700572967529297e+01 0.000000000000000000e+00
-3.050588607788085938e+00 -9.786790847778320312e+00 0.000000000000000000e+00
-1.405591678619384766e+01 1.039218044281005859e+01 0.000000000000000000e+00
-3.493286848068237305e+00 6.555351614952087402e-01 0.000000000000000000e+00
