1.603365898132324219e+01 -1.950519800186157227e+00 0.000000000000000000e+00
-9.959633827209472656e+00 6.192601680755615234e+00 0.000000000000000000e+00
2.979180574417114258e+00 4.331245899200439453e+00 0.000000000000000000e+00
-9.908009529113769531e+00 -6.188983440399169922e+00 0.000000000000000000e+00
1.999063253402709961e+00 2.716441631317138672e+00 0.000000000000000000e+00
-1.707182884216308594e+01 -6.030709668993949890e-02 0.000000000000000000e+00
2.443303108215332031e+00 8.550381660461425781e+00 0.000000000000000000e+00
1.391804695129394531e+01 -9.409735679626464844e+00 0.000000000000000000e+00
-1.060896682739257812e+01 7.496445775032043457e-01 0.000000000000000000e+00
2.609952926635742188e+00 1.201606369018554688e+01 0.000000000000000000e+00
5.055737972259521484e+00 2.139880180358886719e+00 0.000000000000000000e+00
8.668914794921875000e+00 1.107645034790039062e+01 0.000000000000000000e+00
1.747627449035644531e+01 4.800356328487396240e-01 0.000000000000000000e+00
8.515525817871093750e+00 -1.391320705413818359e+01 0.000000000000000000e+00
1.147608947753906250e+01 -9.336780548095703125e+00 0.000000000000000000e+00
1.249771022796630859e+01 6.170500755310058594e+00 0.000000000000000000e+00
1.057519912719726562e+01 -7.402777194976806641e+00 0.000000000000000000e+00
-9.337590217590332031e+00 2.834592103958129883e+00 0.000000000000000000e+00
3.144199132919311523e+00 -1.533747386932373047e+01 0.000000000000000000e+00
1.137806701660156250e+01 -3.836117029190063477e+00 0.000000000000000000e+00
-2.002750396728515625e+00 -1.149695014953613281e+01 0.000000000000000000e+00
2.763999439775943756e-02 -1.609256172180175781e+01 0.000000000000000000e+00
8.181104660034179688e-01 8.209280967712402344e+00 0.000000000000000000e+00
-1.172763824462890625e+01 -4.555469512939453125e+00 0.000000000000000000e+00
7.295479774475097656e+00 -1.301419973373413086e+00 0.000000000000000000e+00
-1.571144485473632812e+01 -6.185320377349853516e+00 0.000000000000000000e+00
-5.603796958923339844e+00 8.132144927978515625e+00 0.000000000000000000e+00
-1.226044654846191406e+00 4.033011913299560547e+00 0.000000000000000000e+00
2.269825935363769531e+00 1.654897689819335938e+01 0.000000000000000000e+00
4.888483047485351562e+00 -1.139208412170410156e+01 0.000000000000000000e+00
7.902368545532226562e+00 -5.794291496276855469e+00 0.000000000000000000e+00
-1.292110919952392578e+01 2.127375841140747070e+00 0.000000000000000000e+00
4.661633968353271484e+00 -2.803150177001953125e+00 0.000000000000000000e+00
1.073471260070800781e+01 2.671027183532714844e+00 0.000000000000000000e+00
-1.095267963409423828e+01 -1.210806179046630859e+01 0.000000000000000000e+00
3.022496938705444336e+00 6.925731658935546875e+00 0.000000000000000000e+00
-1.864612221717834473e+00 1.717001152038574219e+01 0.000000000000000000e+00
8.869939804077148438e+00 -2.890507936477661133e+00 0.000000000000000000e+00
-5.066561222076416016e+00 -9.755316734313964844e+00 0.000000000000000000e+00
-1.358360290527343750e+00 -3.909335136413574219e+00 0.000000000000000000e+00
-1.255870437622070312e+01 1.079301452636718750e+01 0.000000000000000000e+00
-2.149868726730346680e+00 1.900596022605895996e+00 0.000000000000000000e+00
4.024478435516357422e+00 8.864260673522949219e+00 0.000000000000000000e+00
2.599493265151977539e+00 -1.681571245193481445e+00 0.000000000000000000e+00
-5.008905887603759766e+00 1.070544004440307617e+00 0.000000000000000000e+00
8.568656921386718750e+00 4.067064762115478516e+00 0.000000000000000000e+00
8.788873672485351562e+00 1.286333656311035156e+01 0.000000000000000000e+00
-1.862022280693054199e-01 -7.496189117431640625e+00 0.000000000000000000e+00
-6.628675460815429688e+00 -1.318932628631591797e+01 0.000000000000000000e+00
2.813260078430175781e+00 1.389670467376708984e+01 0.000000000000000000e+00
-1.447119140625000000e+01 -2.782717943191528320e+00 0.000000000000000000e+00
-3.609658956527709961e+00 -4.464103221893310547e+00 0.000000000000000000e+00
-2.272306919097900391e+00 1.048931217193603516e+01 0.000000000000000000e+00
-5.810260772705078125e+00 4.801711082458496094e+00 0.000000000000000000e+00
9.756266593933105469e+00 -5.159676074981689453e+00 0.000000000000000000e+00
-3.838101625442504883e+00 -1.494809246063232422e+01 0.000000000000000000e+00
-8.058203697204589844e+00 -5.800809860229492188e+00 0.000000000000000000e+00
-9.842588424682617188e+00 8.970863342285156250e+00 0.000000000000000000e+00
-2.150428771972656250e+00 1.203246784210205078e+01 0.000000000000000000e+00
-1.478206634521484375e+00 -1.370053768157958984e+01 0.000000000000000000e+00
5.793923854827880859e+00 1.032934093475341797e+01 0.000000000000000000e+00
-2.933811247348785400e-01 -9.890583038330078125e+00 0.000000000000000000e+00
-7.896251678466796875e+00 -7.913925170898437500e+00 0.000000000000000000e+00
-7.298560619354248047e+00 -3.530958890914916992e+00 0.000000000000000000e+00
6.413420677185058594e+00 -9.122241973876953125e+00 0.000000000000000000e+00
1.648890495300292969e+01 -5.351766586303710938e+00 0.000000000000000000e+00
5.140299797058105469e+00 -1.376053714752197266e+01 0.000000000000000000e+00
3.040453910827636719e+00 -9.190075874328613281e+00 0.000000000000000000e+00
1.446979141235351562e+01 2.842654228210449219e+00 0.000000000000000000e+00
-3.817752599716186523e+00 1.653287696838378906e+01 0.000000000000000000e+00
-7.577446937561035156e+00 -1.609365463256835938e+00 0.000000000000000000e+00
1.855115771293640137e+00 5.721210837364196777e-01 0.000000000000000000e+00
-1.061586618423461914e+00 -5.719439983367919922e+00 0.000000000000000000e+00
9.121526718139648438e+00 1.468962574005126953e+01 0.000000000000000000e+00
-8.031885147094726562e+00 9.175371170043945312e+00 0.000000000000000000e+00
9.129651069641113281e+00 5.505390167236328125e+00 0.000000000000000000e+00
1.691189050674438477e+00 -1.301710605621337891e+01 0.000000000000000000e+00
2.712475299835205078e+00 -1.687230873107910156e+01 0.000000000000000000e+00
7.596638202667236328e+00 -7.912417888641357422e+00 0.000000000000000000e+00
-3.795864820480346680e+00 -1.119804382324218750e+01 0.000000000000000000e+00
2.502912282943725586e+00 -4.553184032440185547e+00 0.000000000000000000e+00
-6.047379970550537109e+00 -1.611211776733398438e+01 0.000000000000000000e+00
6.788448810577392578e+00 1.601360702514648438e+01 0.000000000000000000e+00
-3.739363431930541992e+00 5.749710083007812500e+00 0.000000000000000000e+00
-3.716382265090942383e+00 -6.687386512756347656e+00 0.000000000000000000e+00
-1.022481250762939453e+01 1.309022998809814453e+01 0.000000000000000000e+00
-7.085915565490722656e+00 1.257534408569335938e+01 0.000000000000000000e+00
-5.497339248657226562e+00 1.351575756072998047e+01 0.000000000000000000e+00
9.883977890014648438e+00 9.942992210388183594e+00 0.000000000000000000e+00
-2.409758567810058594e+00 6.767330169677734375e+00 0.000000000000000000e+00
-2.614081859588623047e+00 1.355016422271728516e+01 0.000000000000000000e+00
7.336751461029052734e+00 -1.049771976470947266e+01 0.000000000000000000e+00
5.577876567840576172e+00 -8.311210870742797852e-01 0.000000000000000000e+00
4.236573219299316406e+00 -6.476531982421875000e+00 0.000000000000000000e+00
-9.137719154357910156e+00 -1.266068363189697266e+01 0.000000000000000000e+00
1.478961849212646484e+01 -4.658063888549804688e+00 0.000000000000000000e+00
-1.116038417816162109e+01 9.721842765808105469e+00 0.000000000000000000e+00
1.329695701599121094e+01 -5.766011238098144531e+00 0.000000000000000000e+00
4.870416164398193359e+00 1.451054477691650391e+01 0.000000000000000000e+00
-1.768550723791122437e-01 1.564734268188476562e+01 0.000000000000000000e+00
5.249694824218750000e+00 -4.535270214080810547e+00 0.000000000000000000e+00
1.474664211273193359e+01 7.362223148345947266e+00 0.000000000000000000e+00
3.601718902587890625e+00 2.786416530609130859e+00 0.000000000000000000e+00
-8.587678909301757812e+00 1.185267829895019531e+01 0.000000000000000000e+00
-1.100754261016845703e+01 7.818495750427246094e+00 0.000000000000000000e+00
-3.714314460754394531e+00 4.032362937927246094e+00 0.000000000000000000e+00
-7.289365530014038086e-01 8.510235786437988281e+00 0.000000000000000000e+00
-1.503339767456054688e+01 -6.568789482116699219e-02 0.000000000000000000e+00
-1.633325386047363281e+01 3.958835601806640625e+00 0.000000000000000000e+00
-1.337909507751464844e+01 -5.467128753662109375e+00 0.000000000000000000e+00
5.685291290283203125e+00 5.529201507568359375e+00 0.000000000000000000e+00
-1.543625354766845703e+01 1.885557174682617188e+00 0.000000000000000000e+00
1.141444683074951172e+01 4.579322814941406250e+00 0.000000000000000000e+00
1.711897277832031250e+01 2.722798585891723633e+00 0.000000000000000000e+00
-1.144753551483154297e+01 -7.391659021377563477e-01 0.000000000000000000e+00
-1.148776721954345703e+01 -6.689612388610839844e+00 0.000000000000000000e+00
-1.414264488220214844e+01 3.954545021057128906e+00 0.000000000000000000e+00
-1.018970489501953125e+01 -1.630107641220092773e+00 0.000000000000000000e+00
-8.250694274902343750e+00 1.395304965972900391e+01 0.000000000000000000e+00
1.095729827880859375e+01 8.810128569602966309e-01 0.000000000000000000e+00
-3.439743995666503906e+00 -1.118004798889160156e+00 0.000000000000000000e+00
9.251226425170898438e+00 1.827489733695983887e+00 0.000000000000000000e+00
1.310058021545410156e+01 1.978748083114624023e+00 0.000000000000000000e+00
-1.180202007293701172e+01 5.573843955993652344e+00 0.000000000000000000e+00
-3.145026922225952148e+00 -9.272405624389648438e+00 0.000000000000000000e+00
8.745140075683593750e+00 -9.774288177490234375e+00 0.000000000000000000e+00
-7.691998958587646484e+00 -1.132851314544677734e+01 0.000000000000000000e+00
1.296310424804687500e+01 8.524398803710937500e+00 0.000000000000000000e+00
1.312482070922851562e+01 -2.769654989242553711e+00 0.000000000000000000e+00
1.366925621032714844e+01 -1.157972335815429688e+00 0.000000000000000000e+00
-7.889211177825927734e-01 5.484868049621582031e+00 0.000000000000000000e+00
7.224921226501464844e+00 -1.524734306335449219e+01 0.000000000000000000e+00
-9.338369965553283691e-01 -1.783532142639160156e+00 0.000000000000000000e+00
-5.627879142761230469e+00 -7.389124393463134766e+00 0.000000000000000000e+00
7.232083797454833984e+00 4.871848583221435547e+00 0.000000000000000000e+00
7.521880149841308594e+00 2.294536590576171875e+00 0.000000000000000000e+00
-9.207650184631347656e+00 -1.460344409942626953e+01 0.000000000000000000e+00
9.812667846679687500e+00 7.199873447418212891e+00 0.000000000000000000e+00
-7.470877170562744141e+00 -1.519981575012207031e+01 0.000000000000000000e+00
1.061660861968994141e+01 1.230776596069335938e+01 0.000000000000000000e+00
-3.712512016296386719e+00 8.153347015380859375e+00 0.000000000000000000e+00
-1.018728923797607422e+01 -3.463421583175659180e+00 0.000000000000000000e+00
-1.071082472801208496e+00 1.365381145477294922e+01 0.000000000000000000e+00
2.585071802139282227e+00 -1.099704360961914062e+01 0.000000000000000000e+00
8.447844386100769043e-01 1.144236564636230469e+01 0.000000000000000000e+00
1.625077247619628906e+01 4.381037712097167969e+00 0.000000000000000000e+00
-9.036023020744323730e-01 8.162683844566345215e-01 0.000000000000000000e+00
1.178314781188964844e+01 -1.274114894866943359e+01 0.000000000000000000e+00
2.616225481033325195e-01 1.294378566741943359e+01 0.000000000000000000e+00
9.439762115478515625e+00 3.185474872589111328e-01 0.000000000000000000e+00
1.205179405212402344e+01 1.006479644775390625e+01 0.000000000000000000e+00
-1.484592914581298828e+01 -7.899308204650878906e+00 0.000000000000000000e+00
7.665426731109619141e+00 9.031332969665527344e+00 0.000000000000000000e+00
-1.389049243927001953e+01 7.440334796905517578e+00 0.000000000000000000e+00
-2.608794212341308594e+00 -1.719095802307128906e+01 0.000000000000000000e+00
-7.170064926147460938e+00 5.743729591369628906e+00 0.000000000000000000e+00
-1.117199707031250000e+01 -9.252560615539550781e+00 0.000000000000000000e+00
-5.584246635437011719e+00 -2.140627861022949219e+00 0.000000000000000000e+00
-7.711779117584228516e+00 3.203073501586914062e+00 0.000000000000000000e+00
2.195234000682830811e-01 -1.258808994293212891e+01 0.000000000000000000e+00
-1.310971450805664062e+01 -1.002298355102539062e+00 0.000000000000000000e+00
1.305492305755615234e+01 -7.839499950408935547e+00 0.000000000000000000e+00
-9.543664932250976562e+00 -7.800422191619873047e+00 0.000000000000000000e+00
-2.784537792205810547e+00 1.541945457458496094e+01 0.000000000000000000e+00
-8.860268592834472656e+00 -5.081874728202819824e-01 0.000000000000000000e+00
-6.502471566200256348e-01 1.032198238372802734e+01 0.000000000000000000e+00
-1.436254978179931641e+01 5.874383449554443359e+00 0.000000000000000000e+00
4.630457401275634766e+00 -1.618456077575683594e+01 0.000000000000000000e+00
1.529593372344970703e+01 -6.308250904083251953e+00 0.000000000000000000e+00
-1.418813514709472656e+01 8.924136161804199219e+00 0.000000000000000000e+00
1.312038803100585938e+01 4.789717674255371094e+00 0.000000000000000000e+00
4.774222373962402344e+00 -9.332130432128906250e+00 0.000000000000000000e+00
1.509891319274902344e+01 -8.145926475524902344e+00 0.000000000000000000e+00
-1.912002824246883392e-02 -1.451793098449707031e+01 0.000000000000000000e+00
-4.047840118408203125e+00 2.247127771377563477e+00 0.000000000000000000e+00
6.498488903045654297e+00 -3.304782867431640625e+00 0.000000000000000000e+00
-4.021502017974853516e+00 1.040105628967285156e+01 0.000000000000000000e+00
-1.251636981964111328e+01 3.711449623107910156e+00 0.000000000000000000e+00
1.121929764747619629e+00 -8.627817153930664062e+00 0.000000000000000000e+00
-9.770469665527343750e+00 1.072160911560058594e+01 0.000000000000000000e+00
-1.557377433776855469e+01 -4.666261196136474609e+00 0.000000000000000000e+00
-7.433854579925537109e+00 1.077986335754394531e+01 0.000000000000000000e+00
4.707610130310058594e+00 1.216831398010253906e+01 0.000000000000000000e+00
-7.318063735961914062e+00 -9.843585014343261719e+00 0.000000000000000000e+00
-6.062777042388916016e+00 1.517087364196777344e+01 0.000000000000000000e+00
6.482511520385742188e+00 1.105672478675842285e+00 0.000000000000000000e+00
-7.267899036407470703e+00 1.208771392703056335e-01 0.000000000000000000e+00
-1.693521881103515625e+01 2.200880289077758789e+00 0.000000000000000000e+00
6.386478424072265625e+00 -1.256836986541748047e+01 0.000000000000000000e+00
3.929888486862182617e+00 1.694312667846679688e+01 0.000000000000000000e+00
8.928102254867553711e-01 -4.682411670684814453e+00 0.000000000000000000e+00
-6.441721439361572266e+00 -5.560612678527832031e+00 0.000000000000000000e+00
1.524012088775634766e+01 5.699652671813964844e+00 0.000000000000000000e+00
-8.457159042358398438e+00 1.466255307197570801e+00 0.000000000000000000e+00
8.640899658203125000e-01 6.629817962646484375e+00 0.000000000000000000e+00
1.530421638488769531e+01 4.888159036636352539e-02 0.000000000000000000e+00
-1.316743850708007812e+01 5.969130992889404297e-01 0.000000000000000000e+00
1.102012753486633301e+00 4.471180915832519531e+00 0.000000000000000000e+00
-9.359025955200195312e+00 4.392612934112548828e+00 0.000000000000000000e+00
-4.365385055541992188e+00 -1.281374263763427734e+01 0.000000000000000000e+00
1.293467426300048828e+01 -1.125802612304687500e+01 0.000000000000000000e+00
-1.687186813354492188e+01 -2.318303823471069336e+00 0.000000000000000000e+00
-5.681371212005615234e+00 -1.196023273468017578e+01 0.000000000000000000e+00
9.952851295471191406e+00 -1.347965812683105469e+01 0.000000000000000000e+00
8.900301933288574219e+00 -1.232801914215087891e+01 0.000000000000000000e+00
-1.113900566101074219e+01 1.176554107666015625e+01 0.000000000000000000e+00
8.278996467590332031e+00 7.618224143981933594e+00 0.000000000000000000e+00
-1.252010822296142578e+01 -1.222424983978271484e+01 0.000000000000000000e+00
-8.014492988586425781e+00 7.096707820892333984e+00 0.000000000000000000e+00
9.191653132438659668e-01 -2.082574844360351562e+00 0.000000000000000000e+00
-1.642866706848144531e+01 5.617299079895019531e+00 0.000000000000000000e+00
-1.388385581970214844e+01 -9.072489738464355469e+00 0.000000000000000000e+00
2.230079889297485352e+00 -6.385271549224853516e+00 0.000000000000000000e+00
1.061474514007568359e+01 -1.087632274627685547e+01 0.000000000000000000e+00
-1.093408012390136719e+01 4.278340339660644531e+00 0.000000000000000000e+00
-5.777406692504882812e+00 6.636355876922607422e+00 0.000000000000000000e+00
1.130287647247314453e+01 -1.461835026741027832e+00 0.000000000000000000e+00
5.382346630096435547e+00 3.708797454833984375e+00 0.000000000000000000e+00
7.068655014038085938e+00 1.240507507324218750e+01 0.000000000000000000e+00
3.490531206130981445e+00 2.331410646438598633e-01 0.000000000000000000e+00
3.558189153671264648e+00 -1.331309223175048828e+01 0.000000000000000000e+00
-1.028922462463378906e+01 -1.070111083984375000e+01 0.000000000000000000e+00
-5.056744575500488281e+00 1.195460319519042969e+01 0.000000000000000000e+00
3.317866921424865723e-01 -4.282701015472412109e-01 0.000000000000000000e+00
1.124079513549804688e+01 8.452574729919433594e+00 0.000000000000000000e+00
-2.355894565582275391e+00 -1.565083980560302734e+01 0.000000000000000000e+00
-2.294932126998901367e+00 -2.612670511007308960e-02 0.000000000000000000e+00
3.869791030883789062e+00 1.062047004699707031e+01 0.000000000000000000e+00
-1.376929187774658203e+01 -1.078998470306396484e+01 0.000000000000000000e+00
-5.611707687377929688e+00 9.946230888366699219e+00 0.000000000000000000e+00
6.769956588745117188e+00 7.013625621795654297e+00 0.000000000000000000e+00
-6.277984619140625000e+00 2.476167917251586914e+00 0.000000000000000000e+00
-1.172495841979980469e+01 -2.221677541732788086e+00 0.000000000000000000e+00
4.866293430328369141e+00 6.836269855499267578e+00 0.000000000000000000e+00
-2.788261771202087402e-01 1.744659614562988281e+01 0.000000000000000000e+00
-4.036310672760009766e+00 -2.771212339401245117e+00 0.000000000000000000e+00
-1.060321617126464844e+01 -1.382619953155517578e+01 0.000000000000000000e+00
-1.313074398040771484e+01 -7.235805511474609375e+00 0.000000000000000000e+00
5.032429218292236328e+00 -7.838693141937255859e+00 0.000000000000000000e+00
-1.542646789550781250e+01 7.354155063629150391e+00 0.000000000000000000e+00
-5.423163414001464844e+00 -5.410299897193908691e-01 0.000000000000000000e+00
1.474820041656494141e+01 9.262996673583984375e+00 0.000000000000000000e+00
-4.875136375427246094e+00 -5.484909057617187500e+00 0.000000000000000000e+00
5.716337680816650391e+00 8.555540084838867188e+00 0.000000000000000000e+00
9.739046096801757812e+00 -1.519942879676818848e+00 0.000000000000000000e+00
1.138130092620849609e+01 -5.401061058044433594e+00 0.000000000000000000e+00
5.829299688339233398e-01 1.484722971916198730e+00 0.000000000000000000e+00
1.682746124267578125e+01 -3.284300327301025391e+00 0.000000000000000000e+00
-8.728407859802246094e+00 -2.872841596603393555e+00 0.000000000000000000e+00
1.441573858261108398e+00 -1.539345073699951172e+01 0.000000000000000000e+00
-1.335033893585205078e+00 -8.667261123657226562e+00 0.000000000000000000e+00
1.284906005859375000e+01 1.135716724395751953e+01 0.000000000000000000e+00
1.584332370758056641e+01 1.705934047698974609e+00 0.000000000000000000e+00
1.696568489074707031e+00 1.015142345428466797e+01 0.000000000000000000e+00
-8.911930084228515625e+00 -9.328758239746093750e+00 0.000000000000000000e+00
6.788871765136718750e+00 1.394463634490966797e+01 0.000000000000000000e+00
