-1.028278160095214844e+01 -1.276202678680419922e+00 0.000000000000000000e+00
-6.029339790344238281e+00 1.305531978607177734e+01 0.000000000000000000e+00
-1.920953392982482910e+00 1.530529117584228516e+01 0.000000000000000000e+00
-7.222473144531250000e+00 -1.487382602691650391e+01 0.000000000000000000e+00
-3.869763374328613281e+00 2.874745130538940430e+00 0.000000000000000000e+00
8.279294967651367188e+00 5.124392986297607422e+00 0.000000000000000000e+00
-1.474955558776855469e+01 6.407020568847656250e+00 0.000000000000000000e+00
-8.541790962219238281e+00 1.199501895904541016e+01 0.000000000000000000e+00
-1.363998794555664062e+01 2.511289358139038086e+00 0.000000000000000000e+00
-7.997940540313720703e+00 2.027176380157470703e+00 0.000000000000000000e+00
-1.196991825103759766e+01 -9.091951370239257812e+00 0.000000000000000000e+00
8.462903022766113281e+00 -9.303170204162597656e+00 0.000000000000000000e+00
1.329705047607421875e+01 3.698123991489410400e-01 0.000000000000000000e+00
-3.636672019958496094e+00 6.338363647460937500e+00 0.000000000000000000e+00
-6.392885208129882812e+00 -3.620331048965454102e+00 0.000000000000000000e+00
-9.345159530639648438e+00 -6.960338115692138672e+00 0.000000000000000000e+00
-9.548413276672363281e+00 -3.022457838058471680e+00 0.000000000000000000e+00
-7.975668430328369141e+00 -2.598371267318725586e+00 0.000000000000000000e+00
1.250784587860107422e+01 -2.584220886230468750e+00 0.000000000000000000e+00
-6.955863952636718750e+00 4.854327201843261719e+00 0.000000000000000000e+00
-5.831381797790527344e+00 -6.963516235351562500e+00 0.000000000000000000e+00
-5.131301879882812500e+00 1.524034595489501953e+01 0.000000000000000000e+00
6.086298942565917969e+00 -7.827281951904296875e+00 0.000000000000000000e+00
-1.367809772491455078e+01 -4.394132137298583984e+00 0.000000000000000000e+00
5.888785362243652344e+00 3.556676864624023438e+00 0.000000000000000000e+00
1.663703727722167969e+01 3.350994586944580078e+00 0.000000000000000000e+00
-1.450773811340332031e+01 -8.234811782836914062e+00 0.000000000000000000e+00
-1.680349826812744141e+00 1.317563891410827637e+00 0.000000000000000000e+00
1.308252906799316406e+01 -7.451838970184326172e+00 0.000000000000000000e+00
-1.247241973876953125e+00 5.513132572174072266e+00 0.000000000000000000e+00
-1.171873188018798828e+01 6.663458347320556641e+00 0.000000000000000000e+00
-5.748443126678466797e+00 -1.450960159301757812e+01 0.000000000000000000e+00
8.329447746276855469e+00 -6.391465187072753906e+00 0.000000000000000000e+00
6.586822032928466797e+00 -1.222217082977294922e+01 0.000000000000000000e+00
-1.039748859405517578e+01 -5.020260334014892578e+00 0.000000000000000000e+00
8.015281677246093750e+00 -2.828557491302490234e+00 0.000000000000000000e+00
1.063832855224609375e+01 1.649246573448181152e+00 0.000000000000000000e+00
6.466462016105651855e-01 -5.453409671783447266e+00 0.000000000000000000e+00
-3.197488069534301758e+00 9.304636955261230469e+00 0.000000000000000000e+00
1.025014495849609375e+01 3.961100816726684570e+00 0.000000000000000000e+00
1.359433841705322266e+01 1.074268531799316406e+01 0.000000000000000000e+00
-3.591459035873413086e+00 -1.358251953125000000e+01 0.000000000000000000e+00
1.011249732971191406e+01 -2.999498605728149414e+00 0.000000000000000000e+00
2.995415449142456055e+00 -1.485183477401733398e+00 0.000000000000000000e+00
5.197576999664306641e+00 5.852183818817138672e+00 0.000000000000000000e+00
3.991029024124145508e+00 -2.920510292053222656e+00 0.000000000000000000e+00
3.009361743927001953e+00 -1.465901756286621094e+01 0.000000000000000000e+00
4.998576641082763672e+00 1.028669357299804688e+01 0.000000000000000000e+00
-2.454172372817993164e+00 -1.463344478607177734e+01 0.000000000000000000e+00
9.430413134396076202e-03 9.840253829956054688e+00 0.000000000000000000e+00
1.679034829139709473e+00 1.670684051513671875e+01 0.000000000000000000e+00
-1.298953342437744141e+01 4.802355289459228516e+00 0.000000000000000000e+00
-6.204869270324707031e+00 -7.132530808448791504e-01 0.000000000000000000e+00
-9.111223220825195312e+00 -2.088818997144699097e-01 0.000000000000000000e+00
1.180987453460693359e+01 -8.469380378723144531e+00 0.000000000000000000e+00
-4.179769039154052734e+00 1.133390998840332031e+01 0.000000000000000000e+00
-1.044154241681098938e-01 -1.195182132720947266e+01 0.000000000000000000e+00
-2.671242952346801758e-01 1.503403949737548828e+01 0.000000000000000000e+00
-3.427357196807861328e+00 1.381964111328125000e+01 0.000000000000000000e+00
4.330369472503662109e+00 -9.581741333007812500e+00 0.000000000000000000e+00
2.680958986282348633e+00 1.010510349273681641e+01 0.000000000000000000e+00
-2.928994417190551758e+00 -1.088831520080566406e+01 0.000000000000000000e+00
1.148241615295410156e+01 -6.035876274108886719e+00 0.000000000000000000e+00
-1.349990749359130859e+01 9.139790534973144531e+00 0.000000000000000000e+00
9.365126609802246094e+00 1.294839954376220703e+01 0.000000000000000000e+00
-6.402881145477294922e-01 -9.803769111633300781e+00 0.000000000000000000e+00
-1.576974964141845703e+01 -4.066883087158203125e+00 0.000000000000000000e+00
-1.092049503326416016e+01 1.064767360687255859e+01 0.000000000000000000e+00
1.312926959991455078e+01 -1.159396529197692871e+00 0.000000000000000000e+00
-8.327023506164550781e+00 -1.126976776123046875e+01 0.000000000000000000e+00
6.560183048248291016e+00 -1.041380786895751953e+01 0.000000000000000000e+00
-1.198879432678222656e+01 -1.168115425109863281e+01 0.000000000000000000e+00
2.004073381423950195e+00 2.799322843551635742e+00 0.000000000000000000e+00
1.585972785949707031e+01 5.639688014984130859e+00 0.000000000000000000e+00
-3.921007871627807617e+00 -2.642883539199829102e+00 0.000000000000000000e+00
3.288095295429229736e-01 1.605834007263183594e+00 0.000000000000000000e+00
-4.217798233032226562e+00 -5.549549579620361328e+00 0.000000000000000000e+00
2.433080196380615234e+00 -1.017293739318847656e+01 0.000000000000000000e+00
1.634960746765136719e+01 -2.926908254623413086e+00 0.000000000000000000e+00
-1.985665440559387207e+00 -1.613516616821289062e+01 0.000000000000000000e+00
1.082915687561035156e+01 -1.094784140586853027e+00 0.000000000000000000e+00
-4.525247097015380859e+00 -8.315660476684570312e+00 0.000000000000000000e+00
5.445465564727783203e+00 1.434542179107666016e+01 0.000000000000000000e+00
-1.218338203430175781e+01 -1.271836996078491211e+00 0.000000000000000000e+00
1.258271980285644531e+01 5.408828258514404297e+00 0.000000000000000000e+00
-7.223721027374267578e+00 -8.293525695800781250e+00 0.000000000000000000e+00
4.598278999328613281e+00 8.180334091186523438e+00 0.000000000000000000e+00
-1.189515876770019531e+01 -6.867391109466552734e+00 0.000000000000000000e+00
-1.071263122558593750e+01 3.332233667373657227e+00 0.000000000000000000e+00
6.239433765411376953e+00 -1.615379714965820312e+01 0.000000000000000000e+00
-4.861942291259765625e+00 4.901371955871582031e+00 0.000000000000000000e+00
-8.457643508911132812e+00 9.367501258850097656e+00 0.000000000000000000e+00
-2.344720840454101562e+00 1.710839080810546875e+01 0.000000000000000000e+00
5.808812618255615234e+00 -5.258715629577636719e+00 0.000000000000000000e+00
1.834496021270751953e+00 1.262291336059570312e+01 0.000000000000000000e+00
-2.293068170547485352e+00 -4.431088268756866455e-01 0.000000000000000000e+00
7.263288974761962891e+00 1.200524044036865234e+01 0.000000000000000000e+00
5.477184772491455078e+00 -1.388148117065429688e+01 0.000000000000000000e+00
1.471765613555908203e+01 8.504568099975585938e+00 0.000000000000000000e+00
-1.711783409118652344e+01 3.373728752136230469e+00 0.000000000000000000e+00
-9.097609519958496094e+00 1.410512542724609375e+01 0.000000000000000000e+00
1.740158200263977051e+00 -3.920780718326568604e-01 0.000000000000000000e+00
3.610359668731689453e+00 3.323529481887817383e+00 0.000000000000000000e+00
1.142008876800537109e+01 -1.097104835510253906e+01 0.000000000000000000e+00
1.383422470092773438e+01 -4.104954719543457031e+00 0.000000000000000000e+00
-1.425759029388427734e+01 -2.054864883422851562e+00 0.000000000000000000e+00
1.323840522766113281e+01 7.726722240447998047e+00 0.000000000000000000e+00
-6.843209743499755859e+00 1.434794998168945312e+01 0.000000000000000000e+00
2.214888811111450195e+00 -8.354262351989746094e+00 0.000000000000000000e+00
-2.463643699884414673e-01 -1.473310184478759766e+01 0.000000000000000000e+00
9.965296387672424316e-01 4.904448986053466797e+00 0.000000000000000000e+00
4.020381450653076172e+00 -7.348668575286865234e+00 0.000000000000000000e+00
1.516402482986450195e+00 -1.423224067687988281e+01 0.000000000000000000e+00
-9.125087738037109375e+00 -1.362346649169921875e+01 0.000000000000000000e+00
6.132931232452392578e+00 1.607378959655761719e+01 0.000000000000000000e+00
1.367735862731933594e+01 4.182526111602783203e+00 0.000000000000000000e+00
1.355057239532470703e+01 -8.908482551574707031e+00 0.000000000000000000e+00
-1.364895057678222656e+01 7.545317173004150391e+00 0.000000000000000000e+00
1.002761173248291016e+01 -1.195549297332763672e+01 0.000000000000000000e+00
-1.696204566955566406e+01 -3.873736858367919922e-01 0.000000000000000000e+00
2.418279647827148438e+00 -4.626154899597167969e+00 0.000000000000000000e+00
1.129243278503417969e+01 -1.315537166595458984e+01 0.000000000000000000e+00
2.076720952987670898e+00 8.491480827331542969e+00 0.000000000000000000e+00
-9.431034088134765625e+00 2.525829792022705078e+00 0.000000000000000000e+00
-1.528401494026184082e+00 -5.111419200897216797e+00 0.000000000000000000e+00
6.921742916107177734e+00 1.477399444580078125e+01 0.000000000000000000e+00
2.305837392807006836e+00 -1.215476131439208984e+01 0.000000000000000000e+00
4.161203384399414062e+00 -1.153988456726074219e+01 0.000000000000000000e+00
1.523980712890625000e+01 -7.921934604644775391e+00 0.000000000000000000e+00
4.070592880249023438e+00 1.364455795288085938e+01 0.000000000000000000e+00
1.634971809387207031e+01 -7.189421057701110840e-01 0.000000000000000000e+00
-1.215767383575439453e+01 1.223221874237060547e+01 0.000000000000000000e+00
4.357594966888427734e+00 1.684332847595214844e+01 0.000000000000000000e+00
-1.512419462203979492e+00 -2.991522789001464844e+00 0.000000000000000000e+00
-1.819848179817199707e+00 -8.020050048828125000e+00 0.000000000000000000e+00
8.367012023925781250e+00 3.440862298011779785e-01 0.000000000000000000e+00
-3.838891088962554932e-01 1.321210479736328125e+01 0.000000000000000000e+00
1.111205673217773438e+01 7.814500331878662109e+00 0.000000000000000000e+00
-7.052699565887451172e+00 -5.962995529174804688e+00 0.000000000000000000e+00
1.494493675231933594e+01 -1.456808924674987793e+00 0.000000000000000000e+00
7.435647487640380859e+00 7.750760078430175781e+00 0.000000000000000000e+00
-6.287603378295898438e+00 -1.623352813720703125e+01 0.000000000000000000e+00
4.248185634613037109e+00 4.213137030601501465e-01 0.000000000000000000e+00
-1.692199945449829102e+00 1.127174663543701172e+01 0.000000000000000000e+00
6.622848987579345703e+00 1.749698638916015625e+00 0.000000000000000000e+00
3.580610454082489014e-01 -7.757593154907226562e+00 0.000000000000000000e+00
2.009139060974121094e+00 6.668043136596679688e+00 0.000000000000000000e+00
-1.554422187805175781e+01 7.770630836486816406e+00 0.000000000000000000e+00
-1.606093525886535645e+00 4.049372196197509766e+00 0.000000000000000000e+00
-6.925795555114746094e+00 9.446245193481445312e+00 0.000000000000000000e+00
-1.008450794219970703e+01 -1.033090877532958984e+01 0.000000000000000000e+00
1.633251190185546875e+01 -5.628642082214355469e+00 0.000000000000000000e+00
2.090320348739624023e+00 -6.563148021697998047e+00 0.000000000000000000e+00
3.413986206054687500e+00 -5.832524776458740234e+00 0.000000000000000000e+00
6.172927379608154297e+00 -8.572600483894348145e-01 0.000000000000000000e+00
-8.256147384643554688e+00 6.548715591430664062e+00 0.000000000000000000e+00
2.304750680923461914e+00 -2.889500379562377930e+00 0.000000000000000000e+00
8.351732254028320312e+00 -4.788317680358886719e+00 0.000000000000000000e+00
8.560725212097167969e+00 1.500392723083496094e+01 0.000000000000000000e+00
-1.588641452789306641e+01 1.901084899902343750e+00 0.000000000000000000e+00
1.001319885253906250e+01 1.126330757141113281e+01 0.000000000000000000e+00
-1.060333538055419922e+01 1.306083011627197266e+01 0.000000000000000000e+00
7.126305103302001953e-01 1.123389530181884766e+01 0.000000000000000000e+00
-1.446704578399658203e+01 -6.151747226715087891e+00 0.000000000000000000e+00
-1.383343696594238281e+01 -9.940650939941406250e+00 0.000000000000000000e+00
-9.349452018737792969e+00 5.109469890594482422e+00 0.000000000000000000e+00
-1.381433486938476562e+01 5.067257881164550781e-01 0.000000000000000000e+00
-1.226131534576416016e+01 5.814654231071472168e-01 0.000000000000000000e+00
-5.317595958709716797e+00 9.789247512817382812e+00 0.000000000000000000e+00
8.398436546325683594e+00 1.035633277893066406e+01 0.000000000000000000e+00
-8.327130317687988281e+00 3.586319208145141602e+00 0.000000000000000000e+00
7.248475551605224609e+00 -1.379086685180664062e+01 0.000000000000000000e+00
1.046069240570068359e+01 5.787362575531005859e+00 0.000000000000000000e+00
-1.912717461585998535e+00 1.283584403991699219e+01 0.000000000000000000e+00
-4.033082008361816406e+00 -1.701876258850097656e+01 0.000000000000000000e+00
1.685877227783203125e+01 1.599173188209533691e+00 0.000000000000000000e+00
3.321611404418945312e+00 5.800390720367431641e+00 0.000000000000000000e+00
1.172259521484375000e+01 1.019485092163085938e+01 0.000000000000000000e+00
1.367168617248535156e+01 2.271731615066528320e+00 0.000000000000000000e+00
8.532622337341308594e+00 3.211981058120727539e+00 0.000000000000000000e+00
-4.991212844848632812e+00 -1.215601539611816406e+01 0.000000000000000000e+00
1.168689250946044922e+01 3.275757551193237305e+00 0.000000000000000000e+00
9.290968894958496094e+00 -8.533152937889099121e-01 0.000000000000000000e+00
-5.399571895599365234e+00 1.843544006347656250e+00 0.000000000000000000e+00
-6.987960338592529297e+00 1.100220298767089844e+01 0.000000000000000000e+00
6.884768605232238770e-02 -1.653060722351074219e+01 0.000000000000000000e+00
6.648164272308349609e+00 4.977569580078125000e+00 0.000000000000000000e+00
-1.474869632720947266e+01 4.469639301300048828e+00 0.000000000000000000e+00
-5.699867010116577148e-01 1.667224121093750000e+01 0.000000000000000000e+00
-3.433678627014160156e+00 1.582634353637695312e+01 0.000000000000000000e+00
-1.634272098541259766e+00 -1.316427326202392578e+01 0.000000000000000000e+00
-1.603890800476074219e+01 -5.885040283203125000e+00 0.000000000000000000e+00
-9.953491210937500000e+00 7.606033802032470703e+00 0.000000000000000000e+00
1.314827823638916016e+01 -5.783812046051025391e+00 0.000000000000000000e+00
5.681430816650390625e+00 1.221808242797851562e+01 0.000000000000000000e+00
-6.626033306121826172e+00 -9.758271217346191406e+00 0.000000000000000000e+00
1.040989685058593750e+01 -7.316065311431884766e+00 0.000000000000000000e+00
9.071218490600585938e+00 -1.361210441589355469e+01 0.000000000000000000e+00
-1.147229290008544922e+01 4.767472743988037109e+00 0.000000000000000000e+00
9.700741767883300781e+00 8.979203224182128906e+00 0.000000000000000000e+00
2.490195989608764648e+00 1.464281082153320312e+01 0.000000000000000000e+00
1.490773868560791016e+01 7.070485353469848633e-01 0.000000000000000000e+00
1.120494651794433594e+01 1.235334587097167969e+01 0.000000000000000000e+00
-1.170418024063110352e+00 7.587106704711914062e+00 0.000000000000000000e+00
4.161882877349853516e+00 -1.595986557006835938e+01 0.000000000000000000e+00
1.467019653320312500e+01 -5.738951683044433594e+00 0.000000000000000000e+00
8.584734916687011719e+00 -1.110212326049804688e+01 0.000000000000000000e+00
-1.650868773460388184e+00 9.282729148864746094e+00 0.000000000000000000e+00
-1.591622543334960938e+01 -2.272146940231323242e+00 0.000000000000000000e+00
-6.395725250244140625e+00 7.985897064208984375e+00 0.000000000000000000e+00
1.387482602149248123e-02 3.684229373931884766e+00 0.000000000000000000e+00
-1.194373798370361328e+01 -3.520190715789794922e+00 0.000000000000000000e+00
6.621325969696044922e+00 9.907881736755371094e+00 0.000000000000000000e+00
-2.513794898986816406e-01 -2.023768663406372070e+00 0.000000000000000000e+00
1.693902492523193359e+00 -1.617944908142089844e+01 0.000000000000000000e+00
3.693303823471069336e+00 1.151335716247558594e+01 0.000000000000000000e+00
-5.727240562438964844e+00 -2.175611019134521484e+00 0.000000000000000000e+00
-1.084480476379394531e+01 -1.300473308563232422e+01 0.000000000000000000e+00
-6.256901264190673828e+00 1.633643531799316406e+01 0.000000000000000000e+00
1.010024428367614746e+00 -9.532926559448242188e+00 0.000000000000000000e+00
-4.325429916381835938e+00 6.487683206796646118e-02 0.000000000000000000e+00
-7.548682689666748047e+00 2.359002977609634399e-01 0.000000000000000000e+00
1.302370166778564453e+01 -1.091116714477539062e+01 0.000000000000000000e+00
-1.338122749328613281e+01 1.071447467803955078e+01 0.000000000000000000e+00
-5.316173553466796875e+00 6.501077175140380859e+00 0.000000000000000000e+00
-6.126329898834228516e-01 -6.422616958618164062e+00 0.000000000000000000e+00
-1.060365676879882812e+01 -8.292617797851562500e+00 0.000000000000000000e+00
-4.656237602233886719e+00 -9.876962661743164062e+00 0.000000000000000000e+00
5.991157531738281250e+00 -2.603617906570434570e+00 0.000000000000000000e+00
-8.682814598083496094e+00 -4.318497657775878906e+00 0.000000000000000000e+00
4.497373104095458984e+00 -1.149102687835693359e+00 0.000000000000000000e+00
-1.029074859619140625e+01 1.057857394218444824e+00 0.000000000000000000e+00
1.523492431640625000e+01 3.975901365280151367e+00 0.000000000000000000e+00
1.016461181640625000e+01 -9.153164863586425781e+00 0.000000000000000000e+00
-6.576627731323242188e+00 2.937600612640380859e+00 0.000000000000000000e+00
1.219364452362060547e+01 1.721137881278991699e+00 0.000000000000000000e+00
-6.523968696594238281e+00 -1.292559814453125000e+01 0.000000000000000000e+00
9.507386207580566406e+00 7.367540359497070312e+00 0.000000000000000000e+00
5.043708324432373047e+00 2.152252197265625000e+00 0.000000000000000000e+00
-5.541287064552307129e-01 4.803797975182533264e-02 0.000000000000000000e+00
-1.625571823120117188e+01 5.939214229583740234e+00 0.000000000000000000e+00
1.177508258819580078e+01 1.676558256149291992e-01 0.000000000000000000e+00
1.409352684020996094e+01 6.131851196289062500e+00 0.000000000000000000e+00
8.013342857360839844e+00 -1.521343231201171875e+01 0.000000000000000000e+00
-3.309139966964721680e+00 1.223548293113708496e+00 0.000000000000000000e+00
7.648021221160888672e+00 -7.759670734405517578e+00 0.000000000000000000e+00
-3.071135044097900391e+00 7.807031154632568359e+00 0.000000000000000000e+00
1.022063732147216797e+01 -4.708934307098388672e+00 0.000000000000000000e+00
-1.506978034973144531e+01 -3.363592028617858887e-01 0.000000000000000000e+00
-8.632554054260253906e+00 -9.231813430786132812e+00 0.000000000000000000e+00
-3.449889898300170898e+00 -6.988794326782226562e+00 0.000000000000000000e+00
2.140220642089843750e+00 1.138431906700134277e+00 0.000000000000000000e+00
1.184768676757812500e+01 -4.415395259857177734e+00 0.000000000000000000e+00
1.047770690917968750e+01 1.395741844177246094e+01 0.000000000000000000e+00
3.693417310714721680e-01 7.283824920654296875e+00 0.000000000000000000e+00
-2.825143814086914062e+00 -4.318396091461181641e+00 0.000000000000000000e+00
