1.074356397207919311e+00 1.308603929804203858e+01 6.777858815354420585e-05
6.024340164162035549e+00 1.166582709744753110e+01 4.872852717223707941e-04
-5.296257026827295711e+00 9.555079797395521268e+00 -3.605199504832512503e-04
-3.461536317957499276e-01 8.136262629585782946e+00 2.579165127887250719e-04
4.604942520223052504e+00 6.716143886953696907e+00 -6.469125692243338221e-04
9.554926287177169186e+00 5.295931686359189428e+00 -2.274058856550631447e-04
-1.166587759475962649e+01 6.024627956773763060e+00 8.096310913741078252e-05
-6.715774232785876485e+00 4.605207710870726778e+00 -9.828256253729961145e-05
-1.764797642842393710e+00 3.184900091277240719e+00 3.933231202599696275e-04
3.185305719244837519e+00 1.765479845737432107e+00 2.140771739661539996e-04
8.136401904207954061e+00 3.459641808354174675e-01 1.069305015193033892e-04
1.308638567121776219e+01 -1.074248019390308340e+00 5.264369062727425330e-04
-1.308638666399049910e+01 1.074248115366141176e+00 -5.265082587257996494e-04
-8.136402896980692745e+00 -3.459640848595848528e-01 -1.070018539724160167e-04
-3.185306711959786874e+00 -1.765479749767153717e+00 -2.141485222224570606e-04
1.764796650013963353e+00 -3.184899995670190442e+00 -3.933941938969454100e-04
6.715773240013137801e+00 -4.605207614894894164e+00 9.821121008402045049e-05
1.166587660198688781e+01 -6.024627860797931334e+00 -8.103446159068994348e-05
-9.554927280005598433e+00 -5.295931590752139151e+00 2.273348120183094068e-04
-4.604943512995792076e+00 -6.716143790977864292e+00 6.468412167714987504e-04
3.461526390251100094e-01 -8.136262533984286449e+00 -2.579875822288357767e-04
5.296256034054556139e+00 -9.555079701419687765e+00 3.604485980304161785e-04
-6.024341156990465684e+00 -1.166582700184047994e+01 -4.873563453600127104e-04
-1.074357389980627575e+00 -1.308603920150454591e+01 -6.784919770730368782e-05
