-2.535808916015803938e+00 -7.751923254617225645e-01
-1.948936719164443332e+00 3.284747550307862696e-01
-1.362064522313083170e+00 1.432141835523295104e+00
-7.751923254617225645e-01 2.535808916015803938e+00
-1.432141835523295104e+00 -1.362064522313083170e+00
-8.452696386719346089e-01 -2.583974418205742252e-01
-2.583974418205742252e-01 8.452696386719346089e-01
3.284747550307862696e-01 1.948936719164443332e+00
-3.284747550307862696e-01 -1.948936719164443332e+00
2.583974418205742252e-01 -8.452696386719346089e-01
8.452696386719346089e-01 2.583974418205742252e-01
1.432141835523295104e+00 1.362064522313083170e+00
7.751923254617225645e-01 -2.535808916015803938e+00
1.362064522313083170e+00 -1.432141835523295104e+00
1.948936719164443332e+00 -3.284747550307862696e-01
2.535808916015803938e+00 7.751923254617225645e-01
