-1.875009379922276898e+00 -1.874990620030798416e+00
-1.875003126625117478e+00 -6.249906200464399042e-01
-1.874996873327957836e+00 6.250093799379186077e-01
-1.874990620030798416e+00 1.875009379922276898e+00
-6.250093799379186077e-01 -1.874996873327957836e+00
-6.250031266407590769e-01 -6.249968733435994350e-01
-6.249968733435994350e-01 6.250031266407590769e-01
-6.249906200464399042e-01 1.875003126625117478e+00
6.249906200464399042e-01 -1.875003126625117478e+00
6.249968733435994350e-01 -6.250031266407590769e-01
6.250031266407590769e-01 6.249968733435994350e-01
6.250093799379186077e-01 1.874996873327957836e+00
1.874990620030798416e+00 -1.875009379922276898e+00
1.874996873327957836e+00 -6.250093799379186077e-01
1.875003126625117478e+00 6.249906200464399042e-01
1.875009379922276898e+00 1.874990620030798416e+00
