-1.236240959167480469e+01 -7.471615314483642578e+00 0.000000000000000000e+00
2.713069617748260498e-01 6.964616775512695312e-01 0.000000000000000000e+00
-1.105150032043457031e+01 -8.702121734619140625e+00 0.000000000000000000e+00
-1.562963867187500000e+01 -1.611541867256164551e+00 0.000000000000000000e+00
-6.414487838745117188e+00 -6.568112373352050781e+00 0.000000000000000000e+00
7.410196781158447266e+00 -2.103761196136474609e+00 0.000000000000000000e+00
-6.928372859954833984e+00 6.811777591705322266e+00 0.000000000000000000e+00
-8.985235214233398438e+00 -9.080241203308105469e+00 0.000000000000000000e+00
1.290931606292724609e+01 2.804936170578002930e+00 0.000000000000000000e+00
-7.898283481597900391e+00 -2.458991765975952148e+00 0.000000000000000000e+00
-1.132838845252990723e+00 -1.302403736114501953e+01 0.000000000000000000e+00
-5.565001964569091797e+00 1.507238507270812988e+00 0.000000000000000000e+00
-6.248903751373291016e+00 -8.836560249328613281e-01 0.000000000000000000e+00
6.048745155334472656e+00 -1.164958477020263672e+01 0.000000000000000000e+00
-3.143233537673950195e+00 -4.359178543090820312e+00 0.000000000000000000e+00
-3.949051618576049805e+00 -1.668738746643066406e+01 0.000000000000000000e+00
-1.177398681640625000e+01 8.413359642028808594e+00 0.000000000000000000e+00
-5.005094528198242188e+00 -2.874660968780517578e+00 0.000000000000000000e+00
-9.620191574096679688e+00 5.941481590270996094e+00 0.000000000000000000e+00
1.955586910247802734e+00 1.437787055969238281e+01 0.000000000000000000e+00
8.322580337524414062e+00 -7.172048091888427734e+00 0.000000000000000000e+00
4.188432216644287109e+00 -7.056664943695068359e+00 0.000000000000000000e+00
-1.781952619552612305e+00 -9.105513095855712891e-01 0.000000000000000000e+00
1.206531047821044922e+01 6.224023342132568359e+00 0.000000000000000000e+00
-8.645313262939453125e+00 1.140231227874755859e+01 0.000000000000000000e+00
1.177854537963867188e+01 -7.733056068420410156e+00 0.000000000000000000e+00
1.329600143432617188e+01 8.423532247543334961e-01 0.000000000000000000e+00
1.489857912063598633e+00 -1.104108047485351562e+01 0.000000000000000000e+00
1.012510871887207031e+01 -3.110878467559814453e+00 0.000000000000000000e+00
7.006361007690429688e+00 3.466034650802612305e+00 0.000000000000000000e+00
5.374565124511718750e+00 1.057686519622802734e+01 0.000000000000000000e+00
1.085299587249755859e+01 -3.273813426494598389e-01 0.000000000000000000e+00
-1.603923988342285156e+01 -3.180415391921997070e+00 0.000000000000000000e+00
-2.388181686401367188e+00 -8.763702392578125000e+00 0.000000000000000000e+00
9.481738090515136719e+00 -5.982800960540771484e+00 0.000000000000000000e+00
-7.686463832855224609e+00 1.519968414306640625e+01 0.000000000000000000e+00
1.460371685028076172e+01 -6.427311897277832031e+00 0.000000000000000000e+00
-9.435798645019531250e+00 1.355493068695068359e+01 0.000000000000000000e+00
5.507794380187988281e+00 1.321367359161376953e+01 0.000000000000000000e+00
-6.299580574035644531e+00 1.427531147003173828e+01 0.000000000000000000e+00
1.042675876617431641e+01 6.823281764984130859e+00 0.000000000000000000e+00
-5.488259315490722656e+00 5.576560974121093750e+00 0.000000000000000000e+00
-1.421605491638183594e+01 -5.055203437805175781e+00 0.000000000000000000e+00
1.745505452156066895e+00 3.491218328475952148e+00 0.000000000000000000e+00
6.269102096557617188e+00 -3.869653463363647461e+00 0.000000000000000000e+00
-2.181433677673339844e+00 1.243447399139404297e+01 0.000000000000000000e+00
3.000925779342651367e+00 8.055273056030273438e+00 0.000000000000000000e+00
-5.950189590454101562e+00 9.949096679687500000e+00 0.000000000000000000e+00
-1.047758483886718750e+01 -6.412213325500488281e+00 0.000000000000000000e+00
3.927636861801147461e+00 -1.700342559814453125e+01 0.000000000000000000e+00
6.816297531127929688e+00 -8.421368598937988281e+00 0.000000000000000000e+00
-1.128541946411132812e+00 1.556204509735107422e+01 0.000000000000000000e+00
1.124911904335021973e+00 -5.689477443695068359e+00 0.000000000000000000e+00
1.599480819702148438e+01 -8.398759365081787109e-01 0.000000000000000000e+00
-2.017540216445922852e+00 -1.624191474914550781e+01 0.000000000000000000e+00
1.302528190612792969e+01 -9.888022422790527344e+00 0.000000000000000000e+00
1.290055274963378906e+01 -4.875134468078613281e+00 0.000000000000000000e+00
-4.387747764587402344e+00 1.177132511138916016e+01 0.000000000000000000e+00
-1.311367130279541016e+01 1.100378417968750000e+01 0.000000000000000000e+00
1.689621925354003906e+01 4.104760646820068359e+00 0.000000000000000000e+00
8.763416290283203125e+00 9.241423606872558594e+00 0.000000000000000000e+00
-1.128403472900390625e+01 4.329535961151123047e+00 0.000000000000000000e+00
1.564434242248535156e+01 2.969763517379760742e+00 0.000000000000000000e+00
-1.556345558166503906e+01 7.657273769378662109e+00 0.000000000000000000e+00
-8.432734489440917969e+00 7.307528018951416016e+00 0.000000000000000000e+00
-1.348391342163085938e+01 -1.012688350677490234e+01 0.000000000000000000e+00
-1.144847393035888672e+01 6.242394447326660156e+00 0.000000000000000000e+00
-3.221197605133056641e+00 -1.148417949676513672e+01 0.000000000000000000e+00
8.439290046691894531e+00 1.134425067901611328e+01 0.000000000000000000e+00
1.091968154907226562e+01 3.589297771453857422e+00 0.000000000000000000e+00
9.902607917785644531e+00 1.043193817138671875e+00 0.000000000000000000e+00
-3.435173034667968750e+00 -1.468472290039062500e+01 0.000000000000000000e+00
8.682822585105895996e-01 1.004273319244384766e+01 0.000000000000000000e+00
-2.172766685485839844e+00 7.977271556854248047e+00 0.000000000000000000e+00
-1.130757236480712891e+01 1.065426921844482422e+01 0.000000000000000000e+00
7.110119819641113281e+00 -3.020741045475006104e-01 0.000000000000000000e+00
-4.248099327087402344e+00 -5.534248352050781250e+00 0.000000000000000000e+00
-8.509294986724853516e-01 -1.522927665710449219e+01 0.000000000000000000e+00
-3.294087648391723633e+00 -1.845849394798278809e+00 0.000000000000000000e+00
-1.205651760101318359e+01 -1.200128459930419922e+01 0.000000000000000000e+00
-1.258201599121093750e+01 2.580404996871948242e+00 0.000000000000000000e+00
2.458193540573120117e+00 2.818779051303863525e-01 0.000000000000000000e+00
9.903147697448730469e+00 -9.929473876953125000e+00 0.000000000000000000e+00
-9.794904708862304688e+00 -1.480825543403625488e+00 0.000000000000000000e+00
5.809579372406005859e+00 1.558087158203125000e+01 0.000000000000000000e+00
-1.060732364654541016e+01 -1.338176536560058594e+01 0.000000000000000000e+00
4.542455673217773438e+00 8.386016845703125000e+00 0.000000000000000000e+00
8.511126518249511719e+00 5.206998348236083984e+00 0.000000000000000000e+00
4.206153392791748047e+00 -1.463238143920898438e+01 0.000000000000000000e+00
7.071638584136962891e+00 1.252113914489746094e+01 0.000000000000000000e+00
3.609245061874389648e+00 1.312563705444335938e+01 0.000000000000000000e+00
-1.153934955596923828e+01 -3.893802881240844727e+00 0.000000000000000000e+00
-1.412028312683105469e+01 5.092919826507568359e+00 0.000000000000000000e+00
7.713659763336181641e+00 1.474923419952392578e+01 0.000000000000000000e+00
2.006214618682861328e+00 6.719738483428955078e+00 0.000000000000000000e+00
1.081462478637695312e+01 8.438155174255371094e+00 0.000000000000000000e+00
7.771729469299316406e+00 -1.462114524841308594e+01 0.000000000000000000e+00
2.812151908874511719e+00 1.723966217041015625e+01 0.000000000000000000e+00
1.979509353637695312e+00 -1.561184883117675781e+01 0.000000000000000000e+00
7.939612269401550293e-01 -1.664902496337890625e+01 0.000000000000000000e+00
-7.014629840850830078e+00 2.212913036346435547e+00 0.000000000000000000e+00
-1.003541755676269531e+01 -4.116771221160888672e+00 0.000000000000000000e+00
-2.680539846420288086e+00 1.504071044921875000e+01 0.000000000000000000e+00
8.882748484611511230e-01 7.970147609710693359e+00 0.000000000000000000e+00
-1.416116523742675781e+01 1.764203906059265137e+00 0.000000000000000000e+00
8.016345977783203125e+00 -1.312368392944335938e+01 0.000000000000000000e+00
-1.036028623580932617e+00 -5.186763763427734375e+00 0.000000000000000000e+00
-1.585992217063903809e+00 5.470026016235351562e+00 0.000000000000000000e+00
1.515108299255371094e+01 7.604628086090087891e+00 0.000000000000000000e+00
6.675965189933776855e-01 -8.478148460388183594e+00 0.000000000000000000e+00
3.389770746231079102e+00 -9.458518981933593750e+00 0.000000000000000000e+00
4.375958919525146484e+00 4.284140110015869141e+00 0.000000000000000000e+00
9.701874852180480957e-01 4.984406471252441406e+00 0.000000000000000000e+00
-2.217979192733764648e+00 1.731757998466491699e+00 0.000000000000000000e+00
1.396870517730712891e+01 6.459430694580078125e+00 0.000000000000000000e+00
1.391726970672607422e+01 -2.560586214065551758e+00 0.000000000000000000e+00
1.157173633575439453e+01 -1.770115971565246582e+00 0.000000000000000000e+00
-9.246046066284179688e+00 -1.113937664031982422e+01 0.000000000000000000e+00
-5.134539604187011719e+00 3.732057571411132812e+00 0.000000000000000000e+00
1.441972637176513672e+01 4.875504970550537109e+00 0.000000000000000000e+00
7.811659812927246094e+00 7.995118141174316406e+00 0.000000000000000000e+00
4.465858936309814453e+00 -1.145057392120361328e+01 0.000000000000000000e+00
6.063072204589843750e+00 5.943530082702636719e+00 0.000000000000000000e+00
2.539395809173583984e+00 -1.373021221160888672e+01 0.000000000000000000e+00
-6.797045707702636719e+00 -1.366397666931152344e+01 0.000000000000000000e+00
-1.445423245429992676e+00 3.476213216781616211e+00 0.000000000000000000e+00
-1.003858852386474609e+01 9.087595939636230469e+00 0.000000000000000000e+00
-3.845905065536499023e+00 7.400971412658691406e+00 0.000000000000000000e+00
-1.288158321380615234e+01 7.146570682525634766e+00 0.000000000000000000e+00
-7.872834205627441406e+00 5.319736003875732422e+00 0.000000000000000000e+00
-4.616638183593750000e+00 1.525244235992431641e+01 0.000000000000000000e+00
1.295325183868408203e+01 8.212868690490722656e+00 0.000000000000000000e+00
-7.590015411376953125e+00 -5.612410545349121094e+00 0.000000000000000000e+00
-1.597650241851806641e+01 5.492720127105712891e+00 0.000000000000000000e+00
-5.112225532531738281e+00 -1.252458477020263672e+01 0.000000000000000000e+00
-1.393169975280761719e+01 -3.179889678955078125e+00 0.000000000000000000e+00
9.381057739257812500e+00 -8.383535385131835938e+00 0.000000000000000000e+00
-1.101761722564697266e+01 -4.595032334327697754e-01 0.000000000000000000e+00
-8.119783401489257812e+00 7.646312117576599121e-01 0.000000000000000000e+00
-1.004350423812866211e+00 1.008564376831054688e+01 0.000000000000000000e+00
4.919361591339111328e+00 6.855456233024597168e-01 0.000000000000000000e+00
2.413693904876708984e+00 -2.398084878921508789e+00 0.000000000000000000e+00
8.626886457204818726e-02 -2.143986463546752930e+00 0.000000000000000000e+00
1.295155882835388184e+00 1.702476119995117188e+01 0.000000000000000000e+00
-1.087257957458496094e+01 1.239363861083984375e+01 0.000000000000000000e+00
-3.996186017990112305e+00 1.018004512786865234e+01 0.000000000000000000e+00
1.142129135131835938e+01 1.267222118377685547e+01 0.000000000000000000e+00
5.419401645660400391e+00 -9.830114364624023438e+00 0.000000000000000000e+00
1.122685050964355469e+01 -1.185453891754150391e+01 0.000000000000000000e+00
1.213129806518554688e+01 1.061561107635498047e+01 0.000000000000000000e+00
9.886996746063232422e-01 1.242123889923095703e+01 0.000000000000000000e+00
-4.811296463012695312e+00 5.104870721697807312e-02 0.000000000000000000e+00
1.600123214721679688e+01 -2.485524415969848633e+00 0.000000000000000000e+00
-9.738568305969238281e+00 1.085504651069641113e+00 0.000000000000000000e+00
-1.195962524414062500e+01 -1.730939626693725586e+00 0.000000000000000000e+00
-1.435916777700185776e-02 1.387749195098876953e+01 0.000000000000000000e+00
3.652818918228149414e+00 1.845387458801269531e+00 0.000000000000000000e+00
-8.851756095886230469e+00 -1.297787094116210938e+01 0.000000000000000000e+00
3.029686510562896729e-01 -3.881108522415161133e+00 0.000000000000000000e+00
1.040804013609886169e-01 -1.021299266815185547e+01 0.000000000000000000e+00
-1.591142940521240234e+01 8.257057666778564453e-01 0.000000000000000000e+00
1.395975112915039062e+01 9.922950744628906250e+00 0.000000000000000000e+00
2.003576278686523438e+00 -6.989035129547119141e+00 0.000000000000000000e+00
4.416834831237792969e+00 5.964655876159667969e+00 0.000000000000000000e+00
5.036193847656250000e+00 -9.014038443565368652e-01 0.000000000000000000e+00
-1.412996959686279297e+01 -1.030842363834381104e-01 0.000000000000000000e+00
-1.313875293731689453e+01 9.500080108642578125e+00 0.000000000000000000e+00
-5.989140987396240234e+00 -1.036504745483398438e+01 0.000000000000000000e+00
-7.853407382965087891e+00 9.537594795227050781e+00 0.000000000000000000e+00
6.106065273284912109e+00 1.924966454505920410e+00 0.000000000000000000e+00
3.452696084976196289e+00 -4.574497699737548828e+00 0.000000000000000000e+00
-1.079217529296875000e+01 2.313269853591918945e+00 0.000000000000000000e+00
5.875669956207275391e+00 -1.565050029754638672e+01 0.000000000000000000e+00
-4.039609432220458984e+00 -9.598791122436523438e+00 0.000000000000000000e+00
2.122349739074707031e-01 6.580207347869873047e+00 0.000000000000000000e+00
2.909360647201538086e+00 -1.219722461700439453e+01 0.000000000000000000e+00
6.059048175811767578e+00 -6.913896560668945312e+00 0.000000000000000000e+00
7.322838783264160156e+00 -5.551939010620117188e+00 0.000000000000000000e+00
-1.239951896667480469e+01 4.242470562458038330e-01 0.000000000000000000e+00
1.275356101989746094e+01 -6.457503795623779297e+00 0.000000000000000000e+00
-3.528175592422485352e+00 1.348554897308349609e+01 0.000000000000000000e+00
-5.844514846801757812e+00 1.241910171508789062e+01 0.000000000000000000e+00
-9.075489044189453125e+00 -1.447239971160888672e+01 0.000000000000000000e+00
1.365739822387695312e+01 -8.310066223144531250e+00 0.000000000000000000e+00
1.468485069274902344e+01 -4.580151081085205078e+00 0.000000000000000000e+00
1.014673137664794922e+01 5.135433197021484375e+00 0.000000000000000000e+00
1.290285491943359375e+01 -1.145590591430664062e+01 0.000000000000000000e+00
8.392542839050292969e+00 -1.154027748107910156e+01 0.000000000000000000e+00
-1.474934673309326172e+01 -8.632254600524902344e+00 0.000000000000000000e+00
-5.548420429229736328e+00 7.656470775604248047e+00 0.000000000000000000e+00
1.008594036102294922e+01 1.108391189575195312e+01 0.000000000000000000e+00
1.516447544097900391e+01 -8.463068008422851562e+00 0.000000000000000000e+00
1.445718097686767578e+01 -1.408301144838333130e-01 0.000000000000000000e+00
-2.744907855987548828e+00 -1.306965923309326172e+01 0.000000000000000000e+00
-1.654842567443847656e+01 -4.622674465179443359e+00 0.000000000000000000e+00
5.304790019989013672e+00 -1.299390029907226562e+01 0.000000000000000000e+00
9.562743186950683594e+00 2.654992103576660156e+00 0.000000000000000000e+00
1.111886692047119141e+01 -6.104928493499755859e+00 0.000000000000000000e+00
1.707544898986816406e+01 -3.787384748458862305e+00 0.000000000000000000e+00
-3.173185586929321289e+00 5.401477336883544922e+00 0.000000000000000000e+00
-2.394228458404541016e+00 1.079503345489501953e+01 0.000000000000000000e+00
1.176221942901611328e+01 -3.838774442672729492e+00 0.000000000000000000e+00
-1.712997055053710938e+01 3.329444169998168945e+00 0.000000000000000000e+00
-1.434284591674804688e+01 3.423830747604370117e+00 0.000000000000000000e+00
2.817169904708862305e+00 1.104656600952148438e+01 0.000000000000000000e+00
-4.965754032135009766e+00 -7.428155422210693359e+00 0.000000000000000000e+00
-9.008547782897949219e+00 2.566946029663085938e+00 0.000000000000000000e+00
4.155370712280273438e+00 -2.589016914367675781e+00 0.000000000000000000e+00
-5.808047056198120117e-01 1.950868964195251465e+00 0.000000000000000000e+00
-7.362213134765625000e+00 -8.266108512878417969e+00 0.000000000000000000e+00
-2.927609205245971680e+00 -6.705596446990966797e+00 0.000000000000000000e+00
9.295739173889160156e+00 1.416816234588623047e+01 0.000000000000000000e+00
-1.390781784057617188e+01 -7.267515182495117188e+00 0.000000000000000000e+00
-1.540360736846923828e+01 -6.153489589691162109e+00 0.000000000000000000e+00
-1.199590325355529785e+00 -6.752510070800781250e+00 0.000000000000000000e+00
1.837844491004943848e+00 -9.574467658996582031e+00 0.000000000000000000e+00
-3.179811000823974609e+00 -5.757868289947509766e-02 0.000000000000000000e+00
-3.409212529659271240e-01 1.700871658325195312e+01 0.000000000000000000e+00
-2.672254562377929688e+00 1.679636955261230469e+01 0.000000000000000000e+00
5.914499163627624512e-01 -1.325144004821777344e+01 0.000000000000000000e+00
-5.786446571350097656e+00 -4.403686523437500000e+00 0.000000000000000000e+00
-1.645650267601013184e+00 -2.512826681137084961e+00 0.000000000000000000e+00
2.756632089614868164e+00 5.027060031890869141e+00 0.000000000000000000e+00
1.702353668212890625e+01 1.753001689910888672e+00 0.000000000000000000e+00
9.305664062500000000e+00 -1.762387871742248535e+00 0.000000000000000000e+00
9.731209754943847656e+00 -1.275265026092529297e+01 0.000000000000000000e+00
1.617936515808105469e+01 6.100079536437988281e+00 0.000000000000000000e+00
1.221925377845764160e+00 -7.287921309471130371e-01 0.000000000000000000e+00
1.917877316474914551e+00 1.872817635536193848e+00 0.000000000000000000e+00
5.337101459503173828e+00 -5.252611637115478516e+00 0.000000000000000000e+00
-1.005020141601562500e+01 7.395990371704101562e+00 0.000000000000000000e+00
-1.110280990600585938e+01 -1.032682037353515625e+01 0.000000000000000000e+00
8.991806030273437500e+00 -4.344736576080322266e+00 0.000000000000000000e+00
-7.308115482330322266e+00 -1.572363185882568359e+01 0.000000000000000000e+00
-1.779882431030273438e+00 -1.105924510955810547e+01 0.000000000000000000e+00
3.613925218582153320e+00 1.536953067779541016e+01 0.000000000000000000e+00
-7.403682708740234375e+00 1.229933357238769531e+01 0.000000000000000000e+00
-1.237853527069091797e+01 1.232318973541259766e+01 0.000000000000000000e+00
8.184829711914062500e+00 1.647205710411071777e+00 0.000000000000000000e+00
-4.447688102722167969e+00 1.679009437561035156e+01 0.000000000000000000e+00
-2.862535417079925537e-01 -1.168749332427978516e+01 0.000000000000000000e+00
1.234126758575439453e+01 4.582350730895996094e+00 0.000000000000000000e+00
-7.444593906402587891e+00 -1.139768886566162109e+01 0.000000000000000000e+00
-4.013791084289550781e+00 1.358778357505798340e+00 0.000000000000000000e+00
-1.260810279846191406e+01 -5.246269702911376953e+00 0.000000000000000000e+00
-5.407289981842041016e+00 -1.588591480255126953e+01 0.000000000000000000e+00
-1.718056678771972656e+01 -5.745868682861328125e-01 0.000000000000000000e+00
-6.592904925346374512e-01 8.170086860656738281e+00 0.000000000000000000e+00
3.691898345947265625e+00 9.708749771118164062e+00 0.000000000000000000e+00
6.419987678527832031e+00 9.023796081542968750e+00 0.000000000000000000e+00
1.602832031250000000e+01 -5.280625343322753906e+00 0.000000000000000000e+00
9.592767715454101562e+00 1.264497375488281250e+01 0.000000000000000000e+00
-9.426806449890136719e+00 4.314780712127685547e+00 0.000000000000000000e+00
-6.711731910705566406e+00 4.194536685943603516e+00 0.000000000000000000e+00
7.211873531341552734e+00 -1.058639144897460938e+01 0.000000000000000000e+00
-1.715972137451171875e+01 1.691770076751708984e+00 0.000000000000000000e+00
