-2.475232129249097301e+00 -9.510393821146322368e-01
-1.967167880204275576e+00 1.910511216732776463e-01
-1.459103631159453851e+00 1.333141625461187196e+00
-9.510393821146322368e-01 2.475232129249097301e+00
-1.333141625461187196e+00 -1.459103631159453851e+00
-8.250773764163656931e-01 -3.170131273715440234e-01
-3.170131273715440234e-01 8.250773764163656931e-01
1.910511216732776463e-01 1.967167880204275576e+00
-1.910511216732776463e-01 -1.967167880204275576e+00
3.170131273715440234e-01 -8.250773764163656931e-01
8.250773764163656931e-01 3.170131273715440234e-01
1.333141625461187196e+00 1.459103631159453851e+00
9.510393821146322368e-01 -2.475232129249097301e+00
1.459103631159453851e+00 -1.333141625461187196e+00
1.967167880204275576e+00 -1.910511216732776463e-01
2.475232129249097301e+00 9.510393821146322368e-01
