-7.747725009918212891e+00 -1.470886516571044922e+01 0.000000000000000000e+00
-1.051310253143310547e+01 -1.219893074035644531e+01 0.000000000000000000e+00
-7.481506824493408203e+00 -9.746956825256347656e+00 0.000000000000000000e+00
-1.407886219024658203e+01 -8.965473771095275879e-01 0.000000000000000000e+00
-3.021354913711547852e+00 -1.160762119293212891e+01 0.000000000000000000e+00
-9.627389907836914062e+00 -5.442462921142578125e+00 0.000000000000000000e+00
1.005458068847656250e+01 -1.554985523223876953e+00 0.000000000000000000e+00
-1.612799835205078125e+01 2.964768409729003906e+00 0.000000000000000000e+00
1.498443794250488281e+01 -5.183575630187988281e+00 0.000000000000000000e+00
-1.120324730873107910e+00 6.058889627456665039e-02 0.000000000000000000e+00
-2.052377700805664062e+00 6.544946670532226562e+00 0.000000000000000000e+00
-8.917476654052734375e+00 -9.124639511108398438e+00 0.000000000000000000e+00
2.298583984375000000e+00 -1.164897823333740234e+01 0.000000000000000000e+00
-1.391250133514404297e+01 9.431557655334472656e+00 0.000000000000000000e+00
2.267159938812255859e+00 1.202333354949951172e+01 0.000000000000000000e+00
9.647186279296875000e+00 3.033498764038085938e+00 0.000000000000000000e+00
-1.398285007476806641e+01 -7.143289566040039062e+00 0.000000000000000000e+00
5.076201915740966797e+00 3.767102956771850586e+00 0.000000000000000000e+00
-1.251028442382812500e+01 8.030624389648437500e+00 0.000000000000000000e+00
3.515484333038330078e+00 9.047729492187500000e+00 0.000000000000000000e+00
9.267537117004394531e+00 -1.129189014434814453e+01 0.000000000000000000e+00
1.349105930328369141e+01 3.161356210708618164e+00 0.000000000000000000e+00
-2.228003740310668945e+00 -6.553863048553466797e+00 0.000000000000000000e+00
2.806290626525878906e+00 -9.308165550231933594e+00 0.000000000000000000e+00
-3.615792751312255859e+00 -1.013560652732849121e+00 0.000000000000000000e+00
-7.176896572113037109e+00 1.192360973358154297e+01 0.000000000000000000e+00
1.372734165191650391e+01 -9.341463446617126465e-01 0.000000000000000000e+00
-9.059086799621582031e+00 2.636972904205322266e+00 0.000000000000000000e+00
-5.427719116210937500e+00 7.968269348144531250e+00 0.000000000000000000e+00
5.640954017639160156e+00 1.317839813232421875e+01 0.000000000000000000e+00
-6.083928585052490234e+00 -7.690525531768798828e+00 0.000000000000000000e+00
8.132357597351074219e+00 4.292953968048095703e+00 0.000000000000000000e+00
-1.651121526956558228e-01 1.647461318969726562e+01 0.000000000000000000e+00
1.031181049346923828e+01 6.075955867767333984e+00 0.000000000000000000e+00
1.124542951583862305e+00 8.731807708740234375e+00 0.000000000000000000e+00
2.891227960586547852e+00 -5.074975967407226562e+00 0.000000000000000000e+00
-1.625432586669921875e+01 4.529595375061035156e+00 0.000000000000000000e+00
4.544345855712890625e+00 2.099842071533203125e+00 0.000000000000000000e+00
1.246968746185302734e+01 5.268720626831054688e+00 0.000000000000000000e+00
-1.017902660369873047e+01 -1.036221694946289062e+01 0.000000000000000000e+00
-1.142739677429199219e+01 -2.632077217102050781e+00 0.000000000000000000e+00
1.839821100234985352e+00 -7.887560844421386719e+00 0.000000000000000000e+00
5.249162316322326660e-01 3.287373065948486328e+00 0.000000000000000000e+00
-8.561308860778808594e+00 1.270748138427734375e+01 0.000000000000000000e+00
-1.213292980194091797e+01 -8.922872543334960938e+00 0.000000000000000000e+00
-7.865146636962890625e+00 9.231696128845214844e-01 0.000000000000000000e+00
-3.576078414916992188e+00 -9.675418853759765625e+00 0.000000000000000000e+00
-2.353673458099365234e+00 1.860253095626831055e+00 0.000000000000000000e+00
8.702703475952148438e+00 -2.779566347599029541e-01 0.000000000000000000e+00
-1.028699302673339844e+01 1.281480216979980469e+01 0.000000000000000000e+00
1.339368438720703125e+01 -4.234576225280761719e+00 0.000000000000000000e+00
2.365216493606567383e+00 4.897186756134033203e+00 0.000000000000000000e+00
4.497896432876586914e-01 -1.188695144653320312e+01 0.000000000000000000e+00
1.667609786987304688e+01 2.827550888061523438e+00 0.000000000000000000e+00
3.349699020385742188e+00 1.345443820953369141e+01 0.000000000000000000e+00
1.338816547393798828e+01 -6.505377769470214844e+00 0.000000000000000000e+00
1.153404331207275391e+01 8.745176315307617188e+00 0.000000000000000000e+00
-1.081535053253173828e+01 1.270120024681091309e+00 0.000000000000000000e+00
-1.369630694389343262e+00 -1.599927783012390137e+00 0.000000000000000000e+00
-1.242689418792724609e+01 3.503250360488891602e+00 0.000000000000000000e+00
1.093873214721679688e+01 4.479837894439697266e+00 0.000000000000000000e+00
-4.401633739471435547e+00 4.092273235321044922e+00 0.000000000000000000e+00
6.408934116363525391e+00 -1.249840259552001953e+01 0.000000000000000000e+00
-1.452061367034912109e+01 -8.773551940917968750e+00 0.000000000000000000e+00
-1.199441528320312500e+01 1.083503055572509766e+01 0.000000000000000000e+00
2.675920248031616211e+00 -1.698933792114257812e+01 0.000000000000000000e+00
1.422078609466552734e+01 -2.916714191436767578e+00 0.000000000000000000e+00
-3.783230066299438477e+00 9.168178558349609375e+00 0.000000000000000000e+00
4.347951889038085938e+00 -1.394350910186767578e+01 0.000000000000000000e+00
1.086292457580566406e+01 1.264936637878417969e+01 0.000000000000000000e+00
-1.559791564941406250e+01 -5.467756271362304688e+00 0.000000000000000000e+00
-3.212375402450561523e+00 1.682833099365234375e+01 0.000000000000000000e+00
-8.814733505249023438e+00 -2.814689874649047852e+00 0.000000000000000000e+00
-9.678039550781250000e+00 4.702527999877929688e+00 0.000000000000000000e+00
-1.870791316032409668e+00 -1.466589069366455078e+01 0.000000000000000000e+00
1.298897552490234375e+01 1.102103233337402344e+01 0.000000000000000000e+00
7.509056091308593750e+00 1.108686923980712891e+00 0.000000000000000000e+00
-1.305426025390625000e+01 -5.344892978668212891e+00 0.000000000000000000e+00
-6.598769187927246094e+00 -1.155942726135253906e+01 0.000000000000000000e+00
1.634916305541992188e+01 -3.271641969680786133e+00 0.000000000000000000e+00
3.366632461547851562e+00 -4.587527513504028320e-01 0.000000000000000000e+00
4.838497161865234375e+00 -1.029172039031982422e+01 0.000000000000000000e+00
-1.349074935913085938e+01 -1.047845268249511719e+01 0.000000000000000000e+00
-1.037054061889648438e+00 1.307327651977539062e+01 0.000000000000000000e+00
9.200680732727050781e+00 -6.681459426879882812e+00 0.000000000000000000e+00
-3.340344667434692383e+00 -5.205870151519775391e+00 0.000000000000000000e+00
1.647192192077636719e+01 5.347130894660949707e-01 0.000000000000000000e+00
9.076782226562500000e+00 7.745514869689941406e+00 0.000000000000000000e+00
-6.034561157226562500e+00 2.657750606536865234e+00 0.000000000000000000e+00
-8.264447212219238281e+00 -6.370485782623291016e+00 0.000000000000000000e+00
4.368784904479980469e+00 1.591098690032958984e+01 0.000000000000000000e+00
6.102192878723144531e+00 1.166193675994873047e+01 0.000000000000000000e+00
-6.566495418548583984e+00 1.025378036499023438e+01 0.000000000000000000e+00
-1.414332389831542969e+00 -9.514641761779785156e+00 0.000000000000000000e+00
-8.013675689697265625e+00 7.664170265197753906e+00 0.000000000000000000e+00
6.112772464752197266e+00 -2.209400653839111328e+00 0.000000000000000000e+00
-3.921254873275756836e+00 -3.685963630676269531e+00 0.000000000000000000e+00
6.139492034912109375e+00 -1.585645961761474609e+01 0.000000000000000000e+00
-1.281462287902832031e+01 6.169950962066650391e+00 0.000000000000000000e+00
1.521310329437255859e+01 1.820596933364868164e+00 0.000000000000000000e+00
-1.045216560363769531e+01 -1.385647678375244141e+01 0.000000000000000000e+00
-1.108987712860107422e+01 -7.844486713409423828e+00 0.000000000000000000e+00
-9.442848205566406250e+00 -1.050755381584167480e+00 0.000000000000000000e+00
5.128588676452636719e+00 6.111185073852539062e+00 0.000000000000000000e+00
-4.025785446166992188e+00 -1.592014408111572266e+01 0.000000000000000000e+00
2.515416860580444336e+00 1.572427558898925781e+01 0.000000000000000000e+00
2.391236782073974609e+00 2.207583427429199219e+00 0.000000000000000000e+00
-1.261191463470458984e+01 -1.188391590118408203e+01 0.000000000000000000e+00
8.294445037841796875e+00 -8.418160438537597656e+00 0.000000000000000000e+00
3.615405559539794922e-01 -6.047200202941894531e+00 0.000000000000000000e+00
-1.037748336791992188e+00 -3.498671054840087891e+00 0.000000000000000000e+00
-1.475693702697753906e+01 6.987419128417968750e+00 0.000000000000000000e+00
7.687664031982421875e+00 -1.093355560302734375e+01 0.000000000000000000e+00
6.675188064575195312e+00 -3.625546932220458984e+00 0.000000000000000000e+00
4.936692237854003906e+00 -7.248463630676269531e+00 0.000000000000000000e+00
-5.782607078552246094e+00 -5.265276432037353516e-01 0.000000000000000000e+00
-1.619620895385742188e+01 -6.344602108001708984e-01 0.000000000000000000e+00
5.201155185699462891e+00 -9.901880025863647461e-01 0.000000000000000000e+00
1.303982543945312500e+01 -9.631825447082519531e+00 0.000000000000000000e+00
1.412234592437744141e+01 7.695102691650390625e+00 0.000000000000000000e+00
-1.069277000427246094e+01 3.070363998413085938e+00 0.000000000000000000e+00
1.120591354370117188e+01 -8.439418792724609375e+00 0.000000000000000000e+00
-4.194474697113037109e+00 1.267513370513916016e+01 0.000000000000000000e+00
-7.715640544891357422e+00 3.668935775756835938e+00 0.000000000000000000e+00
1.225868701934814453e+01 6.548861972987651825e-03 0.000000000000000000e+00
-3.598356008529663086e+00 -7.857538700103759766e+00 0.000000000000000000e+00
-2.105634927749633789e+00 3.595810651779174805e+00 0.000000000000000000e+00
1.675378561019897461e+00 -1.447960567474365234e+01 0.000000000000000000e+00
-1.523700618743896484e+01 9.931603670120239258e-01 0.000000000000000000e+00
7.670220375061035156e+00 1.054572296142578125e+01 0.000000000000000000e+00
-5.441806316375732422e+00 -1.384476184844970703e+01 0.000000000000000000e+00
-1.274265170097351074e+00 -1.256535720825195312e+01 0.000000000000000000e+00
7.979948520660400391e+00 -1.253856182098388672e+01 0.000000000000000000e+00
1.681872177124023438e+01 -1.332254409790039062e+00 0.000000000000000000e+00
6.999261379241943359e+00 1.492018222808837891e+01 0.000000000000000000e+00
1.071352291107177734e+01 -6.422484397888183594e+00 0.000000000000000000e+00
1.538733577728271484e+01 -7.900377750396728516e+00 0.000000000000000000e+00
8.111927032470703125e+00 2.788319349288940430e+00 0.000000000000000000e+00
-1.329828619956970215e+00 -7.822763919830322266e+00 0.000000000000000000e+00
1.980632662773132324e+00 1.014112281799316406e+01 0.000000000000000000e+00
-1.958439469337463379e+00 1.552568340301513672e+01 0.000000000000000000e+00
-4.210504055023193359e+00 1.988602995872497559e+00 0.000000000000000000e+00
4.291028499603271484e+00 -5.706006526947021484e+00 0.000000000000000000e+00
-1.675811767578125000e+01 1.164128899574279785e+00 0.000000000000000000e+00
-7.271506309509277344e+00 5.583813190460205078e+00 0.000000000000000000e+00
-1.170306968688964844e+01 -7.734158039093017578e-01 0.000000000000000000e+00
-1.565293312072753906e+01 -7.142062187194824219e+00 0.000000000000000000e+00
1.443333244323730469e+01 6.096713066101074219e+00 0.000000000000000000e+00
9.007863998413085938e+00 -4.174849033355712891e+00 0.000000000000000000e+00
1.535084152221679688e+01 4.181239128112792969e+00 0.000000000000000000e+00
1.513244032859802246e+00 7.108533382415771484e-01 0.000000000000000000e+00
1.591998577117919922e+01 6.912029743194580078e+00 0.000000000000000000e+00
-9.257980346679687500e+00 6.579246997833251953e+00 0.000000000000000000e+00
-3.064605891704559326e-01 1.136688709259033203e+01 0.000000000000000000e+00
-5.297202587127685547e+00 -6.343140602111816406e+00 0.000000000000000000e+00
2.917783558368682861e-01 5.462262630462646484e+00 0.000000000000000000e+00
-9.424604415893554688e+00 1.110220909118652344e+01 0.000000000000000000e+00
2.893255233764648438e+00 -2.156605005264282227e+00 0.000000000000000000e+00
4.165530204772949219e+00 -1.553582572937011719e+01 0.000000000000000000e+00
2.902518272399902344e+00 7.007331371307373047e+00 0.000000000000000000e+00
-1.497629833221435547e+01 -2.665004491806030273e+00 0.000000000000000000e+00
1.034705162048339844e+01 5.572916865348815918e-01 0.000000000000000000e+00
2.998784065246582031e+00 -6.838856697082519531e+00 0.000000000000000000e+00
3.978990077972412109e+00 1.162236881256103516e+01 0.000000000000000000e+00
5.446420192718505859e+00 1.024339103698730469e+01 0.000000000000000000e+00
-1.290447998046875000e+01 1.880552530288696289e+00 0.000000000000000000e+00
-5.621673107147216797e+00 -3.826325893402099609e+00 0.000000000000000000e+00
5.524364948272705078e+00 8.203816413879394531e+00 0.000000000000000000e+00
-1.396354579925537109e+01 5.176178932189941406e+00 0.000000000000000000e+00
-3.862037181854248047e+00 5.891273021697998047e+00 0.000000000000000000e+00
-4.663739204406738281e+00 1.589357566833496094e+01 0.000000000000000000e+00
8.515381813049316406e+00 5.998293876647949219e+00 0.000000000000000000e+00
1.216298341751098633e+00 -2.884181499481201172e+00 0.000000000000000000e+00
-1.413233637809753418e+00 7.996925354003906250e+00 0.000000000000000000e+00
-4.655479907989501953e+00 1.414280223846435547e+01 0.000000000000000000e+00
1.000420951843261719e+01 1.419246959686279297e+01 0.000000000000000000e+00
-1.109710597991943359e+01 7.234184741973876953e+00 0.000000000000000000e+00
1.254035949707031250e+00 -9.306136131286621094e+00 0.000000000000000000e+00
9.574623107910156250e+00 -1.364912700653076172e+01 0.000000000000000000e+00
-2.110655546188354492e+00 -1.722157859802246094e+01 0.000000000000000000e+00
-1.615586131811141968e-01 1.340944409370422363e+00 0.000000000000000000e+00
-6.223913192749023438e+00 -1.557289695739746094e+01 0.000000000000000000e+00
1.221163940429687500e+01 -3.079621791839599609e+00 0.000000000000000000e+00
-8.837614059448242188e+00 -1.125413417816162109e+01 0.000000000000000000e+00
-1.439191246032714844e+01 2.362238645553588867e+00 0.000000000000000000e+00
-6.441635608673095703e+00 1.373560810089111328e+01 0.000000000000000000e+00
-1.105848598480224609e+01 9.118113517761230469e+00 0.000000000000000000e+00
-3.356227636337280273e+00 1.079838943481445312e+01 0.000000000000000000e+00
-6.565258979797363281e+00 1.576808357238769531e+01 0.000000000000000000e+00
1.000308704376220703e+01 -9.555148124694824219e+00 0.000000000000000000e+00
1.138617897033691406e+01 2.582430839538574219e+00 0.000000000000000000e+00
-6.121102809906005859e+00 -2.380840301513671875e+00 0.000000000000000000e+00
-1.621641921997070312e+01 -4.092935562133789062e+00 0.000000000000000000e+00
9.217864990234375000e+00 1.120518970489501953e+01 0.000000000000000000e+00
1.367687320709228516e+01 7.627057433128356934e-01 0.000000000000000000e+00
4.605444908142089844e+00 -3.564845800399780273e+00 0.000000000000000000e+00
7.425336837768554688e+00 -6.711423397064208984e+00 0.000000000000000000e+00
1.431326866149902344e+00 1.683482933044433594e+01 0.000000000000000000e+00
1.117178440093994141e+01 -1.153595733642578125e+01 0.000000000000000000e+00
9.323430657386779785e-01 1.473640251159667969e+01 0.000000000000000000e+00
-1.023780632019042969e+01 -3.550171375274658203e+00 0.000000000000000000e+00
7.140798091888427734e+00 1.335947704315185547e+01 0.000000000000000000e+00
6.300600528717041016e+00 -9.691602706909179688e+00 0.000000000000000000e+00
1.168851470947265625e+01 -4.901212215423583984e+00 0.000000000000000000e+00
-8.514219284057617188e+00 9.174528121948242188e+00 0.000000000000000000e+00
-1.114448165893554688e+01 5.279178619384765625e+00 0.000000000000000000e+00
-4.865881919860839844e+00 -8.705120086669921875e+00 0.000000000000000000e+00
8.621381759643554688e+00 -2.534246921539306641e+00 0.000000000000000000e+00
-1.157199096679687500e+01 -5.976147651672363281e+00 0.000000000000000000e+00
-4.665698051452636719e+00 -1.206496334075927734e+01 0.000000000000000000e+00
7.019667625427246094e+00 6.153424263000488281e+00 0.000000000000000000e+00
1.459976315498352051e+00 -1.033543229103088379e+00 0.000000000000000000e+00
8.650750160217285156e+00 9.220829963684082031e+00 0.000000000000000000e+00
-2.877680778503417969e+00 -2.327265501022338867e+00 0.000000000000000000e+00
-3.487493991851806641e+00 -1.337827491760253906e+01 0.000000000000000000e+00
7.366513252258300781e+00 -1.172676920890808105e+00 0.000000000000000000e+00
-2.605906963348388672e+00 1.335247039794921875e+01 0.000000000000000000e+00
-1.429440140724182129e+00 -5.092687606811523438e+00 0.000000000000000000e+00
-7.326220512390136719e+00 -8.629058599472045898e-01 0.000000000000000000e+00
1.090048503875732422e+01 1.074937057495117188e+01 0.000000000000000000e+00
-7.975005149841308594e+00 1.426527023315429688e+01 0.000000000000000000e+00
-2.343828827142715454e-01 -1.467718982696533203e+01 0.000000000000000000e+00
6.267574310302734375e+00 -1.422170829772949219e+01 0.000000000000000000e+00
3.910350561141967773e+00 -1.175514888763427734e+01 0.000000000000000000e+00
-6.245942115783691406e-01 -1.624610137939453125e+01 0.000000000000000000e+00
-5.308622360229492188e+00 -1.053415012359619141e+01 0.000000000000000000e+00
-7.122927188873291016e+00 -4.903995513916015625e+00 0.000000000000000000e+00
9.608275294303894043e-01 1.316568183898925781e+01 0.000000000000000000e+00
4.388585567474365234e+00 -8.772949218750000000e+00 0.000000000000000000e+00
7.386608600616455078e+00 -5.059236526489257812e+00 0.000000000000000000e+00
-1.430117034912109375e+01 -4.084185600280761719e+00 0.000000000000000000e+00
-1.720148468017578125e+01 -2.633649110794067383e+00 0.000000000000000000e+00
1.068202257156372070e+00 -1.684539222717285156e+01 0.000000000000000000e+00
8.405787467956542969e+00 -1.524348068237304688e+01 0.000000000000000000e+00
-1.297552680969238281e+01 -2.736326217651367188e+00 0.000000000000000000e+00
6.437696456909179688e+00 4.710659980773925781e+00 0.000000000000000000e+00
-5.598395824432373047e+00 5.226089000701904297e+00 0.000000000000000000e+00
6.026323795318603516e+00 2.339942216873168945e+00 0.000000000000000000e+00
1.389210796356201172e+01 -8.206193923950195312e+00 0.000000000000000000e+00
-8.057264328002929688e+00 -1.257336807250976562e+01 0.000000000000000000e+00
1.194335365295410156e+01 6.790262222290039062e+00 0.000000000000000000e+00
1.246446490287780762e+00 7.120924949645996094e+00 0.000000000000000000e+00
7.561938762664794922e+00 7.573486804962158203e+00 0.000000000000000000e+00
-5.120875835418701172e+00 1.077402210235595703e+01 0.000000000000000000e+00
-1.942391633987426758e+00 1.027140903472900391e+01 0.000000000000000000e+00
1.236360311508178711e+00 -4.533022880554199219e+00 0.000000000000000000e+00
1.507404804229736328e+01 -1.839541196823120117e-01 0.000000000000000000e+00
5.330202102661132812e+00 6.183450818061828613e-01 0.000000000000000000e+00
-1.991030335426330566e+00 1.185913944244384766e+01 0.000000000000000000e+00
8.650978088378906250e+00 1.276173877716064453e+01 0.000000000000000000e+00
1.320517826080322266e+01 -1.117613792419433594e+01 0.000000000000000000e+00
-9.470436096191406250e+00 -7.315030097961425781e+00 0.000000000000000000e+00
1.676029413938522339e-01 -1.039514446258544922e+01 0.000000000000000000e+00
-7.474197745323181152e-01 4.332108974456787109e+00 0.000000000000000000e+00
1.073271179199218750e+01 -3.365490674972534180e+00 0.000000000000000000e+00
1.448719120025634766e+01 9.431097984313964844e+00 0.000000000000000000e+00
