-1.592141819000244141e+01 2.147756814956665039e+00 0.000000000000000000e+00
-8.028571605682373047e-01 3.357393264770507812e+00 0.000000000000000000e+00
-1.293917083740234375e+01 -5.947018146514892578e+00 0.000000000000000000e+00
-1.150978183746337891e+01 -4.650695323944091797e+00 0.000000000000000000e+00
-1.177647352218627930e+00 -8.525315284729003906e+00 0.000000000000000000e+00
8.001258969306945801e-02 1.606343078613281250e+01 0.000000000000000000e+00
-9.764217376708984375e+00 8.680902481079101562e+00 0.000000000000000000e+00
1.358087825775146484e+01 7.470569610595703125e+00 0.000000000000000000e+00
1.068723201751708984e+01 5.991147041320800781e+00 0.000000000000000000e+00
-8.919827461242675781e+00 1.226907634735107422e+01 0.000000000000000000e+00
2.694955348968505859e+00 1.724500274658203125e+01 0.000000000000000000e+00
-3.365882873535156250e+00 -2.573298931121826172e+00 0.000000000000000000e+00
-1.351695251464843750e+01 -3.961952924728393555e+00 0.000000000000000000e+00
-1.029690933227539062e+01 1.098084926605224609e+01 0.000000000000000000e+00
7.190891504287719727e-01 5.823193788528442383e-01 0.000000000000000000e+00
-1.611395263671875000e+01 -4.012457132339477539e-01 0.000000000000000000e+00
-9.607504844665527344e+00 3.079757690429687500e+00 0.000000000000000000e+00
-1.795292615890502930e+00 7.806054592132568359e+00 0.000000000000000000e+00
-1.263882637023925781e+01 5.448864936828613281e+00 0.000000000000000000e+00
1.416061401367187500e+01 9.006918907165527344e+00 0.000000000000000000e+00
-3.240974187850952148e+00 1.773020029067993164e+00 0.000000000000000000e+00
4.921454906463623047e+00 -1.129888057708740234e+01 0.000000000000000000e+00
7.906591892242431641e+00 8.814259529113769531e+00 0.000000000000000000e+00
-2.626978874206542969e+00 3.772271633148193359e+00 0.000000000000000000e+00
7.893756031990051270e-01 7.800620079040527344e+00 0.000000000000000000e+00
-1.385586261749267578e+01 -1.042113304138183594e+01 0.000000000000000000e+00
1.115453815460205078e+01 1.177648925781250000e+01 0.000000000000000000e+00
7.501878738403320312e+00 1.454849481582641602e+00 0.000000000000000000e+00
-1.569008111953735352e+00 -4.980758666992187500e+00 0.000000000000000000e+00
1.528353023529052734e+01 1.005043625831604004e+00 0.000000000000000000e+00
-3.477867364883422852e+00 1.604293060302734375e+01 0.000000000000000000e+00
-2.738359868526458740e-01 1.243986511230468750e+01 0.000000000000000000e+00
1.607080268859863281e+01 5.932387828826904297e+00 0.000000000000000000e+00
1.974377989768981934e+00 -2.475823014974594116e-01 0.000000000000000000e+00
-3.055335998535156250e+00 -5.238053321838378906e+00 0.000000000000000000e+00
-1.253854656219482422e+01 -1.176630783081054688e+01 0.000000000000000000e+00
7.720868587493896484e+00 -1.339734363555908203e+01 0.000000000000000000e+00
-1.566787242889404297e+01 -4.755366802215576172e+00 0.000000000000000000e+00
5.689066410064697266e+00 1.741916298866271973e+00 0.000000000000000000e+00
1.244053745269775391e+01 -1.056727766990661621e+00 0.000000000000000000e+00
8.650412559509277344e+00 1.039670562744140625e+01 0.000000000000000000e+00
-8.023118972778320312e+00 -1.292415428161621094e+01 0.000000000000000000e+00
-3.625102281570434570e+00 -1.003500652313232422e+01 0.000000000000000000e+00
-7.515987396240234375e+00 -9.794762611389160156e+00 0.000000000000000000e+00
1.273785114288330078e+00 2.651349067687988281e+00 0.000000000000000000e+00
2.247280597686767578e+00 -8.029740333557128906e+00 0.000000000000000000e+00
1.056940078735351562e+01 8.117108345031738281e+00 0.000000000000000000e+00
-1.525031280517578125e+01 -2.568835258483886719e+00 0.000000000000000000e+00
-4.196361064910888672e+00 -1.511898422241210938e+01 0.000000000000000000e+00
1.167937374114990234e+01 -9.167514801025390625e+00 0.000000000000000000e+00
-9.346430778503417969e+00 -9.465965270996093750e+00 0.000000000000000000e+00
1.374113750457763672e+01 -7.712723255157470703e+00 0.000000000000000000e+00
2.896677970886230469e+00 4.727915763854980469e+00 0.000000000000000000e+00
1.502420139312744141e+01 -6.905364990234375000e+00 0.000000000000000000e+00
1.841454386711120605e+00 -4.042038440704345703e+00 0.000000000000000000e+00
-5.206831455230712891e+00 -1.134778499603271484e+01 0.000000000000000000e+00
5.352081298828125000e+00 -1.335170173645019531e+01 0.000000000000000000e+00
-1.398435211181640625e+01 8.716136932373046875e+00 0.000000000000000000e+00
-1.240025401115417480e+00 -1.528204345703125000e+01 0.000000000000000000e+00
-1.160228252410888672e+01 1.236568641662597656e+01 0.000000000000000000e+00
-7.584457397460937500e+00 1.505295753479003906e+01 0.000000000000000000e+00
8.412235260009765625e+00 7.326832771301269531e+00 0.000000000000000000e+00
9.646269798278808594e+00 -1.127078723907470703e+01 0.000000000000000000e+00
4.633702754974365234e+00 1.655643081665039062e+01 0.000000000000000000e+00
-1.004793643951416016e+01 -3.342092037200927734e+00 0.000000000000000000e+00
2.250614166259765625e+00 9.470169067382812500e+00 0.000000000000000000e+00
6.254944324493408203e+00 -7.418976306915283203e+00 0.000000000000000000e+00
1.447994899749755859e+01 -4.778916835784912109e+00 0.000000000000000000e+00
3.652592003345489502e-02 1.031048583984375000e+01 0.000000000000000000e+00
9.977643013000488281e+00 -2.092875719070434570e+00 0.000000000000000000e+00
-8.049213409423828125e+00 2.814372301101684570e+00 0.000000000000000000e+00
-4.032837390899658203e+00 1.236739253997802734e+01 0.000000000000000000e+00
1.910986304283142090e+00 -1.247126197814941406e+01 0.000000000000000000e+00
1.129180240631103516e+01 -5.139163494110107422e+00 0.000000000000000000e+00
-5.738999843597412109e+00 2.372803211212158203e+00 0.000000000000000000e+00
-4.827891349792480469e+00 1.094202232360839844e+01 0.000000000000000000e+00
-1.263846969604492188e+01 -1.762963771820068359e+00 0.000000000000000000e+00
8.564188003540039062e+00 -9.452344894409179688e+00 0.000000000000000000e+00
-1.472802829742431641e+01 -7.329540729522705078e+00 0.000000000000000000e+00
-6.149005889892578125e+00 7.353555679321289062e+00 0.000000000000000000e+00
-1.146759605407714844e+01 -8.481568336486816406e+00 0.000000000000000000e+00
-6.855316460132598877e-02 -7.466619491577148438e+00 0.000000000000000000e+00
4.207003593444824219e+00 8.142809867858886719e+00 0.000000000000000000e+00
-5.384639739990234375e+00 -8.113562583923339844e+00 0.000000000000000000e+00
-2.162230968475341797e+00 1.112466716766357422e+01 0.000000000000000000e+00
-6.784396648406982422e+00 -2.819372177124023438e+00 0.000000000000000000e+00
-8.052881240844726562e+00 -1.443393421173095703e+01 0.000000000000000000e+00
-8.422323226928710938e+00 6.454648494720458984e+00 0.000000000000000000e+00
-1.091405773162841797e+01 -9.169096350669860840e-01 0.000000000000000000e+00
1.118225002288818359e+01 -7.275617122650146484e+00 0.000000000000000000e+00
-8.806401252746582031e+00 -7.420895576477050781e+00 0.000000000000000000e+00
2.569309473037719727e+00 -1.056715965270996094e+01 0.000000000000000000e+00
5.764159679412841797e+00 1.525797462463378906e+01 0.000000000000000000e+00
6.806086540222167969e+00 -1.219846916198730469e+01 0.000000000000000000e+00
-4.824467182159423828e+00 1.385274124145507812e+01 0.000000000000000000e+00
9.763978958129882812e+00 1.286114120483398438e+01 0.000000000000000000e+00
4.243720054626464844e+00 1.309421807527542114e-01 0.000000000000000000e+00
-8.010182380676269531e+00 1.133995652198791504e+00 0.000000000000000000e+00
4.421783924102783203e+00 5.245532989501953125e+00 0.000000000000000000e+00
1.018788909912109375e+01 4.522804737091064453e+00 0.000000000000000000e+00
4.804170608520507812e+00 1.044503211975097656e+01 0.000000000000000000e+00
8.572694778442382812e+00 1.525162792205810547e+01 0.000000000000000000e+00
6.405320644378662109e+00 7.873487472534179688e+00 0.000000000000000000e+00
2.506419181823730469e+00 1.359078407287597656e+00 0.000000000000000000e+00
-4.230874061584472656e+00 4.306019306182861328e+00 0.000000000000000000e+00
-1.199345874786376953e+01 -1.026660633087158203e+01 0.000000000000000000e+00
1.561081027984619141e+01 -3.790391445159912109e+00 0.000000000000000000e+00
3.434175729751586914e+00 -4.856049060821533203e+00 0.000000000000000000e+00
1.942787408828735352e+00 1.332441329956054688e+01 0.000000000000000000e+00
5.099838376045227051e-01 -3.324826002120971680e+00 0.000000000000000000e+00
1.579638862609863281e+01 -1.202274084091186523e+00 0.000000000000000000e+00
1.147834014892578125e+01 -2.574497699737548828e+00 0.000000000000000000e+00
-1.038644886016845703e+01 1.378631591796875000e+01 0.000000000000000000e+00
1.219441413879394531e+01 1.424360275268554688e+00 0.000000000000000000e+00
3.852291584014892578e+00 -1.372344970703125000e+01 0.000000000000000000e+00
1.742628669738769531e+01 -1.946768015623092651e-01 0.000000000000000000e+00
-7.652382850646972656e+00 8.705750465393066406e+00 0.000000000000000000e+00
2.277296781539916992e+00 6.381615638732910156e+00 0.000000000000000000e+00
-7.336216449737548828e+00 4.261590957641601562e+00 0.000000000000000000e+00
-2.745792150497436523e+00 -1.601577377319335938e+01 0.000000000000000000e+00
-1.428516006469726562e+01 6.496267795562744141e+00 0.000000000000000000e+00
1.274796962738037109e+01 3.791396617889404297e+00 0.000000000000000000e+00
-7.550474643707275391e+00 1.077269554138183594e+01 0.000000000000000000e+00
6.082094907760620117e-01 5.879316329956054688e+00 0.000000000000000000e+00
-1.331607532501220703e+01 1.422058582305908203e+00 0.000000000000000000e+00
9.664049148559570312e+00 2.253230094909667969e+00 0.000000000000000000e+00
-1.601550102233886719e+01 6.989274978637695312e+00 0.000000000000000000e+00
-1.200306892395019531e+00 5.404522895812988281e+00 0.000000000000000000e+00
-7.576426982879638672e+00 -1.204004406929016113e+00 0.000000000000000000e+00
7.928882122039794922e+00 -5.454418182373046875e+00 0.000000000000000000e+00
6.333621501922607422e+00 -4.838144779205322266e+00 0.000000000000000000e+00
6.010137081146240234e+00 -8.980086326599121094e+00 0.000000000000000000e+00
-5.784366130828857422e+00 7.104596495628356934e-01 0.000000000000000000e+00
-7.017885208129882812e+00 -7.785721778869628906e+00 0.000000000000000000e+00
1.150606727600097656e+01 9.402194976806640625e+00 0.000000000000000000e+00
1.694129562377929688e+01 3.074362039566040039e+00 0.000000000000000000e+00
-3.853242397308349609e+00 6.306180000305175781e+00 0.000000000000000000e+00
-3.357555866241455078e+00 1.490426249802112579e-02 0.000000000000000000e+00
7.515154361724853516e+00 1.417756557464599609e+01 0.000000000000000000e+00
1.725024461746215820e+00 1.539966678619384766e+01 0.000000000000000000e+00
-2.669320344924926758e+00 9.691596031188964844e+00 0.000000000000000000e+00
8.093647956848144531e+00 -1.548919582366943359e+01 0.000000000000000000e+00
-3.142159700393676758e+00 -1.295208930969238281e+01 0.000000000000000000e+00
3.729486465454101562e+00 -1.921166181564331055e+00 0.000000000000000000e+00
-8.946558952331542969e+00 -3.081084191799163818e-01 0.000000000000000000e+00
-2.813895940780639648e-01 -1.357267951965332031e+01 0.000000000000000000e+00
3.747895359992980957e-01 -8.951363563537597656e+00 0.000000000000000000e+00
1.542612266540527344e+01 7.934231281280517578e+00 0.000000000000000000e+00
9.074426651000976562e+00 -1.509327888488769531e-01 0.000000000000000000e+00
-2.225383043289184570e+00 1.727556800842285156e+01 0.000000000000000000e+00
-8.447511672973632812e+00 -4.369517803192138672e+00 0.000000000000000000e+00
-1.737202072143554688e+01 6.511036157608032227e-01 0.000000000000000000e+00
4.070048332214355469e+00 -6.636840343475341797e+00 0.000000000000000000e+00
-1.846433281898498535e-01 1.428423309326171875e+01 0.000000000000000000e+00
-1.660489845275878906e+01 -3.358191251754760742e+00 0.000000000000000000e+00
-1.333929777145385742e+00 -1.233802890777587891e+01 0.000000000000000000e+00
6.563593387603759766e+00 -1.562661552429199219e+01 0.000000000000000000e+00
2.894517183303833008e+00 -1.705426025390625000e+01 0.000000000000000000e+00
1.133345985412597656e+01 -1.258411788940429688e+01 0.000000000000000000e+00
-5.157850265502929688e+00 -5.107207775115966797e+00 0.000000000000000000e+00
-1.101378536224365234e+01 4.065648555755615234e+00 0.000000000000000000e+00
-9.739599227905273438e+00 5.601432323455810547e+00 0.000000000000000000e+00
-7.412664294242858887e-01 -1.707798576354980469e+01 0.000000000000000000e+00
7.804465770721435547e+00 -2.188636064529418945e+00 0.000000000000000000e+00
-1.354049205780029297e+00 -3.397886276245117188e+00 0.000000000000000000e+00
-1.107616424560546875e+01 1.428722023963928223e+00 0.000000000000000000e+00
-1.479784107208251953e+01 4.858883857727050781e+00 0.000000000000000000e+00
-6.294102191925048828e+00 -6.254312515258789062e+00 0.000000000000000000e+00
1.652252793312072754e+00 -2.189378499984741211e+00 0.000000000000000000e+00
-7.893370985984802246e-01 -2.000328063964843750e+00 0.000000000000000000e+00
5.478533267974853516e+00 -9.088553786277770996e-01 0.000000000000000000e+00
-1.632799720764160156e+01 -6.129787921905517578e+00 0.000000000000000000e+00
-9.659602165222167969e+00 -1.287162208557128906e+01 0.000000000000000000e+00
-1.255702877044677734e+01 9.396477788686752319e-02 0.000000000000000000e+00
7.645492553710937500e+00 4.813094139099121094e+00 0.000000000000000000e+00
-6.256721019744873047e+00 1.589951324462890625e+01 0.000000000000000000e+00
1.354016685485839844e+01 5.437135219573974609e+00 0.000000000000000000e+00
3.948070526123046875e+00 2.010998249053955078e+00 0.000000000000000000e+00
6.368825912475585938e+00 3.983233451843261719e+00 0.000000000000000000e+00
-5.340471744537353516e+00 -3.227535009384155273e+00 0.000000000000000000e+00
-2.661446809768676758e+00 -1.442492866516113281e+01 0.000000000000000000e+00
-1.178886795043945312e+01 8.619936943054199219e+00 0.000000000000000000e+00
-3.571082353591918945e+00 -6.656299114227294922e+00 0.000000000000000000e+00
1.303348445892333984e+01 -6.109838962554931641e+00 0.000000000000000000e+00
5.184937477111816406e+00 -2.971865177154541016e+00 0.000000000000000000e+00
-1.155479192733764648e+00 -1.010937023162841797e+01 0.000000000000000000e+00
8.745821118354797363e-01 -1.478586196899414062e+01 0.000000000000000000e+00
5.866168498992919922e+00 6.142894744873046875e+00 0.000000000000000000e+00
1.438875007629394531e+01 -2.199264287948608398e+00 0.000000000000000000e+00
1.106876659393310547e+01 3.131148815155029297e+00 0.000000000000000000e+00
-9.912010192871093750e+00 -5.269491195678710938e+00 0.000000000000000000e+00
-2.345462560653686523e+00 1.423401260375976562e+01 0.000000000000000000e+00
3.942758321762084961e+00 1.305751419067382812e+01 0.000000000000000000e+00
7.925002098083496094e+00 -7.115358829498291016e+00 0.000000000000000000e+00
-1.169151663780212402e+00 5.748182535171508789e-01 0.000000000000000000e+00
5.756438255310058594e+00 1.228687858581542969e+01 0.000000000000000000e+00
-1.194175910949707031e+01 -3.101881265640258789e+00 0.000000000000000000e+00
1.257836914062500000e+01 -1.077410411834716797e+01 0.000000000000000000e+00
3.237329959869384766e+00 1.517965126037597656e+01 0.000000000000000000e+00
-5.970732212066650391e+00 -1.477329349517822266e+01 0.000000000000000000e+00
-4.818671226501464844e+00 8.694154739379882812e+00 0.000000000000000000e+00
7.022701263427734375e+00 -7.370800375938415527e-01 0.000000000000000000e+00
1.327160239219665527e+00 -5.613001823425292969e+00 0.000000000000000000e+00
-2.708129167556762695e+00 -8.155389785766601562e+00 0.000000000000000000e+00
-1.239135742187500000e+01 3.060112237930297852e+00 0.000000000000000000e+00
9.365776062011718750e+00 -3.569431543350219727e+00 0.000000000000000000e+00
1.673717308044433594e+01 -2.657035827636718750e+00 0.000000000000000000e+00
-1.341275978088378906e+01 1.099967384338378906e+01 0.000000000000000000e+00
7.520002841949462891e+00 1.168518352508544922e+01 0.000000000000000000e+00
1.592668247222900391e+01 4.334021091461181641e+00 0.000000000000000000e+00
-1.662439537048339844e+01 4.699835777282714844e+00 0.000000000000000000e+00
1.113593959808349609e+01 3.226442337036132812e-01 0.000000000000000000e+00
-1.325217151641845703e+01 -7.699641704559326172e+00 0.000000000000000000e+00
-1.468781948089599609e+01 -9.144722938537597656e+00 0.000000000000000000e+00
1.221925354003906250e+01 -3.912034988403320312e+00 0.000000000000000000e+00
1.264863967895507812e+01 1.195484352111816406e+01 0.000000000000000000e+00
7.493243694305419922e+00 -3.682696580886840820e+00 0.000000000000000000e+00
9.245686531066894531e+00 -8.060479164123535156e+00 0.000000000000000000e+00
-7.742146492004394531e+00 1.354765033721923828e+01 0.000000000000000000e+00
-1.468283939361572266e+01 1.765548288822174072e-01 0.000000000000000000e+00
-6.001391887664794922e+00 -9.903425216674804688e+00 0.000000000000000000e+00
1.372783088684082031e+01 1.981052875518798828e+00 0.000000000000000000e+00
-1.039814758300781250e+01 -1.149347019195556641e+01 0.000000000000000000e+00
9.300539970397949219e+00 -1.386884498596191406e+01 0.000000000000000000e+00
9.684504270553588867e-01 -1.730772590637207031e+01 0.000000000000000000e+00
-5.326202869415283203e+00 -8.215660452842712402e-01 0.000000000000000000e+00
4.525982856750488281e+00 -1.636618423461914062e+01 0.000000000000000000e+00
-6.147465705871582031e+00 5.297628879547119141e+00 0.000000000000000000e+00
1.808621883392333984e+00 1.158982563018798828e+01 0.000000000000000000e+00
1.350344562530517578e+01 1.125897914171218872e-01 0.000000000000000000e+00
3.682827234268188477e+00 -9.320443153381347656e+00 0.000000000000000000e+00
1.671560478210449219e+01 -5.166010379791259766e+00 0.000000000000000000e+00
9.734302520751953125e+00 -5.794850349426269531e+00 0.000000000000000000e+00
-1.163052845001220703e+01 7.081932067871093750e+00 0.000000000000000000e+00
1.444540882110595703e+01 -9.812065124511718750e+00 0.000000000000000000e+00
-6.685750961303710938e+00 -1.166986179351806641e+01 0.000000000000000000e+00
-1.441391181945800781e+01 3.100116968154907227e+00 0.000000000000000000e+00
4.361478686332702637e-01 -9.643606543540954590e-01 0.000000000000000000e+00
-1.068824291229248047e+01 -6.844308376312255859e+00 0.000000000000000000e+00
-6.259900569915771484e+00 -1.312296867370605469e+01 0.000000000000000000e+00
2.866437196731567383e+00 -1.532213497161865234e+01 0.000000000000000000e+00
1.269411683082580566e+00 4.265546321868896484e+00 0.000000000000000000e+00
-2.029226303100585938e+00 -6.529940605163574219e+00 0.000000000000000000e+00
7.646729469299316406e+00 3.155400037765502930e+00 0.000000000000000000e+00
-2.134525060653686523e+00 -9.866047501564025879e-01 0.000000000000000000e+00
4.072512626647949219e+00 3.685345649719238281e+00 0.000000000000000000e+00
7.106139183044433594e+00 -1.040843582153320312e+01 0.000000000000000000e+00
-8.639338493347167969e+00 -1.150910949707031250e+01 0.000000000000000000e+00
1.436932563781738281e+01 3.941274404525756836e+00 0.000000000000000000e+00
6.704631328582763672e+00 1.041086673736572266e+01 0.000000000000000000e+00
-1.693838691711425781e+01 -1.690941572189331055e+00 0.000000000000000000e+00
3.777121901512145996e-01 -1.218676757812500000e+01 0.000000000000000000e+00
-5.326925277709960938e+00 -1.620170974731445312e+01 0.000000000000000000e+00
-5.980360507965087891e+00 1.284882450103759766e+01 0.000000000000000000e+00
1.122247600555419922e+01 1.335814285278320312e+01 0.000000000000000000e+00
-2.651456832885742188e+00 -1.118551349639892578e+01 0.000000000000000000e+00
