1.312823009490966797e+01 2.836950540542602539e+00 0.000000000000000000e+00
7.256476879119873047e+00 -5.667586803436279297e+00 0.000000000000000000e+00
-1.095338439941406250e+01 1.207862472534179688e+01 0.000000000000000000e+00
-1.320852279663085938e+01 -1.101512050628662109e+01 0.000000000000000000e+00
1.184326744079589844e+01 4.495751380920410156e+00 0.000000000000000000e+00
-7.893068313598632812e+00 9.532612800598144531e+00 0.000000000000000000e+00
1.473317146301269531e+00 -7.289953231811523438e+00 0.000000000000000000e+00
4.705594062805175781e+00 -9.121008515357971191e-01 0.000000000000000000e+00
-4.245909690856933594e+00 -1.334542560577392578e+01 0.000000000000000000e+00
7.210302352905273438e+00 1.233369731903076172e+01 0.000000000000000000e+00
-3.138847351074218750e-01 -1.514116668701171875e+01 0.000000000000000000e+00
1.317318439483642578e+01 1.032924652099609375e+01 0.000000000000000000e+00
-2.037559986114501953e+00 -1.145855617523193359e+01 0.000000000000000000e+00
-1.247357273101806641e+01 1.111472702026367188e+01 0.000000000000000000e+00
-2.313085317611694336e+00 7.505495548248291016e+00 0.000000000000000000e+00
1.078312683105468750e+01 7.314430475234985352e-01 0.000000000000000000e+00
1.577833414077758789e+00 5.113365173339843750e+00 0.000000000000000000e+00
-6.629540443420410156e+00 -1.065547752380371094e+01 0.000000000000000000e+00
-1.641774296760559082e+00 2.420486450195312500e+00 0.000000000000000000e+00
-2.740521907806396484e+00 1.292390632629394531e+01 0.000000000000000000e+00
5.820941925048828125e+00 -1.569969367980957031e+01 0.000000000000000000e+00
-3.872275725007057190e-02 -1.297170877456665039e+00 0.000000000000000000e+00
7.521332740783691406e+00 1.474804687500000000e+01 0.000000000000000000e+00
9.683725357055664062e+00 -4.369126319885253906e+00 0.000000000000000000e+00
9.060212969779968262e-01 -2.670357227325439453e+00 0.000000000000000000e+00
1.532943725585937500e+01 7.617745876312255859e+00 0.000000000000000000e+00
1.111915111541748047e+01 -8.311800956726074219e+00 0.000000000000000000e+00
2.292123079299926758e+00 -1.298758506774902344e+01 0.000000000000000000e+00
-4.716370582580566406e+00 -8.777189254760742188e+00 0.000000000000000000e+00
1.127657318115234375e+01 -1.222580051422119141e+01 0.000000000000000000e+00
5.534852027893066406e+00 6.957971096038818359e+00 0.000000000000000000e+00
-6.088583469390869141e+00 -7.445600986480712891e+00 0.000000000000000000e+00
5.759226799011230469e+00 4.615094184875488281e+00 0.000000000000000000e+00
3.305805444717407227e+00 -1.053124809265136719e+01 0.000000000000000000e+00
-1.648626089096069336e+00 -8.959767341613769531e+00 0.000000000000000000e+00
-1.183320760726928711e+00 -3.112308263778686523e+00 0.000000000000000000e+00
8.066267013549804688e+00 3.248601913452148438e+00 0.000000000000000000e+00
-4.274535179138183594e+00 5.428864002227783203e+00 0.000000000000000000e+00
-7.391560554504394531e+00 -1.300063133239746094e+01 0.000000000000000000e+00
3.109736442565917969e+00 1.631126213073730469e+01 0.000000000000000000e+00
-2.507596969604492188e+00 -1.350001430511474609e+01 0.000000000000000000e+00
-3.269950866699218750e+00 -6.231836318969726562e+00 0.000000000000000000e+00
-5.757834911346435547e+00 3.635584831237792969e+00 0.000000000000000000e+00
-1.061342811584472656e+01 -7.723753929138183594e+00 0.000000000000000000e+00
-4.614679813385009766e+00 -1.494512557983398438e+01 0.000000000000000000e+00
9.588785171508789062e+00 1.398575401306152344e+01 0.000000000000000000e+00
-1.425716686248779297e+01 4.270632266998291016e+00 0.000000000000000000e+00
-3.979372739791870117e+00 3.569094419479370117e+00 0.000000000000000000e+00
-1.939025163650512695e+00 1.719676780700683594e+01 0.000000000000000000e+00
-1.051394939422607422e+01 -4.333880424499511719e+00 0.000000000000000000e+00
-1.329468631744384766e+01 2.639214754104614258e+00 0.000000000000000000e+00
9.704666137695312500e+00 3.195082426071166992e+00 0.000000000000000000e+00
3.343926668167114258e+00 -8.399685859680175781e+00 0.000000000000000000e+00
-1.079681968688964844e+01 -1.007266426086425781e+01 0.000000000000000000e+00
1.309520530700683594e+01 -3.838964700698852539e+00 0.000000000000000000e+00
7.775460243225097656e+00 8.006510734558105469e+00 0.000000000000000000e+00
1.576130867004394531e+00 1.277260494232177734e+01 0.000000000000000000e+00
-2.884322166442871094e+00 1.549999618530273438e+01 0.000000000000000000e+00
-5.721789360046386719e+00 7.496808171272277832e-01 0.000000000000000000e+00
-6.206066131591796875e+00 1.165061092376708984e+01 0.000000000000000000e+00
-3.028532266616821289e+00 -1.521687602996826172e+01 0.000000000000000000e+00
-1.104338741302490234e+01 -1.279422664642333984e+01 0.000000000000000000e+00
-7.421051025390625000e+00 5.093613147735595703e+00 0.000000000000000000e+00
-1.496329593658447266e+01 -8.529872447252273560e-02 0.000000000000000000e+00
1.045024013519287109e+01 7.250924110412597656e+00 0.000000000000000000e+00
8.935331344604492188e+00 1.250010108947753906e+01 0.000000000000000000e+00
-1.664825248718261719e+01 -1.433266758918762207e+00 0.000000000000000000e+00
6.763792514801025391e+00 -7.686265468597412109e+00 0.000000000000000000e+00
1.519901847839355469e+01 -7.612958908081054688e+00 0.000000000000000000e+00
-3.402809619903564453e+00 1.134829902648925781e+01 0.000000000000000000e+00
-3.089734613895416260e-01 -1.227132511138916016e+01 0.000000000000000000e+00
7.637145996093750000e+00 6.225808620452880859e+00 0.000000000000000000e+00
-4.700097084045410156e+00 1.380651569366455078e+01 0.000000000000000000e+00
-1.539749526977539062e+01 8.012839317321777344e+00 0.000000000000000000e+00
1.359731292724609375e+01 6.646449565887451172e+00 0.000000000000000000e+00
-1.730243492126464844e+01 1.563173055648803711e+00 0.000000000000000000e+00
-4.199023723602294922e+00 -1.125371170043945312e+01 0.000000000000000000e+00
-5.362486839294433594e+00 -1.634037590026855469e+01 0.000000000000000000e+00
1.085870742797851562e+01 8.927227020263671875e+00 0.000000000000000000e+00
1.632850837707519531e+01 1.065462231636047363e+00 0.000000000000000000e+00
-1.291096782684326172e+01 -3.522930145263671875e+00 0.000000000000000000e+00
-4.506102561950683594e+00 1.733052015304565430e+00 0.000000000000000000e+00
7.629605293273925781e+00 9.808401107788085938e+00 0.000000000000000000e+00
-2.392633676528930664e+00 4.568068027496337891e+00 0.000000000000000000e+00
4.217614173889160156e+00 1.393403339385986328e+01 0.000000000000000000e+00
-7.231103420257568359e+00 2.522452354431152344e+00 0.000000000000000000e+00
-1.286522483825683594e+01 7.629976272583007812e+00 0.000000000000000000e+00
1.182119274139404297e+01 -1.021823310852050781e+01 0.000000000000000000e+00
2.824351787567138672e+00 8.587154388427734375e+00 0.000000000000000000e+00
1.023867702484130859e+01 -2.947812080383300781e+00 0.000000000000000000e+00
-1.110086631774902344e+01 4.014826297760009766e+00 0.000000000000000000e+00
-1.323452281951904297e+01 9.092674255371093750e+00 0.000000000000000000e+00
-4.940125942230224609e+00 -4.860035896301269531e+00 0.000000000000000000e+00
-3.113542556762695312e+00 -2.752170801162719727e+00 0.000000000000000000e+00
4.858971118927001953e+00 -6.327629089355468750e+00 0.000000000000000000e+00
-6.505759716033935547e+00 -1.528914690017700195e+00 0.000000000000000000e+00
5.402254581451416016e+00 -1.123492145538330078e+01 0.000000000000000000e+00
-6.481198310852050781e+00 -4.949457168579101562e+00 0.000000000000000000e+00
-1.567179584503173828e+01 2.410106182098388672e+00 0.000000000000000000e+00
-2.843343257904052734e+00 -1.678432464599609375e+01 0.000000000000000000e+00
3.481843948364257812e+00 -1.531175231933593750e+01 0.000000000000000000e+00
-6.233496189117431641e+00 6.801566123962402344e+00 0.000000000000000000e+00
1.457574558258056641e+01 4.399827480316162109e+00 0.000000000000000000e+00
1.605766868591308594e+01 -4.215053081512451172e+00 0.000000000000000000e+00
8.248432874679565430e-01 -5.259539604187011719e+00 0.000000000000000000e+00
1.129894161224365234e+01 1.135516166687011719e+01 0.000000000000000000e+00
-7.670135974884033203e+00 -7.835161685943603516e+00 0.000000000000000000e+00
-8.364616394042968750e+00 1.511250305175781250e+01 0.000000000000000000e+00
1.256455707550048828e+01 -1.373915195465087891e+00 0.000000000000000000e+00
-8.138643264770507812e+00 -1.007669925689697266e+01 0.000000000000000000e+00
7.479746341705322266e-01 1.013242244720458984e+01 0.000000000000000000e+00
-1.674548530578613281e+01 -4.864134788513183594e+00 0.000000000000000000e+00
1.371738052368164062e+01 -9.079860895872116089e-02 0.000000000000000000e+00
1.087678527832031250e+01 -1.528716921806335449e+00 0.000000000000000000e+00
-9.116233825683593750e+00 -7.194982528686523438e+00 0.000000000000000000e+00
-8.746262550354003906e+00 3.467223644256591797e+00 0.000000000000000000e+00
-8.698376655578613281e+00 -1.380725193023681641e+01 0.000000000000000000e+00
6.581349849700927734e+00 -2.741431295871734619e-01 0.000000000000000000e+00
5.839581489562988281e-01 6.775103569030761719e+00 0.000000000000000000e+00
-2.475641727447509766e+00 -1.313259243965148926e+00 0.000000000000000000e+00
-9.707351684570312500e+00 -1.136620903015136719e+01 0.000000000000000000e+00
-1.535917854309082031e+01 5.483580589294433594e+00 0.000000000000000000e+00
-8.663214683532714844e+00 -3.185277879238128662e-01 0.000000000000000000e+00
-1.343613052368164062e+01 -8.188199043273925781e+00 0.000000000000000000e+00
-2.160774469375610352e-01 3.465034246444702148e+00 0.000000000000000000e+00
1.507095050811767578e+01 2.609093427658081055e+00 0.000000000000000000e+00
-3.831796050071716309e-01 1.154347515106201172e+01 0.000000000000000000e+00
5.199193477630615234e+00 1.578030014038085938e+01 0.000000000000000000e+00
-5.818924903869628906e-01 1.304494976997375488e+00 0.000000000000000000e+00
-1.604267311096191406e+01 -2.818364143371582031e+00 0.000000000000000000e+00
9.421090126037597656e+00 -1.274580287933349609e+01 0.000000000000000000e+00
9.156736373901367188e+00 -1.429673480987548828e+01 0.000000000000000000e+00
1.260062599182128906e+01 -5.978991508483886719e+00 0.000000000000000000e+00
-3.212885856628417969e+00 -9.421614646911621094e+00 0.000000000000000000e+00
2.312190055847167969e+00 1.472803401947021484e+01 0.000000000000000000e+00
2.214642047882080078e+00 3.015539407730102539e+00 0.000000000000000000e+00
4.857324123382568359e+00 1.161092281341552734e+01 0.000000000000000000e+00
-1.135502433776855469e+01 1.691571354866027832e+00 0.000000000000000000e+00
3.126550436019897461e+00 -5.515362262725830078e+00 0.000000000000000000e+00
-1.298039531707763672e+01 -5.708527565002441406e+00 0.000000000000000000e+00
1.321510195732116699e+00 -9.268763542175292969e+00 0.000000000000000000e+00
-1.711566352844238281e+01 2.873048745095729828e-02 0.000000000000000000e+00
9.595912933349609375e+00 -6.649130821228027344e+00 0.000000000000000000e+00
1.288210678100585938e+01 -8.730916023254394531e+00 0.000000000000000000e+00
3.481559753417968750e+00 7.149593353271484375e+00 0.000000000000000000e+00
-3.581994771957397461e+00 8.427474975585937500e+00 0.000000000000000000e+00
-8.191768646240234375e+00 -3.889794349670410156e+00 0.000000000000000000e+00
-8.269073486328125000e+00 1.188079166412353516e+01 0.000000000000000000e+00
6.470029830932617188e+00 2.813655138015747070e+00 0.000000000000000000e+00
5.988615512847900391e+00 -1.356855869293212891e+01 0.000000000000000000e+00
1.715532422065734863e+00 3.235417976975440979e-02 0.000000000000000000e+00
-9.768368721008300781e+00 1.016510009765625000e+01 0.000000000000000000e+00
7.954539775848388672e+00 -8.908443450927734375e+00 0.000000000000000000e+00
6.892105102539062500e+00 -1.074480819702148438e+01 0.000000000000000000e+00
-1.220933341979980469e+01 5.379328250885009766e+00 0.000000000000000000e+00
4.658027648925781250e+00 -2.773217201232910156e+00 0.000000000000000000e+00
-8.502936363220214844e+00 6.812669277191162109e+00 0.000000000000000000e+00
-9.050345420837402344e+00 1.341500568389892578e+01 0.000000000000000000e+00
-1.558009624481201172e+01 -5.917165279388427734e+00 0.000000000000000000e+00
1.388068318367004395e+00 1.692844510078430176e+00 0.000000000000000000e+00
-4.837518632411956787e-01 8.610997200012207031e+00 0.000000000000000000e+00
3.964330673217773438e+00 1.726240873336791992e+00 0.000000000000000000e+00
-2.460736274719238281e+00 3.300774097442626953e-01 0.000000000000000000e+00
1.624045753479003906e+01 -1.299089908599853516e+00 0.000000000000000000e+00
1.465222263336181641e+01 -4.823807239532470703e+00 0.000000000000000000e+00
2.662674427032470703e+00 -2.640551090240478516e+00 0.000000000000000000e+00
3.799026608467102051e-01 -1.708624267578125000e+01 0.000000000000000000e+00
-7.112725257873535156e+00 1.329224014282226562e+01 0.000000000000000000e+00
4.693676471710205078e+00 1.006198692321777344e+01 0.000000000000000000e+00
7.068931579589843750e+00 -1.235387611389160156e+01 0.000000000000000000e+00
8.962779998779296875e+00 -1.801796555519104004e+00 0.000000000000000000e+00
-4.677073001861572266e+00 1.536715888977050781e+01 0.000000000000000000e+00
-1.143245816230773926e+00 -5.545905113220214844e+00 0.000000000000000000e+00
-9.985970497131347656e+00 -2.648140907287597656e+00 0.000000000000000000e+00
6.415781974792480469e+00 8.675276756286621094e+00 0.000000000000000000e+00
1.412599563598632812e+01 -2.724385499954223633e+00 0.000000000000000000e+00
-2.366375446319580078e+00 9.826817512512207031e+00 0.000000000000000000e+00
-9.297376871109008789e-01 -1.035307598114013672e+01 0.000000000000000000e+00
-1.095258998870849609e+01 8.173519134521484375e+00 0.000000000000000000e+00
-5.110330581665039062e-01 1.460498046875000000e+01 0.000000000000000000e+00
9.476786613464355469e+00 9.789973258972167969e+00 0.000000000000000000e+00
7.470590114593505859e+00 -1.417236232757568359e+01 0.000000000000000000e+00
4.339503288269042969e+00 3.365280151367187500e+00 0.000000000000000000e+00
-6.249875545501708984e+00 9.970923423767089844e+00 0.000000000000000000e+00
6.697424411773681641e+00 -3.226758718490600586e+00 0.000000000000000000e+00
1.523708438873291016e+01 5.859218120574951172e+00 0.000000000000000000e+00
4.813582897186279297e-01 1.722738838195800781e+01 0.000000000000000000e+00
1.677652168273925781e+01 4.872958183288574219e+00 0.000000000000000000e+00
-6.224116802215576172e+00 -3.198924303054809570e+00 0.000000000000000000e+00
-8.637483596801757812e+00 1.846197009086608887e+00 0.000000000000000000e+00
1.439337635040283203e+01 9.178060531616210938e+00 0.000000000000000000e+00
4.509843826293945312e+00 -1.274609375000000000e+01 0.000000000000000000e+00
-1.491604518890380859e+01 -4.447788715362548828e+00 0.000000000000000000e+00
-8.363166451454162598e-02 -7.576735496520996094e+00 0.000000000000000000e+00
-1.373422241210937500e+01 -1.539567589759826660e+00 0.000000000000000000e+00
-4.564917564392089844e+00 -1.604623436927795410e+00 0.000000000000000000e+00
-1.111007308959960938e+01 -1.274201869964599609e-01 0.000000000000000000e+00
1.072534084320068359e+01 1.292347526550292969e+01 0.000000000000000000e+00
-1.229812335968017578e+01 -7.111538887023925781e+00 0.000000000000000000e+00
-1.354427433013916016e+01 6.508017778396606445e-01 0.000000000000000000e+00
3.230391979217529297e+00 1.105283737182617188e+01 0.000000000000000000e+00
-5.081624507904052734e+00 8.739680290222167969e+00 0.000000000000000000e+00
-6.091642975807189941e-01 5.667716026306152344e+00 0.000000000000000000e+00
1.154372978210449219e+01 3.017608404159545898e+00 0.000000000000000000e+00
6.392249107360839844e+00 1.075179958343505859e+01 0.000000000000000000e+00
9.919615745544433594e+00 5.519711017608642578e+00 0.000000000000000000e+00
2.215970516204833984e+00 -1.682036590576171875e+01 0.000000000000000000e+00
4.172788143157958984e+00 -1.672893333435058594e+01 0.000000000000000000e+00
-4.279423713684082031e+00 7.097236633300781250e+00 0.000000000000000000e+00
9.759914278984069824e-01 -1.107103157043457031e+01 0.000000000000000000e+00
-9.886418342590332031e+00 5.685163497924804688e+00 0.000000000000000000e+00
-3.033802986145019531e+00 -7.764941215515136719e+00 0.000000000000000000e+00
1.240655136108398438e+01 1.157099723815917969e+00 0.000000000000000000e+00
4.114253520965576172e+00 4.945507526397705078e+00 0.000000000000000000e+00
8.984933853149414062e+00 -1.998460888862609863e-01 0.000000000000000000e+00
8.640112876892089844e+00 4.733247280120849609e+00 0.000000000000000000e+00
-7.049262046813964844e+00 1.596042823791503906e+01 0.000000000000000000e+00
-7.343890190124511719e+00 -6.275167942047119141e+00 0.000000000000000000e+00
5.621782302856445312e+00 1.568668842315673828e+00 0.000000000000000000e+00
1.370599460601806641e+01 -1.004599761962890625e+01 0.000000000000000000e+00
-5.416123867034912109e+00 -1.228889465332031250e+01 0.000000000000000000e+00
1.313327789306640625e+00 -1.476792716979980469e+01 0.000000000000000000e+00
-1.426480770111083984e+01 -6.706921100616455078e+00 0.000000000000000000e+00
-4.717391490936279297e+00 1.024888134002685547e+01 0.000000000000000000e+00
-9.586818695068359375e+00 -5.568600177764892578e+00 0.000000000000000000e+00
1.107952308654785156e+01 -6.175735473632812500e+00 0.000000000000000000e+00
1.226190376281738281e+01 7.606300354003906250e+00 0.000000000000000000e+00
-7.218678474426269531e+00 8.127690315246582031e+00 0.000000000000000000e+00
7.996247768402099609e+00 1.199355721473693848e+00 0.000000000000000000e+00
6.196319580078125000e+00 1.401730537414550781e+01 0.000000000000000000e+00
-1.656981277465820312e+01 4.593321800231933594e+00 0.000000000000000000e+00
1.022671341896057129e+00 1.557261943817138672e+01 0.000000000000000000e+00
9.882467269897460938e+00 -9.343351364135742188e+00 0.000000000000000000e+00
-1.021807003021240234e+01 -1.419588947296142578e+01 0.000000000000000000e+00
5.532541751861572266e+00 -9.416923522949218750e+00 0.000000000000000000e+00
5.428623199462890625e+00 -4.798875331878662109e+00 0.000000000000000000e+00
-1.167046546936035156e+01 -1.134896278381347656e+01 0.000000000000000000e+00
9.052721023559570312e+00 -1.108792495727539062e+01 0.000000000000000000e+00
7.313519001007080078e+00 -1.772401094436645508e+00 0.000000000000000000e+00
-1.169559860229492188e+01 9.589971542358398438e+00 0.000000000000000000e+00
-6.373497486114501953e+00 -1.432596683502197266e+01 0.000000000000000000e+00
-1.158007621765136719e+01 -1.925248146057128906e+00 0.000000000000000000e+00
-7.665178775787353516e+00 -1.552333736419677734e+01 0.000000000000000000e+00
1.598367309570312500e+01 -6.329710006713867188e+00 0.000000000000000000e+00
1.405589485168457031e+01 -6.356729984283447266e+00 0.000000000000000000e+00
-1.299619197845458984e+00 -1.636925888061523438e+01 0.000000000000000000e+00
-9.993185997009277344e+00 8.760821223258972168e-01 0.000000000000000000e+00
1.401767158508300781e+01 1.435923218727111816e+00 0.000000000000000000e+00
-3.845659732818603516e+00 1.681499481201171875e+01 0.000000000000000000e+00
-9.012095928192138672e-01 -1.372649288177490234e+01 0.000000000000000000e+00
-1.457916831970214844e+01 -9.336818695068359375e+00 0.000000000000000000e+00
-1.085745811462402344e+01 1.358985710144042969e+01 0.000000000000000000e+00
1.277349185943603516e+01 -1.194170951843261719e+01 0.000000000000000000e+00
7.911355972290039062e+00 -4.164696216583251953e+00 0.000000000000000000e+00
-1.140858364105224609e+01 -5.844642162322998047e+00 0.000000000000000000e+00
-1.226149559020996094e+01 -9.725856781005859375e+00 0.000000000000000000e+00
