-1.301351451873779297e+01 8.510848999023437500e+00 0.000000000000000000e+00
-3.628340244293212891e+00 3.910041570663452148e+00 0.000000000000000000e+00
-1.166130256652832031e+01 -5.237080574035644531e+00 0.000000000000000000e+00
1.228054904937744141e+01 5.093303918838500977e-01 0.000000000000000000e+00
-7.827761173248291016e-01 -2.162401437759399414e+00 0.000000000000000000e+00
1.284487342834472656e+01 1.044731807708740234e+01 0.000000000000000000e+00
-8.294640541076660156e+00 -8.527720570564270020e-01 0.000000000000000000e+00
1.191766548156738281e+01 1.169990253448486328e+01 0.000000000000000000e+00
8.540429115295410156e+00 -6.430405139923095703e+00 0.000000000000000000e+00
6.136620998382568359e+00 -9.786445617675781250e+00 0.000000000000000000e+00
9.787441253662109375e+00 7.952961921691894531e+00 0.000000000000000000e+00
-1.359317779541015625e+01 -4.178942203521728516e+00 0.000000000000000000e+00
-1.157388210296630859e+01 -1.863028764724731445e+00 0.000000000000000000e+00
-5.934997558593750000e+00 9.390453338623046875e+00 0.000000000000000000e+00
-9.141380310058593750e+00 1.404192829132080078e+01 0.000000000000000000e+00
-1.659252548217773438e+01 -4.666228294372558594e+00 0.000000000000000000e+00
7.301218986511230469e+00 2.950040340423583984e+00 0.000000000000000000e+00
1.686186599731445312e+01 1.379800200462341309e+00 0.000000000000000000e+00
-1.016470050811767578e+01 1.161453914642333984e+01 0.000000000000000000e+00
-7.713058471679687500e+00 -7.700138092041015625e+00 0.000000000000000000e+00
-5.197140693664550781e+00 -6.209740638732910156e+00 0.000000000000000000e+00
-4.426055848598480225e-01 4.105534031987190247e-02 0.000000000000000000e+00
4.114549160003662109e+00 5.077563285827636719e+00 0.000000000000000000e+00
3.691904783248901367e+00 -7.216979980468750000e+00 0.000000000000000000e+00
9.996426582336425781e+00 3.363168001174926758e+00 0.000000000000000000e+00
-1.173818874359130859e+01 -1.104689121246337891e+01 0.000000000000000000e+00
-9.992890357971191406e+00 -5.187393426895141602e-01 0.000000000000000000e+00
-4.495466709136962891e+00 1.529326152801513672e+01 0.000000000000000000e+00
-6.850169658660888672e+00 1.921602964401245117e+00 0.000000000000000000e+00
5.313082337379455566e-01 -7.048534870147705078e+00 0.000000000000000000e+00
-9.927237510681152344e+00 -8.051605224609375000e+00 0.000000000000000000e+00
-5.768790245056152344e+00 4.651670455932617188e+00 0.000000000000000000e+00
8.047810554504394531e+00 7.977168083190917969e+00 0.000000000000000000e+00
6.370784759521484375e+00 1.347501659393310547e+01 0.000000000000000000e+00
-7.653730511665344238e-01 1.582568740844726562e+01 0.000000000000000000e+00
-6.677225589752197266e+00 -3.376901149749755859e+00 0.000000000000000000e+00
-1.635248184204101562e+01 2.520977497100830078e+00 0.000000000000000000e+00
2.738401651382446289e+00 6.597932815551757812e+00 0.000000000000000000e+00
-8.509003639221191406e+00 9.584251403808593750e+00 0.000000000000000000e+00
6.957304477691650391e+00 -2.560478687286376953e+00 0.000000000000000000e+00
8.762696266174316406e+00 2.411645174026489258e+00 0.000000000000000000e+00
5.375071525573730469e+00 1.006032276153564453e+01 0.000000000000000000e+00
2.232672929763793945e+00 -5.084326267242431641e+00 0.000000000000000000e+00
-9.859327316284179688e+00 5.633088588714599609e+00 0.000000000000000000e+00
6.731608510017395020e-01 2.247694015502929688e+00 0.000000000000000000e+00
1.124287128448486328e+00 -1.286647319793701172e+01 0.000000000000000000e+00
1.040589618682861328e+01 6.092201232910156250e+00 0.000000000000000000e+00
4.423356533050537109e+00 -1.123936367034912109e+01 0.000000000000000000e+00
7.766371726989746094e+00 1.515710163116455078e+01 0.000000000000000000e+00
1.135258102416992188e+01 -1.039375019073486328e+01 0.000000000000000000e+00
-3.175390243530273438e+00 -1.491270446777343750e+01 0.000000000000000000e+00
1.372458362579345703e+01 -5.155594825744628906e+00 0.000000000000000000e+00
-8.563524246215820312e+00 7.288768768310546875e+00 0.000000000000000000e+00
-1.320330524444580078e+01 -1.841287612915039062e+00 0.000000000000000000e+00
-1.438325023651123047e+01 -5.497013568878173828e+00 0.000000000000000000e+00
3.077307224273681641e+00 -1.592425060272216797e+01 0.000000000000000000e+00
8.500659942626953125e+00 -1.537386536598205566e+00 0.000000000000000000e+00
7.048076629638671875e+00 -1.147167873382568359e+01 0.000000000000000000e+00
2.826483011245727539e+00 -1.108710098266601562e+01 0.000000000000000000e+00
-1.451481914520263672e+01 4.292552769184112549e-01 0.000000000000000000e+00
-1.134437561035156250e+00 -1.449448585510253906e+01 0.000000000000000000e+00
3.768797874450683594e+00 9.386504888534545898e-01 0.000000000000000000e+00
5.384206771850585938e-01 1.165785503387451172e+01 0.000000000000000000e+00
6.874687671661376953e+00 7.848995923995971680e-01 0.000000000000000000e+00
-2.881599903106689453e+00 -8.913581848144531250e+00 0.000000000000000000e+00
3.421094417572021484e+00 -2.352193117141723633e+00 0.000000000000000000e+00
-6.927254676818847656e+00 -1.768104195594787598e+00 0.000000000000000000e+00
1.425046443939208984e+01 -8.459110260009765625e+00 0.000000000000000000e+00
9.391577720642089844e+00 -1.169566154479980469e+01 0.000000000000000000e+00
1.611106872558593750e+01 -5.616581439971923828e+00 0.000000000000000000e+00
-1.393914031982421875e+01 -7.114553928375244141e+00 0.000000000000000000e+00
-3.470556735992431641e+00 -2.047892093658447266e+00 0.000000000000000000e+00
-8.050993919372558594e+00 -5.960916996002197266e+00 0.000000000000000000e+00
-1.685018920898437500e+01 -9.896969050168991089e-02 0.000000000000000000e+00
-3.998012542724609375e+00 1.022314739227294922e+01 0.000000000000000000e+00
-1.172501277923583984e+01 4.852218627929687500e+00 0.000000000000000000e+00
-1.557219982147216797e+01 -1.853182554244995117e+00 0.000000000000000000e+00
-6.899517536163330078e+00 1.252578353881835938e+01 0.000000000000000000e+00
6.260897636413574219e+00 -1.354192447662353516e+01 0.000000000000000000e+00
-1.376002120971679688e+01 4.094908714294433594e+00 0.000000000000000000e+00
-8.477967262268066406e+00 -1.325783061981201172e+01 0.000000000000000000e+00
7.700617313385009766e+00 1.222796440124511719e+01 0.000000000000000000e+00
4.693995788693428040e-02 -3.502347469329833984e+00 0.000000000000000000e+00
1.151070690155029297e+01 3.500059843063354492e+00 0.000000000000000000e+00
-1.255166339874267578e+01 1.192843151092529297e+01 0.000000000000000000e+00
5.116134643554687500e+00 -4.604002952575683594e+00 0.000000000000000000e+00
1.454376792907714844e+01 2.762801647186279297e+00 0.000000000000000000e+00
-6.355585098266601562e+00 -9.498549461364746094e+00 0.000000000000000000e+00
-4.963412761688232422e+00 -1.368074893951416016e+01 0.000000000000000000e+00
-9.195228576660156250e+00 -1.118098354339599609e+01 0.000000000000000000e+00
-2.198741674423217773e+00 1.257585430145263672e+01 0.000000000000000000e+00
-1.887861132621765137e+00 8.968347549438476562e+00 0.000000000000000000e+00
-9.917470932006835938e+00 -2.220554590225219727e+00 0.000000000000000000e+00
3.025130033493041992e+00 1.302186584472656250e+01 0.000000000000000000e+00
2.162470102310180664e+00 9.951864242553710938e+00 0.000000000000000000e+00
8.947617530822753906e+00 -4.523447036743164062e+00 0.000000000000000000e+00
1.240213680267333984e+01 -8.824708938598632812e+00 0.000000000000000000e+00
-1.611632919311523438e+01 6.516032218933105469e+00 0.000000000000000000e+00
6.245223522186279297e+00 -8.199846267700195312e+00 0.000000000000000000e+00
-1.149115180969238281e+01 2.122600078582763672e+00 0.000000000000000000e+00
-1.488820648193359375e+01 -8.556163787841796875e+00 0.000000000000000000e+00
1.269958400726318359e+01 7.518350124359130859e+00 0.000000000000000000e+00
-2.021636247634887695e+00 -6.815339088439941406e+00 0.000000000000000000e+00
1.560190200805664062e+00 -1.612998008728027344e+01 0.000000000000000000e+00
1.154905319213867188e+01 -6.449974536895751953e+00 0.000000000000000000e+00
-1.484234428405761719e+01 -3.204858064651489258e+00 0.000000000000000000e+00
1.136387634277343750e+01 -2.272160530090332031e+00 0.000000000000000000e+00
4.215729236602783203e+00 -8.943881988525390625e-01 0.000000000000000000e+00
-1.382877469062805176e+00 -1.053947067260742188e+01 0.000000000000000000e+00
-3.729616880416870117e+00 1.693928146362304688e+01 0.000000000000000000e+00
-6.261970043182373047e+00 -4.846813201904296875e+00 0.000000000000000000e+00
8.001335144042968750e+00 5.984891414642333984e+00 0.000000000000000000e+00
4.111652374267578125e+00 -8.698919296264648438e+00 0.000000000000000000e+00
1.920196056365966797e+00 -2.207169771194458008e+00 0.000000000000000000e+00
-3.240271568298339844e+00 -3.791202902793884277e-01 0.000000000000000000e+00
6.869131565093994141e+00 1.044506835937500000e+01 0.000000000000000000e+00
1.071569538116455078e+01 -7.881060600280761719e+00 0.000000000000000000e+00
1.499621510505676270e+00 1.446213150024414062e+01 0.000000000000000000e+00
1.557822036743164062e+01 5.417907238006591797e+00 0.000000000000000000e+00
-1.646250724792480469e+00 1.470248222351074219e+00 0.000000000000000000e+00
-7.976563453674316406e+00 -1.556383037567138672e+01 0.000000000000000000e+00
-3.651127815246582031e+00 -1.051484203338623047e+01 0.000000000000000000e+00
3.367035388946533203e+00 -1.336831665039062500e+01 0.000000000000000000e+00
1.083230304718017578e+01 -1.226684188842773438e+01 0.000000000000000000e+00
-2.900696039199829102e+00 1.415906047821044922e+01 0.000000000000000000e+00
5.787970066070556641e+00 -6.334793567657470703e+00 0.000000000000000000e+00
-1.991550326347351074e+00 6.525046348571777344e+00 0.000000000000000000e+00
-1.017163753509521484e+01 9.123614311218261719e+00 0.000000000000000000e+00
-1.236495685577392578e+01 6.257123947143554688e-01 0.000000000000000000e+00
-3.524703979492187500e+00 6.954868793487548828e+00 0.000000000000000000e+00
-8.425815582275390625e+00 -3.269922256469726562e+00 0.000000000000000000e+00
3.754233419895172119e-01 3.772927999496459961e+00 0.000000000000000000e+00
-4.669154644012451172e+00 1.318739891052246094e+00 0.000000000000000000e+00
-9.346256256103515625e-01 -1.235757732391357422e+01 0.000000000000000000e+00
1.454861164093017578e+01 9.438984870910644531e+00 0.000000000000000000e+00
9.331003189086914062e+00 1.319470024108886719e+01 0.000000000000000000e+00
-8.789287567138671875e+00 4.335369586944580078e+00 0.000000000000000000e+00
1.321092891693115234e+01 -2.037528991699218750e+00 0.000000000000000000e+00
9.351918220520019531e+00 -2.631055116653442383e-01 0.000000000000000000e+00
-4.999100685119628906e+00 6.594571113586425781e+00 0.000000000000000000e+00
5.469493865966796875e+00 1.479441738128662109e+01 0.000000000000000000e+00
8.497392654418945312e+00 -1.403719806671142578e+01 0.000000000000000000e+00
6.878211975097656250e+00 -1.589562416076660156e+01 0.000000000000000000e+00
-6.105854988098144531e+00 -6.805936992168426514e-02 0.000000000000000000e+00
-9.579690933227539062e+00 3.028976202011108398e+00 0.000000000000000000e+00
9.066761016845703125e+00 -9.047074317932128906e+00 0.000000000000000000e+00
2.580317258834838867e+00 1.596912193298339844e+01 0.000000000000000000e+00
1.039754676818847656e+01 1.145409870147705078e+01 0.000000000000000000e+00
6.642082214355468750e+00 -9.739013910293579102e-01 0.000000000000000000e+00
-7.139526367187500000e+00 5.934434890747070312e+00 0.000000000000000000e+00
1.716546249389648438e+01 3.392703294754028320e+00 0.000000000000000000e+00
-1.007683944702148438e+01 -1.427024555206298828e+01 0.000000000000000000e+00
-5.916102886199951172e+00 -7.892261981964111328e+00 0.000000000000000000e+00
-1.323478317260742188e+01 6.844412326812744141e+00 0.000000000000000000e+00
1.616195869445800781e+01 -1.819496393203735352e+00 0.000000000000000000e+00
-9.699541330337524414e-01 -1.647770690917968750e+01 0.000000000000000000e+00
9.144766330718994141e-01 -1.065059375762939453e+01 0.000000000000000000e+00
-1.479982948303222656e+01 1.962937712669372559e+00 0.000000000000000000e+00
8.355301856994628906e+00 1.074159717559814453e+01 0.000000000000000000e+00
4.427704334259033203e+00 8.638916015625000000e+00 0.000000000000000000e+00
-6.165302276611328125e+00 -1.239985179901123047e+01 0.000000000000000000e+00
7.275730609893798828e+00 -4.499663829803466797e+00 0.000000000000000000e+00
-1.037332534790039062e+01 7.577791213989257812e+00 0.000000000000000000e+00
1.340305900573730469e+01 4.811439037322998047e+00 0.000000000000000000e+00
4.918622493743896484e+00 1.634504127502441406e+01 0.000000000000000000e+00
2.183222770690917969e+00 1.911931514739990234e+00 0.000000000000000000e+00
5.272547721862792969e+00 -2.768344402313232422e+00 0.000000000000000000e+00
1.416840171813964844e+01 -3.599252223968505859e+00 0.000000000000000000e+00
-7.391099929809570312e+00 -1.114412689208984375e+01 0.000000000000000000e+00
1.214724731445312500e+01 5.766533374786376953e+00 0.000000000000000000e+00
-1.150401878356933594e+01 -7.717152118682861328e+00 0.000000000000000000e+00
-5.810541152954101562e+00 1.134149742126464844e+01 0.000000000000000000e+00
3.275790929794311523e+00 3.557187557220458984e+00 0.000000000000000000e+00
-3.600076675415039062e+00 8.567826271057128906e+00 0.000000000000000000e+00
-1.525451779365539551e+00 3.767241239547729492e+00 0.000000000000000000e+00
-2.688650190830230713e-01 6.838209152221679688e+00 0.000000000000000000e+00
-4.927870273590087891e+00 3.136204481124877930e+00 0.000000000000000000e+00
-5.528583049774169922e+00 -1.512267780303955078e+01 0.000000000000000000e+00
4.631874561309814453e+00 6.869558334350585938e+00 0.000000000000000000e+00
-1.608057379722595215e+00 1.050892162322998047e+01 0.000000000000000000e+00
-4.519157886505126953e+00 -8.674893379211425781e+00 0.000000000000000000e+00
1.432182979583740234e+01 7.744218826293945312e+00 0.000000000000000000e+00
4.781552314758300781e+00 -1.498331928253173828e+01 0.000000000000000000e+00
1.096368432044982910e+00 -2.652157098054885864e-03 0.000000000000000000e+00
1.252734661102294922e+01 -3.406381130218505859e+00 0.000000000000000000e+00
7.424405813217163086e-01 -1.436015129089355469e+01 0.000000000000000000e+00
1.071663284301757812e+01 -4.148939132690429688e+00 0.000000000000000000e+00
-1.336811447143554688e+01 -1.100142765045166016e+01 0.000000000000000000e+00
4.804114341735839844e+00 3.014502763748168945e+00 0.000000000000000000e+00
-1.313705062866210938e+01 1.041266632080078125e+01 0.000000000000000000e+00
3.776735067367553711e+00 1.133506011962890625e+01 0.000000000000000000e+00
2.049166917800903320e+00 1.185257434844970703e+01 0.000000000000000000e+00
1.198229908943176270e+00 8.423851013183593750e+00 0.000000000000000000e+00
5.642733097076416016e+00 4.691734313964843750e+00 0.000000000000000000e+00
-3.666607618331909180e+00 -6.719901561737060547e+00 0.000000000000000000e+00
1.283467769622802734e+01 -1.144106101989746094e+01 0.000000000000000000e+00
1.134741306304931641e+01 -7.650360465049743652e-01 0.000000000000000000e+00
-7.562496662139892578e+00 5.469163060188293457e-01 0.000000000000000000e+00
-1.573538970947265625e+01 -6.844243526458740234e+00 0.000000000000000000e+00
2.120724439620971680e+00 4.611877918243408203e+00 0.000000000000000000e+00
-1.179087638854980469e+00 -8.586209297180175781e+00 0.000000000000000000e+00
-1.197091042995452881e-01 1.747640037536621094e+01 0.000000000000000000e+00
-7.365499496459960938e+00 1.097844791412353516e+01 0.000000000000000000e+00
-1.466790676116943359e+01 7.931441307067871094e+00 0.000000000000000000e+00
-1.642783546447753906e+01 4.418339252471923828e+00 0.000000000000000000e+00
-1.255166912078857422e+01 -8.863875389099121094e+00 0.000000000000000000e+00
1.630290794372558594e+01 -3.701610326766967773e+00 0.000000000000000000e+00
-2.355573475360870361e-01 8.943363189697265625e+00 0.000000000000000000e+00
2.218181133270263672e+00 -7.782735347747802734e+00 0.000000000000000000e+00
2.679911613464355469e+00 -8.786695599555969238e-01 0.000000000000000000e+00
1.453841972351074219e+01 1.057568073272705078e+00 0.000000000000000000e+00
-4.229602336883544922e+00 -4.564758300781250000e+00 0.000000000000000000e+00
-4.297166347503662109e+00 -1.679473304748535156e+01 0.000000000000000000e+00
-1.202734947204589844e+01 -3.431918382644653320e+00 0.000000000000000000e+00
5.965383529663085938e+00 8.426065444946289062e+00 0.000000000000000000e+00
1.236807632446289062e+01 2.049693822860717773e+00 0.000000000000000000e+00
-1.247957706451416016e+01 -6.569242000579833984e+00 0.000000000000000000e+00
-3.561172485351562500e-01 1.377041053771972656e+01 0.000000000000000000e+00
-9.767862319946289062e+00 1.481696367263793945e+00 0.000000000000000000e+00
-9.864282608032226562e+00 -1.266073703765869141e+01 0.000000000000000000e+00
6.368371963500976562e+00 6.566516399383544922e+00 0.000000000000000000e+00
-6.751029491424560547e+00 1.441633415222167969e+01 0.000000000000000000e+00
-5.188835620880126953e+00 -1.440483212471008301e+00 0.000000000000000000e+00
-1.707594299316406250e+01 -1.892584919929504395e+00 0.000000000000000000e+00
-5.895473957061767578e-01 -6.006408691406250000e+00 0.000000000000000000e+00
1.369490909576416016e+01 -4.256378114223480225e-01 0.000000000000000000e+00
1.063533210754394531e+01 7.667237520217895508e-01 0.000000000000000000e+00
-3.404431343078613281e+00 -1.219771766662597656e+01 0.000000000000000000e+00
-2.703077793121337891e+00 -4.670840263366699219e+00 0.000000000000000000e+00
-1.169779109954833984e+01 6.365607261657714844e+00 0.000000000000000000e+00
1.367944526672363281e+01 -9.959345817565917969e+00 0.000000000000000000e+00
1.189749956130981445e+00 1.669293594360351562e+01 0.000000000000000000e+00
7.636251449584960938e+00 -9.653506278991699219e+00 0.000000000000000000e+00
-1.019056892395019531e+01 -3.895376443862915039e+00 0.000000000000000000e+00
3.733782291412353516e+00 1.449818229675292969e+01 0.000000000000000000e+00
-1.103269863128662109e+01 1.356985473632812500e+01 0.000000000000000000e+00
-9.762055397033691406e+00 -9.711410522460937500e+00 0.000000000000000000e+00
1.099936389923095703e+01 1.300772857666015625e+01 0.000000000000000000e+00
-1.755743145942687988e+00 -6.977993845939636230e-01 0.000000000000000000e+00
8.401534080505371094e+00 3.990965127944946289e+00 0.000000000000000000e+00
-2.165187120437622070e+00 -3.236080408096313477e+00 0.000000000000000000e+00
-4.886896610260009766e+00 1.338842105865478516e+01 0.000000000000000000e+00
-5.431143760681152344e+00 -1.092493915557861328e+01 0.000000000000000000e+00
-2.420722723007202148e+00 1.590545845031738281e+01 0.000000000000000000e+00
1.120272922515869141e+01 9.301012039184570312e+00 0.000000000000000000e+00
9.604990959167480469e+00 -2.883786678314208984e+00 0.000000000000000000e+00
-2.665854930877685547e+00 -1.653622627258300781e+01 0.000000000000000000e+00
-7.929954528808593750e+00 -9.406099319458007812e+00 0.000000000000000000e+00
2.286181688308715820e+00 -9.576129913330078125e+00 0.000000000000000000e+00
-7.364497184753417969e+00 3.623375177383422852e+00 0.000000000000000000e+00
5.346434116363525391e+00 1.179105567932128906e+01 0.000000000000000000e+00
1.409964084625244141e+01 -6.895930767059326172e+00 0.000000000000000000e+00
4.415508806705474854e-01 -1.733925247192382812e+01 0.000000000000000000e+00
-9.644263267517089844e+00 -6.320116519927978516e+00 0.000000000000000000e+00
-1.328381824493408203e+01 2.511388301849365234e+00 0.000000000000000000e+00
1.002264499664306641e+01 -1.374003982543945312e+01 0.000000000000000000e+00
