-1.981558918952941895e+00 -1.503683567047119141e+01 0.000000000000000000e+00
4.809404909610748291e-01 -2.121509790420532227e+00 0.000000000000000000e+00
-5.780510902404785156e+00 -1.364375114440917969e+01 0.000000000000000000e+00
-1.267325687408447266e+01 1.171004962921142578e+01 0.000000000000000000e+00
1.712288093566894531e+01 -3.107221364974975586e+00 0.000000000000000000e+00
-4.262577056884765625e+00 3.546814203262329102e+00 0.000000000000000000e+00
-1.417845821380615234e+01 6.781043052673339844e+00 0.000000000000000000e+00
1.194117164611816406e+01 9.199612617492675781e+00 0.000000000000000000e+00
-8.079889297485351562e+00 -5.703403472900390625e+00 0.000000000000000000e+00
1.226396942138671875e+01 -9.049842834472656250e+00 0.000000000000000000e+00
-9.294460296630859375e+00 -1.204872512817382812e+01 0.000000000000000000e+00
1.386476135253906250e+01 -4.437777996063232422e+00 0.000000000000000000e+00
-8.242281913757324219e+00 5.117953300476074219e+00 0.000000000000000000e+00
-7.567053318023681641e+00 1.086574172973632812e+01 0.000000000000000000e+00
8.751187920570373535e-01 4.460857391357421875e+00 0.000000000000000000e+00
-8.815649032592773438e+00 1.477270889282226562e+01 0.000000000000000000e+00
2.540829658508300781e+00 -1.279313802719116211e+00 0.000000000000000000e+00
-3.874147534370422363e-01 7.801026821136474609e+00 0.000000000000000000e+00
-1.185784244537353516e+01 -6.878480434417724609e+00 0.000000000000000000e+00
-1.719161987304687500e+01 -7.386265397071838379e-01 0.000000000000000000e+00
-3.045002698898315430e+00 -1.613450431823730469e+01 0.000000000000000000e+00
-8.570750236511230469e+00 7.308053970336914062e+00 0.000000000000000000e+00
1.414383697509765625e+01 -5.203821063041687012e-01 0.000000000000000000e+00
-4.811058044433593750e+00 -9.202658653259277344e+00 0.000000000000000000e+00
-4.904305934906005859e+00 1.347034835815429688e+01 0.000000000000000000e+00
3.205217421054840088e-01 -5.900924205780029297e+00 0.000000000000000000e+00
-1.101245975494384766e+01 1.352565288543701172e+01 0.000000000000000000e+00
4.576118946075439453e+00 4.354287624359130859e+00 0.000000000000000000e+00
-7.136380195617675781e+00 4.978685677051544189e-01 0.000000000000000000e+00
-2.313226222991943359e+00 1.109629440307617188e+01 0.000000000000000000e+00
2.592068910598754883e+00 -1.180355167388916016e+01 0.000000000000000000e+00
-4.632385253906250000e+00 8.191873550415039062e+00 0.000000000000000000e+00
-4.378692626953125000e+00 5.290208458900451660e-01 0.000000000000000000e+00
8.190299034118652344e+00 3.014287471771240234e+00 0.000000000000000000e+00
-8.333559036254882812e+00 9.317230224609375000e+00 0.000000000000000000e+00
-4.197745323181152344e+00 -7.249300003051757812e+00 0.000000000000000000e+00
-2.583707332611083984e+00 -3.921923160552978516e+00 0.000000000000000000e+00
-1.713160037994384766e+00 3.240298032760620117e+00 0.000000000000000000e+00
1.035170555114746094e+01 1.014868927001953125e+01 0.000000000000000000e+00
5.118078231811523438e+00 -3.737114906311035156e+00 0.000000000000000000e+00
1.385030078887939453e+01 7.868601799011230469e+00 0.000000000000000000e+00
-7.141308307647705078e+00 -1.559218406677246094e+01 0.000000000000000000e+00
4.449921131134033203e+00 1.085833358764648438e+01 0.000000000000000000e+00
1.796288013458251953e+00 1.234860610961914062e+01 0.000000000000000000e+00
5.986713886260986328e+00 -9.216458320617675781e+00 0.000000000000000000e+00
3.499403715133666992e+00 1.232489585876464844e+00 0.000000000000000000e+00
1.499511432647705078e+01 -3.295111179351806641e+00 0.000000000000000000e+00
-1.051235580444335938e+01 -1.303444194793701172e+01 0.000000000000000000e+00
-1.609178781509399414e+00 -2.687682211399078369e-01 0.000000000000000000e+00
8.004155158996582031e+00 -9.189942359924316406e+00 0.000000000000000000e+00
-1.089665603637695312e+01 -9.385296106338500977e-01 0.000000000000000000e+00
1.168888759613037109e+01 7.185158729553222656e+00 0.000000000000000000e+00
6.197349548339843750e+00 1.319154834747314453e+01 0.000000000000000000e+00
2.091307878494262695e+00 -4.557215213775634766e+00 0.000000000000000000e+00
7.179568767547607422e+00 -1.110101032257080078e+01 0.000000000000000000e+00
-1.405457305908203125e+01 -6.628926753997802734e+00 0.000000000000000000e+00
1.534501266479492188e+01 1.644087672233581543e+00 0.000000000000000000e+00
-1.286883640289306641e+01 4.401696205139160156e+00 0.000000000000000000e+00
2.494264841079711914e+00 -1.658639717102050781e+01 0.000000000000000000e+00
1.253889179229736328e+01 -5.900021791458129883e-01 0.000000000000000000e+00
4.013056278228759766e+00 1.255156993865966797e+01 0.000000000000000000e+00
-5.623160362243652344e+00 -3.215949296951293945e+00 0.000000000000000000e+00
7.470860481262207031e+00 9.082142829895019531e+00 0.000000000000000000e+00
6.779430389404296875e+00 -1.389671325683593750e+01 0.000000000000000000e+00
-8.021080493927001953e-02 2.507197380065917969e+00 0.000000000000000000e+00
6.894023895263671875e+00 9.441428184509277344e-01 0.000000000000000000e+00
1.801157474517822266e+00 1.523306751251220703e+01 0.000000000000000000e+00
-7.802109718322753906e+00 3.121931552886962891e+00 0.000000000000000000e+00
-1.511667633056640625e+01 3.927117109298706055e+00 0.000000000000000000e+00
2.995514631271362305e+00 3.975065231323242188e+00 0.000000000000000000e+00
-1.091292762756347656e+01 9.421517372131347656e+00 0.000000000000000000e+00
-6.489439964294433594e+00 -1.073805999755859375e+01 0.000000000000000000e+00
-3.326000213623046875e+00 6.293649673461914062e+00 0.000000000000000000e+00
-1.201223373413085938e+01 -2.687870502471923828e+00 0.000000000000000000e+00
-5.044816493988037109e+00 -1.130008506774902344e+01 0.000000000000000000e+00
1.543308925628662109e+01 3.565381288528442383e+00 0.000000000000000000e+00
-1.067455005645751953e+01 -4.989744186401367188e+00 0.000000000000000000e+00
1.163374328613281250e+01 -6.024568557739257812e+00 0.000000000000000000e+00
7.877402782440185547e+00 -5.786362648010253906e+00 0.000000000000000000e+00
-1.434246063232421875e+01 -4.045372009277343750e+00 0.000000000000000000e+00
5.601272106170654297e+00 -5.925500392913818359e+00 0.000000000000000000e+00
7.481869697570800781e+00 6.314506530761718750e+00 0.000000000000000000e+00
1.513161277770996094e+01 5.187175273895263672e+00 0.000000000000000000e+00
-3.887378692626953125e+00 -2.338634252548217773e+00 0.000000000000000000e+00
1.401227831840515137e+00 -8.701368331909179688e+00 0.000000000000000000e+00
-1.080600261688232422e+01 1.180609703063964844e+01 0.000000000000000000e+00
2.527477025985717773e+00 7.171171188354492188e+00 0.000000000000000000e+00
-1.550482749938964844e+01 -6.231723427772521973e-01 0.000000000000000000e+00
6.304917931556701660e-01 8.913072943687438965e-01 0.000000000000000000e+00
1.067000579833984375e+01 -3.067898750305175781e-01 0.000000000000000000e+00
-1.086485576629638672e+01 -9.622712135314941406e+00 0.000000000000000000e+00
-1.716049313545227051e+00 -6.952355861663818359e+00 0.000000000000000000e+00
-1.289646029472351074e+00 -9.878672599792480469e+00 0.000000000000000000e+00
-3.954772233963012695e+00 1.515602493286132812e+01 0.000000000000000000e+00
4.651343345642089844e+00 1.634531211853027344e+01 0.000000000000000000e+00
1.076202392578125000e-01 1.361208057403564453e+01 0.000000000000000000e+00
5.831074237823486328e+00 1.005676937103271484e+01 0.000000000000000000e+00
1.160468769073486328e+01 1.132320499420166016e+01 0.000000000000000000e+00
1.030563068389892578e+01 4.811304092407226562e+00 0.000000000000000000e+00
1.262833786010742188e+01 -2.872937440872192383e+00 0.000000000000000000e+00
-1.142214870452880859e+01 7.636747837066650391e+00 0.000000000000000000e+00
-3.902662754058837891e+00 -1.332434844970703125e+01 0.000000000000000000e+00
-8.062066078186035156e+00 -1.938168048858642578e+00 0.000000000000000000e+00
-1.300574421882629395e+00 1.638761711120605469e+01 0.000000000000000000e+00
-1.009005069732666016e+01 2.730881690979003906e+00 0.000000000000000000e+00
1.389883136749267578e+01 3.751603126525878906e+00 0.000000000000000000e+00
-8.010616302490234375e+00 1.338170242309570312e+01 0.000000000000000000e+00
4.826798439025878906e+00 -7.956708431243896484e+00 0.000000000000000000e+00
-9.634524345397949219e+00 4.448554992675781250e+00 0.000000000000000000e+00
4.351298809051513672e+00 -1.304527091979980469e+01 0.000000000000000000e+00
7.908006668090820312e+00 -5.474174618721008301e-01 0.000000000000000000e+00
-1.064400449395179749e-01 1.066330528259277344e+01 0.000000000000000000e+00
-6.054345607757568359e+00 9.502940177917480469e+00 0.000000000000000000e+00
-1.377299118041992188e+01 9.607998132705688477e-01 0.000000000000000000e+00
4.792768955230712891e+00 8.636964797973632812e+00 0.000000000000000000e+00
1.470831632614135742e+00 1.021700668334960938e+01 0.000000000000000000e+00
-1.561573266983032227e+00 -1.926678419113159180e+00 0.000000000000000000e+00
1.121283435821533203e+01 -1.128504276275634766e+01 0.000000000000000000e+00
-1.342966079711914062e+01 9.405714035034179688e+00 0.000000000000000000e+00
-6.345388412475585938e+00 1.243572807312011719e+01 0.000000000000000000e+00
9.835864067077636719e+00 2.958637237548828125e+00 0.000000000000000000e+00
-5.288699626922607422e+00 -1.532127094268798828e+01 0.000000000000000000e+00
-3.125753998756408691e-01 -1.147037315368652344e+01 0.000000000000000000e+00
-1.231712055206298828e+01 2.313680887222290039e+00 0.000000000000000000e+00
-1.551100730895996094e+01 5.578105926513671875e+00 0.000000000000000000e+00
-1.220393848419189453e+01 -1.130535125732421875e+01 0.000000000000000000e+00
7.585729598999023438e+00 4.739826202392578125e+00 0.000000000000000000e+00
3.763511180877685547e+00 -1.510784721374511719e+01 0.000000000000000000e+00
-5.452374458312988281e+00 -6.305472373962402344e+00 0.000000000000000000e+00
-6.261852264404296875e+00 -1.113694310188293457e+00 0.000000000000000000e+00
3.998566150665283203e+00 -9.946013450622558594e+00 0.000000000000000000e+00
7.764745235443115234e+00 -3.323454141616821289e+00 0.000000000000000000e+00
-5.684084892272949219e+00 5.980639934539794922e+00 0.000000000000000000e+00
1.019898414611816406e+01 -2.602953672409057617e+00 0.000000000000000000e+00
9.603439331054687500e+00 7.550177574157714844e+00 0.000000000000000000e+00
3.125884294509887695e+00 9.503131866455078125e+00 0.000000000000000000e+00
6.711703300476074219e+00 -1.588102912902832031e+01 0.000000000000000000e+00
6.291731834411621094e+00 1.593206977844238281e+01 0.000000000000000000e+00
9.753437042236328125e+00 1.329797863960266113e+00 0.000000000000000000e+00
1.188016772270202637e+00 -1.474560832977294922e+01 0.000000000000000000e+00
6.718996047973632812e+00 2.703361749649047852e+00 0.000000000000000000e+00
1.383916378021240234e+01 2.008441925048828125e+00 0.000000000000000000e+00
1.031256771087646484e+01 -5.144752502441406250e+00 0.000000000000000000e+00
-1.356773972511291504e+00 -5.446583747863769531e+00 0.000000000000000000e+00
-4.172693729400634766e+00 1.670098114013671875e+01 0.000000000000000000e+00
1.551195049285888672e+01 -5.136855125427246094e+00 0.000000000000000000e+00
-1.531805992126464844e+01 -8.116749763488769531e+00 0.000000000000000000e+00
6.068883538246154785e-01 6.552683830261230469e+00 0.000000000000000000e+00
1.077967262268066406e+01 -1.323487854003906250e+01 0.000000000000000000e+00
-1.623800086975097656e+01 -5.879696846008300781e+00 0.000000000000000000e+00
9.693694114685058594e+00 -9.174024581909179688e+00 0.000000000000000000e+00
1.028710269927978516e+01 1.229918861389160156e+01 0.000000000000000000e+00
-1.075755882263183594e+01 9.112158417701721191e-01 0.000000000000000000e+00
3.771717786788940430e+00 -6.119204998016357422e+00 0.000000000000000000e+00
1.413888549804687500e+01 -6.213181972503662109e+00 0.000000000000000000e+00
-1.303690910339355469e+00 9.099073410034179688e+00 0.000000000000000000e+00
1.324300670623779297e+01 -1.021982955932617188e+01 0.000000000000000000e+00
-1.032708549499511719e+01 -2.813894748687744141e+00 0.000000000000000000e+00
-9.404737472534179688e+00 -7.080971240997314453e+00 0.000000000000000000e+00
-2.440543413162231445e+00 -1.146317672729492188e+01 0.000000000000000000e+00
-1.363387393951416016e+01 -1.067364931106567383e+00 0.000000000000000000e+00
1.662561416625976562e+01 -6.404043734073638916e-02 0.000000000000000000e+00
-5.485692024230957031e+00 2.468686819076538086e+00 0.000000000000000000e+00
5.287870883941650391e+00 6.713485717773437500e+00 0.000000000000000000e+00
8.029616355895996094e+00 -1.257745552062988281e+01 0.000000000000000000e+00
-1.868667900562286377e-01 -8.384421348571777344e+00 0.000000000000000000e+00
1.161888408660888672e+01 -4.009823799133300781e+00 0.000000000000000000e+00
-1.314290428161621094e+01 -8.088430404663085938e+00 0.000000000000000000e+00
4.071846008300781250e+00 1.444581985473632812e+01 0.000000000000000000e+00
-1.594143199920654297e+01 -3.144378662109375000e+00 0.000000000000000000e+00
9.687975883483886719e+00 -6.686582088470458984e+00 0.000000000000000000e+00
1.190170860290527344e+01 2.281325101852416992e+00 0.000000000000000000e+00
-1.559898853302001953e+01 1.400310516357421875e+00 0.000000000000000000e+00
-2.315768972039222717e-02 -4.206329822540283203e+00 0.000000000000000000e+00
9.363241195678710938e+00 -1.223301529884338379e+00 0.000000000000000000e+00
-1.664191436767578125e+01 3.148138761520385742e+00 0.000000000000000000e+00
-1.449272036552429199e+00 -1.339281272888183594e+01 0.000000000000000000e+00
-2.163747072219848633e+00 1.265986347198486328e+01 0.000000000000000000e+00
-7.854366302490234375e+00 -1.413186359405517578e+01 0.000000000000000000e+00
-3.627567529678344727e+00 1.182152938842773438e+01 0.000000000000000000e+00
-9.383795738220214844e+00 1.268515777587890625e+01 0.000000000000000000e+00
-7.802390575408935547e+00 -8.476130485534667969e+00 0.000000000000000000e+00
1.386481380462646484e+01 9.859942436218261719e+00 0.000000000000000000e+00
8.147795677185058594e+00 1.315383434295654297e+01 0.000000000000000000e+00
7.733927369117736816e-01 1.720843124389648438e+01 0.000000000000000000e+00
6.859129905700683594e+00 -7.330102443695068359e+00 0.000000000000000000e+00
-8.035913467407226562e+00 -1.061684322357177734e+01 0.000000000000000000e+00
-3.136001110076904297e+00 -9.729275703430175781e+00 0.000000000000000000e+00
-3.074396371841430664e+00 1.393098068237304688e+01 0.000000000000000000e+00
5.138648033142089844e+00 1.604473710060119629e+00 0.000000000000000000e+00
1.020256233215332031e+01 1.384012889862060547e+01 0.000000000000000000e+00
2.188329696655273438e+00 2.521069526672363281e+00 0.000000000000000000e+00
1.571359038352966309e+00 8.566200256347656250e+00 0.000000000000000000e+00
-4.699217796325683594e+00 -4.525038242340087891e+00 0.000000000000000000e+00
5.983781337738037109e+00 -4.061645567417144775e-01 0.000000000000000000e+00
-8.203740119934082031e+00 -4.093255519866943359e+00 0.000000000000000000e+00
9.972401857376098633e-01 -1.726316642761230469e+01 0.000000000000000000e+00
-2.370560169219970703e+00 1.876328825950622559e+00 0.000000000000000000e+00
-6.959681987762451172e+00 8.287796020507812500e+00 0.000000000000000000e+00
8.445350646972656250e+00 1.155715942382812500e+01 0.000000000000000000e+00
-6.412784099578857422e+00 1.536202812194824219e+01 0.000000000000000000e+00
1.904881954193115234e+00 -2.704140424728393555e+00 0.000000000000000000e+00
-1.129057407379150391e+01 5.573209285736083984e+00 0.000000000000000000e+00
9.403025627136230469e+00 -1.073855209350585938e+01 0.000000000000000000e+00
8.818939208984375000e+00 -1.486654567718505859e+01 0.000000000000000000e+00
2.325320959091186523e+00 -7.126142501831054688e+00 0.000000000000000000e+00
1.460393047332763672e+01 -7.772720813751220703e+00 0.000000000000000000e+00
8.296773910522460938e+00 1.529760742187500000e+01 0.000000000000000000e+00
-9.895751953125000000e+00 6.226871967315673828e+00 0.000000000000000000e+00
-5.024069786071777344e+00 1.091488361358642578e+01 0.000000000000000000e+00
3.239609718322753906e+00 5.672575473785400391e+00 0.000000000000000000e+00
-8.722766876220703125e+00 6.231933236122131348e-01 0.000000000000000000e+00
-3.940375804901123047e+00 2.040116071701049805e+00 0.000000000000000000e+00
2.437638759613037109e+00 1.694487762451171875e+01 0.000000000000000000e+00
1.697814178466796875e+01 2.006818532943725586e+00 0.000000000000000000e+00
8.255503773689270020e-01 -1.290781974792480469e+01 0.000000000000000000e+00
-1.443224620819091797e+01 -2.445046901702880859e+00 0.000000000000000000e+00
-2.132468938827514648e+00 -8.583393096923828125e+00 0.000000000000000000e+00
-7.151215553283691406e+00 -1.235131835937500000e+01 0.000000000000000000e+00
-1.677397012710571289e+00 1.480569171905517578e+01 0.000000000000000000e+00
5.727661028504371643e-02 -1.578176593780517578e+01 0.000000000000000000e+00
-1.421366691589355469e+01 -9.881674766540527344e+00 0.000000000000000000e+00
1.209007930755615234e+01 4.026227951049804688e+00 0.000000000000000000e+00
-6.216348648071289062e+00 4.069468498229980469e+00 0.000000000000000000e+00
4.450786590576171875e+00 -1.054180622100830078e+00 0.000000000000000000e+00
-1.734976005554199219e+01 9.914095997810363770e-01 0.000000000000000000e+00
6.384003639221191406e+00 -2.640388488769531250e+00 0.000000000000000000e+00
5.786390781402587891e+00 -1.190576553344726562e+01 0.000000000000000000e+00
1.333573150634765625e+01 5.819106101989746094e+00 0.000000000000000000e+00
6.679994583129882812e+00 -4.429794311523437500e+00 0.000000000000000000e+00
-1.994953632354736328e+00 7.730668544769287109e+00 0.000000000000000000e+00
-7.035636901855468750e+00 -6.996417045593261719e+00 0.000000000000000000e+00
-1.620305776596069336e+00 5.191116809844970703e+00 0.000000000000000000e+00
-1.127851486206054688e+01 4.045405387878417969e+00 0.000000000000000000e+00
1.590546894073486328e+01 -6.955207824707031250e+00 0.000000000000000000e+00
-3.681266307830810547e+00 1.006936550140380859e+01 0.000000000000000000e+00
-1.471001243591308594e+01 8.393131256103515625e+00 0.000000000000000000e+00
-9.522348403930664062e+00 1.094732379913330078e+01 0.000000000000000000e+00
1.709996223449707031e+01 3.720032453536987305e+00 0.000000000000000000e+00
-1.297514152526855469e+01 -4.708334922790527344e+00 0.000000000000000000e+00
1.621997451782226562e+01 -1.814338803291320801e+00 0.000000000000000000e+00
6.448906898498535156e+00 1.164070892333984375e+01 0.000000000000000000e+00
-1.296141529083251953e+01 7.749395847320556641e+00 0.000000000000000000e+00
-6.226751804351806641e+00 -4.653488159179687500e+00 0.000000000000000000e+00
8.298659324645996094e-01 -5.971028208732604980e-01 0.000000000000000000e+00
9.266833305358886719e+00 -4.046212196350097656e+00 0.000000000000000000e+00
8.858479499816894531e+00 5.693744182586669922e+00 0.000000000000000000e+00
5.123384952545166016e+00 -1.582118701934814453e+01 0.000000000000000000e+00
1.544002723693847656e+01 7.899759292602539062e+00 0.000000000000000000e+00
-5.659067153930664062e+00 -7.946206569671630859e+00 0.000000000000000000e+00
-1.087280845642089844e+01 -8.026190757751464844e+00 0.000000000000000000e+00
-6.230446696281433105e-01 -1.720792961120605469e+01 0.000000000000000000e+00
1.285127544403076172e+01 -7.331370353698730469e+00 0.000000000000000000e+00
1.182404708862304688e+01 5.553984642028808594e+00 0.000000000000000000e+00
1.630555152893066406e+00 -1.028694725036621094e+01 0.000000000000000000e+00
1.326541900634765625e+01 1.125255489349365234e+01 0.000000000000000000e+00
