-2.507396283717309160e+00 8.626783157125406110e-01
-1.384038083907359384e+00 1.410917638380796868e+00
-2.606798840974093867e-01 1.959156961049053125e+00
8.626783157125406110e-01 2.507396283717309160e+00
-1.959156961049053125e+00 -2.606798840974093867e-01
-8.357987612391031274e-01 2.875594385708468703e-01
2.875594385708468703e-01 8.357987612391031274e-01
1.410917638380796868e+00 1.384038083907359384e+00
-1.410917638380796868e+00 -1.384038083907359384e+00
-2.875594385708468703e-01 -8.357987612391031274e-01
8.357987612391031274e-01 -2.875594385708468703e-01
1.959156961049053125e+00 2.606798840974093867e-01
-8.626783157125406110e-01 -2.507396283717309160e+00
2.606798840974093867e-01 -1.959156961049053125e+00
1.384038083907359384e+00 -1.410917638380796868e+00
2.507396283717309160e+00 -8.626783157125406110e-01
