-2.647995546172405845e+00 1.391746652631209447e-01
-1.718938809027230397e+00 9.754482922328826522e-01
-7.898820718820547260e-01 1.811721919202644360e+00
1.391746652631209447e-01 2.647995546172405845e+00
-1.811721919202644360e+00 -7.898820718820547260e-01
-8.826651820574686891e-01 4.639155508770698155e-02
4.639155508770698155e-02 8.826651820574686891e-01
9.754482922328826522e-01 1.718938809027230397e+00
-9.754482922328826522e-01 -1.718938809027230397e+00
-4.639155508770698155e-02 -8.826651820574686891e-01
8.826651820574686891e-01 -4.639155508770698155e-02
1.811721919202644360e+00 7.898820718820547260e-01
-1.391746652631209447e-01 -2.647995546172405845e+00
7.898820718820547260e-01 -1.811721919202644360e+00
1.718938809027230397e+00 -9.754482922328826522e-01
2.647995546172405845e+00 -1.391746652631209447e-01
