5.484712983232898686e+00 1.193007988882083303e+01 5.199897080743198785e-05
9.650783628196384356e+00 8.903312817544398072e+00 3.523709462980306739e-04
-1.708679864739330201e+00 1.079002914992737239e+01 -2.239452124834784286e-04
2.457390780224155691e+00 7.763262078650935649e+00 7.642676300667616829e-05
6.624454215232693954e+00 4.735796510645451818e+00 -3.487846718410736457e-04
1.078953303003737396e+01 1.709124762948268428e+00 -1.204395960299198265e-04
-8.903065502756611238e+00 9.650676907762957057e+00 2.256940145644037443e-04
-4.735882439784155018e+00 6.624606371617355549e+00 -5.881088607218032394e-07
-5.699304299540267627e-01 3.596444173061311034e+00 1.009266547553622217e-04
3.597252633018429346e+00 5.703736369157088593e-01 -1.253554686698743481e-04
7.763323245095422820e+00 -2.456996511534690786e+00 -6.226651556500151230e-04
1.193026711802867190e+01 -5.484650955939915917e+00 3.485589172114167411e-04
-1.193026831387429887e+01 5.484643036702840035e+00 -3.425716162386294172e-04
-7.763323244926250588e+00 2.456996512266701238e+00 6.226646022144954884e-04
-3.597252632962769425e+00 -5.703736371085867951e-01 1.253544469544953799e-04
5.699304300675074320e-01 -3.596444172698083364e+00 -1.009269293745784779e-04
4.735881447067075811e+00 -6.624606275834400648e+00 5.157346927298078754e-07
8.903064510039531143e+00 -9.650676811980002157e+00 -2.257663887323957397e-04
-1.078953422594081957e+01 -1.709132682741449250e+00 1.264261499065444383e-04
-6.624455207951872815e+00 -4.735796414488161687e+00 3.487120146599131942e-04
-2.457391772941234898e+00 -7.763261982867980748e+00 -7.649913717511225286e-05
1.708678872077942001e+00 -1.079002905377563515e+01 2.238725594985169209e-04
-9.650785816872570422e+00 -8.903320641361748500e+00 -3.464557448751293123e-04
-5.484712983119417906e+00 -1.193007988845760536e+01 -5.199924542687028861e-05
