1.634086799621582031e+01 4.637753009796142578e+00 0.000000000000000000e+00
1.856158852577209473e+00 -1.309546756744384766e+01 0.000000000000000000e+00
-3.609052419662475586e+00 -1.037886333465576172e+01 0.000000000000000000e+00
9.480411529541015625e+00 1.050689411163330078e+01 0.000000000000000000e+00
3.080516338348388672e+00 6.649084091186523438e+00 0.000000000000000000e+00
-1.206570625305175781e+00 -1.455160427093505859e+01 0.000000000000000000e+00
8.377495765686035156e+00 -1.247799968719482422e+01 0.000000000000000000e+00
-1.214744687080383301e+00 4.795970916748046875e+00 0.000000000000000000e+00
3.870792627334594727e+00 9.471116065979003906e+00 0.000000000000000000e+00
9.576325416564941406e+00 1.326382160186767578e+01 0.000000000000000000e+00
1.523255538940429688e+01 1.965234994888305664e+00 0.000000000000000000e+00
-5.633685588836669922e+00 8.579698562622070312e+00 0.000000000000000000e+00
9.122300148010253906e+00 -3.578931391239166260e-01 0.000000000000000000e+00
4.651837825775146484e+00 1.416557598114013672e+01 0.000000000000000000e+00
-3.509335041046142578e+00 -1.218524551391601562e+01 0.000000000000000000e+00
2.674569368362426758e+00 4.025158882141113281e-01 0.000000000000000000e+00
-6.182912349700927734e+00 -1.164887809753417969e+01 0.000000000000000000e+00
-1.255232810974121094e+01 4.988522529602050781e+00 0.000000000000000000e+00
5.700774669647216797e+00 -6.176245689392089844e+00 0.000000000000000000e+00
-7.684633731842041016e+00 7.464331150054931641e+00 0.000000000000000000e+00
6.241818428039550781e+00 -9.625558853149414062e+00 0.000000000000000000e+00
1.160002994537353516e+01 -1.209966373443603516e+01 0.000000000000000000e+00
2.076409816741943359e+00 -1.480168914794921875e+01 0.000000000000000000e+00
-5.690865993499755859e+00 -2.675782680511474609e+00 0.000000000000000000e+00
2.946984529495239258e+00 -3.359914779663085938e+00 0.000000000000000000e+00
-6.182603836059570312e+00 5.642753124237060547e+00 0.000000000000000000e+00
1.323523521423339844e+01 7.455547332763671875e+00 0.000000000000000000e+00
-1.892626881599426270e+00 -1.591434288024902344e+01 0.000000000000000000e+00
-1.699024319648742676e+00 1.464540672302246094e+01 0.000000000000000000e+00
-2.615135431289672852e+00 4.178397655487060547e+00 0.000000000000000000e+00
5.880893230438232422e+00 1.071388435363769531e+01 0.000000000000000000e+00
-5.785111904144287109e+00 -1.445885467529296875e+01 0.000000000000000000e+00
-1.003718566894531250e+01 1.230115127563476562e+01 0.000000000000000000e+00
-3.105710983276367188e+00 -1.705521774291992188e+01 0.000000000000000000e+00
-3.117038726806640625e+00 1.551073741912841797e+01 0.000000000000000000e+00
-4.967735707759857178e-01 6.440463066101074219e+00 0.000000000000000000e+00
1.259176731109619141e+01 5.765945911407470703e+00 0.000000000000000000e+00
-8.293469429016113281e+00 4.782416820526123047e+00 0.000000000000000000e+00
6.250359058380126953e+00 -1.487200164794921875e+01 0.000000000000000000e+00
-4.504711151123046875e+00 9.733249664306640625e+00 0.000000000000000000e+00
-7.912526130676269531e+00 -1.182556271553039551e+00 0.000000000000000000e+00
2.878007650375366211e+00 1.311527538299560547e+01 0.000000000000000000e+00
-3.513405561447143555e+00 -8.831281661987304688e+00 0.000000000000000000e+00
-1.054829025268554688e+01 8.706147193908691406e+00 0.000000000000000000e+00
1.092933654785156250e+01 1.163172340393066406e+01 0.000000000000000000e+00
9.445178031921386719e+00 -1.443719196319580078e+01 0.000000000000000000e+00
-1.375958156585693359e+01 1.049002742767333984e+01 0.000000000000000000e+00
-9.963185310363769531e+00 -4.781735897064208984e+00 0.000000000000000000e+00
3.482301473617553711e+00 -1.070070266723632812e+01 0.000000000000000000e+00
8.556959152221679688e+00 -8.609904289245605469e+00 0.000000000000000000e+00
-1.213062381744384766e+01 -4.237905144691467285e-01 0.000000000000000000e+00
-1.320760822296142578e+01 3.224254846572875977e+00 0.000000000000000000e+00
1.064154148101806641e+01 -1.090717697143554688e+01 0.000000000000000000e+00
-1.040933799743652344e+01 1.003106117248535156e+00 0.000000000000000000e+00
-8.393177986145019531e+00 -5.250948429107666016e+00 0.000000000000000000e+00
5.990105628967285156e+00 -1.171650695800781250e+01 0.000000000000000000e+00
1.407243824005126953e+01 -6.597488403320312500e+00 0.000000000000000000e+00
5.256733417510986328e+00 1.260995578765869141e+01 0.000000000000000000e+00
-8.176008224487304688e+00 1.649879813194274902e+00 0.000000000000000000e+00
4.007411301136016846e-01 -1.244117170572280884e-01 0.000000000000000000e+00
1.709588408470153809e+00 -5.231816291809082031e+00 0.000000000000000000e+00
6.073480844497680664e-01 1.087819480895996094e+01 0.000000000000000000e+00
-3.185580372810363770e-01 1.240332221984863281e+01 0.000000000000000000e+00
1.321294784545898438e+01 -1.001224899291992188e+01 0.000000000000000000e+00
-1.112778091430664062e+01 -1.081011009216308594e+01 0.000000000000000000e+00
2.713620424270629883e+00 1.080105113983154297e+01 0.000000000000000000e+00
-2.004897117614746094e+00 -5.021368026733398438e+00 0.000000000000000000e+00
1.255783462524414062e+01 1.598421812057495117e+00 0.000000000000000000e+00
2.069779157638549805e+00 1.459925174713134766e+01 0.000000000000000000e+00
5.647212028503417969e+00 2.803269028663635254e-01 0.000000000000000000e+00
6.385397911071777344e-01 3.359784603118896484e+00 0.000000000000000000e+00
-1.461858558654785156e+01 6.804950237274169922e+00 0.000000000000000000e+00
1.825480759143829346e-01 -1.319185924530029297e+01 0.000000000000000000e+00
-1.105996894836425781e+01 -3.295044660568237305e+00 0.000000000000000000e+00
2.513178110122680664e+00 2.965051651000976562e+00 0.000000000000000000e+00
-1.074422836303710938e+01 -1.249915122985839844e+01 0.000000000000000000e+00
4.809223175048828125e+00 -3.882617235183715820e+00 0.000000000000000000e+00
6.960366725921630859e+00 9.402089118957519531e+00 0.000000000000000000e+00
-9.478447914123535156e+00 -6.033021211624145508e-01 0.000000000000000000e+00
-4.561478614807128906e+00 -6.967523097991943359e+00 0.000000000000000000e+00
-1.486623477935791016e+01 -6.855148315429687500e+00 0.000000000000000000e+00
8.645944595336914062e+00 -4.235879421234130859e+00 0.000000000000000000e+00
-1.354488730430603027e-01 1.743858718872070312e+01 0.000000000000000000e+00
9.057655334472656250e+00 -1.111629867553710938e+01 0.000000000000000000e+00
-9.953038215637207031e+00 -9.165231704711914062e+00 0.000000000000000000e+00
1.100803947448730469e+01 -4.667674064636230469e+00 0.000000000000000000e+00
-1.541479206085205078e+01 1.671824455261230469e-01 0.000000000000000000e+00
9.555116653442382812e+00 8.154472351074218750e+00 0.000000000000000000e+00
6.980090141296386719e+00 -4.295712947845458984e+00 0.000000000000000000e+00
-2.242363214492797852e+00 6.315164566040039062e+00 0.000000000000000000e+00
-5.021324634552001953e+00 3.745244264602661133e+00 0.000000000000000000e+00
-3.331055164337158203e+00 8.642551422119140625e+00 0.000000000000000000e+00
1.550270366668701172e+01 3.106624186038970947e-01 0.000000000000000000e+00
1.662602043151855469e+01 -3.904787778854370117e+00 0.000000000000000000e+00
1.711338043212890625e+01 1.716395735740661621e+00 0.000000000000000000e+00
1.445186614990234375e+01 6.255024909973144531e+00 0.000000000000000000e+00
1.944853901863098145e+00 -9.062335968017578125e+00 0.000000000000000000e+00
-6.689945459365844727e-01 -3.618541002273559570e+00 0.000000000000000000e+00
-1.348261260986328125e+01 -1.047288036346435547e+01 0.000000000000000000e+00
7.887457370758056641e+00 -2.376230955123901367e+00 0.000000000000000000e+00
-6.996609687805175781e+00 -3.933810710906982422e+00 0.000000000000000000e+00
-9.230509757995605469e+00 -6.758440017700195312e+00 0.000000000000000000e+00
6.691196441650390625e+00 -7.718795299530029297e+00 0.000000000000000000e+00
4.231907844543457031e+00 -2.027758359909057617e+00 0.000000000000000000e+00
1.438994693756103516e+01 -8.425053596496582031e+00 0.000000000000000000e+00
-8.412252426147460938e+00 1.299251937866210938e+01 0.000000000000000000e+00
1.069433403015136719e+01 5.945952415466308594e+00 0.000000000000000000e+00
4.607928752899169922e+00 3.661348581314086914e+00 0.000000000000000000e+00
-1.632271575927734375e+01 3.309194087982177734e+00 0.000000000000000000e+00
1.264404296875000000e+01 1.018532562255859375e+01 0.000000000000000000e+00
1.519652175903320312e+01 7.879414558410644531e+00 0.000000000000000000e+00
-1.003717422485351562e+01 3.577696561813354492e+00 0.000000000000000000e+00
-1.261588191986083984e+01 8.630776405334472656e+00 0.000000000000000000e+00
-6.155083179473876953e+00 1.719279170036315918e+00 0.000000000000000000e+00
4.859165668487548828e+00 -1.562045669555664062e+01 0.000000000000000000e+00
1.576634883880615234e+01 -6.258910655975341797e+00 0.000000000000000000e+00
8.872203826904296875e+00 4.642208576202392578e+00 0.000000000000000000e+00
-1.365928268432617188e+01 9.119538664817810059e-01 0.000000000000000000e+00
-1.152034378051757812e+01 -1.846610307693481445e+00 0.000000000000000000e+00
7.860470294952392578e+00 -1.421430015563964844e+01 0.000000000000000000e+00
-2.863542556762695312e+00 -7.081063270568847656e+00 0.000000000000000000e+00
3.305236995220184326e-01 -1.582717227935791016e+01 0.000000000000000000e+00
1.163404703140258789e+00 5.428407192230224609e+00 0.000000000000000000e+00
1.122641563415527344e+01 -9.492902755737304688e+00 0.000000000000000000e+00
-2.309155702590942383e+00 -2.275728434324264526e-01 0.000000000000000000e+00
1.729621291160583496e+00 -1.675818634033203125e+01 0.000000000000000000e+00
2.099907159805297852e+00 -7.330098152160644531e+00 0.000000000000000000e+00
7.501672744750976562e+00 3.695375680923461914e+00 0.000000000000000000e+00
4.311315059661865234e+00 -1.277092266082763672e+01 0.000000000000000000e+00
-1.732766532897949219e+01 5.240615606307983398e-01 0.000000000000000000e+00
-1.337607145309448242e+00 -1.282649993896484375e+01 0.000000000000000000e+00
-8.218290328979492188e+00 8.947099685668945312e+00 0.000000000000000000e+00
-1.713614583015441895e+00 -8.047929763793945312e+00 0.000000000000000000e+00
-2.825404167175292969e+00 -1.381865501403808594e+01 0.000000000000000000e+00
1.663050079345703125e+01 -1.172795772552490234e+00 0.000000000000000000e+00
-9.006938934326171875e+00 -2.456356525421142578e+00 0.000000000000000000e+00
1.067989826202392578e+01 -1.670799255371093750e+00 0.000000000000000000e+00
1.878222227096557617e+00 1.640684318542480469e+01 0.000000000000000000e+00
1.424136638641357422e+01 -5.054154396057128906e-01 0.000000000000000000e+00
8.174611091613769531e+00 1.466296482086181641e+01 0.000000000000000000e+00
-6.669033527374267578e+00 3.152055740356445312e+00 0.000000000000000000e+00
-9.345234870910644531e+00 6.730791091918945312e+00 0.000000000000000000e+00
-1.263440132141113281e+01 -5.136857032775878906e+00 0.000000000000000000e+00
3.370861291885375977e+00 -1.661918258666992188e+01 0.000000000000000000e+00
-4.482458591461181641e+00 -1.559526634216308594e+01 0.000000000000000000e+00
3.786234617233276367e+00 -5.130404472351074219e+00 0.000000000000000000e+00
4.628500461578369141e+00 -7.268130302429199219e+00 0.000000000000000000e+00
-5.842216968536376953e+00 -3.583151996135711670e-01 0.000000000000000000e+00
-4.633384943008422852e-01 -1.082071495056152344e+01 0.000000000000000000e+00
-9.747091293334960938e+00 1.406302452087402344e+01 0.000000000000000000e+00
1.293019056320190430e+00 -3.136402606964111328e+00 0.000000000000000000e+00
-1.281994342803955078e+00 1.970748066902160645e+00 0.000000000000000000e+00
1.187330245971679688e+01 -7.082241058349609375e+00 0.000000000000000000e+00
-1.713811111450195312e+01 -3.217290639877319336e+00 0.000000000000000000e+00
1.407901096343994141e+01 3.520327568054199219e+00 0.000000000000000000e+00
-2.558336496353149414e+00 -2.025717735290527344e+00 0.000000000000000000e+00
-6.184892177581787109e+00 1.359825420379638672e+01 0.000000000000000000e+00
1.038431262969970703e+01 -6.618071556091308594e+00 0.000000000000000000e+00
-8.190382957458496094e+00 -1.165311717987060547e+01 0.000000000000000000e+00
1.185935497283935547e+00 1.265706539154052734e+01 0.000000000000000000e+00
1.198313999176025391e+01 3.761388778686523438e+00 0.000000000000000000e+00
3.476401567459106445e-01 8.741967201232910156e+00 0.000000000000000000e+00
8.001290321350097656e+00 1.377754569053649902e+00 0.000000000000000000e+00
-6.065086841583251953e+00 1.589578533172607422e+01 0.000000000000000000e+00
1.089280796051025391e+01 2.542075634002685547e+00 0.000000000000000000e+00
1.402519416809082031e+01 -5.027513504028320312e+00 0.000000000000000000e+00
1.065927028656005859e+01 -5.770813673734664917e-02 0.000000000000000000e+00
-1.009221434593200684e+00 1.093140792846679688e+01 0.000000000000000000e+00
-1.470531654357910156e+01 4.413642883300781250e+00 0.000000000000000000e+00
-6.408201456069946289e-01 -1.229629635810852051e+00 0.000000000000000000e+00
-8.980170249938964844e+00 -1.399810123443603516e+01 0.000000000000000000e+00
5.622043609619140625e+00 7.255777359008789062e+00 0.000000000000000000e+00
-4.035450935363769531e+00 1.771569132804870605e+00 0.000000000000000000e+00
1.591124057769775391e+00 -1.113348865509033203e+01 0.000000000000000000e+00
1.337464427947998047e+01 -3.577285289764404297e+00 0.000000000000000000e+00
1.845497608184814453e+00 8.192002296447753906e+00 0.000000000000000000e+00
-1.292548751831054688e+01 6.519865512847900391e+00 0.000000000000000000e+00
-8.621667861938476562e+00 1.087383842468261719e+01 0.000000000000000000e+00
-6.740048408508300781e+00 9.634374618530273438e+00 0.000000000000000000e+00
-6.712342262268066406e+00 -6.899946689605712891e+00 0.000000000000000000e+00
-1.314088630676269531e+01 -8.978870391845703125e+00 0.000000000000000000e+00
-4.171248435974121094e+00 5.365258216857910156e+00 0.000000000000000000e+00
6.694430828094482422e+00 -1.308424663543701172e+01 0.000000000000000000e+00
-1.476328086853027344e+01 -1.787009835243225098e+00 0.000000000000000000e+00
-7.593499660491943359e+00 1.481451606750488281e+01 0.000000000000000000e+00
-6.457115173339843750e+00 -8.653374671936035156e+00 0.000000000000000000e+00
-7.521952629089355469e+00 -1.014168357849121094e+01 0.000000000000000000e+00
6.183312892913818359e+00 1.545554637908935547e+01 0.000000000000000000e+00
1.239038109779357910e+00 -1.547561049461364746e+00 0.000000000000000000e+00
-6.541545391082763672e+00 1.115430545806884766e+01 0.000000000000000000e+00
8.005495071411132812e+00 1.240678691864013672e+01 0.000000000000000000e+00
-1.645754623413085938e+01 -1.087803483009338379e+00 0.000000000000000000e+00
-3.761796712875366211e+00 -4.749520778656005859e+00 0.000000000000000000e+00
-1.328265571594238281e+01 -3.751184701919555664e+00 0.000000000000000000e+00
7.678934574127197266e+00 -6.272384166717529297e+00 0.000000000000000000e+00
4.263231158256530762e-01 -6.773886203765869141e+00 0.000000000000000000e+00
-1.453815460205078125e+01 -4.944796085357666016e+00 0.000000000000000000e+00
6.169571876525878906e+00 5.582740783691406250e+00 0.000000000000000000e+00
-4.904358386993408203e+00 -9.509255409240722656e+00 0.000000000000000000e+00
6.238511562347412109e+00 2.095035791397094727e+00 0.000000000000000000e+00
-1.208270072937011719e+01 1.258648276329040527e+00 0.000000000000000000e+00
-1.192704296112060547e+01 -7.422762393951416016e+00 0.000000000000000000e+00
6.828407287597656250e+00 -8.433805704116821289e-01 0.000000000000000000e+00
-5.278706550598144531e+00 -4.722041130065917969e+00 0.000000000000000000e+00
1.168942070007324219e+01 -3.014592885971069336e+00 0.000000000000000000e+00
-1.226924800872802734e+01 1.013444995880126953e+01 0.000000000000000000e+00
-8.973912596702575684e-01 -9.315132141113281250e+00 0.000000000000000000e+00
4.394876956939697266e+00 1.117679691314697266e+01 0.000000000000000000e+00
-4.509479999542236328e+00 1.148464393615722656e+01 0.000000000000000000e+00
-1.120939373970031738e+00 -1.733485031127929688e+01 0.000000000000000000e+00
5.583299398422241211e-01 1.528337860107421875e+01 0.000000000000000000e+00
-1.628503417968750000e+01 -5.829140663146972656e+00 0.000000000000000000e+00
3.403760433197021484e+00 1.533926296234130859e+01 0.000000000000000000e+00
-1.199703502655029297e+01 1.273495674133300781e+01 0.000000000000000000e+00
1.459805202484130859e+01 -2.670136451721191406e+00 0.000000000000000000e+00
2.927778720855712891e+00 4.939724445343017578e+00 0.000000000000000000e+00
1.412735652923583984e+01 9.682996749877929688e+00 0.000000000000000000e+00
-1.265367603302001953e+01 -1.185928058624267578e+01 0.000000000000000000e+00
-1.482243347167968750e+01 -3.287098884582519531e+00 0.000000000000000000e+00
4.766061305999755859e+00 1.643780589103698730e+00 0.000000000000000000e+00
1.594339370727539062e+01 6.524740695953369141e+00 0.000000000000000000e+00
-2.194016456604003906e+00 1.249705505371093750e+01 0.000000000000000000e+00
-1.465896034240722656e+01 8.881972312927246094e+00 0.000000000000000000e+00
-1.133733272552490234e+01 7.235633373260498047e+00 0.000000000000000000e+00
-2.704270362854003906e+00 1.073632240295410156e+01 0.000000000000000000e+00
8.737204551696777344e+00 6.791144371032714844e+00 0.000000000000000000e+00
-1.598343944549560547e+01 1.757733345031738281e+00 0.000000000000000000e+00
1.062520122528076172e+01 -1.348948669433593750e+01 0.000000000000000000e+00
1.137135148048400879e+00 1.217620491981506348e+00 0.000000000000000000e+00
-1.614198684692382812e+01 4.956712245941162109e+00 0.000000000000000000e+00
-4.539449691772460938e+00 1.604651069641113281e+01 0.000000000000000000e+00
-8.417912125587463379e-01 1.597977256774902344e+01 0.000000000000000000e+00
4.643758773803710938e+00 -9.218851089477539062e+00 0.000000000000000000e+00
-1.156580352783203125e+01 2.912699460983276367e+00 0.000000000000000000e+00
6.588361740112304688e+00 1.353432273864746094e+01 0.000000000000000000e+00
1.076740455627441406e+01 9.121049880981445312e+00 0.000000000000000000e+00
-4.134470939636230469e+00 -3.018331766128540039e+00 0.000000000000000000e+00
-7.231447696685791016e+00 -1.487487602233886719e+01 0.000000000000000000e+00
4.340906620025634766e+00 1.690432739257812500e+01 0.000000000000000000e+00
-1.478239059448242188e+01 -8.942424774169921875e+00 0.000000000000000000e+00
1.290784835815429688e+01 1.168781185150146484e+01 0.000000000000000000e+00
5.925640106201171875e+00 -2.349882125854492188e+00 0.000000000000000000e+00
9.134416580200195312e+00 2.662994384765625000e+00 0.000000000000000000e+00
-6.189792633056640625e+00 -1.612293434143066406e+01 0.000000000000000000e+00
-7.028217792510986328e+00 -1.313516139984130859e+01 0.000000000000000000e+00
9.103261947631835938e+00 -5.789610385894775391e+00 0.000000000000000000e+00
-2.764955282211303711e+00 1.698159790039062500e+01 0.000000000000000000e+00
-3.393669605255126953e+00 1.396401786804199219e+01 0.000000000000000000e+00
6.885235756635665894e-02 -5.007810115814208984e+00 0.000000000000000000e+00
-1.159054088592529297e+01 -8.968836784362792969e+00 0.000000000000000000e+00
4.265961170196533203e+00 7.898043155670166016e+00 0.000000000000000000e+00
-1.743182897567749023e+00 8.273915290832519531e+00 0.000000000000000000e+00
-4.414007186889648438e+00 -1.484160065650939941e+00 0.000000000000000000e+00
-7.990556240081787109e+00 -7.919546127319335938e+00 0.000000000000000000e+00
1.256518554687500000e+01 1.636824198067188263e-02 0.000000000000000000e+00
7.848341941833496094e+00 8.059885978698730469e+00 0.000000000000000000e+00
