8.402339935302734375e+00 4.491346776485443115e-01 0.000000000000000000e+00
-3.686067581176757812e+00 3.116006851196289062e+00 0.000000000000000000e+00
7.196116924285888672e+00 3.255347728729248047e+00 0.000000000000000000e+00
-9.704539299011230469e+00 9.581791877746582031e+00 0.000000000000000000e+00
-5.913915634155273438e+00 1.448330974578857422e+01 0.000000000000000000e+00
-1.245193004608154297e+01 8.634787559509277344e+00 0.000000000000000000e+00
-1.105015182495117188e+01 2.083828687667846680e+00 0.000000000000000000e+00
5.516728758811950684e-01 -1.360028457641601562e+01 0.000000000000000000e+00
-9.141656875610351562e+00 6.906728744506835938e-01 0.000000000000000000e+00
1.486537456512451172e+00 -6.091165065765380859e+00 0.000000000000000000e+00
-1.452639007568359375e+01 -4.612792015075683594e+00 0.000000000000000000e+00
8.242564201354980469e+00 5.403208732604980469e+00 0.000000000000000000e+00
-1.405574893951416016e+01 -1.103123188018798828e+00 0.000000000000000000e+00
9.826284050941467285e-01 1.470328712463378906e+01 0.000000000000000000e+00
4.156389236450195312e+00 1.026311588287353516e+01 0.000000000000000000e+00
1.230806827545166016e+01 3.346899032592773438e+00 0.000000000000000000e+00
-1.632692718505859375e+01 5.309539318084716797e+00 0.000000000000000000e+00
-2.256889343261718750e+00 -1.982441425323486328e+00 0.000000000000000000e+00
1.593244552612304688e+00 1.175919914245605469e+01 0.000000000000000000e+00
-5.475547313690185547e+00 -4.987394809722900391e+00 0.000000000000000000e+00
4.133987903594970703e+00 -1.561797237396240234e+01 0.000000000000000000e+00
-8.776676058769226074e-01 2.498361825942993164e+00 0.000000000000000000e+00
6.634104251861572266e+00 1.510344600677490234e+01 0.000000000000000000e+00
9.745400428771972656e+00 -5.736810207366943359e+00 0.000000000000000000e+00
-5.420887947082519531e+00 1.002957725524902344e+01 0.000000000000000000e+00
1.174348235130310059e+00 -3.724129199981689453e+00 0.000000000000000000e+00
1.154801177978515625e+01 -1.228593158721923828e+01 0.000000000000000000e+00
-1.574326038360595703e+01 -2.905108213424682617e+00 0.000000000000000000e+00
1.546447753906250000e+01 6.870274543762207031e+00 0.000000000000000000e+00
-7.597652912139892578e+00 6.832261085510253906e+00 0.000000000000000000e+00
2.492535114288330078e+00 1.077194333076477051e+00 0.000000000000000000e+00
-2.242518901824951172e+00 -8.327718734741210938e+00 0.000000000000000000e+00
-1.098442268371582031e+01 -1.498912096023559570e+00 0.000000000000000000e+00
9.308083534240722656e+00 1.306999015808105469e+01 0.000000000000000000e+00
1.168056011199951172e+01 1.706846237182617188e+00 0.000000000000000000e+00
-1.358163452148437500e+01 3.164373874664306641e+00 0.000000000000000000e+00
-7.415865898132324219e+00 -9.953575134277343750e+00 0.000000000000000000e+00
5.884837150573730469e+00 -3.942530155181884766e-01 0.000000000000000000e+00
-9.406517028808593750e+00 5.298917770385742188e+00 0.000000000000000000e+00
-1.354414081573486328e+01 -6.944011688232421875e+00 0.000000000000000000e+00
-1.691526174545288086e+00 1.120377159118652344e+01 0.000000000000000000e+00
-1.042224645614624023e+00 -1.559960651397705078e+01 0.000000000000000000e+00
9.568261146545410156e+00 -1.303697967529296875e+01 0.000000000000000000e+00
9.811692237854003906e+00 -3.970456838607788086e+00 0.000000000000000000e+00
-2.000583410263061523e+00 -1.716635704040527344e+01 0.000000000000000000e+00
1.592081546783447266e+01 -9.465326070785522461e-01 0.000000000000000000e+00
4.344143867492675781e+00 -1.205599689483642578e+01 0.000000000000000000e+00
-3.876276254653930664e+00 -3.598150491714477539e+00 0.000000000000000000e+00
-8.058621406555175781e+00 -5.795988559722900391e+00 0.000000000000000000e+00
1.322527122497558594e+01 6.173349857330322266e+00 0.000000000000000000e+00
9.797927737236022949e-02 9.813048362731933594e+00 0.000000000000000000e+00
1.305645561218261719e+01 -2.381339073181152344e+00 0.000000000000000000e+00
-6.735924720764160156e+00 3.118014574050903320e+00 0.000000000000000000e+00
5.560849189758300781e+00 -1.617003059387207031e+01 0.000000000000000000e+00
-5.693558216094970703e+00 7.873369216918945312e+00 0.000000000000000000e+00
1.151577568054199219e+01 -8.931938171386718750e+00 0.000000000000000000e+00
-3.260041952133178711e+00 6.195520401000976562e+00 0.000000000000000000e+00
1.567056560516357422e+01 4.671207904815673828e+00 0.000000000000000000e+00
1.008712005615234375e+01 -9.909068107604980469e+00 0.000000000000000000e+00
-1.139588260650634766e+01 -4.785823345184326172e+00 0.000000000000000000e+00
5.233885645866394043e-01 -1.274159431457519531e+00 0.000000000000000000e+00
7.146330356597900391e+00 1.290623092651367188e+01 0.000000000000000000e+00
-1.221561050415039062e+01 4.825511455535888672e+00 0.000000000000000000e+00
3.701178431510925293e-01 -1.095049762725830078e+01 0.000000000000000000e+00
1.558400821685791016e+01 -6.378130435943603516e+00 0.000000000000000000e+00
1.377375125885009766e+01 8.282416343688964844e+00 0.000000000000000000e+00
6.709363937377929688e+00 1.030305385589599609e+01 0.000000000000000000e+00
-6.407936573028564453e+00 -1.305313301086425781e+01 0.000000000000000000e+00
1.024421310424804688e+01 3.689486265182495117e+00 0.000000000000000000e+00
7.627848148345947266e+00 -1.000995254516601562e+01 0.000000000000000000e+00
-1.675186157226562500e+01 -1.782311439514160156e+00 0.000000000000000000e+00
-8.184891194105148315e-02 1.663888168334960938e+01 0.000000000000000000e+00
9.920205116271972656e+00 7.786965847015380859e+00 0.000000000000000000e+00
-8.123126626014709473e-01 6.991392135620117188e+00 0.000000000000000000e+00
7.509838104248046875e+00 -6.415592193603515625e+00 0.000000000000000000e+00
-2.530004024505615234e+00 -1.321053028106689453e+01 0.000000000000000000e+00
-1.371687221527099609e+01 7.193581581115722656e+00 0.000000000000000000e+00
4.404426574707031250e+00 1.292627811431884766e+01 0.000000000000000000e+00
4.145899772644042969e+00 -1.819390207529067993e-01 0.000000000000000000e+00
-9.447080612182617188e+00 -2.074973821640014648e+00 0.000000000000000000e+00
7.316065430641174316e-01 7.929378509521484375e+00 0.000000000000000000e+00
-5.773658156394958496e-01 -2.790709733963012695e+00 0.000000000000000000e+00
5.602175712585449219e+00 -3.353988409042358398e+00 0.000000000000000000e+00
-7.914540290832519531e+00 -1.551747131347656250e+01 0.000000000000000000e+00
1.332416915893554688e+01 -4.222250461578369141e+00 0.000000000000000000e+00
1.362157344818115234e+01 -7.438721656799316406e+00 0.000000000000000000e+00
-4.235683441162109375e+00 8.440892219543457031e+00 0.000000000000000000e+00
-1.294410896301269531e+01 9.286407232284545898e-01 0.000000000000000000e+00
2.699971914291381836e+00 7.368065834045410156e+00 0.000000000000000000e+00
-9.488140046596527100e-02 -9.193214416503906250e+00 0.000000000000000000e+00
-1.029216670989990234e+01 1.215890216827392578e+01 0.000000000000000000e+00
-9.435741424560546875e+00 1.363730907440185547e+01 0.000000000000000000e+00
-9.208088874816894531e+00 -1.297325134277343750e+01 0.000000000000000000e+00
1.197310066223144531e+01 9.365137100219726562e+00 0.000000000000000000e+00
-3.751154899597167969e+00 -1.659967803955078125e+01 0.000000000000000000e+00
3.070514440536499023e+00 -1.311116981506347656e+01 0.000000000000000000e+00
-7.388623237609863281e+00 4.520560264587402344e+00 0.000000000000000000e+00
3.435209989547729492e+00 -1.014650344848632812e+01 0.000000000000000000e+00
2.815519332885742188e+00 1.558485031127929688e+01 0.000000000000000000e+00
-7.265725135803222656e-01 8.187972009181976318e-02 0.000000000000000000e+00
-1.220790481567382812e+01 -2.424028396606445312e+00 0.000000000000000000e+00
-1.592131519317626953e+01 3.388250589370727539e+00 0.000000000000000000e+00
6.372021675109863281e+00 -7.967647075653076172e+00 0.000000000000000000e+00
3.405627250671386719e+00 5.785975933074951172e+00 0.000000000000000000e+00
1.649073600769042969e+01 -3.588994026184082031e+00 0.000000000000000000e+00
-1.642770767211914062e+01 3.025290369987487793e-01 0.000000000000000000e+00
-4.067102909088134766e+00 -1.893253445625305176e+00 0.000000000000000000e+00
8.709030151367187500e+00 -1.132520198822021484e+01 0.000000000000000000e+00
-5.559803962707519531e+00 4.902077198028564453e+00 0.000000000000000000e+00
8.564964294433593750e+00 9.590929985046386719e+00 0.000000000000000000e+00
1.280337905883789062e+01 -1.101204586029052734e+01 0.000000000000000000e+00
1.085607337951660156e+01 -3.537539839744567871e-01 0.000000000000000000e+00
-1.826843380928039551e+00 1.572198772430419922e+01 0.000000000000000000e+00
4.173796653747558594e+00 -5.221003055572509766e+00 0.000000000000000000e+00
6.679017066955566406e+00 1.723960399627685547e+00 0.000000000000000000e+00
-1.320806980133056641e+01 -1.122570991516113281e+01 0.000000000000000000e+00
2.340068578720092773e+00 -1.149262619018554688e+01 0.000000000000000000e+00
7.867451190948486328e+00 -1.458928680419921875e+01 0.000000000000000000e+00
1.477798461914062500e+01 -9.003657341003417969e+00 0.000000000000000000e+00
-1.461466693878173828e+01 5.763110518455505371e-01 0.000000000000000000e+00
-3.482088804244995117e+00 1.536326026916503906e+01 0.000000000000000000e+00
-1.417675590515136719e+01 -8.826767921447753906e+00 0.000000000000000000e+00
3.996401071548461914e+00 4.152117252349853516e+00 0.000000000000000000e+00
-1.644097518920898438e+01 -4.309535980224609375e+00 0.000000000000000000e+00
-1.559943485260009766e+01 -6.974357604980468750e+00 0.000000000000000000e+00
1.381314516067504883e+00 -8.220322608947753906e+00 0.000000000000000000e+00
8.912103652954101562e+00 -7.028144836425781250e+00 0.000000000000000000e+00
-7.252031803131103516e+00 -1.817223191261291504e+00 0.000000000000000000e+00
7.072721004486083984e+00 -1.754035592079162598e+00 0.000000000000000000e+00
-3.067484617233276367e+00 -1.073503780364990234e+01 0.000000000000000000e+00
-5.496098995208740234e+00 -1.010773658752441406e+01 0.000000000000000000e+00
-5.300157546997070312e+00 -1.505378246307373047e+01 0.000000000000000000e+00
1.357112121582031250e+01 8.781750798225402832e-01 0.000000000000000000e+00
4.945882320404052734e+00 -8.897842407226562500e+00 0.000000000000000000e+00
-8.153800010681152344e+00 1.007757949829101562e+01 0.000000000000000000e+00
1.654978752136230469e+01 2.597659349441528320e+00 0.000000000000000000e+00
-1.524536967277526855e+00 -1.015285491943359375e+01 0.000000000000000000e+00
-4.190697669982910156e+00 -8.757477760314941406e+00 0.000000000000000000e+00
1.483703613281250000e+00 4.079010009765625000e+00 0.000000000000000000e+00
-1.805195093154907227e+00 -6.378352165222167969e+00 0.000000000000000000e+00
1.073191738128662109e+01 1.253705310821533203e+01 0.000000000000000000e+00
1.347614192962646484e+01 -7.286216616630554199e-01 0.000000000000000000e+00
-7.309778213500976562e+00 1.539850234985351562e+01 0.000000000000000000e+00
-2.545254945755004883e+00 9.641014099121093750e+00 0.000000000000000000e+00
2.321799755096435547e+00 8.999342918395996094e+00 0.000000000000000000e+00
4.006158828735351562e+00 -6.856279373168945312e+00 0.000000000000000000e+00
-9.100856781005859375e-01 -1.326171016693115234e+01 0.000000000000000000e+00
4.702990531921386719e+00 7.031962871551513672e+00 0.000000000000000000e+00
-6.904319763183593750e+00 1.279800033569335938e+01 0.000000000000000000e+00
1.484659385681152344e+01 2.286355018615722656e+00 0.000000000000000000e+00
-9.620616912841796875e+00 -1.089747905731201172e+01 0.000000000000000000e+00
-1.447638702392578125e+01 9.118877410888671875e+00 0.000000000000000000e+00
-8.949772834777832031e+00 2.919200420379638672e+00 0.000000000000000000e+00
3.329919815063476562e+00 -1.965558528900146484e+00 0.000000000000000000e+00
1.059942436218261719e+01 6.327715396881103516e+00 0.000000000000000000e+00
1.007949709892272949e+00 -1.686491203308105469e+01 0.000000000000000000e+00
3.843858242034912109e+00 1.441369056701660156e+01 0.000000000000000000e+00
1.594898343086242676e+00 1.657946777343750000e+01 0.000000000000000000e+00
1.014369869232177734e+01 9.301054000854492188e+00 0.000000000000000000e+00
-2.350668191909790039e+00 4.882627010345458984e+00 0.000000000000000000e+00
6.834259986877441406e+00 6.532726764678955078e+00 0.000000000000000000e+00
6.665412902832031250e+00 8.244288444519042969e+00 0.000000000000000000e+00
-1.188521575927734375e+01 -9.401933670043945312e+00 0.000000000000000000e+00
-1.162418246269226074e+00 1.401602840423583984e+01 0.000000000000000000e+00
-1.246063327789306641e+01 1.194067001342773438e+01 0.000000000000000000e+00
3.873179197311401367e+00 2.005875587463378906e+00 0.000000000000000000e+00
-9.590303421020507812e+00 7.042856693267822266e+00 0.000000000000000000e+00
-1.536389446258544922e+01 7.790310382843017578e+00 0.000000000000000000e+00
-1.348078346252441406e+01 1.048060131072998047e+01 0.000000000000000000e+00
7.096962451934814453e+00 -1.203875637054443359e+01 0.000000000000000000e+00
1.160074043273925781e+01 -3.703008890151977539e+00 0.000000000000000000e+00
5.832340717315673828e+00 -1.347854900360107422e+01 0.000000000000000000e+00
-1.054110336303710938e+01 8.303256988525390625e+00 0.000000000000000000e+00
-5.009316921234130859e+00 1.620009613037109375e+01 0.000000000000000000e+00
7.054578781127929688e+00 -4.930156230926513672e+00 0.000000000000000000e+00
5.375438213348388672e+00 1.140754032135009766e+01 0.000000000000000000e+00
9.753288269042968750e+00 1.865929961204528809e+00 0.000000000000000000e+00
-5.855281829833984375e+00 9.528378397226333618e-02 0.000000000000000000e+00
-8.677518844604492188e+00 -8.147180557250976562e+00 0.000000000000000000e+00
2.061626911163330078e+00 -1.526290035247802734e+01 0.000000000000000000e+00
9.070270538330078125e+00 1.103762435913085938e+01 0.000000000000000000e+00
1.366644859313964844e+01 1.081052017211914062e+01 0.000000000000000000e+00
1.153379753232002258e-01 4.761156082153320312e+00 0.000000000000000000e+00
-2.169055938720703125e+00 7.952780246734619141e+00 0.000000000000000000e+00
1.578287982940673828e+01 7.228549718856811523e-01 0.000000000000000000e+00
-3.216686248779296875e+00 -1.460910892486572266e+01 0.000000000000000000e+00
-7.448273181915283203e+00 -3.340089321136474609e+00 0.000000000000000000e+00
-1.579189109802246094e+01 1.853905558586120605e+00 0.000000000000000000e+00
1.022823143005371094e+01 -8.004646301269531250e+00 0.000000000000000000e+00
-7.766417026519775391e+00 1.510345101356506348e+00 0.000000000000000000e+00
-7.697953224182128906e+00 -1.399333667755126953e+01 0.000000000000000000e+00
7.880397796630859375e+00 -8.170438766479492188e+00 0.000000000000000000e+00
-1.186770915985107422e+01 -1.232422065734863281e+01 0.000000000000000000e+00
-4.579528808593750000e+00 1.284393882751464844e+01 0.000000000000000000e+00
-3.789036989212036133e+00 1.128116989135742188e+01 0.000000000000000000e+00
-1.031298542022705078e+01 -7.160935401916503906e+00 0.000000000000000000e+00
-2.785145998001098633e+00 1.265333843231201172e+01 0.000000000000000000e+00
-9.479088783264160156e+00 -4.787113666534423828e+00 0.000000000000000000e+00
-8.039100646972656250e+00 8.561300277709960938e+00 0.000000000000000000e+00
-1.141718578338623047e+01 1.007534313201904297e+01 0.000000000000000000e+00
1.482073116302490234e+01 -4.807128429412841797e+00 0.000000000000000000e+00
-2.044642925262451172e+00 -4.401842594146728516e+00 0.000000000000000000e+00
1.458372688293457031e+01 -2.689258098602294922e+00 0.000000000000000000e+00
1.186988449096679688e+01 -6.470855712890625000e+00 0.000000000000000000e+00
2.321223020553588867e+00 -4.490537941455841064e-01 0.000000000000000000e+00
3.833028078079223633e+00 1.687535858154296875e+01 0.000000000000000000e+00
1.067605018615722656e+01 -1.907674074172973633e+00 0.000000000000000000e+00
8.641600608825683594e+00 1.477011108398437500e+01 0.000000000000000000e+00
-7.736126333475112915e-02 -7.605409622192382812e+00 0.000000000000000000e+00
-4.986655235290527344e+00 -1.230689907073974609e+01 0.000000000000000000e+00
-7.437988758087158203e+00 -7.241227149963378906e+00 0.000000000000000000e+00
1.158739948272705078e+01 1.112371635437011719e+01 0.000000000000000000e+00
1.579267740249633789e+00 6.032185077667236328e+00 0.000000000000000000e+00
-3.145595192909240723e-01 -6.049438953399658203e+00 0.000000000000000000e+00
-1.046220064163208008e-01 1.198632812500000000e+01 0.000000000000000000e+00
5.611336231231689453e+00 -6.575830459594726562e+00 0.000000000000000000e+00
5.444900035858154297e+00 2.921562433242797852e+00 0.000000000000000000e+00
-2.221111774444580078e+00 1.294691562652587891e+00 0.000000000000000000e+00
4.870344161987304688e+00 1.574165630340576172e+01 0.000000000000000000e+00
-1.114374351501464844e+01 6.120304584503173828e+00 0.000000000000000000e+00
5.903958320617675781e+00 -1.089179420471191406e+01 0.000000000000000000e+00
-5.030308246612548828e+00 2.108185052871704102e+00 0.000000000000000000e+00
9.315020561218261719e+00 -8.584591150283813477e-01 0.000000000000000000e+00
1.507252454757690430e+00 2.265414953231811523e+00 0.000000000000000000e+00
-3.820479393005371094e+00 -6.231523036956787109e+00 0.000000000000000000e+00
2.666994333267211914e+00 1.047844791412353516e+01 0.000000000000000000e+00
-1.441605186462402344e+01 4.952376365661621094e+00 0.000000000000000000e+00
3.834706544876098633e+00 -3.459926843643188477e+00 0.000000000000000000e+00
1.416578292846679688e+01 3.640371799468994141e+00 0.000000000000000000e+00
4.440680980682373047e+00 -1.411684036254882812e+01 0.000000000000000000e+00
1.303434371948242188e+01 -9.244758605957031250e+00 0.000000000000000000e+00
5.470917224884033203e+00 4.836676120758056641e+00 0.000000000000000000e+00
1.172739028930664062e+01 7.658007144927978516e+00 0.000000000000000000e+00
1.725250625610351562e+01 -1.854646921157836914e+00 0.000000000000000000e+00
2.669002532958984375e+00 -1.700433731079101562e+01 0.000000000000000000e+00
-6.115917682647705078e+00 -8.013954162597656250e+00 0.000000000000000000e+00
-1.013958263397216797e+01 -9.242598533630371094e+00 0.000000000000000000e+00
1.975879073143005371e+00 1.340917587280273438e+01 0.000000000000000000e+00
-3.963888883590698242e+00 4.733366012573242188e+00 0.000000000000000000e+00
-5.842523574829101562e+00 -3.009876489639282227e+00 0.000000000000000000e+00
1.345816802978515625e+01 -5.944504261016845703e+00 0.000000000000000000e+00
1.743555068969726562e+01 -2.488157600164413452e-01 0.000000000000000000e+00
-8.195191383361816406e+00 -1.161736679077148438e+01 0.000000000000000000e+00
-5.682616710662841797e+00 1.170533180236816406e+01 0.000000000000000000e+00
8.375106811523437500e+00 -3.339495420455932617e+00 0.000000000000000000e+00
-4.987515926361083984e+00 6.433859825134277344e+00 0.000000000000000000e+00
-4.071512699127197266e+00 1.562253665179014206e-02 0.000000000000000000e+00
8.613196611404418945e-01 4.775495827198028564e-01 0.000000000000000000e+00
8.446238517761230469e+00 7.281671524047851562e+00 0.000000000000000000e+00
-9.280478477478027344e+00 -1.450411128997802734e+01 0.000000000000000000e+00
-1.188672256469726562e+01 -7.844177722930908203e+00 0.000000000000000000e+00
1.172932147979736328e+01 4.943842887878417969e+00 0.000000000000000000e+00
-3.630856037139892578e+00 1.705776214599609375e+01 0.000000000000000000e+00
1.799944639205932617e+00 -2.128116607666015625e+00 0.000000000000000000e+00
2.514636754989624023e+00 -4.536701202392578125e+00 0.000000000000000000e+00
4.434001445770263672e+00 8.674076080322265625e+00 0.000000000000000000e+00
