9.553918086147699995e+00 9.006254847926626894e+00 2.534517221137733145e-04
1.228282534799746273e+01 4.639670656476431176e+00 6.326873683426548212e-04
2.458330422149445749e+00 1.064479547688151051e+01 3.382716254600737216e-04
5.187237650999204419e+00 6.277608207332463053e+00 -8.017485906242072247e-05
7.916024324998836015e+00 1.910232157733843916e+00 8.977425286591511622e-04
1.064493052796233918e+01 -2.457558094863110831e+00 -3.184579073456372811e-04
-4.639242887827542461e+00 1.228352694383435129e+01 2.788935303490447382e-04
-1.910335658977784012e+00 7.916339674285303829e+00 -1.395529541730056167e-04
8.194438050112092808e-01 3.548265127588853929e+00 1.127813020262991017e-04
3.548350073974722907e+00 -8.183189688103962300e-01 4.919451275216535358e-04
6.277136714974349552e+00 -5.186298096507868216e+00 6.721803844933482708e-04
9.006043943768416327e+00 -9.553485366425697123e+00 2.537341787878233390e-04
-9.006043910826202037e+00 9.554088444530105306e+00 5.439479477660214002e-04
-6.277136682032103288e+00 5.186901175173934675e+00 1.255024849591279690e-04
-3.548350041032476643e+00 8.189220474764629110e-01 3.057377419311002598e-04
-8.194437720132722314e-01 -3.547662048554005132e+00 6.849012886105398934e-04
1.910336684806280605e+00 -7.915736690670181375e+00 9.373076443588423956e-04
4.639242920827578054e+00 -1.228292386517383861e+01 5.187893433005186239e-04
-1.064481093300049608e+01 2.458350049560136696e+00 -2.802944520949868235e-04
-7.916024292000899187e+00 -1.909629078698995119e+00 -1.000599380225342117e-04
-5.187118023037355030e+00 -6.276213174536586337e+00 2.791046303722843902e-04
-2.458330389207199040e+00 -1.064419239821544494e+01 4.594112439928466074e-04
-1.228282531505521824e+01 -4.639067577810364718e+00 1.649955011102655078e-04
-9.553918053205455507e+00 -9.005651769260559547e+00 5.442311473391470145e-04
