8.207692394822748483e+00 1.024717199337624862e+01 -1.674006056502364004e-04
1.151806937686462184e+01 6.302479122255170374e+00 -3.560583360573410516e-04
9.521865868271852662e-01 1.088221127323786774e+01 1.625138077896437494e-04
4.262564561643960026e+00 6.937518306889939979e+00 -2.607080135286210520e-05
7.572941543630174799e+00 2.992825435961739444e+00 -2.147275100443657436e-04
1.088319893065244592e+01 -9.526593892891513926e-01 1.953678576921968890e-04
-6.303319221166247210e+00 1.151725055328681080e+01 4.924292471422120343e-04
-2.992941246293781443e+00 7.572557587307665372e+00 3.038443591827366674e-04
3.164429127030357058e-01 3.627960134816782034e+00 4.308790836438092242e-05
3.627693122714704899e+00 -3.176201088714263321e-01 5.252830182280454618e-04
6.937950476681310263e+00 -4.263708012028291527e+00 1.376972769295825572e-04
1.024733463567815939e+01 -8.208305463957515258e+00 -1.230584309892535089e-04
-1.024844708734503840e+01 8.206993788701650416e+00 -1.639230793113455320e-04
-6.938070105358824513e+00 4.262300917773448106e+00 -3.525797880024050812e-04
-3.627812718336522746e+00 3.168160930842182088e-01 5.751632263301109660e-05
-3.175553313142513989e-01 -3.628668732166672406e+00 4.676116903696847515e-04
2.992822643502523139e+00 -7.573361698514601059e+00 2.790270812269568523e-04
6.303199625488737468e+00 -1.151805456944280159e+01 9.037037253634139233e-05
-1.088331855932996106e+01 9.512522950343088590e-01 -4.102503687652414577e-04
-7.573061172307689048e+00 -2.994232530216581978e+00 -1.550010286788250369e-07
-4.263676020538071043e+00 -6.938830077559977383e+00 -2.608386135958262741e-04
-9.523062155067988366e-01 -1.088361836711837505e+01 -3.773966018751906404e-04
-1.151818900548644642e+01 -6.303886216141231458e+00 1.411755461679931045e-04
-8.207812023500261844e+00 -1.024857908763109293e+01 -4.748190542258612368e-05
