1.983671964175502067e+00 1.297933165450282544e+01 4.724445200547933155e-04
6.822363354171368854e+00 1.121820508646585068e+01 3.928366507546243724e-04
-4.617394361828393023e+00 9.901103190633476103e+00 1.316161742437316207e-05
2.222898511568406066e-01 8.139881203597521875e+00 5.652747350648468228e-06
5.061854469178161509e+00 6.377867262800539727e+00 5.968966966038991018e-04
9.900545859174027186e+00 4.616740694763563191e+00 5.172888273023978911e-04
-1.121857925702132519e+01 6.822685755313440126e+00 9.503860432364952260e-04
-6.377782626027122426e+00 5.062160303408320239e+00 4.162230742474903877e-04
-1.539210863995173595e+00 3.299638703511463156e+00 1.376858935224767322e-04
3.299480526000692748e+00 1.538512135474487508e+00 5.807802422086449923e-05
8.140157594975297783e+00 -2.222021924615921740e-01 9.203502841251820499e-04
1.297884895197116073e+01 -1.983931838597419839e+00 4.306028407319306694e-05
-1.297884895203101685e+01 1.983931839538970454e+00 -4.305982838337385488e-05
-8.140277157054754298e+00 2.220133173721836051e-01 4.760854004581399623e-04
-3.300592944013861274e+00 -1.539208669856648060e+00 4.685755086689669113e-04
1.539091268971372273e+00 -3.300430656892602066e+00 4.610666385951311952e-04
6.377663064003326276e+00 -5.062349178690606522e+00 9.802115886201612227e-04
1.121746687195247283e+01 -6.822779211965531054e+00 3.739498992194612015e-04
-9.901659270017756143e+00 -4.617437133725998066e+00 9.292606037991646417e-06
-5.061975024032517645e+00 -6.378056042663098779e+00 7.994658667143106356e-04
-2.222908439894995813e-01 -8.139881107803459415e+00 -5.725129912814708177e-06
4.616400545948577516e+00 -9.901007675834879507e+00 -8.533300341095895192e-05
-6.823475739182432775e+00 -1.121829854312349539e+01 9.314992958993073557e-04
-1.983671931177596104e+00 -1.297872857602963670e+01 3.252373276820819115e-04
