1.044226263611846584e+01 7.958033396920200175e+00 4.168170446079422220e-04
1.270088343301080513e+01 3.330054177732385767e+00 3.665777166310668633e-04
3.556173702172717999e+00 1.032989080386994196e+01 1.824247089912134356e-04
5.813682080998327173e+00 5.701215050118509708e+00 6.588402186324948673e-04
8.071309029015042213e+00 1.072728266881765258e+00 -2.612520600552281635e-04
1.032980920500152067e+01 -3.556645889483768030e+00 -5.104922413716739271e-04
-3.329915231830790745e+00 1.270174821138689936e+01 -5.196688792352688324e-05
-1.072406886003118842e+00 8.072469378600617418e+00 -3.732339689190844467e-04
1.186093323039056235e+00 3.443698300702718207e+00 1.752077016989872504e-04
3.442607852989042705e+00 -1.185485017097644755e+00 -2.182297393705789901e-04
5.701227656995129678e+00 -5.813464141234514493e+00 -2.685408880802597764e-04
7.957743212775651998e+00 -1.044204447691741322e+01 1.357751582506949717e-04
-7.958616407856821340e+00 1.044353492684582818e+01 -8.945310138841477965e-06
-5.701108061973426899e+00 5.814256094989989521e+00 -3.302119270505166071e-04
-3.443481080956706908e+00 1.186372389852097697e+00 -4.526220749876408433e-04
-1.185973695017379148e+00 -3.442303269410051492e+00 2.372087102164854855e-05
1.071534650810323841e+00 -8.071582101634673378e+00 -2.975454670739452467e-04
3.330034859852498919e+00 -1.270035317953257348e+01 2.508962035436823612e-04
-1.033068243296921551e+01 3.557533261676560699e+00 -1.603603158859545630e-04
-8.072182223982732552e+00 -1.071237816590120406e+00 3.880816335478654011e-04
-5.814673878212818892e+00 -5.700516648809188069e+00 6.681529125529550583e-05
-3.557166525160015969e+00 -1.032979538580696044e+01 -2.545241681044529969e-04
-1.270088340000873117e+01 -3.329451100569530198e+00 4.311039542328476415e-04
-1.044325542621924008e+01 -7.957334901121594584e+00 3.087659016474120222e-04
