-4.279571533203125000e+00 -8.724731445312500000e+00 0.000000000000000000e+00
3.141095340251922607e-01 -5.591813564300537109e+00 0.000000000000000000e+00
-1.503748226165771484e+01 -8.808958053588867188e+00 0.000000000000000000e+00
2.488361597061157227e+00 -7.876173496246337891e+00 0.000000000000000000e+00
-1.223058104515075684e+00 1.047309398651123047e+01 0.000000000000000000e+00
3.358510017395019531e+00 4.362795829772949219e+00 0.000000000000000000e+00
2.733726613223552704e-02 1.215520858764648438e+01 0.000000000000000000e+00
6.253821849822998047e+00 -3.339416027069091797e+00 0.000000000000000000e+00
-1.650997924804687500e+01 -2.318717002868652344e+00 0.000000000000000000e+00
-8.415009498596191406e+00 -4.934816360473632812e+00 0.000000000000000000e+00
-6.206291198730468750e+00 2.344369411468505859e+00 0.000000000000000000e+00
3.983027040958404541e-01 -1.292564964294433594e+01 0.000000000000000000e+00
-8.972974777221679688e+00 4.885741233825683594e+00 0.000000000000000000e+00
-1.066247653961181641e+01 -9.580364227294921875e+00 0.000000000000000000e+00
-2.055667877197265625e+00 -1.310279178619384766e+01 0.000000000000000000e+00
8.720941543579101562e+00 -1.416655445098876953e+01 0.000000000000000000e+00
6.982360839843750000e+00 4.231897830963134766e+00 0.000000000000000000e+00
6.449857711791992188e+00 9.195995330810546875e+00 0.000000000000000000e+00
-1.582408618927001953e+01 5.569547653198242188e+00 0.000000000000000000e+00
-5.544125556945800781e+00 -4.099488258361816406e+00 0.000000000000000000e+00
9.545474052429199219e+00 -7.758987903594970703e+00 0.000000000000000000e+00
1.432130336761474609e-01 -1.004400610923767090e+00 0.000000000000000000e+00
-7.224124431610107422e+00 1.281753063201904297e+01 0.000000000000000000e+00
-8.346325874328613281e+00 1.103488540649414062e+01 0.000000000000000000e+00
-1.522964191436767578e+01 3.156858921051025391e+00 0.000000000000000000e+00
-1.393984985351562500e+01 1.038096523284912109e+01 0.000000000000000000e+00
-7.562335968017578125e+00 -6.192579746246337891e+00 0.000000000000000000e+00
-1.001715564727783203e+01 -6.729924678802490234e+00 0.000000000000000000e+00
1.020545005798339844e+01 -1.142210483551025391e+01 0.000000000000000000e+00
9.933780670166015625e+00 -9.325253486633300781e+00 0.000000000000000000e+00
-1.675959974527359009e-01 5.632404804229736328e+00 0.000000000000000000e+00
1.560707807540893555e+00 -1.107599830627441406e+01 0.000000000000000000e+00
1.124318361282348633e+00 1.097536277770996094e+01 0.000000000000000000e+00
-6.085892021656036377e-02 -7.193879604339599609e+00 0.000000000000000000e+00
-1.806576371192932129e+00 5.083203315734863281e+00 0.000000000000000000e+00
-7.605607509613037109e+00 -1.316335678100585938e+01 0.000000000000000000e+00
-3.506477832794189453e+00 1.493739509582519531e+01 0.000000000000000000e+00
1.139576148986816406e+01 9.153364181518554688e+00 0.000000000000000000e+00
1.231261062622070312e+01 1.149864482879638672e+01 0.000000000000000000e+00
1.021578598022460938e+01 -6.230038166046142578e+00 0.000000000000000000e+00
1.154404544830322266e+01 -1.058280754089355469e+01 0.000000000000000000e+00
2.747356414794921875e+00 -1.698828887939453125e+01 0.000000000000000000e+00
2.583252191543579102e+00 -4.146864414215087891e+00 0.000000000000000000e+00
1.551866817474365234e+01 1.335996150970458984e+00 0.000000000000000000e+00
6.794749259948730469e+00 -8.915396690368652344e+00 0.000000000000000000e+00
-1.265069770812988281e+01 3.253159284591674805e+00 0.000000000000000000e+00
-1.136282444000244141e+01 9.771817207336425781e+00 0.000000000000000000e+00
-2.771432995796203613e-01 8.967632293701171875e+00 0.000000000000000000e+00
1.053634357452392578e+01 1.348153686523437500e+01 0.000000000000000000e+00
6.193504810333251953e+00 -1.493827915191650391e+01 0.000000000000000000e+00
-2.796355962753295898e+00 1.789950847625732422e+00 0.000000000000000000e+00
1.293336272239685059e+00 7.310121536254882812e+00 0.000000000000000000e+00
2.687161684036254883e+00 1.691500854492187500e+01 0.000000000000000000e+00
1.608122062683105469e+01 -6.837605476379394531e+00 0.000000000000000000e+00
9.365677833557128906e+00 -2.841933369636535645e-01 0.000000000000000000e+00
-6.154992580413818359e+00 -1.910174340009689331e-01 0.000000000000000000e+00
9.088583946228027344e+00 -3.064886808395385742e+00 0.000000000000000000e+00
-1.087467002868652344e+01 1.542758107185363770e+00 0.000000000000000000e+00
1.249285888671875000e+01 -2.625057935714721680e+00 0.000000000000000000e+00
-1.015798473358154297e+01 3.410297870635986328e+00 0.000000000000000000e+00
-2.902996301651000977e+00 -9.954610824584960938e+00 0.000000000000000000e+00
1.404794502258300781e+01 7.304481983184814453e+00 0.000000000000000000e+00
-4.120863437652587891e+00 -1.567312526702880859e+01 0.000000000000000000e+00
-1.232268810272216797e+01 8.058046698570251465e-01 0.000000000000000000e+00
-1.175935626029968262e+00 1.295198440551757812e+00 0.000000000000000000e+00
-1.015027999877929688e+01 -3.016514539718627930e+00 0.000000000000000000e+00
1.233847999572753906e+01 -7.306962609291076660e-01 0.000000000000000000e+00
-1.415642452239990234e+01 4.638365745544433594e+00 0.000000000000000000e+00
6.794298171997070312e+00 -6.730193138122558594e+00 0.000000000000000000e+00
-5.946032524108886719e+00 -1.270771884918212891e+01 0.000000000000000000e+00
9.782966613769531250e+00 1.061535835266113281e+01 0.000000000000000000e+00
-1.346588897705078125e+01 -3.762471675872802734e+00 0.000000000000000000e+00
4.536468982696533203e+00 -1.315402984619140625e+01 0.000000000000000000e+00
-7.941707611083984375e+00 7.826218128204345703e+00 0.000000000000000000e+00
-1.115134525299072266e+01 -1.178009700775146484e+01 0.000000000000000000e+00
-4.491259574890136719e+00 1.009679126739501953e+01 0.000000000000000000e+00
-1.360276031494140625e+01 -6.657207489013671875e+00 0.000000000000000000e+00
-2.102632999420166016e+00 3.490238428115844727e+00 0.000000000000000000e+00
-8.120836257934570312e+00 -1.215246915817260742e+00 0.000000000000000000e+00
4.988488197326660156e+00 -1.047985744476318359e+01 0.000000000000000000e+00
4.245964050292968750e+00 1.217224025726318359e+01 0.000000000000000000e+00
2.951185464859008789e+00 1.455038738250732422e+01 0.000000000000000000e+00
-2.606338500976562500e+00 9.570158004760742188e+00 0.000000000000000000e+00
-1.683506965637207031e+01 -4.685480594635009766e+00 0.000000000000000000e+00
1.287496948242187500e+01 3.911069393157958984e+00 0.000000000000000000e+00
3.396162271499633789e+00 -1.149313831329345703e+01 0.000000000000000000e+00
-8.534887313842773438e+00 -1.044872570037841797e+01 0.000000000000000000e+00
-1.339472007751464844e+01 -1.092467308044433594e+01 0.000000000000000000e+00
-8.301390647888183594e+00 -8.311054229736328125e+00 0.000000000000000000e+00
-1.556715369224548340e+00 -3.419875860214233398e+00 0.000000000000000000e+00
-1.071799945831298828e+01 7.904365062713623047e+00 0.000000000000000000e+00
-1.665690040588378906e+01 9.545893073081970215e-01 0.000000000000000000e+00
8.378222465515136719e+00 5.546157836914062500e+00 0.000000000000000000e+00
2.886155128479003906e+00 7.131710529327392578e+00 0.000000000000000000e+00
1.538714313507080078e+01 8.239177703857421875e+00 0.000000000000000000e+00
-8.918074607849121094e+00 1.360178661346435547e+01 0.000000000000000000e+00
1.274345302581787109e+01 -6.780488014221191406e+00 0.000000000000000000e+00
-5.729272842407226562e+00 -1.857585906982421875e+00 0.000000000000000000e+00
-5.327953338623046875e+00 1.175954818725585938e+01 0.000000000000000000e+00
-1.377809143066406250e+01 1.447230339050292969e+00 0.000000000000000000e+00
-1.375682735443115234e+01 6.565560817718505859e+00 0.000000000000000000e+00
-5.214115619659423828e+00 6.146389007568359375e+00 0.000000000000000000e+00
1.143713092803955078e+01 5.441205024719238281e+00 0.000000000000000000e+00
1.879177808761596680e+00 1.840151846408843994e-01 0.000000000000000000e+00
1.853248715400695801e+00 -5.534882545471191406e+00 0.000000000000000000e+00
1.101177120208740234e+01 7.450196743011474609e+00 0.000000000000000000e+00
6.664200782775878906e+00 -1.228211212158203125e+01 0.000000000000000000e+00
-1.140276622772216797e+01 -8.077873229980468750e+00 0.000000000000000000e+00
7.261063098907470703e+00 7.385784626007080078e+00 0.000000000000000000e+00
5.132941603660583496e-01 -1.555894279479980469e+01 0.000000000000000000e+00
-1.435197257995605469e+01 -1.732846200466156006e-01 0.000000000000000000e+00
8.762229919433593750e+00 1.352352333068847656e+01 0.000000000000000000e+00
1.034826874732971191e+00 1.525141429901123047e+01 0.000000000000000000e+00
7.159441947937011719e+00 1.592781066894531250e+00 0.000000000000000000e+00
1.132040309906005859e+01 -7.297476768493652344e+00 0.000000000000000000e+00
1.582868480682373047e+01 3.621814966201782227e+00 0.000000000000000000e+00
-5.736527442932128906e+00 1.607317543029785156e+01 0.000000000000000000e+00
1.989399552345275879e+00 1.239946556091308594e+01 0.000000000000000000e+00
-2.247182130813598633e+00 -1.029823303222656250e+00 0.000000000000000000e+00
4.209313094615936279e-01 1.672731590270996094e+01 0.000000000000000000e+00
-8.809789657592773438e+00 9.331481933593750000e+00 0.000000000000000000e+00
-1.206954574584960938e+01 -7.906617522239685059e-01 0.000000000000000000e+00
-3.490824103355407715e-01 4.087815761566162109e+00 0.000000000000000000e+00
1.590127468109130859e+00 -1.400900363922119141e+01 0.000000000000000000e+00
-1.033919715881347656e+01 -1.376419639587402344e+01 0.000000000000000000e+00
5.502970695495605469e+00 1.973720908164978027e+00 0.000000000000000000e+00
-1.038841152191162109e+01 5.646780490875244141e+00 0.000000000000000000e+00
1.689005851745605469e+01 -4.230263710021972656e+00 0.000000000000000000e+00
1.987522482872009277e+00 5.553028106689453125e+00 0.000000000000000000e+00
4.696491718292236328e+00 -5.724706172943115234e+00 0.000000000000000000e+00
-2.488283395767211914e+00 7.250427722930908203e+00 0.000000000000000000e+00
3.090430736541748047e+00 -2.161481142044067383e+00 0.000000000000000000e+00
-9.141222953796386719e+00 1.458898186683654785e+00 0.000000000000000000e+00
-6.408791065216064453e+00 1.065798568725585938e+01 0.000000000000000000e+00
9.073380470275878906e+00 9.077530860900878906e+00 0.000000000000000000e+00
1.128487777709960938e+01 1.058675408363342285e+00 0.000000000000000000e+00
1.340434455871582031e+01 9.121361732482910156e+00 0.000000000000000000e+00
5.018425464630126953e+00 6.789429664611816406e+00 0.000000000000000000e+00
-7.623993396759033203e+00 -3.197707414627075195e+00 0.000000000000000000e+00
1.454252624511718750e+01 2.661065816879272461e+00 0.000000000000000000e+00
-6.226016521453857422e+00 -8.020738601684570312e+00 0.000000000000000000e+00
1.452944183349609375e+01 -7.198552608489990234e+00 0.000000000000000000e+00
-3.643634796142578125e+00 3.720065355300903320e+00 0.000000000000000000e+00
-4.859333992004394531e+00 -5.965706825256347656e+00 0.000000000000000000e+00
-1.508640384674072266e+01 -5.683716297149658203e+00 0.000000000000000000e+00
-1.510721111297607422e+01 7.383430480957031250e+00 0.000000000000000000e+00
1.511868286132812500e+01 -5.266671180725097656e+00 0.000000000000000000e+00
8.950187683105468750e+00 1.912581562995910645e+00 0.000000000000000000e+00
8.247401237487792969e+00 1.107651710510253906e+01 0.000000000000000000e+00
-4.168928146362304688e+00 5.457935929298400879e-01 0.000000000000000000e+00
-4.549509048461914062e+00 7.898587703704833984e+00 0.000000000000000000e+00
-1.234595394134521484e+01 1.113927173614501953e+01 0.000000000000000000e+00
1.473985290527343750e+01 -8.841691017150878906e+00 0.000000000000000000e+00
1.075600624084472656e+01 -1.374824714660644531e+01 0.000000000000000000e+00
1.075610828399658203e+01 -1.709011316299438477e+00 0.000000000000000000e+00
5.388029098510742188e+00 -7.910345554351806641e+00 0.000000000000000000e+00
-7.934718608856201172e+00 -1.505352020263671875e+01 0.000000000000000000e+00
-4.266501426696777344e+00 -1.341793727874755859e+01 0.000000000000000000e+00
-1.311791038513183594e+01 7.947471618652343750e+00 0.000000000000000000e+00
5.913257122039794922e+00 1.670980006456375122e-01 0.000000000000000000e+00
1.020684146881103516e+01 4.519347190856933594e+00 0.000000000000000000e+00
4.521721839904785156e+00 1.526333045959472656e+01 0.000000000000000000e+00
1.271133899688720703e+01 2.391604423522949219e+00 0.000000000000000000e+00
-1.202190113067626953e+01 -5.668354988098144531e+00 0.000000000000000000e+00
1.689687728881835938e+01 8.786056190729141235e-02 0.000000000000000000e+00
-1.023462486267089844e+01 -4.643658161163330078e+00 0.000000000000000000e+00
-4.311173439025878906e+00 1.319449996948242188e+01 0.000000000000000000e+00
1.321284103393554688e+01 9.266285896301269531e-01 0.000000000000000000e+00
6.184560298919677734e+00 1.225308704376220703e+01 0.000000000000000000e+00
-2.433595657348632812e+00 -7.444253444671630859e+00 0.000000000000000000e+00
-1.002245783805847168e+00 1.543242645263671875e+01 0.000000000000000000e+00
1.650621604919433594e+01 5.669767856597900391e+00 0.000000000000000000e+00
-5.820291996002197266e+00 -1.455251312255859375e+01 0.000000000000000000e+00
1.455841636657714844e+01 1.710900515317916870e-01 0.000000000000000000e+00
5.822047233581542969e+00 1.443527221679687500e+01 0.000000000000000000e+00
4.053709983825683594e+00 7.921040058135986328e-01 0.000000000000000000e+00
4.462580680847167969e+00 -1.526384162902832031e+01 0.000000000000000000e+00
-6.652112007141113281e+00 8.657791137695312500e+00 0.000000000000000000e+00
1.295677280426025391e+01 5.988581657409667969e+00 0.000000000000000000e+00
1.159421443939208984e+01 -1.238544845581054688e+01 0.000000000000000000e+00
-2.074519872665405273e+00 -1.660388374328613281e+01 0.000000000000000000e+00
4.669080257415771484e+00 9.299012184143066406e+00 0.000000000000000000e+00
6.760409355163574219e+00 -1.806734919548034668e+00 0.000000000000000000e+00
-3.382520914077758789e+00 -2.487135410308837891e+00 0.000000000000000000e+00
1.541734457015991211e+00 9.234530448913574219e+00 0.000000000000000000e+00
-7.220670223236083984e+00 1.432361793518066406e+01 0.000000000000000000e+00
1.422350597381591797e+01 -2.477648973464965820e+00 0.000000000000000000e+00
-6.849859237670898438e+00 -1.148388862609863281e+01 0.000000000000000000e+00
3.592290878295898438e+00 -9.569543838500976562e+00 0.000000000000000000e+00
-5.694045066833496094e+00 3.760720014572143555e+00 0.000000000000000000e+00
8.044580459594726562e+00 -4.997432231903076172e+00 0.000000000000000000e+00
-1.427572965621948242e+00 -1.076780605316162109e+01 0.000000000000000000e+00
-1.077198505401611328e+01 1.143936347961425781e+01 0.000000000000000000e+00
6.969583034515380859e-02 -9.203657150268554688e+00 0.000000000000000000e+00
4.451341152191162109e+00 -3.177329063415527344e+00 0.000000000000000000e+00
-2.998841047286987305e+00 1.675387191772460938e+01 0.000000000000000000e+00
1.311914062500000000e+01 -9.170782089233398438e+00 0.000000000000000000e+00
-2.904308795928955078e+00 1.242992877960205078e+01 0.000000000000000000e+00
5.610002994537353516e+00 1.051086425781250000e+01 0.000000000000000000e+00
1.465607643127441406e+00 3.907708406448364258e+00 0.000000000000000000e+00
-3.952263832092285156e+00 -1.148572349548339844e+01 0.000000000000000000e+00
-1.206442165374755859e+01 -2.921803236007690430e+00 0.000000000000000000e+00
1.555381298065185547e+00 -2.954480171203613281e+00 0.000000000000000000e+00
5.121164321899414062e-01 1.531192183494567871e+00 0.000000000000000000e+00
-3.332848846912384033e-01 -1.714117813110351562e+01 0.000000000000000000e+00
1.338620376586914062e+01 -4.137852668762207031e+00 0.000000000000000000e+00
7.975399971008300781e+00 -1.091518878936767578e+01 0.000000000000000000e+00
3.070613384246826172e+00 9.504446029663085938e+00 0.000000000000000000e+00
2.214156627655029297e+00 2.512000560760498047e+00 0.000000000000000000e+00
3.948628425598144531e+00 -8.846676349639892578e-01 0.000000000000000000e+00
-1.671520996093750000e+01 3.376358985900878906e+00 0.000000000000000000e+00
-3.283122777938842773e+00 5.902805328369140625e+00 0.000000000000000000e+00
1.170848751068115234e+01 -4.172703742980957031e+00 0.000000000000000000e+00
-8.132621765136718750e+00 3.538529872894287109e+00 0.000000000000000000e+00
7.197679519653320312e+00 -1.376605606079101562e+01 0.000000000000000000e+00
-7.421873569488525391e+00 5.232629776000976562e+00 0.000000000000000000e+00
-1.236268281936645508e+00 -1.486208915710449219e+01 0.000000000000000000e+00
-1.681990265846252441e+00 -5.440145492553710938e+00 0.000000000000000000e+00
-1.218957614898681641e+01 6.661448478698730469e+00 0.000000000000000000e+00
1.376835346221923828e+01 -1.059107494354248047e+01 0.000000000000000000e+00
-3.685454845428466797e+00 -4.082536697387695312e+00 0.000000000000000000e+00
-4.084158420562744141e+00 -1.026591897010803223e+00 0.000000000000000000e+00
-1.004718589782714844e+01 -1.274162530899047852e+00 0.000000000000000000e+00
2.667447090148925781e+00 -1.545951843261718750e+01 0.000000000000000000e+00
-1.424845123291015625e+01 -1.703925490379333496e+00 0.000000000000000000e+00
-6.758768558502197266e+00 -9.906780242919921875e+00 0.000000000000000000e+00
1.584497833251953125e+01 -1.973137617111206055e+00 0.000000000000000000e+00
7.579784393310546875e+00 -3.414356708526611328e-01 0.000000000000000000e+00
-1.034097552299499512e+00 1.718710899353027344e+01 0.000000000000000000e+00
-1.353146648406982422e+01 -8.428994178771972656e+00 0.000000000000000000e+00
-1.096456813812255859e+01 1.293617725372314453e+01 0.000000000000000000e+00
1.513291001319885254e+00 1.382770442962646484e+01 0.000000000000000000e+00
8.295838356018066406e+00 -1.728424429893493652e+00 0.000000000000000000e+00
9.615813255310058594e+00 6.816456317901611328e+00 0.000000000000000000e+00
5.939758777618408203e+00 1.619742393493652344e+01 0.000000000000000000e+00
-5.238719940185546875e+00 -1.010044956207275391e+01 0.000000000000000000e+00
-1.174783110618591309e+00 1.389911460876464844e+01 0.000000000000000000e+00
1.071713829040527344e+01 1.183716297149658203e+01 0.000000000000000000e+00
8.592885971069335938e+00 3.935921907424926758e+00 0.000000000000000000e+00
1.559061431884765625e+01 -3.476558685302734375e+00 0.000000000000000000e+00
-8.529717445373535156e+00 6.360990047454833984e+00 0.000000000000000000e+00
-1.207740116119384766e+01 4.834707736968994141e+00 0.000000000000000000e+00
-9.442900657653808594e+00 1.218910789489746094e+01 0.000000000000000000e+00
-1.469741344451904297e+01 8.995892524719238281e+00 0.000000000000000000e+00
4.088597297668457031e+00 2.614933490753173828e+00 0.000000000000000000e+00
8.325251579284667969e+00 1.510190773010253906e+01 0.000000000000000000e+00
1.706683349609375000e+01 1.862437605857849121e+00 0.000000000000000000e+00
-4.631981372833251953e+00 2.314909696578979492e+00 0.000000000000000000e+00
6.377366065979003906e+00 -5.068108081817626953e+00 0.000000000000000000e+00
-1.649249839782714844e+01 -7.327753305435180664e-01 0.000000000000000000e+00
1.017423152923583984e+01 -4.646820068359375000e+00 0.000000000000000000e+00
1.474763965606689453e+01 5.948908805847167969e+00 0.000000000000000000e+00
8.627639770507812500e+00 -6.463222980499267578e+00 0.000000000000000000e+00
5.106198310852050781e+00 4.528024196624755859e+00 0.000000000000000000e+00
-3.269410133361816406e+00 -5.660244464874267578e+00 0.000000000000000000e+00
8.454139709472656250e+00 -1.246488189697265625e+01 0.000000000000000000e+00
