-5.581074714660644531e+00 3.960160493850708008e+00 0.000000000000000000e+00
-3.268296480178833008e+00 -1.284000873565673828e+01 0.000000000000000000e+00
7.345802783966064453e+00 -1.242911338806152344e+01 0.000000000000000000e+00
1.319134712219238281e+01 5.902328014373779297e+00 0.000000000000000000e+00
9.941078186035156250e+00 1.127147579193115234e+01 0.000000000000000000e+00
6.763192176818847656e+00 3.978431463241577148e+00 0.000000000000000000e+00
-7.240945816040039062e+00 1.033557415008544922e+01 0.000000000000000000e+00
9.746025085449218750e+00 -4.948649406433105469e+00 0.000000000000000000e+00
5.362445354461669922e+00 1.172811889648437500e+01 0.000000000000000000e+00
7.711084842681884766e+00 -1.413066864013671875e+01 0.000000000000000000e+00
4.820912837982177734e+00 -8.679661750793457031e+00 0.000000000000000000e+00
1.601470565795898438e+01 6.710853099822998047e+00 0.000000000000000000e+00
8.929675102233886719e+00 -1.020977497100830078e+01 0.000000000000000000e+00
-1.245186805725097656e+01 2.989025592803955078e+00 0.000000000000000000e+00
1.724359869956970215e+00 1.710205793380737305e+00 0.000000000000000000e+00
7.920505523681640625e+00 1.391708946228027344e+01 0.000000000000000000e+00
1.278445339202880859e+01 -8.762749671936035156e+00 0.000000000000000000e+00
-5.300872802734375000e+00 -2.723903179168701172e+00 0.000000000000000000e+00
8.755362510681152344e+00 -7.715251445770263672e-01 0.000000000000000000e+00
5.827799320220947266e+00 -4.883062362670898438e+00 0.000000000000000000e+00
-1.289445018768310547e+01 -3.258069753646850586e+00 0.000000000000000000e+00
1.691334962844848633e+00 3.398050546646118164e+00 0.000000000000000000e+00
1.261408996582031250e+01 2.428525447845458984e+00 0.000000000000000000e+00
-3.525302410125732422e+00 1.522780895233154297e+00 0.000000000000000000e+00
2.933644689619541168e-02 1.611458396911621094e+01 0.000000000000000000e+00
3.592884778976440430e+00 4.020563125610351562e+00 0.000000000000000000e+00
1.198584270477294922e+01 1.169062900543212891e+01 0.000000000000000000e+00
-1.468530845642089844e+01 -7.804997920989990234e+00 0.000000000000000000e+00
1.365576076507568359e+01 -3.467338800430297852e+00 0.000000000000000000e+00
1.605312347412109375e+01 -1.924613356590270996e+00 0.000000000000000000e+00
-8.022291183471679688e+00 -9.780488014221191406e+00 0.000000000000000000e+00
-1.274607563018798828e+01 -7.568709373474121094e+00 0.000000000000000000e+00
-4.292902469635009766e+00 7.933639526367187500e+00 0.000000000000000000e+00
-5.060667514801025391e+00 1.039840221405029297e+01 0.000000000000000000e+00
5.713043689727783203e+00 1.470897674560546875e+01 0.000000000000000000e+00
7.254638195037841797e+00 -7.793479442596435547e+00 0.000000000000000000e+00
-6.177493095397949219e+00 -7.752570629119873047e+00 0.000000000000000000e+00
7.572304010391235352e-01 9.334551811218261719e+00 0.000000000000000000e+00
9.356175422668457031e+00 5.953975200653076172e+00 0.000000000000000000e+00
-1.554364776611328125e+01 -6.248984813690185547e+00 0.000000000000000000e+00
1.262424182891845703e+01 -5.963643550872802734e+00 0.000000000000000000e+00
3.869066476821899414e+00 -6.792991638183593750e+00 0.000000000000000000e+00
-9.800132751464843750e+00 1.154933261871337891e+01 0.000000000000000000e+00
8.376113891601562500e+00 9.322782516479492188e+00 0.000000000000000000e+00
-2.663254499435424805e+00 -2.332540512084960938e+00 0.000000000000000000e+00
-9.516909599304199219e+00 7.641339302062988281e+00 0.000000000000000000e+00
-8.353363990783691406e+00 5.365829944610595703e+00 0.000000000000000000e+00
-1.141214942932128906e+01 -1.243830966949462891e+01 0.000000000000000000e+00
-6.699954032897949219e+00 -1.369484806060791016e+01 0.000000000000000000e+00
1.484200954437255859e+00 1.323401165008544922e+01 0.000000000000000000e+00
-8.225008010864257812e+00 -5.993637561798095703e+00 0.000000000000000000e+00
-3.462942838668823242e+00 -3.761115789413452148e+00 0.000000000000000000e+00
-1.946716427803039551e+00 2.128883361816406250e+00 0.000000000000000000e+00
2.666748046875000000e+00 -5.874239444732666016e+00 0.000000000000000000e+00
-7.882029533386230469e+00 1.264859199523925781e+01 0.000000000000000000e+00
4.516973495483398438e+00 -1.802632331848144531e+00 0.000000000000000000e+00
-1.528281879425048828e+01 2.401955574750900269e-01 0.000000000000000000e+00
-5.592125415802001953e+00 6.244202613830566406e+00 0.000000000000000000e+00
1.428614616394042969e+01 7.831681251525878906e+00 0.000000000000000000e+00
-8.177113533020019531e+00 -3.837686538696289062e+00 0.000000000000000000e+00
3.053851425647735596e-01 -7.435824394226074219e+00 0.000000000000000000e+00
6.343188285827636719e+00 1.326297283172607422e+01 0.000000000000000000e+00
-1.172764873504638672e+01 -8.720147132873535156e+00 0.000000000000000000e+00
-1.548923969268798828e+00 -5.278322696685791016e+00 0.000000000000000000e+00
-1.619979667663574219e+01 -1.418572068214416504e+00 0.000000000000000000e+00
-1.694633215665817261e-01 -3.608549356460571289e+00 0.000000000000000000e+00
-1.403711795806884766e+01 8.683794975280761719e+00 0.000000000000000000e+00
-7.822624206542968750e+00 -1.234562158584594727e+00 0.000000000000000000e+00
-7.322804450988769531e+00 3.010219097137451172e+00 0.000000000000000000e+00
1.100234794616699219e+01 -7.940626621246337891e+00 0.000000000000000000e+00
1.663977050781250000e+01 -4.640202045440673828e+00 0.000000000000000000e+00
-1.224480533599853516e+01 -7.840574383735656738e-01 0.000000000000000000e+00
1.120843029022216797e+01 8.502867698669433594e+00 0.000000000000000000e+00
-2.021526336669921875e+00 4.833762645721435547e+00 0.000000000000000000e+00
4.611711025238037109e+00 1.340153121948242188e+01 0.000000000000000000e+00
7.578244209289550781e+00 -4.387095451354980469e+00 0.000000000000000000e+00
-4.676208972930908203e+00 -5.964344978332519531e+00 0.000000000000000000e+00
3.259773015975952148e+00 -3.141353845596313477e+00 0.000000000000000000e+00
-1.343582630157470703e+01 -1.035154056549072266e+01 0.000000000000000000e+00
1.116879367828369141e+01 1.329082202911376953e+01 0.000000000000000000e+00
-8.903455734252929688e+00 3.672653675079345703e+00 0.000000000000000000e+00
-2.428771734237670898e+00 9.007999420166015625e+00 0.000000000000000000e+00
-3.648906946182250977e+00 1.387263107299804688e+01 0.000000000000000000e+00
6.275022506713867188e+00 5.670883178710937500e+00 0.000000000000000000e+00
-1.252193069458007812e+01 8.337939262390136719e+00 0.000000000000000000e+00
7.243355751037597656e+00 8.178200721740722656e+00 0.000000000000000000e+00
-1.235550212860107422e+01 -5.034539699554443359e+00 0.000000000000000000e+00
-2.626648664474487305e+00 6.671896457672119141e+00 0.000000000000000000e+00
-1.705524253845214844e+01 3.908705949783325195e+00 0.000000000000000000e+00
2.055689096450805664e+00 -1.247826862335205078e+01 0.000000000000000000e+00
4.471390247344970703e+00 1.594163036346435547e+01 0.000000000000000000e+00
3.825776815414428711e+00 -1.444024944305419922e+01 0.000000000000000000e+00
2.084840774536132812e+00 -1.041062641143798828e+01 0.000000000000000000e+00
1.398153114318847656e+01 7.594517469406127930e-01 0.000000000000000000e+00
2.717648983001708984e+00 1.519905948638916016e+01 0.000000000000000000e+00
3.483111038804054260e-02 3.280841350555419922e+00 0.000000000000000000e+00
9.202914237976074219e+00 1.482719302177429199e+00 0.000000000000000000e+00
7.522851943969726562e+00 1.105239391326904297e+01 0.000000000000000000e+00
-4.082472801208496094e+00 1.579113960266113281e+01 0.000000000000000000e+00
-4.671985626220703125e+00 -1.380110740661621094e+01 0.000000000000000000e+00
-3.091754198074340820e+00 -1.536688804626464844e+01 0.000000000000000000e+00
-6.501148343086242676e-01 1.182439804077148438e+01 0.000000000000000000e+00
-1.995548248291015625e+00 1.307910728454589844e+01 0.000000000000000000e+00
3.285880565643310547e+00 1.133242225646972656e+01 0.000000000000000000e+00
1.932027697563171387e+00 7.489893913269042969e+00 0.000000000000000000e+00
-1.447934722900390625e+01 1.996966958045959473e+00 0.000000000000000000e+00
8.884949684143066406e+00 7.380353927612304688e+00 0.000000000000000000e+00
6.005267143249511719e+00 -1.003699684143066406e+01 0.000000000000000000e+00
1.524976253509521484e+01 -7.602610111236572266e+00 0.000000000000000000e+00
9.116994857788085938e+00 -8.605078697204589844e+00 0.000000000000000000e+00
-1.941686421632766724e-01 -1.495224475860595703e+01 0.000000000000000000e+00
-9.451293945312500000e+00 -8.028599739074707031e+00 0.000000000000000000e+00
-7.249866962432861328e+00 -1.199699878692626953e+01 0.000000000000000000e+00
7.561723709106445312e+00 1.793680667877197266e+00 0.000000000000000000e+00
-5.345140457153320312e+00 2.970198094844818115e-01 0.000000000000000000e+00
-3.671929121017456055e+00 3.098871946334838867e+00 0.000000000000000000e+00
-1.185327148437500000e+01 7.797654271125793457e-01 0.000000000000000000e+00
9.521030426025390625e+00 1.318347549438476562e+01 0.000000000000000000e+00
-8.281159400939941406e+00 1.537602615356445312e+01 0.000000000000000000e+00
1.571322154998779297e+01 3.625015258789062500e+00 0.000000000000000000e+00
-1.117071437835693359e+01 1.014057254791259766e+01 0.000000000000000000e+00
1.070292377471923828e+01 -1.065572834014892578e+01 0.000000000000000000e+00
-1.437476921081542969e+01 5.745060443878173828e+00 0.000000000000000000e+00
5.699552536010742188e+00 7.229406833648681641e+00 0.000000000000000000e+00
1.176116657257080078e+01 -6.250088810920715332e-01 0.000000000000000000e+00
3.372356295585632324e-01 7.594244956970214844e+00 0.000000000000000000e+00
-3.371131658554077148e+00 -9.122254371643066406e+00 0.000000000000000000e+00
1.681371808052062988e+00 -3.780460596084594727e+00 0.000000000000000000e+00
-1.162221670150756836e+00 -1.227738285064697266e+01 0.000000000000000000e+00
3.922632336616516113e-01 -1.132117652893066406e+01 0.000000000000000000e+00
-6.817137241363525391e+00 8.690472602844238281e+00 0.000000000000000000e+00
-1.422851085662841797e+01 3.526689767837524414e+00 0.000000000000000000e+00
4.250725269317626953e+00 5.740233421325683594e+00 0.000000000000000000e+00
-5.572048664093017578e+00 -1.599110794067382812e+01 0.000000000000000000e+00
1.355330562591552734e+01 -1.508152484893798828e+00 0.000000000000000000e+00
1.271291255950927734e+01 -1.159032535552978516e+01 0.000000000000000000e+00
1.551565551757812500e+01 1.237697720527648926e+00 0.000000000000000000e+00
-2.140123367309570312e+00 1.700775527954101562e+01 0.000000000000000000e+00
2.118000030517578125e+00 5.019800186157226562e+00 0.000000000000000000e+00
-3.494284152984619141e+00 1.019114398956298828e+01 0.000000000000000000e+00
-1.270093345642089844e+01 1.081617069244384766e+01 0.000000000000000000e+00
-1.543044281005859375e+01 8.107379913330078125e+00 0.000000000000000000e+00
-9.930507659912109375e+00 -1.329943943023681641e+01 0.000000000000000000e+00
-1.672808837890625000e+01 1.034429430961608887e+00 0.000000000000000000e+00
9.408648610115051270e-01 1.477254390716552734e+01 0.000000000000000000e+00
2.192151695489883423e-01 1.831202208995819092e-02 0.000000000000000000e+00
-1.463915443420410156e+01 -1.223553657531738281e+00 0.000000000000000000e+00
-1.086094093322753906e+01 4.520457744598388672e+00 0.000000000000000000e+00
1.014895153045654297e+01 -1.296321964263916016e+01 0.000000000000000000e+00
6.394895553588867188e+00 -2.810640811920166016e+00 0.000000000000000000e+00
1.060850429534912109e+01 3.711129903793334961e+00 0.000000000000000000e+00
1.529063701629638672e+01 -3.929546833038330078e+00 0.000000000000000000e+00
-1.076755332946777344e+01 1.313555812835693359e+01 0.000000000000000000e+00
3.181826114654541016e+00 2.265467882156372070e+00 0.000000000000000000e+00
6.856365203857421875e+00 -1.379266142845153809e+00 0.000000000000000000e+00
7.273913860321044922e+00 1.589111995697021484e+01 0.000000000000000000e+00
5.486273765563964844e+00 -1.369518089294433594e+01 0.000000000000000000e+00
-5.709106922149658203e+00 -1.246402549743652344e+01 0.000000000000000000e+00
-1.017203617095947266e+01 -5.528820991516113281e+00 0.000000000000000000e+00
-1.611969184875488281e+01 -4.363375663757324219e+00 0.000000000000000000e+00
8.155518531799316406e+00 4.655371665954589844e+00 0.000000000000000000e+00
-2.964499473571777344e+00 -6.315612792968750000e+00 0.000000000000000000e+00
2.970289468765258789e+00 1.675266265869140625e+01 0.000000000000000000e+00
-1.481506156921386719e+01 -3.350250005722045898e+00 0.000000000000000000e+00
1.426435852050781250e+01 -6.435455322265625000e+00 0.000000000000000000e+00
-7.874132633209228516e+00 -7.716868400573730469e+00 0.000000000000000000e+00
-1.038370513916015625e+01 -9.593417167663574219e+00 0.000000000000000000e+00
-1.045148015022277832e+00 -8.959697484970092773e-01 0.000000000000000000e+00
-7.884403705596923828e+00 7.186072826385498047e+00 0.000000000000000000e+00
4.855293750762939453e+00 -1.672026824951171875e+01 0.000000000000000000e+00
-1.387300491333007812e+01 -4.839777469635009766e+00 0.000000000000000000e+00
-7.162116527557373047e+00 1.182900905609130859e+00 0.000000000000000000e+00
-9.209678649902343750e+00 -1.184078788757324219e+01 0.000000000000000000e+00
1.665119552612304688e+01 5.070178985595703125e+00 0.000000000000000000e+00
-1.268689632415771484e+00 -8.421692848205566406e+00 0.000000000000000000e+00
5.570060253143310547e+00 -4.751902818679809570e-01 0.000000000000000000e+00
-2.303983449935913086e+00 1.502359580993652344e+01 0.000000000000000000e+00
-5.446541786193847656e+00 1.417116165161132812e+01 0.000000000000000000e+00
-1.076205730438232422e+01 8.625623703002929688e+00 0.000000000000000000e+00
9.866579055786132812e+00 -3.217785835266113281e+00 0.000000000000000000e+00
4.816220700740814209e-01 5.916553497314453125e+00 0.000000000000000000e+00
-1.059341430664062500e+01 -2.754220247268676758e+00 0.000000000000000000e+00
-1.581546425819396973e+00 -1.002422046661376953e+01 0.000000000000000000e+00
4.121850490570068359e+00 -5.300792217254638672e+00 0.000000000000000000e+00
-1.306984043121337891e+01 6.897875785827636719e+00 0.000000000000000000e+00
3.030802488327026367e+00 8.577167510986328125e+00 0.000000000000000000e+00
-6.294863700866699219e+00 1.243205928802490234e+01 0.000000000000000000e+00
1.380939769744873047e+01 -5.003471374511718750e+00 0.000000000000000000e+00
-4.397554099559783936e-01 1.370898342132568359e+01 0.000000000000000000e+00
-1.271964168548583984e+01 4.957185268402099609e+00 0.000000000000000000e+00
4.009960651397705078e+00 -1.155843830108642578e+01 0.000000000000000000e+00
3.689145326614379883e+00 7.786833494901657104e-02 0.000000000000000000e+00
1.171865272521972656e+01 -4.530246257781982422e+00 0.000000000000000000e+00
-9.630122780799865723e-01 9.421483039855957031e+00 0.000000000000000000e+00
-9.100237846374511719e+00 -6.109251454472541809e-02 0.000000000000000000e+00
-9.811602592468261719e+00 2.308825492858886719e+00 0.000000000000000000e+00
1.319970703125000000e+01 1.030997276306152344e+01 0.000000000000000000e+00
-6.268585681915283203e+00 -9.312517166137695312e+00 0.000000000000000000e+00
1.485064268112182617e+00 -1.635920143127441406e+01 0.000000000000000000e+00
-1.623295783996582031e+01 5.280748844146728516e+00 0.000000000000000000e+00
6.857366561889648438e+00 -1.605727577209472656e+01 0.000000000000000000e+00
2.242160081863403320e+00 -8.394578933715820312e+00 0.000000000000000000e+00
4.992499828338623047e+00 2.406332731246948242e+00 0.000000000000000000e+00
1.699869728088378906e+01 7.234211564064025879e-01 0.000000000000000000e+00
-4.525955677032470703e+00 -1.121412754058837891e+01 0.000000000000000000e+00
-3.243341207504272461e+00 -3.420522809028625488e-02 0.000000000000000000e+00
8.553827285766601562e+00 -6.739339828491210938e+00 0.000000000000000000e+00
1.557796835899353027e+00 -1.406785011291503906e+01 0.000000000000000000e+00
1.481994438171386719e+01 5.739066123962402344e+00 0.000000000000000000e+00
6.171825408935546875e+00 1.002648735046386719e+01 0.000000000000000000e+00
1.419490623474121094e+01 3.888822793960571289e+00 0.000000000000000000e+00
7.854071855545043945e-01 -1.789681434631347656e+00 0.000000000000000000e+00
-8.202019691467285156e+00 -1.397057056427001953e+01 0.000000000000000000e+00
3.224695920944213867e+00 -1.680160713195800781e+01 0.000000000000000000e+00
-5.994324207305908203e+00 -4.175049304962158203e+00 0.000000000000000000e+00
1.225716209411621094e+01 -2.554527282714843750e+00 0.000000000000000000e+00
-1.588315582275390625e+01 2.621102333068847656e+00 0.000000000000000000e+00
-5.936595439910888672e+00 2.064192056655883789e+00 0.000000000000000000e+00
-1.475929498672485352e+00 -1.699795341491699219e+01 0.000000000000000000e+00
-6.143566608428955078e+00 -1.459578514099121094e+00 0.000000000000000000e+00
6.262716054916381836e-01 -5.642313003540039062e+00 0.000000000000000000e+00
1.016411113739013672e+01 -1.347090959548950195e+00 0.000000000000000000e+00
1.175923442840576172e+01 -1.288326644897460938e+01 0.000000000000000000e+00
1.080557441711425781e+01 -6.114370346069335938e+00 0.000000000000000000e+00
-4.707921981811523438e+00 1.214421749114990234e+01 0.000000000000000000e+00
-1.121346950531005859e+01 6.996205806732177734e+00 0.000000000000000000e+00
-6.140981197357177734e+00 -1.084529781341552734e+01 0.000000000000000000e+00
5.304015159606933594e+00 -6.327126026153564453e+00 0.000000000000000000e+00
4.755525588989257812e+00 9.141133308410644531e+00 0.000000000000000000e+00
1.074394130706787109e+01 1.222572207450866699e+00 0.000000000000000000e+00
4.145172595977783203e+00 7.305827140808105469e+00 0.000000000000000000e+00
1.936104893684387207e+00 -6.893864274024963379e-01 0.000000000000000000e+00
-8.769541740417480469e+00 9.409756660461425781e+00 0.000000000000000000e+00
1.173172950744628906e+00 1.149352550506591797e+01 0.000000000000000000e+00
1.152628326416015625e+01 5.464846134185791016e+00 0.000000000000000000e+00
-8.540651202201843262e-01 6.614807128906250000e+00 0.000000000000000000e+00
-4.052189350128173828e+00 -1.657609939575195312e+01 0.000000000000000000e+00
-1.082446861267089844e+01 -7.384594917297363281e+00 0.000000000000000000e+00
8.416124343872070312e+00 -2.320570468902587891e+00 0.000000000000000000e+00
-7.810438632965087891e+00 -1.557703590393066406e+01 0.000000000000000000e+00
-1.362658977508544922e+01 6.630212068557739258e-01 0.000000000000000000e+00
1.194072055816650391e+01 6.950269222259521484e+00 0.000000000000000000e+00
-1.070951557159423828e+01 -5.611709356307983398e-01 0.000000000000000000e+00
6.926036834716796875e+00 -6.085122585296630859e+00 0.000000000000000000e+00
1.384278011322021484e+01 -1.055028057098388672e+01 0.000000000000000000e+00
-2.723265409469604492e+00 1.152074527740478516e+01 0.000000000000000000e+00
7.010279178619384766e+00 1.968479007482528687e-01 0.000000000000000000e+00
9.337965011596679688e+00 -1.434521007537841797e+01 0.000000000000000000e+00
1.150287532806396484e+01 9.977438926696777344e+00 0.000000000000000000e+00
-4.072597026824951172e+00 4.713782310485839844e+00 0.000000000000000000e+00
1.592699432373046875e+01 -6.200335979461669922e+00 0.000000000000000000e+00
5.168659612536430359e-02 -1.733234405517578125e+01 0.000000000000000000e+00
1.519035530090332031e+01 -5.407604575157165527e-01 0.000000000000000000e+00
-5.973449707031250000e+00 1.635067367553710938e+01 0.000000000000000000e+00
-1.703735923767089844e+01 -2.865462779998779297e+00 0.000000000000000000e+00
-4.043700695037841797e+00 -7.556616306304931641e+00 0.000000000000000000e+00
