7.341858863830566406e+00 -1.451285552978515625e+01 0.000000000000000000e+00
1.113577270507812500e+01 2.605029940605163574e-01 0.000000000000000000e+00
5.390773773193359375e+00 2.824623346328735352e+00 0.000000000000000000e+00
-7.888319492340087891e+00 -9.210664749145507812e+00 0.000000000000000000e+00
-1.493088912963867188e+01 -5.301419734954833984e+00 0.000000000000000000e+00
1.158835172653198242e+00 -4.673357009887695312e+00 0.000000000000000000e+00
3.383320331573486328e+00 2.403342485427856445e+00 0.000000000000000000e+00
-1.534860324859619141e+01 -5.489709600806236267e-02 0.000000000000000000e+00
-7.809399127960205078e+00 1.290836906433105469e+01 0.000000000000000000e+00
-8.416269302368164062e+00 -1.316778373718261719e+01 0.000000000000000000e+00
-1.638618659973144531e+01 3.471272706985473633e+00 0.000000000000000000e+00
-1.425981140136718750e+01 9.195759773254394531e+00 0.000000000000000000e+00
7.510618686676025391e+00 -4.942985534667968750e+00 0.000000000000000000e+00
-9.689679145812988281e+00 1.688864827156066895e+00 0.000000000000000000e+00
1.081885814666748047e+00 -4.966177344322204590e-01 0.000000000000000000e+00
-3.464987516403198242e+00 1.098438072204589844e+01 0.000000000000000000e+00
9.139680862426757812e+00 -7.425579071044921875e+00 0.000000000000000000e+00
4.560185432434082031e+00 7.207332611083984375e+00 0.000000000000000000e+00
2.489404201507568359e+00 1.013752669095993042e-01 0.000000000000000000e+00
-1.182384490966796875e+01 9.000038146972656250e+00 0.000000000000000000e+00
-2.921326875686645508e+00 -2.979899168014526367e+00 0.000000000000000000e+00
-6.406132698059082031e+00 3.463297128677368164e+00 0.000000000000000000e+00
8.856822252273559570e-01 -1.679773330688476562e+01 0.000000000000000000e+00
-4.192174375057220459e-01 2.933056592941284180e+00 0.000000000000000000e+00
-3.696075081825256348e-01 1.522491073608398438e+01 0.000000000000000000e+00
-1.052086925506591797e+01 -5.767321586608886719e+00 0.000000000000000000e+00
3.662183046340942383e+00 -4.584151268005371094e+00 0.000000000000000000e+00
5.619660854339599609e+00 5.576922893524169922e+00 0.000000000000000000e+00
-8.170903205871582031e+00 4.685711383819580078e+00 0.000000000000000000e+00
-1.324710941314697266e+01 1.050180053710937500e+01 0.000000000000000000e+00
-1.331006717681884766e+01 7.450263023376464844e+00 0.000000000000000000e+00
-4.507313251495361328e+00 1.441854381561279297e+01 0.000000000000000000e+00
-5.615497112274169922e+00 1.560847377777099609e+01 0.000000000000000000e+00
-1.029921627044677734e+01 3.508081674575805664e+00 0.000000000000000000e+00
-8.344023704528808594e+00 1.105889606475830078e+01 0.000000000000000000e+00
9.621330261230468750e+00 -1.215258216857910156e+01 0.000000000000000000e+00
-6.245409488677978516e+00 -9.284220695495605469e+00 0.000000000000000000e+00
9.938929557800292969e+00 -9.474178314208984375e+00 0.000000000000000000e+00
-6.741325855255126953e+00 9.873336791992187500e+00 0.000000000000000000e+00
1.196144485473632812e+01 1.047323894500732422e+01 0.000000000000000000e+00
-1.374350070953369141e+01 -4.176692485809326172e+00 0.000000000000000000e+00
1.344385719299316406e+01 9.431265830993652344e+00 0.000000000000000000e+00
1.411532592773437500e+01 -2.259720325469970703e+00 0.000000000000000000e+00
-5.885907649993896484e+00 1.198057365417480469e+01 0.000000000000000000e+00
1.296458530426025391e+01 -1.061363887786865234e+01 0.000000000000000000e+00
-9.696197509765625000e+00 -3.599910020828247070e+00 0.000000000000000000e+00
2.405114650726318359e+00 -1.160910987854003906e+01 0.000000000000000000e+00
1.678594589233398438e+01 -6.008271574974060059e-01 0.000000000000000000e+00
3.656932592391967773e+00 -1.515770339965820312e+01 0.000000000000000000e+00
1.218511486053466797e+01 1.558673381805419922e+00 0.000000000000000000e+00
7.674437522888183594e+00 1.142458724975585938e+01 0.000000000000000000e+00
1.117072486877441406e+01 -4.253261566162109375e+00 0.000000000000000000e+00
8.287489891052246094e+00 8.323785781860351562e+00 0.000000000000000000e+00
-1.395308303833007812e+01 5.782726764678955078e+00 0.000000000000000000e+00
2.735394477844238281e+00 -1.617899179458618164e+00 0.000000000000000000e+00
4.145696163177490234e+00 -1.658197212219238281e+01 0.000000000000000000e+00
7.792735099792480469e+00 3.957467079162597656e+00 0.000000000000000000e+00
-1.324579715728759766e+01 1.325514912605285645e+00 0.000000000000000000e+00
1.730943298339843750e+01 1.860226988792419434e+00 0.000000000000000000e+00
-3.961687564849853516e+00 -1.310540580749511719e+01 0.000000000000000000e+00
-4.988117694854736328e+00 2.316090822219848633e+00 0.000000000000000000e+00
5.187415599822998047e+00 -7.493704795837402344e+00 0.000000000000000000e+00
-1.926306605339050293e+00 -5.777074337005615234e+00 0.000000000000000000e+00
9.208246231079101562e+00 5.100938796997070312e+00 0.000000000000000000e+00
-1.365634059906005859e+01 -1.024372577667236328e+01 0.000000000000000000e+00
2.455334424972534180e+00 7.681412220001220703e+00 0.000000000000000000e+00
7.219509601593017578e+00 -1.304049730300903320e+00 0.000000000000000000e+00
4.537336826324462891e+00 -1.016669178009033203e+01 0.000000000000000000e+00
1.304258537292480469e+01 -4.507245063781738281e+00 0.000000000000000000e+00
2.693248033523559570e+00 1.385442638397216797e+01 0.000000000000000000e+00
5.525510311126708984e+00 -2.712000846862792969e+00 0.000000000000000000e+00
-1.298189401626586914e+00 6.051308631896972656e+00 0.000000000000000000e+00
-3.101681947708129883e+00 -1.667355000972747803e-01 0.000000000000000000e+00
-6.473884105682373047e+00 1.371079921722412109e+01 0.000000000000000000e+00
-1.206283473968505859e+01 3.372620344161987305e+00 0.000000000000000000e+00
6.562181472778320312e+00 1.580858707427978516e+01 0.000000000000000000e+00
-4.032623767852783203e+00 3.639773130416870117e+00 0.000000000000000000e+00
-8.804138183593750000e+00 1.405141162872314453e+01 0.000000000000000000e+00
-4.807852745056152344e+00 8.274263381958007812e+00 0.000000000000000000e+00
9.871100425720214844e+00 1.088400554656982422e+01 0.000000000000000000e+00
-8.680586814880371094e-01 -8.934775352478027344e+00 0.000000000000000000e+00
3.552087783813476562e+00 -8.327992439270019531e+00 0.000000000000000000e+00
-1.456813931465148926e+00 2.353669703006744385e-01 0.000000000000000000e+00
-1.390426921844482422e+01 -1.926408290863037109e+00 0.000000000000000000e+00
1.577476882934570312e+01 -5.674089908599853516e+00 0.000000000000000000e+00
-7.078206062316894531e+00 -3.778429746627807617e+00 0.000000000000000000e+00
-1.872807264328002930e+00 -1.440395450592041016e+01 0.000000000000000000e+00
8.657038688659667969e+00 -3.309679269790649414e+00 0.000000000000000000e+00
-7.332477092742919922e+00 5.541587471961975098e-01 0.000000000000000000e+00
1.159795093536376953e+01 1.201298713684082031e+01 0.000000000000000000e+00
-9.051502227783203125e+00 -7.437404632568359375e+00 0.000000000000000000e+00
-8.368519544601440430e-01 4.621224880218505859e+00 0.000000000000000000e+00
-3.042606830596923828e+00 -8.100696563720703125e+00 0.000000000000000000e+00
-3.041678428649902344e+00 1.278860759735107422e+01 0.000000000000000000e+00
-1.487383961677551270e+00 -1.109047508239746094e+01 0.000000000000000000e+00
-5.305154323577880859e-01 8.848960876464843750e+00 0.000000000000000000e+00
1.538909339904785156e+01 3.858032941818237305e+00 0.000000000000000000e+00
3.445015549659729004e-01 -1.235288810729980469e+01 0.000000000000000000e+00
6.070554256439208984e+00 1.041738224029541016e+01 0.000000000000000000e+00
-1.096702861785888672e+01 -1.117136859893798828e+01 0.000000000000000000e+00
9.844156265258789062e+00 7.873170852661132812e+00 0.000000000000000000e+00
-1.301842975616455078e+01 -6.730188131332397461e-01 0.000000000000000000e+00
4.976729393005371094e+00 1.176133632659912109e+01 0.000000000000000000e+00
1.398784995079040527e+00 2.316765546798706055e+00 0.000000000000000000e+00
9.557991027832031250e-01 -3.122646093368530273e+00 0.000000000000000000e+00
-7.265455722808837891e+00 -1.102155208587646484e+01 0.000000000000000000e+00
-9.145809173583984375e+00 6.394377231597900391e+00 0.000000000000000000e+00
1.149498939514160156e+01 -6.331531524658203125e+00 0.000000000000000000e+00
5.213829040527343750e+00 -4.193055629730224609e+00 0.000000000000000000e+00
-1.832319259643554688e+00 1.083810138702392578e+01 0.000000000000000000e+00
-2.681487321853637695e+00 1.666628074645996094e+01 0.000000000000000000e+00
5.269755840301513672e+00 -1.535070705413818359e+01 0.000000000000000000e+00
4.359763145446777344e+00 1.033455657958984375e+01 0.000000000000000000e+00
9.930770874023437500e+00 -6.086259365081787109e+00 0.000000000000000000e+00
1.405798435211181641e+01 3.042236089706420898e+00 0.000000000000000000e+00
-1.273170280456542969e+01 -1.193031406402587891e+01 0.000000000000000000e+00
4.293168544769287109e+00 8.793841361999511719e+00 0.000000000000000000e+00
-8.193985819816589355e-01 1.261811256408691406e+01 0.000000000000000000e+00
1.201493453979492188e+01 -1.227333664894104004e+00 0.000000000000000000e+00
3.726112365722656250e+00 3.896019935607910156e+00 0.000000000000000000e+00
8.033867835998535156e+00 1.526069521903991699e+00 0.000000000000000000e+00
1.009119153022766113e+00 1.164470195770263672e+01 0.000000000000000000e+00
-1.450128197669982910e+00 -1.585055923461914062e+01 0.000000000000000000e+00
6.278984546661376953e+00 1.410887908935546875e+01 0.000000000000000000e+00
-9.130494117736816406e+00 9.697835922241210938e+00 0.000000000000000000e+00
3.934832096099853516e+00 1.689201354980468750e+01 0.000000000000000000e+00
7.823160886764526367e-01 -7.695806980133056641e+00 0.000000000000000000e+00
1.455240154266357422e+01 -7.047244071960449219e+00 0.000000000000000000e+00
-2.695927858352661133e+00 4.363511085510253906e+00 0.000000000000000000e+00
-1.672847747802734375e+01 -1.088578104972839355e+00 0.000000000000000000e+00
7.538388729095458984e+00 -8.771169662475585938e+00 0.000000000000000000e+00
2.347716331481933594e+00 -1.386721706390380859e+01 0.000000000000000000e+00
-8.240795135498046875e+00 -5.452444553375244141e+00 0.000000000000000000e+00
1.471452045440673828e+01 5.539398670196533203e+00 0.000000000000000000e+00
-1.555594730377197266e+01 1.746308326721191406e+00 0.000000000000000000e+00
-3.715433835983276367e+00 -6.059930801391601562e+00 0.000000000000000000e+00
3.681195974349975586e+00 1.530132484436035156e+01 0.000000000000000000e+00
-9.893667221069335938e+00 -9.723753929138183594e+00 0.000000000000000000e+00
-1.091234779357910156e+01 -7.442478179931640625e+00 0.000000000000000000e+00
6.238031387329101562e-01 -6.114001274108886719e+00 0.000000000000000000e+00
-1.131739139556884766e+01 1.101579380035400391e+01 0.000000000000000000e+00
-1.222596263885498047e+01 -5.322468757629394531e+00 0.000000000000000000e+00
2.487126827239990234e+00 -6.270482540130615234e+00 0.000000000000000000e+00
-6.356227397918701172e+00 -1.348808860778808594e+01 0.000000000000000000e+00
1.008433532714843750e+01 2.731907606124877930e+00 0.000000000000000000e+00
-1.605578422546386719e+01 6.038372516632080078e+00 0.000000000000000000e+00
6.701701641082763672e+00 -1.176066589355468750e+01 0.000000000000000000e+00
1.411334037780761719e+01 7.872700691223144531e+00 0.000000000000000000e+00
-1.097619533538818359e+01 7.578649997711181641e+00 0.000000000000000000e+00
-1.705874443054199219e+01 -2.782628536224365234e+00 0.000000000000000000e+00
-3.663538694381713867e+00 -1.055965042114257812e+01 0.000000000000000000e+00
7.106638908386230469e+00 5.926908969879150391e+00 0.000000000000000000e+00
2.802657842636108398e+00 1.152141857147216797e+01 0.000000000000000000e+00
-3.341645956039428711e+00 6.548538684844970703e+00 0.000000000000000000e+00
5.704263210296630859e+00 -5.233773589134216309e-01 0.000000000000000000e+00
-6.770117878913879395e-01 -7.122694015502929688e+00 0.000000000000000000e+00
1.163565158843994141e+01 7.321146011352539062e+00 0.000000000000000000e+00
-1.083610877394676208e-01 7.038574218750000000e+00 0.000000000000000000e+00
-6.519785881042480469e+00 6.699170589447021484e+00 0.000000000000000000e+00
-1.655880451202392578e+00 -3.983184814453125000e+00 0.000000000000000000e+00
9.000098228454589844e+00 -1.499322986602783203e+01 0.000000000000000000e+00
-5.031427860260009766e+00 -1.507814502716064453e+01 0.000000000000000000e+00
-1.365453815460205078e+01 -8.277126312255859375e+00 0.000000000000000000e+00
6.341768264770507812e+00 7.983613491058349609e+00 0.000000000000000000e+00
-9.560718536376953125e+00 -1.443761920928955078e+01 0.000000000000000000e+00
1.437198257446289062e+01 7.289476990699768066e-01 0.000000000000000000e+00
4.650642395019531250e+00 1.327340030670166016e+01 0.000000000000000000e+00
6.824318885803222656e+00 1.268313980102539062e+01 0.000000000000000000e+00
-3.243554830551147461e+00 -1.519469738006591797e+01 0.000000000000000000e+00
7.733036875724792480e-01 4.949667453765869141e+00 0.000000000000000000e+00
-1.442650413513183594e+01 3.146626949310302734e+00 0.000000000000000000e+00
-1.247358131408691406e+01 5.268423080444335938e+00 0.000000000000000000e+00
6.885357379913330078e+00 -6.665436744689941406e+00 0.000000000000000000e+00
2.454503774642944336e+00 5.524346351623535156e+00 0.000000000000000000e+00
-5.510811328887939453e+00 -1.025570392608642578e+00 0.000000000000000000e+00
1.141449069976806641e+01 4.143265247344970703e+00 0.000000000000000000e+00
-4.061012268066406250e+00 -1.645274734497070312e+01 0.000000000000000000e+00
1.091306304931640625e+01 -1.077478027343750000e+01 0.000000000000000000e+00
9.782085418701171875e+00 1.405959320068359375e+01 0.000000000000000000e+00
-5.227967262268066406e+00 -4.366652488708496094e+00 0.000000000000000000e+00
-1.748499679565429688e+01 4.786998033523559570e-01 0.000000000000000000e+00
-1.019482612609863281e+01 -6.546469926834106445e-01 0.000000000000000000e+00
1.645214676856994629e+00 8.997005462646484375e+00 0.000000000000000000e+00
-1.002394390106201172e+01 1.227142620086669922e+01 0.000000000000000000e+00
1.200958919525146484e+01 -9.198153495788574219e+00 0.000000000000000000e+00
-1.300041294097900391e+01 -6.864143371582031250e+00 0.000000000000000000e+00
-2.747953891754150391e+00 9.513868331909179688e+00 0.000000000000000000e+00
-7.661135196685791016e+00 8.208096504211425781e+00 0.000000000000000000e+00
-4.260099887847900391e+00 9.435405135154724121e-01 0.000000000000000000e+00
3.994497299194335938e+00 -1.305228233337402344e+01 0.000000000000000000e+00
1.563469409942626953e+01 -2.981462955474853516e+00 0.000000000000000000e+00
-4.483422935009002686e-01 1.711252403259277344e+01 0.000000000000000000e+00
-1.625614285469055176e+00 -1.506112694740295410e+00 0.000000000000000000e+00
1.342719650268554688e+01 -8.320919036865234375e+00 0.000000000000000000e+00
-1.134221553802490234e+01 3.747762739658355713e-01 0.000000000000000000e+00
8.124876022338867188e+00 1.520611286163330078e+01 0.000000000000000000e+00
-1.083396339416503906e+01 5.064751148223876953e+00 0.000000000000000000e+00
-6.428544521331787109e+00 -2.268531322479248047e+00 0.000000000000000000e+00
-4.951128482818603516e+00 4.837991237640380859e+00 0.000000000000000000e+00
1.326585412025451660e+00 1.675806808471679688e+01 0.000000000000000000e+00
1.304858589172363281e+01 6.322795867919921875e+00 0.000000000000000000e+00
-1.530743598937988281e+01 -8.164790153503417969e+00 0.000000000000000000e+00
-6.078651428222656250e+00 -6.177823543548583984e+00 0.000000000000000000e+00
-7.661389827728271484e+00 1.543795108795166016e+01 0.000000000000000000e+00
1.071010112762451172e+00 -1.065229797363281250e+01 0.000000000000000000e+00
-2.834041118621826172e+00 2.075330018997192383e+00 0.000000000000000000e+00
-1.514664649963378906e+01 4.707318305969238281e+00 0.000000000000000000e+00
-6.168184757232666016e+00 -1.626178741455078125e+01 0.000000000000000000e+00
-1.510900974273681641e+01 7.946999549865722656e+00 0.000000000000000000e+00
4.499210834503173828e+00 9.146277904510498047e-01 0.000000000000000000e+00
8.754598617553710938e+00 -1.039484405517578125e+01 0.000000000000000000e+00
-3.017861604690551758e+00 1.474944400787353516e+01 0.000000000000000000e+00
-8.162475585937500000e+00 -9.035931825637817383e-01 0.000000000000000000e+00
-4.842175483703613281e+00 -1.155498123168945312e+01 0.000000000000000000e+00
3.866322636604309082e-01 1.375548839569091797e+01 0.000000000000000000e+00
1.676607513427734375e+01 -4.021621227264404297e+00 0.000000000000000000e+00
-1.221509075164794922e+01 -8.882901191711425781e+00 0.000000000000000000e+00
-8.567093849182128906e+00 3.115574359893798828e+00 0.000000000000000000e+00
5.675009727478027344e+00 -1.289122104644775391e+01 0.000000000000000000e+00
-4.081998169422149658e-01 -1.368758392333984375e+01 0.000000000000000000e+00
1.473787593841552734e+01 -4.454406738281250000e+00 0.000000000000000000e+00
1.300465679168701172e+01 4.443287849426269531e+00 0.000000000000000000e+00
1.346171092987060547e+01 -5.733856558799743652e-01 0.000000000000000000e+00
-8.518574714660644531e+00 -2.372456312179565430e+00 0.000000000000000000e+00
1.175068187713623047e+01 -1.293279075622558594e+01 0.000000000000000000e+00
-5.532181739807128906e+00 -7.756556987762451172e+00 0.000000000000000000e+00
9.749514579772949219e+00 -2.032069683074951172e+00 0.000000000000000000e+00
-9.305692672729492188e+00 -1.127965736389160156e+01 0.000000000000000000e+00
-1.530912876129150391e+01 -3.419833421707153320e+00 0.000000000000000000e+00
-1.187461185455322266e+01 1.263325595855712891e+01 0.000000000000000000e+00
-1.143526744842529297e+01 -1.271171283721923828e+01 0.000000000000000000e+00
-4.357310295104980469e+00 1.680587959289550781e+01 0.000000000000000000e+00
9.040385246276855469e+00 1.246404933929443359e+01 0.000000000000000000e+00
5.174682140350341797e+00 -5.874032974243164062e+00 0.000000000000000000e+00
4.730018615722656250e+00 -1.166265487670898438e+01 0.000000000000000000e+00
-2.603414356708526611e-01 1.045351409912109375e+01 0.000000000000000000e+00
2.393934726715087891e+00 -1.701056861877441406e+01 0.000000000000000000e+00
8.431557655334472656e+00 -2.542163133621215820e-01 0.000000000000000000e+00
-4.433238029479980469e+00 -9.126566886901855469e+00 0.000000000000000000e+00
8.155574798583984375e+00 -1.264231204986572266e+01 0.000000000000000000e+00
1.329075241088867188e+01 -6.178052425384521484e+00 0.000000000000000000e+00
-4.471729755401611328e+00 -2.730956554412841797e+00 0.000000000000000000e+00
1.043781280517578125e+01 -1.375627422332763672e+01 0.000000000000000000e+00
1.559731483459472656e+01 7.154053688049316406e+00 0.000000000000000000e+00
-1.129183483123779297e+01 -2.700207233428955078e+00 0.000000000000000000e+00
-6.060497164726257324e-01 -5.057981014251708984e+00 0.000000000000000000e+00
1.060961151123046875e+01 5.742923259735107422e+00 0.000000000000000000e+00
-7.678183078765869141e+00 -1.450238132476806641e+01 0.000000000000000000e+00
-2.612979888916015625e+00 -1.222762393951416016e+01 0.000000000000000000e+00
-3.949224352836608887e-01 1.359781742095947266e+00 0.000000000000000000e+00
1.063609957695007324e+00 -1.481187343597412109e+01 0.000000000000000000e+00
4.348734855651855469e+00 -1.317907691001892090e+00 0.000000000000000000e+00
2.621396303176879883e+00 -3.316526412963867188e+00 0.000000000000000000e+00
7.212059020996093750e+00 -1.031205177307128906e+01 0.000000000000000000e+00
1.181478977203369141e+01 8.889976501464843750e+00 0.000000000000000000e+00
7.585434436798095703e+00 9.710389137268066406e+00 0.000000000000000000e+00
