-1.199789333343505859e+01 -1.000352382659912109e+01 0.000000000000000000e+00
6.324153900146484375e+00 -9.221866726875305176e-01 0.000000000000000000e+00
1.349553012847900391e+01 -5.798213481903076172e+00 0.000000000000000000e+00
-9.955822229385375977e-01 -9.939677238464355469e+00 0.000000000000000000e+00
-2.354448080062866211e+00 -2.342204570770263672e+00 0.000000000000000000e+00
8.980571746826171875e+00 -1.415154170989990234e+01 0.000000000000000000e+00
-1.558101534843444824e+00 3.338047027587890625e+00 0.000000000000000000e+00
1.162223243713378906e+01 1.163633155822753906e+01 0.000000000000000000e+00
7.176028728485107422e+00 4.649324417114257812e-01 0.000000000000000000e+00
-1.439509582519531250e+01 3.450106084346771240e-01 0.000000000000000000e+00
2.528437137603759766e+00 3.066037416458129883e+00 0.000000000000000000e+00
-1.476734828948974609e+01 -1.539319634437561035e+00 0.000000000000000000e+00
6.050224304199218750e+00 -9.441009521484375000e+00 0.000000000000000000e+00
3.461235761642456055e-01 6.361895561218261719e+00 0.000000000000000000e+00
-4.567568778991699219e+00 -1.341326808929443359e+01 0.000000000000000000e+00
-6.306336402893066406e+00 1.177628231048583984e+01 0.000000000000000000e+00
2.712265014648437500e+00 -5.417479515075683594e+00 0.000000000000000000e+00
3.075177907943725586e+00 7.062331199645996094e+00 0.000000000000000000e+00
6.303101181983947754e-01 8.099451065063476562e+00 0.000000000000000000e+00
-7.919839859008789062e+00 1.038493728637695312e+01 0.000000000000000000e+00
1.182494449615478516e+01 6.939058303833007812e+00 0.000000000000000000e+00
-2.017082452774047852e+00 5.280594348907470703e+00 0.000000000000000000e+00
2.433775424957275391e+00 1.227074909210205078e+01 0.000000000000000000e+00
1.279287528991699219e+01 3.348241806030273438e+00 0.000000000000000000e+00
-5.414165019989013672e+00 6.250881671905517578e+00 0.000000000000000000e+00
1.380770874023437500e+01 2.054138898849487305e+00 0.000000000000000000e+00
1.438524627685546875e+01 9.381693840026855469e+00 0.000000000000000000e+00
-2.250567674636840820e+00 -7.534227371215820312e-01 0.000000000000000000e+00
-1.293485260009765625e+01 -3.115554332733154297e+00 0.000000000000000000e+00
-7.973212242126464844e+00 -1.277905273437500000e+01 0.000000000000000000e+00
1.602460479736328125e+01 6.925518035888671875e+00 0.000000000000000000e+00
4.477507591247558594e+00 -1.003087234497070312e+01 0.000000000000000000e+00
-9.801846504211425781e+00 4.522654533386230469e+00 0.000000000000000000e+00
8.890571594238281250e+00 1.457665252685546875e+01 0.000000000000000000e+00
1.369711399078369141e+01 -1.468652933835983276e-01 0.000000000000000000e+00
-1.299775481224060059e+00 -7.501527309417724609e+00 0.000000000000000000e+00
-1.091440773010253906e+01 2.433195114135742188e-01 0.000000000000000000e+00
-9.884427070617675781e+00 -1.324771118164062500e+01 0.000000000000000000e+00
-8.562394142150878906e+00 1.262124443054199219e+01 0.000000000000000000e+00
1.015794181823730469e+01 -6.151738643646240234e+00 0.000000000000000000e+00
9.307805061340332031e+00 1.144922733306884766e+01 0.000000000000000000e+00
-3.412859439849853516e+00 6.176204204559326172e+00 0.000000000000000000e+00
-4.590021133422851562e+00 9.654055595397949219e+00 0.000000000000000000e+00
-1.689762878417968750e+01 3.457875728607177734e+00 0.000000000000000000e+00
1.223138332366943359e+01 -1.957813620567321777e+00 0.000000000000000000e+00
-1.265087223052978516e+01 1.103616714477539062e+01 0.000000000000000000e+00
9.076205253601074219e+00 -1.046495914459228516e+01 0.000000000000000000e+00
-7.305247783660888672e+00 -9.693817138671875000e+00 0.000000000000000000e+00
5.523174762725830078e+00 3.321412563323974609e+00 0.000000000000000000e+00
-1.444824486970901489e-01 9.729745864868164062e+00 0.000000000000000000e+00
-9.629728317260742188e+00 9.823961257934570312e+00 0.000000000000000000e+00
-4.895285129547119141e+00 -6.234787940979003906e+00 0.000000000000000000e+00
-1.686486625671386719e+01 -1.708705902099609375e+00 0.000000000000000000e+00
-7.207226753234863281e+00 2.134189128875732422e+00 0.000000000000000000e+00
6.643874645233154297e+00 8.924742698669433594e+00 0.000000000000000000e+00
4.266508102416992188e+00 1.532735824584960938e+01 0.000000000000000000e+00
-1.429665946960449219e+01 -9.688879966735839844e+00 0.000000000000000000e+00
8.646404147148132324e-01 -1.615094184875488281e+01 0.000000000000000000e+00
-8.113695144653320312e+00 1.320252269506454468e-01 0.000000000000000000e+00
1.412366294860839844e+01 -2.006941318511962891e+00 0.000000000000000000e+00
-1.421958541870117188e+01 3.292427301406860352e+00 0.000000000000000000e+00
4.294639587402343750e+00 -1.623761177062988281e+01 0.000000000000000000e+00
1.690965080261230469e+01 -2.184977769851684570e+00 0.000000000000000000e+00
-3.962338209152221680e+00 -1.541738986968994141e+01 0.000000000000000000e+00
5.382781028747558594e+00 1.380420207977294922e+01 0.000000000000000000e+00
-8.985562324523925781e+00 1.486512279510498047e+01 0.000000000000000000e+00
1.047708392143249512e+00 -8.475062251091003418e-01 0.000000000000000000e+00
9.268899917602539062e+00 -7.673155307769775391e+00 0.000000000000000000e+00
-2.783644437789916992e+00 -3.797783613204956055e+00 0.000000000000000000e+00
1.120240783691406250e+01 1.894495368003845215e+00 0.000000000000000000e+00
8.035787582397460938e+00 4.242881774902343750e+00 0.000000000000000000e+00
1.179823493957519531e+01 9.727236747741699219e+00 0.000000000000000000e+00
-6.284631729125976562e+00 7.815701484680175781e+00 0.000000000000000000e+00
-5.973031520843505859e+00 -8.179173469543457031e+00 0.000000000000000000e+00
4.662939548492431641e+00 -1.725546717643737793e+00 0.000000000000000000e+00
2.623948574066162109e+00 -1.084558582305908203e+01 0.000000000000000000e+00
3.415227830410003662e-01 -1.200063419342041016e+01 0.000000000000000000e+00
7.030455112457275391e+00 7.296732902526855469e+00 0.000000000000000000e+00
1.506975460052490234e+01 3.070172309875488281e+00 0.000000000000000000e+00
-4.568066596984863281e+00 4.885076522827148438e+00 0.000000000000000000e+00
8.794042587280273438e+00 6.445736408233642578e+00 0.000000000000000000e+00
1.305264234542846680e+00 -9.545842170715332031e+00 0.000000000000000000e+00
5.638980865478515625e+00 1.785331606864929199e+00 0.000000000000000000e+00
1.309447288513183594e+01 5.993387699127197266e+00 0.000000000000000000e+00
5.861512184143066406e+00 -4.282566547393798828e+00 0.000000000000000000e+00
8.414329528808593750e+00 -5.783147811889648438e-01 0.000000000000000000e+00
5.420813083648681641e+00 -1.204823875427246094e+01 0.000000000000000000e+00
1.257285213470458984e+01 -9.782519340515136719e+00 0.000000000000000000e+00
1.529601001739501953e+01 5.044160842895507812e+00 0.000000000000000000e+00
-4.852668762207031250e+00 1.678189086914062500e+01 0.000000000000000000e+00
1.592983436584472656e+01 -6.185084342956542969e+00 0.000000000000000000e+00
-6.508394479751586914e-01 1.477449321746826172e+01 0.000000000000000000e+00
1.325603127479553223e+00 1.445908069610595703e+01 0.000000000000000000e+00
1.565544700622558594e+01 1.095090031623840332e+00 0.000000000000000000e+00
1.128728008270263672e+01 -1.180224514007568359e+01 0.000000000000000000e+00
-7.050586223602294922e+00 -7.057367324829101562e+00 0.000000000000000000e+00
-5.724215507507324219e-01 -1.353355407714843750e+01 0.000000000000000000e+00
-1.481306076049804688e+01 9.068961143493652344e+00 0.000000000000000000e+00
-1.118969058990478516e+01 -6.634384155273437500e+00 0.000000000000000000e+00
-8.631171226501464844e+00 5.935768127441406250e+00 0.000000000000000000e+00
6.536516189575195312e+00 4.653678417205810547e+00 0.000000000000000000e+00
7.341747879981994629e-01 -4.302243709564208984e+00 0.000000000000000000e+00
7.962796688079833984e+00 -1.155154705047607422e+01 0.000000000000000000e+00
-1.012351870536804199e+00 -1.515456676483154297e+01 0.000000000000000000e+00
-1.511033916473388672e+01 -4.605198860168457031e+00 0.000000000000000000e+00
9.420488357543945312e+00 -1.252455615997314453e+01 0.000000000000000000e+00
5.112317085266113281e+00 -1.361783409118652344e+01 0.000000000000000000e+00
1.494435310363769531e+01 -3.995048999786376953e+00 0.000000000000000000e+00
3.349925279617309570e-01 7.722868323326110840e-01 0.000000000000000000e+00
1.812719821929931641e+00 5.073706626892089844e+00 0.000000000000000000e+00
-4.914046764373779297e+00 -1.039503192901611328e+01 0.000000000000000000e+00
-4.808459803462028503e-02 -1.897795677185058594e+00 0.000000000000000000e+00
-1.239744782447814941e+00 1.246469879150390625e+01 0.000000000000000000e+00
-5.086168766021728516e+00 -3.567276954650878906e+00 0.000000000000000000e+00
7.633234500885009766e+00 1.561433506011962891e+01 0.000000000000000000e+00
8.629559874534606934e-01 1.590983867645263672e+01 0.000000000000000000e+00
-5.616009712219238281e+00 1.379577445983886719e+01 0.000000000000000000e+00
-4.208222389221191406e+00 1.533271884918212891e+01 0.000000000000000000e+00
1.170277881622314453e+01 -1.950178295373916626e-01 0.000000000000000000e+00
9.277620315551757812e+00 8.173820495605468750e+00 0.000000000000000000e+00
9.358494758605957031e+00 2.766849279403686523e+00 0.000000000000000000e+00
1.274927520751953125e+01 -7.648910999298095703e+00 0.000000000000000000e+00
-1.246058082580566406e+01 -1.151512050628662109e+01 0.000000000000000000e+00
7.271077632904052734e+00 -3.590186834335327148e+00 0.000000000000000000e+00
4.862709999084472656e+00 6.235343456268310547e+00 0.000000000000000000e+00
-1.409467315673828125e+01 -6.960163116455078125e+00 0.000000000000000000e+00
-6.248080730438232422e+00 -1.416593933105468750e+01 0.000000000000000000e+00
7.131269931793212891e+00 2.094082117080688477e+00 0.000000000000000000e+00
2.329635143280029297e+00 -2.208063840866088867e+00 0.000000000000000000e+00
-1.035733127593994141e+01 -1.524784803390502930e+00 0.000000000000000000e+00
-1.011212062835693359e+01 -1.169228649139404297e+01 0.000000000000000000e+00
-1.043077659606933594e+01 1.163118457794189453e+01 0.000000000000000000e+00
7.151316642761230469e+00 -1.455733299255371094e+01 0.000000000000000000e+00
-1.204677772521972656e+01 6.325917720794677734e+00 0.000000000000000000e+00
-1.112247562408447266e+01 -3.014058113098144531e+00 0.000000000000000000e+00
-1.820858269929885864e-01 2.183134794235229492e+00 0.000000000000000000e+00
-2.774009227752685547e+00 -6.703115940093994141e+00 0.000000000000000000e+00
-2.712780475616455078e+00 1.325036764144897461e+00 0.000000000000000000e+00
3.076522827148437500e+00 1.078967380523681641e+01 0.000000000000000000e+00
8.695637702941894531e+00 9.735682487487792969e+00 0.000000000000000000e+00
7.536087036132812500e+00 1.221327304840087891e+01 0.000000000000000000e+00
-4.218940734863281250e+00 2.222747087478637695e+00 0.000000000000000000e+00
-9.663335800170898438e+00 7.187359809875488281e+00 0.000000000000000000e+00
2.249929904937744141e+00 -1.514888095855712891e+01 0.000000000000000000e+00
1.088901042938232422e+01 5.274321079254150391e+00 0.000000000000000000e+00
-1.827058941125869751e-01 -5.537078380584716797e+00 0.000000000000000000e+00
-2.138101100921630859e+00 1.078845977783203125e+01 0.000000000000000000e+00
-3.928548812866210938e+00 -8.232555389404296875e+00 0.000000000000000000e+00
-4.603197097778320312e+00 1.233741664886474609e+01 0.000000000000000000e+00
-7.900053024291992188e+00 4.276473522186279297e+00 0.000000000000000000e+00
-1.741726875305175781e+01 -1.400434970855712891e-01 0.000000000000000000e+00
8.998162746429443359e-01 -1.384048461914062500e+01 0.000000000000000000e+00
-1.546671104431152344e+01 5.728852748870849609e+00 0.000000000000000000e+00
-1.183531188964843750e+01 8.217975616455078125e+00 0.000000000000000000e+00
-1.156238365173339844e+01 1.604716658592224121e+00 0.000000000000000000e+00
5.180501461029052734e+00 9.893311500549316406e+00 0.000000000000000000e+00
-6.091886520385742188e+00 1.001903176307678223e+00 0.000000000000000000e+00
-3.397201538085937500e+00 -1.101400089263916016e+01 0.000000000000000000e+00
-6.324427604675292969e+00 4.239089012145996094e+00 0.000000000000000000e+00
1.120353889465332031e+01 3.418002843856811523e+00 0.000000000000000000e+00
-2.595339775085449219e+00 1.697781562805175781e+01 0.000000000000000000e+00
-8.924959182739257812e+00 -2.327476263046264648e+00 0.000000000000000000e+00
2.474249601364135742e+00 8.685189247131347656e+00 0.000000000000000000e+00
-6.211620330810546875e+00 -1.170582771301269531e+01 0.000000000000000000e+00
3.206481218338012695e+00 1.383657836914062500e+01 0.000000000000000000e+00
-8.725851058959960938e+00 -5.608974456787109375e+00 0.000000000000000000e+00
-8.351525306701660156e+00 -7.893115043640136719e+00 0.000000000000000000e+00
-1.634422779083251953e+00 9.217052459716796875e+00 0.000000000000000000e+00
5.457553386688232422e+00 1.150037479400634766e+01 0.000000000000000000e+00
2.315440416336059570e+00 2.973940968513488770e-01 0.000000000000000000e+00
-1.007786560058593750e+01 -9.819932937622070312e+00 0.000000000000000000e+00
1.687162208557128906e+01 1.233508661389350891e-01 0.000000000000000000e+00
1.335397958755493164e+00 -7.183570384979248047e+00 0.000000000000000000e+00
1.451075458526611328e+01 6.965111732482910156e+00 0.000000000000000000e+00
1.510569477081298828e+01 -7.864535331726074219e+00 0.000000000000000000e+00
-1.265643978118896484e+01 4.815943717956542969e+00 0.000000000000000000e+00
-4.560586929321289062e+00 7.560461997985839844e+00 0.000000000000000000e+00
-7.002440452575683594e+00 -4.250456809997558594e+00 0.000000000000000000e+00
-1.314631652832031250e+01 2.150745391845703125e+00 0.000000000000000000e+00
-1.902962088584899902e+00 -1.240271472930908203e+01 0.000000000000000000e+00
3.622061014175415039e+00 -1.387093544006347656e+01 0.000000000000000000e+00
2.666662216186523438e+00 -7.884101867675781250e+00 0.000000000000000000e+00
-6.163253307342529297e+00 -2.336422443389892578e+00 0.000000000000000000e+00
1.071517086029052734e+01 -8.345827102661132812e+00 0.000000000000000000e+00
1.157910943031311035e+00 1.124583435058593750e+01 0.000000000000000000e+00
1.301656818389892578e+01 -1.122467994689941406e+01 0.000000000000000000e+00
-1.268293571472167969e+01 -7.671030521392822266e+00 0.000000000000000000e+00
1.275059318542480469e+01 -3.587280988693237305e+00 0.000000000000000000e+00
-1.363615036010742188e+01 7.115079402923583984e+00 0.000000000000000000e+00
-1.072501087188720703e+01 -8.076433181762695312e+00 0.000000000000000000e+00
-6.448320865631103516e+00 1.561788463592529297e+01 0.000000000000000000e+00
1.058462047576904297e+01 -1.506466150283813477e+00 0.000000000000000000e+00
-2.775047779083251953e+00 8.080763816833496094e+00 0.000000000000000000e+00
6.712572097778320312e+00 -7.459617137908935547e+00 0.000000000000000000e+00
-1.568503093719482422e+01 2.309387207031250000e+00 0.000000000000000000e+00
3.993704795837402344e+00 4.788927555084228516e+00 0.000000000000000000e+00
7.650210261344909668e-01 3.469504356384277344e+00 0.000000000000000000e+00
7.333199024200439453e+00 -5.165925502777099609e+00 0.000000000000000000e+00
-2.864642381668090820e+00 -9.415886878967285156e+00 0.000000000000000000e+00
-1.492454171180725098e+00 7.224487304687500000e+00 0.000000000000000000e+00
8.242520093917846680e-01 1.743825721740722656e+01 0.000000000000000000e+00
-5.441714286804199219e+00 -1.662209892272949219e+01 0.000000000000000000e+00
-1.250533938407897949e+00 -3.917005538940429688e+00 0.000000000000000000e+00
-1.033319759368896484e+01 1.358117485046386719e+01 0.000000000000000000e+00
-7.006092548370361328e+00 5.979755878448486328e+00 0.000000000000000000e+00
6.652355194091796875e+00 -1.295367717742919922e+01 0.000000000000000000e+00
1.382124042510986328e+01 -8.750873565673828125e+00 0.000000000000000000e+00
-1.656400871276855469e+01 -3.521743059158325195e+00 0.000000000000000000e+00
-3.830628395080566406e+00 -1.693788337707519531e+01 0.000000000000000000e+00
-2.071993350982666016e+00 1.536614894866943359e+01 0.000000000000000000e+00
-1.190487766265869141e+01 -1.507976055145263672e+00 0.000000000000000000e+00
3.825640916824340820e+00 -1.224388217926025391e+01 0.000000000000000000e+00
8.973803520202636719e+00 -5.043595790863037109e+00 0.000000000000000000e+00
-2.112696886062622070e+00 -1.674026870727539062e+01 0.000000000000000000e+00
4.948411464691162109e+00 7.952787399291992188e+00 0.000000000000000000e+00
-3.979112863540649414e+00 -1.013716697692871094e+00 0.000000000000000000e+00
-6.607369422912597656e+00 -7.532275319099426270e-01 0.000000000000000000e+00
-1.271954631805419922e+01 -4.803915023803710938e+00 0.000000000000000000e+00
9.166133880615234375e+00 -3.246211767196655273e+00 0.000000000000000000e+00
5.072878837585449219e+00 -5.960176944732666016e+00 0.000000000000000000e+00
4.823161125183105469e+00 -8.054720878601074219e+00 0.000000000000000000e+00
-1.598957061767578125e+01 7.286689877510070801e-01 0.000000000000000000e+00
-8.026599884033203125e+00 7.768737316131591797e+00 0.000000000000000000e+00
3.047008514404296875e+00 1.667662811279296875e+01 0.000000000000000000e+00
1.058690261840820312e+01 1.344878005981445312e+01 0.000000000000000000e+00
-2.951953411102294922e+00 -1.374348640441894531e+01 0.000000000000000000e+00
-6.999258041381835938e+00 -1.588727951049804688e+01 0.000000000000000000e+00
1.081819915771484375e+01 8.362137794494628906e+00 0.000000000000000000e+00
1.719987106323242188e+01 1.818267822265625000e+00 0.000000000000000000e+00
1.103760433197021484e+01 -1.342942142486572266e+01 0.000000000000000000e+00
-2.949724435806274414e+00 1.329006195068359375e+01 0.000000000000000000e+00
-6.929552078247070312e+00 9.206365585327148438e+00 0.000000000000000000e+00
6.830717086791992188e+00 1.083719062805175781e+01 0.000000000000000000e+00
7.810873985290527344e+00 -8.785285949707031250e+00 0.000000000000000000e+00
4.155026912689208984e+00 -4.637795925140380859e+00 0.000000000000000000e+00
1.169596767425537109e+01 -6.384852409362792969e+00 0.000000000000000000e+00
1.053514194488525391e+01 -1.010606765747070312e+01 0.000000000000000000e+00
7.236573219299316406e+00 1.407629203796386719e+01 0.000000000000000000e+00
-5.664499998092651367e-01 -1.710967445373535156e+01 0.000000000000000000e+00
4.295736312866210938e+00 9.763051867485046387e-01 0.000000000000000000e+00
-1.543954753875732422e+01 -7.646323680877685547e+00 0.000000000000000000e+00
1.062764358520507812e+01 -3.606217622756958008e+00 0.000000000000000000e+00
1.655805587768554688e+01 -4.249521255493164062e+00 0.000000000000000000e+00
-7.308857440948486328e+00 1.372703361511230469e+01 0.000000000000000000e+00
-9.624188423156738281e+00 2.148680686950683594e+00 0.000000000000000000e+00
3.013150691986083984e-01 1.289319801330566406e+01 0.000000000000000000e+00
1.287479305267333984e+01 8.052997589111328125e+00 0.000000000000000000e+00
6.211384773254394531e+00 -1.574160575866699219e+01 0.000000000000000000e+00
-1.142347240447998047e+01 3.200719356536865234e+00 0.000000000000000000e+00
-1.068431854248046875e+01 -4.963815212249755859e+00 0.000000000000000000e+00
1.651868820190429688e+01 3.735625982284545898e+00 0.000000000000000000e+00
-1.149702930450439453e+01 9.849256515502929688e+00 0.000000000000000000e+00
1.349805736541748047e+01 1.077337360382080078e+01 0.000000000000000000e+00
2.351353883743286133e+00 -1.708006477355957031e+01 0.000000000000000000e+00
-8.571906089782714844e+00 -1.520981597900390625e+01 0.000000000000000000e+00
-1.175600147247314453e+01 1.275823497772216797e+01 0.000000000000000000e+00
