1.672597289085388184e+00 -1.712108230590820312e+01 0.000000000000000000e+00
-1.477904796600341797e+01 -5.184639453887939453e+00 0.000000000000000000e+00
1.686654686927795410e+00 9.306864738464355469e+00 0.000000000000000000e+00
-3.270624637603759766e+00 1.090862941741943359e+01 0.000000000000000000e+00
6.524620056152343750e+00 1.303714561462402344e+01 0.000000000000000000e+00
-7.314381599426269531e+00 1.163635540008544922e+01 0.000000000000000000e+00
1.466871643066406250e+01 6.232138156890869141e+00 0.000000000000000000e+00
-4.350926399230957031e+00 1.413339900970458984e+01 0.000000000000000000e+00
1.000614070892333984e+01 -5.844213008880615234e+00 0.000000000000000000e+00
1.308217144012451172e+01 1.034504985809326172e+01 0.000000000000000000e+00
-6.636968851089477539e-01 -1.680682182312011719e+00 0.000000000000000000e+00
5.561820030212402344e+00 -6.042544841766357422e+00 0.000000000000000000e+00
1.067950439453125000e+01 -1.080649471282958984e+01 0.000000000000000000e+00
1.409881210327148438e+01 3.378504514694213867e+00 0.000000000000000000e+00
-1.087928104400634766e+01 5.747024059295654297e+00 0.000000000000000000e+00
3.190755844116210938e+00 -1.340578269958496094e+01 0.000000000000000000e+00
-8.783886909484863281e+00 3.422821521759033203e+00 0.000000000000000000e+00
1.365678501129150391e+01 7.256669998168945312e-01 0.000000000000000000e+00
4.982648849487304688e+00 -7.666132926940917969e+00 0.000000000000000000e+00
1.200082015991210938e+01 -4.770227432250976562e+00 0.000000000000000000e+00
7.339869976043701172e+00 -1.351679992675781250e+01 0.000000000000000000e+00
9.094821810722351074e-01 -9.245801925659179688e+00 0.000000000000000000e+00
-5.386884212493896484e+00 -3.015494346618652344e+00 0.000000000000000000e+00
-1.339423656463623047e+01 -2.150022745132446289e+00 0.000000000000000000e+00
1.252425193786621094e+01 -1.142703151702880859e+01 0.000000000000000000e+00
8.410672187805175781e+00 -7.645206451416015625e+00 0.000000000000000000e+00
-1.336146950721740723e+00 6.859952926635742188e+00 0.000000000000000000e+00
1.488689804077148438e+01 -5.607312679290771484e+00 0.000000000000000000e+00
-5.734142780303955078e+00 1.145355987548828125e+01 0.000000000000000000e+00
-7.444253921508789062e+00 -7.411798954010009766e+00 0.000000000000000000e+00
2.009008169174194336e+00 -5.035247325897216797e+00 0.000000000000000000e+00
4.404181957244873047e+00 2.234486579895019531e+00 0.000000000000000000e+00
-1.128728747367858887e+00 -5.718192577362060547e+00 0.000000000000000000e+00
-1.176008605957031250e+01 3.241648375988006592e-01 0.000000000000000000e+00
-1.031243610382080078e+01 7.484631538391113281e+00 0.000000000000000000e+00
-1.636087036132812500e+01 3.765277147293090820e+00 0.000000000000000000e+00
2.822547197341918945e+00 -1.165225982666015625e+01 0.000000000000000000e+00
7.314842700958251953e+00 -1.070787525177001953e+01 0.000000000000000000e+00
6.256090641021728516e+00 7.693346500396728516e+00 0.000000000000000000e+00
-5.271127223968505859e+00 3.428913593292236328e+00 0.000000000000000000e+00
-1.094692707061767578e+00 9.269468307495117188e+00 0.000000000000000000e+00
1.392334270477294922e+01 -9.917401313781738281e+00 0.000000000000000000e+00
9.766364097595214844e+00 1.152409744262695312e+01 0.000000000000000000e+00
1.515836429595947266e+01 7.736698150634765625e+00 0.000000000000000000e+00
-4.158205509185791016e+00 1.633788299560546875e+01 0.000000000000000000e+00
1.420068836212158203e+01 -2.756869316101074219e+00 0.000000000000000000e+00
7.463241100311279297e+00 5.485184192657470703e+00 0.000000000000000000e+00
7.536650180816650391e+00 -4.062216281890869141e+00 0.000000000000000000e+00
-1.168908500671386719e+01 1.287626075744628906e+01 0.000000000000000000e+00
-4.511891365051269531e+00 -8.112101554870605469e+00 0.000000000000000000e+00
6.847993135452270508e-01 1.069304496049880981e-01 0.000000000000000000e+00
-1.265000581741333008e+00 -1.612145042419433594e+01 0.000000000000000000e+00
-1.222048854827880859e+01 -9.137502670288085938e+00 0.000000000000000000e+00
1.054586219787597656e+01 4.333401679992675781e+00 0.000000000000000000e+00
-9.508796691894531250e+00 -8.052539825439453125e+00 0.000000000000000000e+00
-6.766628265380859375e+00 1.397396945953369141e+01 0.000000000000000000e+00
-6.028729915618896484e+00 -5.632638931274414062e+00 0.000000000000000000e+00
9.789744377136230469e+00 -2.686793327331542969e+00 0.000000000000000000e+00
1.105150938034057617e+00 1.405855655670166016e+01 0.000000000000000000e+00
-2.289972066879272461e+00 -7.093769550323486328e+00 0.000000000000000000e+00
-4.584610462188720703e+00 -1.587597846984863281e+00 0.000000000000000000e+00
1.642604446411132812e+01 -1.760814666748046875e+00 0.000000000000000000e+00
-1.648088645935058594e+01 2.724100947380065918e-01 0.000000000000000000e+00
4.706731796264648438e+00 -1.151116275787353516e+01 0.000000000000000000e+00
-1.218076515197753906e+01 1.039307308197021484e+01 0.000000000000000000e+00
-1.201464843750000000e+01 -4.999340534210205078e+00 0.000000000000000000e+00
2.934240818023681641e+00 1.210006713867187500e+01 0.000000000000000000e+00
-5.107123255729675293e-01 -1.075374221801757812e+01 0.000000000000000000e+00
-7.595141410827636719e+00 -3.746045827865600586e+00 0.000000000000000000e+00
1.550891494750976562e+01 -2.073431760072708130e-01 0.000000000000000000e+00
1.581616115570068359e+01 4.625882625579833984e+00 0.000000000000000000e+00
-5.409528613090515137e-01 -1.266554641723632812e+01 0.000000000000000000e+00
-8.491847991943359375e+00 7.877523899078369141e+00 0.000000000000000000e+00
2.102135658264160156e+00 -2.845214605331420898e+00 0.000000000000000000e+00
-9.726752281188964844e+00 -1.335527420043945312e+01 0.000000000000000000e+00
1.393969208002090454e-01 4.201109409332275391e+00 0.000000000000000000e+00
-6.884300231933593750e+00 1.644543647766113281e+00 0.000000000000000000e+00
4.382381916046142578e+00 -4.564589977264404297e+00 0.000000000000000000e+00
-1.451424241065979004e+00 3.446544408798217773e-01 0.000000000000000000e+00
-2.025663852691650391e+00 4.698849678039550781e+00 0.000000000000000000e+00
7.024263381958007812e+00 1.153788852691650391e+01 0.000000000000000000e+00
5.440315723419189453e+00 3.618511676788330078e+00 0.000000000000000000e+00
-1.112371635437011719e+01 4.040386676788330078e+00 0.000000000000000000e+00
-1.457001399993896484e+01 -9.342019081115722656e+00 0.000000000000000000e+00
-1.724053001403808594e+01 2.384323120117187500e+00 0.000000000000000000e+00
1.130911445617675781e+01 -3.362144231796264648e-01 0.000000000000000000e+00
3.251706123352050781e+00 5.291687011718750000e+00 0.000000000000000000e+00
1.267927646636962891e+01 -8.354578018188476562e+00 0.000000000000000000e+00
9.858330726623535156e+00 -1.260818004608154297e+01 0.000000000000000000e+00
-2.719892978668212891e+00 8.270535469055175781e+00 0.000000000000000000e+00
8.441796302795410156e+00 7.606980323791503906e+00 0.000000000000000000e+00
1.634243392944335938e+01 -4.964028358459472656e+00 0.000000000000000000e+00
-6.662966728210449219e+00 -1.358316707611083984e+01 0.000000000000000000e+00
-4.437380790710449219e+00 -5.713015556335449219e+00 0.000000000000000000e+00
1.502552509307861328e+00 1.653276252746582031e+01 0.000000000000000000e+00
7.918873786926269531e+00 -1.545577883720397949e+00 0.000000000000000000e+00
-4.529966354370117188e+00 4.800297737121582031e+00 0.000000000000000000e+00
-1.095162677764892578e+01 -1.138358974456787109e+01 0.000000000000000000e+00
1.009438800811767578e+01 -8.350684165954589844e+00 0.000000000000000000e+00
-4.034737110137939453e+00 -1.449921512603759766e+01 0.000000000000000000e+00
-6.640105247497558594e+00 5.661036491394042969e+00 0.000000000000000000e+00
3.672720909118652344e+00 1.656730651855468750e+01 0.000000000000000000e+00
7.833417892456054688e+00 -5.829113960266113281e+00 0.000000000000000000e+00
4.335560798645019531e+00 -2.893071889877319336e+00 0.000000000000000000e+00
-7.856123924255371094e+00 1.514764499664306641e+01 0.000000000000000000e+00
-2.469166517257690430e+00 -1.125067234039306641e+01 0.000000000000000000e+00
-2.288131713867187500e+00 -3.686210155487060547e+00 0.000000000000000000e+00
-1.270345783233642578e+01 1.612683773040771484e+00 0.000000000000000000e+00
-1.147378540039062500e+01 -7.053335666656494141e+00 0.000000000000000000e+00
-1.067829513549804688e+01 1.832134127616882324e+00 0.000000000000000000e+00
1.259531211853027344e+01 7.633428096771240234e+00 0.000000000000000000e+00
-1.388941192626953125e+01 3.601857662200927734e+00 0.000000000000000000e+00
2.063668012619018555e+00 7.640264511108398438e+00 0.000000000000000000e+00
1.072086620330810547e+01 -3.905602455139160156e+00 0.000000000000000000e+00
1.007479381561279297e+01 2.421385049819946289e+00 0.000000000000000000e+00
-3.722524404525756836e+00 -1.299634265899658203e+01 0.000000000000000000e+00
-8.401187896728515625e+00 6.242813110351562500e+00 0.000000000000000000e+00
4.737054824829101562e+00 8.432016372680664062e+00 0.000000000000000000e+00
5.994641304016113281e+00 6.195210456848144531e+00 0.000000000000000000e+00
6.090169906616210938e+00 2.216488122940063477e+00 0.000000000000000000e+00
-3.399509429931640625e+00 1.581989884376525879e+00 0.000000000000000000e+00
-8.240190505981445312e+00 1.014589500427246094e+01 0.000000000000000000e+00
8.393146514892578125e+00 1.301338195800781250e+01 0.000000000000000000e+00
-7.608023166656494141e+00 -5.760547637939453125e+00 0.000000000000000000e+00
-1.045390725135803223e+00 1.264173603057861328e+01 0.000000000000000000e+00
-1.406421089172363281e+01 9.421671867370605469e+00 0.000000000000000000e+00
-9.857744216918945312e+00 -1.027129054069519043e+00 0.000000000000000000e+00
-1.615745735168457031e+01 -1.445111989974975586e+00 0.000000000000000000e+00
1.137468433380126953e+01 6.619947433471679688e+00 0.000000000000000000e+00
4.725431442260742188e+00 -1.516129398345947266e+01 0.000000000000000000e+00
-1.462567329406738281e+01 8.083544969558715820e-01 0.000000000000000000e+00
-1.234212017059326172e+01 -1.196968936920166016e+01 0.000000000000000000e+00
1.282756090164184570e+00 -1.328003883361816406e+00 0.000000000000000000e+00
4.190933704376220703e+00 -9.879399299621582031e+00 0.000000000000000000e+00
1.255847358703613281e+01 5.345928668975830078e+00 0.000000000000000000e+00
-7.026460647583007812e+00 -1.570800304412841797e+01 0.000000000000000000e+00
-4.510985851287841797e+00 6.475697517395019531e+00 0.000000000000000000e+00
6.997190475463867188e+00 7.725743055343627930e-01 0.000000000000000000e+00
4.624953746795654297e+00 -1.356153249740600586e+00 0.000000000000000000e+00
-9.983333587646484375e+00 1.267561721801757812e+01 0.000000000000000000e+00
-4.171318054199218750e+00 -1.674366950988769531e+01 0.000000000000000000e+00
-9.471530914306640625e+00 8.164088726043701172e-01 0.000000000000000000e+00
-2.400406599044799805e+00 -1.443280601501464844e+01 0.000000000000000000e+00
4.857515096664428711e-01 -2.935955524444580078e+00 0.000000000000000000e+00
1.945849895477294922e+00 1.062814116477966309e+00 0.000000000000000000e+00
1.161887550354003906e+01 1.082126331329345703e+01 0.000000000000000000e+00
1.051126194000244141e+01 1.360854244232177734e+01 0.000000000000000000e+00
-3.365146636962890625e+00 3.682740211486816406e+00 0.000000000000000000e+00
-1.210504627227783203e+01 8.255595207214355469e+00 0.000000000000000000e+00
-1.538989162445068359e+01 -6.806663513183593750e+00 0.000000000000000000e+00
-1.366485881805419922e+01 6.057786464691162109e+00 0.000000000000000000e+00
-8.349008560180664062e+00 -1.749714970588684082e+00 0.000000000000000000e+00
-3.889369726181030273e+00 5.413119867444038391e-02 0.000000000000000000e+00
8.076217770576477051e-01 6.412550449371337891e+00 0.000000000000000000e+00
-1.281886577606201172e+00 -8.495736122131347656e+00 0.000000000000000000e+00
7.681361198425292969e+00 1.564927673339843750e+01 0.000000000000000000e+00
1.017929935455322266e+01 8.666126251220703125e+00 0.000000000000000000e+00
5.307152748107910156e+00 2.983014285564422607e-02 0.000000000000000000e+00
1.430581212043762207e-01 1.134435558319091797e+01 0.000000000000000000e+00
1.201482200622558594e+01 -1.722990989685058594e+00 0.000000000000000000e+00
-1.366884803771972656e+01 -7.944180488586425781e+00 0.000000000000000000e+00
-8.555302619934082031e+00 1.334559726715087891e+01 0.000000000000000000e+00
-1.026717853546142578e+01 -5.393857002258300781e+00 0.000000000000000000e+00
8.523609161376953125e+00 1.054084968566894531e+01 0.000000000000000000e+00
-9.033966064453125000e+00 -1.059331703186035156e+01 0.000000000000000000e+00
-6.501215934753417969e+00 -1.074559211730957031e+01 0.000000000000000000e+00
2.149134635925292969e+00 3.784075736999511719e+00 0.000000000000000000e+00
4.464062213897705078e+00 1.201174640655517578e+01 0.000000000000000000e+00
-6.397223949432373047e+00 -9.138687133789062500e+00 0.000000000000000000e+00
9.875555992126464844e+00 -8.390995860099792480e-01 0.000000000000000000e+00
-1.333345985412597656e+01 -3.932689666748046875e+00 0.000000000000000000e+00
6.965048789978027344e+00 -1.519785404205322266e+01 0.000000000000000000e+00
1.668953323364257812e+01 3.241635084152221680e+00 0.000000000000000000e+00
-2.208773136138916016e+00 -1.878078341484069824e+00 0.000000000000000000e+00
4.195034027099609375e+00 -1.679090309143066406e+01 0.000000000000000000e+00
4.893198013305664062e+00 1.005710601806640625e+01 0.000000000000000000e+00
3.890264511108398438e+00 1.501694488525390625e+01 0.000000000000000000e+00
-1.569347286224365234e+01 6.431387424468994141e+00 0.000000000000000000e+00
1.254500961303710938e+01 -6.549977779388427734e+00 0.000000000000000000e+00
7.970228791236877441e-01 -1.479684829711914062e+01 0.000000000000000000e+00
-4.859014034271240234e+00 1.004368877410888672e+01 0.000000000000000000e+00
-6.259671688079833984e+00 8.107199668884277344e+00 0.000000000000000000e+00
8.835174560546875000e+00 -1.079835033416748047e+01 0.000000000000000000e+00
-1.094921016693115234e+01 9.244975090026855469e+00 0.000000000000000000e+00
1.456114673614501953e+01 9.296829223632812500e+00 0.000000000000000000e+00
-1.615289497375488281e+01 -3.988886356353759766e+00 0.000000000000000000e+00
6.076697349548339844e+00 -2.373594045639038086e+00 0.000000000000000000e+00
7.345250606536865234e+00 3.825938940048217773e+00 0.000000000000000000e+00
-4.225293159484863281e+00 1.212762832641601562e+01 0.000000000000000000e+00
3.662531852722167969e+00 -5.885366439819335938e+00 0.000000000000000000e+00
-4.357232570648193359e+00 -1.009086799621582031e+01 0.000000000000000000e+00
8.883298873901367188e+00 1.509494304656982422e+00 0.000000000000000000e+00
1.555377388000488281e+01 1.826740622520446777e+00 0.000000000000000000e+00
5.508835315704345703e+00 -9.155241966247558594e+00 0.000000000000000000e+00
8.351817131042480469e+00 -9.327282905578613281e+00 0.000000000000000000e+00
-1.552294492721557617e+00 2.488860368728637695e+00 0.000000000000000000e+00
6.005210399627685547e+00 1.458893489837646484e+01 0.000000000000000000e+00
-2.713021516799926758e+00 1.422462654113769531e+01 0.000000000000000000e+00
9.382389068603515625e+00 5.893620491027832031e+00 0.000000000000000000e+00
-3.216194510459899902e-01 -7.331984043121337891e+00 0.000000000000000000e+00
-7.053836822509765625e+00 3.495474338531494141e+00 0.000000000000000000e+00
5.964538574218750000e+00 1.611013031005859375e+01 0.000000000000000000e+00
-1.027937412261962891e+01 -9.416243553161621094e+00 0.000000000000000000e+00
4.351498484611511230e-01 1.812208294868469238e+00 0.000000000000000000e+00
1.528307628631591797e+01 -7.672132015228271484e+00 0.000000000000000000e+00
-1.520600318908691406e+01 -2.713387012481689453e+00 0.000000000000000000e+00
-6.875095844268798828e+00 -8.952584266662597656e-01 0.000000000000000000e+00
2.538573503494262695e+00 -8.936893463134765625e+00 0.000000000000000000e+00
6.501873970031738281e+00 -7.710195541381835938e+00 0.000000000000000000e+00
4.333348751068115234e+00 6.452647209167480469e+00 0.000000000000000000e+00
-8.259527206420898438e+00 -1.252982234954833984e+01 0.000000000000000000e+00
-1.064777946472167969e+01 -3.426679134368896484e+00 0.000000000000000000e+00
-1.509269142150878906e+01 7.936023235321044922e+00 0.000000000000000000e+00
1.228628158569335938e+01 2.626861572265625000e+00 0.000000000000000000e+00
-1.156666088104248047e+01 -1.338706374168395996e+00 0.000000000000000000e+00
-8.124234199523925781e+00 9.338328987360000610e-02 0.000000000000000000e+00
2.564404726028442383e+00 -1.490437030792236328e+01 0.000000000000000000e+00
1.229713201522827148e+00 -6.671094417572021484e+00 0.000000000000000000e+00
-2.398453950881958008e+00 1.579351902008056641e+01 0.000000000000000000e+00
8.817806243896484375e+00 -1.446250247955322266e+01 0.000000000000000000e+00
-1.164809465408325195e+00 1.423162269592285156e+01 0.000000000000000000e+00
-9.748468399047851562e+00 1.072611904144287109e+01 0.000000000000000000e+00
1.974246382713317871e+00 1.087340927124023438e+01 0.000000000000000000e+00
4.864277362823486328e+00 1.353976917266845703e+01 0.000000000000000000e+00
-1.296487426757812500e+01 -1.049258899688720703e+01 0.000000000000000000e+00
-6.258337497711181641e-01 1.671987915039062500e+01 0.000000000000000000e+00
-3.039647817611694336e+00 -4.994831562042236328e+00 0.000000000000000000e+00
-5.867357254028320312e+00 1.574905204772949219e+01 0.000000000000000000e+00
1.523895168304443359e+01 -3.903364419937133789e+00 0.000000000000000000e+00
-1.297608184814453125e+01 -6.373874664306640625e+00 0.000000000000000000e+00
-1.642043113708496094e+01 -5.690976142883300781e+00 0.000000000000000000e+00
-2.855925321578979492e+00 -8.530362129211425781e+00 0.000000000000000000e+00
3.272075176239013672e+00 3.192006647586822510e-01 0.000000000000000000e+00
1.714149475097656250e+01 -2.139260023832321167e-01 0.000000000000000000e+00
-1.774485230445861816e+00 1.105687332153320312e+01 0.000000000000000000e+00
-1.328447014093399048e-01 -1.724700736999511719e+01 0.000000000000000000e+00
-5.614877700805664062e+00 -1.499707698822021484e+01 0.000000000000000000e+00
5.778920173645019531e+00 -1.631347084045410156e+01 0.000000000000000000e+00
9.022432327270507812e+00 1.444635677337646484e+01 0.000000000000000000e+00
1.139090919494628906e+01 -9.454458236694335938e+00 0.000000000000000000e+00
-9.648773193359375000e+00 1.440320777893066406e+01 0.000000000000000000e+00
6.004157543182373047e+00 -1.246865558624267578e+01 0.000000000000000000e+00
-5.057850360870361328e+00 1.143196463584899902e+00 0.000000000000000000e+00
1.117346477508544922e+01 -7.183275699615478516e+00 0.000000000000000000e+00
-4.675314903259277344e+00 -1.178382492065429688e+01 0.000000000000000000e+00
3.282958269119262695e+00 -7.475982189178466797e+00 0.000000000000000000e+00
-1.236367702484130859e+01 5.043531417846679688e+00 0.000000000000000000e+00
1.366994500160217285e+00 -1.119699573516845703e+01 0.000000000000000000e+00
-2.219660520553588867e+00 -1.287711238861083984e+01 0.000000000000000000e+00
-1.359690570831298828e+01 -6.427458524703979492e-01 0.000000000000000000e+00
-6.936354637145996094e-01 -1.448104572296142578e+01 0.000000000000000000e+00
1.406804561614990234e+00 -1.307171916961669922e+01 0.000000000000000000e+00
1.179976940155029297e+01 8.928342819213867188e+00 0.000000000000000000e+00
-2.759490966796875000e+00 6.385738372802734375e+00 0.000000000000000000e+00
8.029563903808593750e+00 -1.206714248657226562e+01 0.000000000000000000e+00
4.810396134853363037e-01 8.084830284118652344e+00 0.000000000000000000e+00
