-5.777243137359619141e+00 1.507408237457275391e+01 0.000000000000000000e+00
-1.985961079597473145e+00 -2.363416910171508789e+00 0.000000000000000000e+00
-8.435473442077636719e+00 2.576546430587768555e+00 0.000000000000000000e+00
1.395131683349609375e+01 4.524425983428955078e+00 0.000000000000000000e+00
5.982019305229187012e-01 -4.889207839965820312e+00 0.000000000000000000e+00
1.308585929870605469e+01 -3.308753669261932373e-01 0.000000000000000000e+00
2.178906202316284180e+00 -5.104521512985229492e-01 0.000000000000000000e+00
-4.194293975830078125e+00 1.316605281829833984e+01 0.000000000000000000e+00
-1.310976696014404297e+01 -2.709974765777587891e+00 0.000000000000000000e+00
-1.129965591430664062e+01 4.299750328063964844e+00 0.000000000000000000e+00
-8.598208427429199219e+00 9.748562812805175781e+00 0.000000000000000000e+00
-5.044799327850341797e+00 1.165365791320800781e+01 0.000000000000000000e+00
8.854146003723144531e+00 -8.427983283996582031e+00 0.000000000000000000e+00
1.057735824584960938e+01 -1.278949356079101562e+01 0.000000000000000000e+00
-2.933691143989562988e-01 3.472227334976196289e+00 0.000000000000000000e+00
-6.824305534362792969e+00 -1.365225028991699219e+01 0.000000000000000000e+00
-4.658753573894500732e-01 -1.023784652352333069e-01 0.000000000000000000e+00
4.536499500274658203e+00 1.127077484130859375e+01 0.000000000000000000e+00
8.658347129821777344e+00 6.820378303527832031e+00 0.000000000000000000e+00
8.871848583221435547e-01 -3.334957838058471680e+00 0.000000000000000000e+00
-4.871283531188964844e+00 -1.387940216064453125e+01 0.000000000000000000e+00
-4.958025932312011719e+00 -5.802007198333740234e+00 0.000000000000000000e+00
8.078397750854492188e+00 9.801383972167968750e+00 0.000000000000000000e+00
1.159808444976806641e+01 1.054885005950927734e+01 0.000000000000000000e+00
1.537010002136230469e+01 1.986999750137329102e+00 0.000000000000000000e+00
7.536964416503906250e+00 -6.785981178283691406e+00 0.000000000000000000e+00
-1.594782543182373047e+01 4.423340857028961182e-01 0.000000000000000000e+00
1.503805255889892578e+01 -6.795864105224609375e+00 0.000000000000000000e+00
5.617571353912353516e+00 -7.092299938201904297e+00 0.000000000000000000e+00
1.494198131561279297e+01 7.196347236633300781e+00 0.000000000000000000e+00
1.044709873199462891e+01 1.184489440917968750e+01 0.000000000000000000e+00
-7.658033370971679688e+00 -1.512034988403320312e+01 0.000000000000000000e+00
-5.135888099670410156e+00 -2.139518976211547852e+00 0.000000000000000000e+00
-3.964617967605590820e+00 6.203527927398681641e+00 0.000000000000000000e+00
-9.773833274841308594e+00 -1.698248147964477539e+00 0.000000000000000000e+00
7.133446693420410156e+00 -1.199480819702148438e+01 0.000000000000000000e+00
-1.488231754302978516e+01 -3.365447998046875000e+00 0.000000000000000000e+00
-2.898916244506835938e+00 -1.396537208557128906e+01 0.000000000000000000e+00
9.533303260803222656e+00 8.764138221740722656e+00 0.000000000000000000e+00
5.208181858062744141e+00 1.119830489158630371e+00 0.000000000000000000e+00
1.325651454925537109e+01 -1.051032829284667969e+01 0.000000000000000000e+00
4.974238395690917969e+00 1.328886127471923828e+01 0.000000000000000000e+00
-2.062317609786987305e+00 -7.178822994232177734e+00 0.000000000000000000e+00
1.260681599378585815e-01 1.534861660003662109e+01 0.000000000000000000e+00
1.104632949829101562e+01 -6.070386886596679688e+00 0.000000000000000000e+00
-5.966384410858154297e+00 -8.613508224487304688e+00 0.000000000000000000e+00
9.811409950256347656e+00 -1.240560889244079590e+00 0.000000000000000000e+00
-1.205778956413269043e+00 -1.232384490966796875e+01 0.000000000000000000e+00
-1.131151103973388672e+01 -1.073414564132690430e+00 0.000000000000000000e+00
-1.359725666046142578e+01 -4.246911048889160156e+00 0.000000000000000000e+00
-1.063059997558593750e+01 8.831614494323730469e+00 0.000000000000000000e+00
2.149834632873535156e+00 1.605731582641601562e+01 0.000000000000000000e+00
7.350838661193847656e+00 -1.568417739868164062e+01 0.000000000000000000e+00
-8.659980773925781250e+00 -6.089887142181396484e+00 0.000000000000000000e+00
9.390918731689453125e+00 4.568266391754150391e+00 0.000000000000000000e+00
-9.580410003662109375e+00 -1.370985221862792969e+01 0.000000000000000000e+00
1.229617786407470703e+01 1.906393527984619141e+00 0.000000000000000000e+00
7.191967964172363281e+00 4.715959548950195312e+00 0.000000000000000000e+00
-1.317400836944580078e+01 2.949050903320312500e+00 0.000000000000000000e+00
1.891193985939025879e-01 9.846467018127441406e+00 0.000000000000000000e+00
1.269210720062255859e+01 9.451816558837890625e+00 0.000000000000000000e+00
4.063256263732910156e+00 5.232237815856933594e+00 0.000000000000000000e+00
-1.421139907836914062e+01 9.666250228881835938e+00 0.000000000000000000e+00
4.027106285095214844e+00 -1.083932495117187500e+01 0.000000000000000000e+00
4.235295295715332031e+00 -5.852549552917480469e+00 0.000000000000000000e+00
-1.889474630355834961e+00 1.510825872421264648e+00 0.000000000000000000e+00
-3.752766609191894531e+00 -1.027522087097167969e+01 0.000000000000000000e+00
-1.512674140930175781e+01 7.755543708801269531e+00 0.000000000000000000e+00
4.218906402587890625e+00 9.774063110351562500e+00 0.000000000000000000e+00
-2.600762844085693359e+00 1.307096004486083984e+01 0.000000000000000000e+00
-8.212142944335937500e+00 -1.148111820220947266e+00 0.000000000000000000e+00
-7.776499748229980469e+00 1.279375457763671875e+01 0.000000000000000000e+00
1.302396416664123535e+00 1.107706356048583984e+01 0.000000000000000000e+00
-1.625607681274414062e+01 4.820004940032958984e+00 0.000000000000000000e+00
-1.385211944580078125e+01 6.420133590698242188e+00 0.000000000000000000e+00
3.129540681838989258e+00 -1.292800617218017578e+01 0.000000000000000000e+00
-3.130995273590087891e+00 8.347417831420898438e+00 0.000000000000000000e+00
-2.522436678409576416e-01 -1.649506449699401855e+00 0.000000000000000000e+00
6.810695648193359375e+00 -1.024131870269775391e+01 0.000000000000000000e+00
1.147816753387451172e+01 5.827701568603515625e+00 0.000000000000000000e+00
-9.083664894104003906e+00 5.546171665191650391e+00 0.000000000000000000e+00
-6.573864936828613281e+00 -1.171159744262695312e+01 0.000000000000000000e+00
1.616411399841308594e+01 -2.764596462249755859e+00 0.000000000000000000e+00
-6.287230491638183594e+00 9.524508476257324219e+00 0.000000000000000000e+00
-1.588371849060058594e+01 -4.530615329742431641e+00 0.000000000000000000e+00
-9.816271066665649414e-01 -1.056263160705566406e+01 0.000000000000000000e+00
-5.612096309661865234e+00 9.750587344169616699e-01 0.000000000000000000e+00
2.737830638885498047e+00 -2.348140001296997070e+00 0.000000000000000000e+00
-1.407868576049804688e+01 -6.684546947479248047e+00 0.000000000000000000e+00
-6.552881717681884766e+00 -2.402967065572738647e-01 0.000000000000000000e+00
-8.530662536621093750e+00 -1.140946006774902344e+01 0.000000000000000000e+00
1.773318529129028320e+00 1.329456520080566406e+01 0.000000000000000000e+00
-4.023808002471923828e+00 -7.431489944458007812e+00 0.000000000000000000e+00
9.601119995117187500e+00 1.309431076049804688e+01 0.000000000000000000e+00
3.084649324417114258e+00 3.941650152206420898e+00 0.000000000000000000e+00
1.472020149230957031e+01 -3.746956586837768555e+00 0.000000000000000000e+00
7.419661045074462891e+00 1.572370910644531250e+01 0.000000000000000000e+00
2.011857271194458008e+00 1.865529298782348633e+00 0.000000000000000000e+00
1.759744435548782349e-01 -1.430853462219238281e+01 0.000000000000000000e+00
-1.096469783782958984e+01 7.234582424163818359e+00 0.000000000000000000e+00
7.441016674041748047e+00 2.631659507751464844e+00 0.000000000000000000e+00
2.531495571136474609e+00 9.207875251770019531e+00 0.000000000000000000e+00
-5.059855461120605469e+00 7.863863468170166016e+00 0.000000000000000000e+00
-8.061257600784301758e-01 1.291878604888916016e+01 0.000000000000000000e+00
7.693647861480712891e+00 -4.957143962383270264e-01 0.000000000000000000e+00
1.050912439823150635e-01 1.937039732933044434e+00 0.000000000000000000e+00
-1.026971912384033203e+01 -3.647447824478149414e+00 0.000000000000000000e+00
-7.279522895812988281e+00 3.715023756027221680e+00 0.000000000000000000e+00
3.451138973236083984e+00 -1.633166503906250000e+01 0.000000000000000000e+00
-5.364261627197265625e+00 -1.632026100158691406e+01 0.000000000000000000e+00
-1.562022209167480469e+01 -6.554714679718017578e+00 0.000000000000000000e+00
-9.390831947326660156e+00 1.259982943534851074e+00 0.000000000000000000e+00
4.252788543701171875e+00 -1.439224815368652344e+01 0.000000000000000000e+00
1.336518383026123047e+01 -2.311150550842285156e+00 0.000000000000000000e+00
-9.260685920715332031e+00 1.442683982849121094e+01 0.000000000000000000e+00
8.704329490661621094e+00 1.170569229125976562e+01 0.000000000000000000e+00
1.319942593574523926e+00 -7.927858352661132812e+00 0.000000000000000000e+00
-1.605558013916015625e+01 -1.945841431617736816e+00 0.000000000000000000e+00
-3.187335014343261719e+00 1.035607910156250000e+01 0.000000000000000000e+00
1.481851816177368164e+00 -1.015268516540527344e+01 0.000000000000000000e+00
1.620885467529296875e+01 3.334435462951660156e+00 0.000000000000000000e+00
1.253067207336425781e+01 -4.659399032592773438e+00 0.000000000000000000e+00
-2.055748224258422852e+00 4.932583332061767578e+00 0.000000000000000000e+00
-8.336497306823730469e+00 -4.241692066192626953e+00 0.000000000000000000e+00
1.024599838256835938e+01 -2.920576095581054688e+00 0.000000000000000000e+00
-1.281852626800537109e+01 -1.076206111907958984e+01 0.000000000000000000e+00
1.483735918998718262e+00 4.597846031188964844e+00 0.000000000000000000e+00
3.549524307250976562e+00 -8.258240699768066406e+00 0.000000000000000000e+00
7.689741134643554688e+00 -3.837652206420898438e+00 0.000000000000000000e+00
-1.210021305084228516e+01 -4.831466674804687500e+00 0.000000000000000000e+00
1.158103704452514648e+00 7.783900737762451172e+00 0.000000000000000000e+00
-7.761546611785888672e+00 8.099496841430664062e+00 0.000000000000000000e+00
-1.265284252166748047e+01 1.016969013214111328e+01 0.000000000000000000e+00
-1.046543884277343750e+01 -1.130575656890869141e+01 0.000000000000000000e+00
-9.097811698913574219e+00 1.207786178588867188e+01 0.000000000000000000e+00
5.858070850372314453e-01 -1.607260894775390625e+01 0.000000000000000000e+00
-4.019241333007812500e+00 1.570381259918212891e+01 0.000000000000000000e+00
1.230686283111572266e+01 -9.022459030151367188e+00 0.000000000000000000e+00
4.165774345397949219e+00 7.353623867034912109e+00 0.000000000000000000e+00
-6.326682567596435547e+00 5.343080043792724609e+00 0.000000000000000000e+00
9.164371490478515625e+00 9.634107351303100586e-01 0.000000000000000000e+00
-9.740054607391357422e-01 -1.597070407867431641e+01 0.000000000000000000e+00
5.568505287170410156e+00 -1.546044731140136719e+01 0.000000000000000000e+00
-9.566176414489746094e+00 -9.301154136657714844e+00 0.000000000000000000e+00
-2.585198163986206055e+00 3.259625673294067383e+00 0.000000000000000000e+00
9.729260444641113281e+00 -1.102667045593261719e+01 0.000000000000000000e+00
-3.082594871520996094e+00 -1.640413284301757812e+01 0.000000000000000000e+00
-1.729519248008728027e+00 1.522469711303710938e+01 0.000000000000000000e+00
-3.396915912628173828e+00 -5.088423728942871094e+00 0.000000000000000000e+00
-7.363797187805175781e+00 6.489636898040771484e+00 0.000000000000000000e+00
-9.034972190856933594e-01 7.049726963043212891e+00 0.000000000000000000e+00
6.521173000335693359e+00 7.296999931335449219e+00 0.000000000000000000e+00
5.686762332916259766e+00 3.770579814910888672e+00 0.000000000000000000e+00
1.171068286895751953e+01 -1.160554051399230957e+00 0.000000000000000000e+00
-6.811335086822509766e+00 -4.439056396484375000e+00 0.000000000000000000e+00
-3.758996725082397461e-01 -8.062758445739746094e+00 0.000000000000000000e+00
-5.593863487243652344e+00 -1.049007034301757812e+01 0.000000000000000000e+00
4.052552223205566406e+00 1.626239013671875000e+01 0.000000000000000000e+00
-1.101286506652832031e+01 2.145244121551513672e+00 0.000000000000000000e+00
-3.633319616317749023e+00 -1.193929910659790039e+00 0.000000000000000000e+00
1.692428398132324219e+01 1.750780105590820312e+00 0.000000000000000000e+00
5.935509204864501953e+00 -1.332691764831542969e+01 0.000000000000000000e+00
3.075009822845458984e+00 -4.230854511260986328e+00 0.000000000000000000e+00
-1.316378116607666016e+01 1.240799665451049805e+00 0.000000000000000000e+00
-1.098018646240234375e+01 -6.105803489685058594e+00 0.000000000000000000e+00
1.578980541229248047e+01 5.701832771301269531e+00 0.000000000000000000e+00
-7.494919300079345703e-01 1.116514968872070312e+01 0.000000000000000000e+00
-1.072020411491394043e+00 1.728778266906738281e+01 0.000000000000000000e+00
1.232428359985351562e+01 4.113678932189941406e+00 0.000000000000000000e+00
5.561708450317382812e+00 -4.143799304962158203e+00 0.000000000000000000e+00
2.119249582290649414e+00 -1.164021205902099609e+01 0.000000000000000000e+00
-6.925662517547607422e+00 -2.732291460037231445e+00 0.000000000000000000e+00
2.306160449981689453e+00 -5.769052505493164062e+00 0.000000000000000000e+00
9.105860710144042969e+00 1.461503505706787109e+01 0.000000000000000000e+00
-1.259190273284912109e+01 7.561179637908935547e+00 0.000000000000000000e+00
5.755680084228515625e+00 8.755072593688964844e+00 0.000000000000000000e+00
-4.707741260528564453e+00 -4.112094402313232422e+00 0.000000000000000000e+00
-1.668775367736816406e+01 1.845486044883728027e+00 0.000000000000000000e+00
-1.150413799285888672e+01 1.214686298370361328e+01 0.000000000000000000e+00
-1.628046870231628418e+00 8.754054069519042969e+00 0.000000000000000000e+00
1.235435605049133301e+00 6.233720302581787109e+00 0.000000000000000000e+00
-1.084390354156494141e+01 -7.826249599456787109e+00 0.000000000000000000e+00
7.094744682312011719e+00 -8.403520584106445312e+00 0.000000000000000000e+00
1.480538463592529297e+01 -1.066574811935424805e+00 0.000000000000000000e+00
1.229548072814941406e+01 7.629106521606445312e+00 0.000000000000000000e+00
-4.255585193634033203e+00 3.835000991821289062e+00 0.000000000000000000e+00
1.676689529418945312e+01 -3.689534664154052734e-01 0.000000000000000000e+00
-1.488840579986572266e+01 3.497894525527954102e+00 0.000000000000000000e+00
-1.501442313194274902e+00 -4.321543693542480469e+00 0.000000000000000000e+00
4.023856163024902344e+00 1.446797943115234375e+01 0.000000000000000000e+00
1.170653629302978516e+01 -7.449038028717041016e+00 0.000000000000000000e+00
-7.616307735443115234e+00 1.125928211212158203e+01 0.000000000000000000e+00
1.361986637115478516e+01 2.857640743255615234e+00 0.000000000000000000e+00
1.356462478637695312e+01 -7.691992282867431641e+00 0.000000000000000000e+00
-1.385666370391845703e+01 -8.200402259826660156e+00 0.000000000000000000e+00
6.053730487823486328e+00 -1.613023996353149414e+00 0.000000000000000000e+00
1.609951591491699219e+01 -5.441569805145263672e+00 0.000000000000000000e+00
-9.867520332336425781e+00 1.061221122741699219e+01 0.000000000000000000e+00
-1.715631294250488281e+01 -3.157892704010009766e+00 0.000000000000000000e+00
-1.255496883392333984e+01 -2.074559330940246582e-01 0.000000000000000000e+00
1.949423432350158691e+00 -1.528064441680908203e+01 0.000000000000000000e+00
1.038163280487060547e+01 2.286437034606933594e+00 0.000000000000000000e+00
-3.067950725555419922e+00 -1.204687500000000000e+01 0.000000000000000000e+00
5.418622493743896484e+00 1.560696601867675781e+01 0.000000000000000000e+00
5.796653270721435547e+00 1.026206111907958984e+01 0.000000000000000000e+00
3.305980682373046875e+00 1.219752979278564453e+01 0.000000000000000000e+00
-1.975203633308410645e+00 -8.808096885681152344e+00 0.000000000000000000e+00
-1.476674175262451172e+01 -7.803273797035217285e-01 0.000000000000000000e+00
8.163379669189453125e+00 -1.401584053039550781e+01 0.000000000000000000e+00
6.935256123542785645e-01 1.681261634826660156e+01 0.000000000000000000e+00
1.231732082366943359e+01 1.190815353393554688e+01 0.000000000000000000e+00
-1.375847816467285156e+01 4.488699436187744141e+00 0.000000000000000000e+00
9.251216888427734375e+00 -6.426198959350585938e+00 0.000000000000000000e+00
1.203918647766113281e+01 -1.218841743469238281e+01 0.000000000000000000e+00
6.447814941406250000e+00 1.244593238830566406e+01 0.000000000000000000e+00
1.495351600646972656e+01 5.107616186141967773e-01 0.000000000000000000e+00
3.978919744491577148e+00 -1.173876404762268066e+00 0.000000000000000000e+00
-2.103299379348754883e+00 -1.026644408702850342e-01 0.000000000000000000e+00
-4.419313430786132812e+00 1.889368653297424316e+00 0.000000000000000000e+00
3.744304418563842773e+00 1.877409100532531738e+00 0.000000000000000000e+00
9.684829711914062500e+00 1.048780059814453125e+01 0.000000000000000000e+00
-6.277976512908935547e+00 1.322292327880859375e+01 0.000000000000000000e+00
-6.774249076843261719e+00 -6.981924057006835938e+00 0.000000000000000000e+00
1.118281269073486328e+01 7.278655767440795898e-01 0.000000000000000000e+00
-9.279080390930175781e+00 7.395009994506835938e+00 0.000000000000000000e+00
6.622981071472167969e+00 -5.585704803466796875e+00 0.000000000000000000e+00
1.358186435699462891e+01 1.090501403808593750e+01 0.000000000000000000e+00
1.073272991180419922e+01 -9.438477516174316406e+00 0.000000000000000000e+00
8.085185050964355469e+00 1.323403453826904297e+01 0.000000000000000000e+00
8.667749404907226562e+00 -1.238050270080566406e+01 0.000000000000000000e+00
1.020465660095214844e+01 7.113195419311523438e+00 0.000000000000000000e+00
-1.241315937042236328e+01 -9.031042098999023438e+00 0.000000000000000000e+00
-7.475250720977783203e+00 1.383879184722900391e+00 0.000000000000000000e+00
-5.616977691650390625e+00 2.881552696228027344e+00 0.000000000000000000e+00
-1.423815441131591797e+01 -9.702444076538085938e+00 0.000000000000000000e+00
-7.669023036956787109e+00 -9.758709907531738281e+00 0.000000000000000000e+00
1.417909717559814453e+01 8.637983322143554688e+00 0.000000000000000000e+00
1.418873500823974609e+01 -5.435135841369628906e+00 0.000000000000000000e+00
2.821624875068664551e-01 -1.251789093017578125e+01 0.000000000000000000e+00
9.015427589416503906e+00 3.063766717910766602e+00 0.000000000000000000e+00
1.452111434936523438e+01 -9.674918174743652344e+00 0.000000000000000000e+00
8.333340644836425781e+00 -2.192758798599243164e+00 0.000000000000000000e+00
4.920041084289550781e+00 -2.764753818511962891e+00 0.000000000000000000e+00
-3.338645935058593750e+00 -3.482597112655639648e+00 0.000000000000000000e+00
-5.977842807769775391e-01 -5.952252864837646484e+00 0.000000000000000000e+00
-1.732890319824218750e+01 -6.745041608810424805e-01 0.000000000000000000e+00
-4.709473133087158203e+00 -1.220059108734130859e+01 0.000000000000000000e+00
-7.591380596160888672e+00 1.458920669555664062e+01 0.000000000000000000e+00
1.338446903228759766e+01 5.919550418853759766e+00 0.000000000000000000e+00
-1.592748069763183594e+01 6.306692123413085938e+00 0.000000000000000000e+00
2.776068210601806641e+00 6.435615539550781250e+00 0.000000000000000000e+00
1.173065948486328125e+01 -1.063004493713378906e+01 0.000000000000000000e+00
-2.707874059677124023e+00 1.674787330627441406e+01 0.000000000000000000e+00
1.535838484764099121e+00 -1.732925796508789062e+01 0.000000000000000000e+00
-3.317911624908447266e-01 -1.742023658752441406e+01 0.000000000000000000e+00
9.620273590087890625e+00 -1.442179012298583984e+01 0.000000000000000000e+00
