-9.439976692199707031e+00 2.560810327529907227e+00 0.000000000000000000e+00
9.867285728454589844e+00 6.760731697082519531e+00 0.000000000000000000e+00
-1.239305019378662109e+01 -4.812349319458007812e+00 0.000000000000000000e+00
-1.736317443847656250e+01 7.308351397514343262e-01 0.000000000000000000e+00
1.415363311767578125e+01 -4.558424949645996094e+00 0.000000000000000000e+00
3.308652162551879883e+00 -1.348772144317626953e+01 0.000000000000000000e+00
-5.190480232238769531e+00 9.415485382080078125e+00 0.000000000000000000e+00
-7.419641971588134766e+00 -1.543227195739746094e+01 0.000000000000000000e+00
-1.455366420745849609e+01 6.644681692123413086e-01 0.000000000000000000e+00
-1.350782203674316406e+01 6.508244037628173828e+00 0.000000000000000000e+00
-6.208319187164306641e+00 -1.326725864410400391e+01 0.000000000000000000e+00
-1.188334655761718750e+01 -6.744223117828369141e+00 0.000000000000000000e+00
9.007119178771972656e+00 1.292703628540039062e+01 0.000000000000000000e+00
7.713911533355712891e+00 -2.101384162902832031e+00 0.000000000000000000e+00
-9.511422157287597656e+00 7.934552669525146484e+00 0.000000000000000000e+00
-1.383139133453369141e+01 -7.053292751312255859e+00 0.000000000000000000e+00
-6.070785522460937500e+00 3.231042385101318359e+00 0.000000000000000000e+00
-5.948131561279296875e+00 -4.941237926483154297e+00 0.000000000000000000e+00
7.108546257019042969e+00 -1.347808742523193359e+01 0.000000000000000000e+00
1.544131469726562500e+01 -3.083539485931396484e+00 0.000000000000000000e+00
2.531125545501708984e+00 5.104529857635498047e+00 0.000000000000000000e+00
6.771863937377929688e+00 8.383236885070800781e+00 0.000000000000000000e+00
2.755621910095214844e+00 -5.964118480682373047e+00 0.000000000000000000e+00
-8.347620964050292969e+00 1.422391319274902344e+01 0.000000000000000000e+00
5.001419544219970703e+00 -2.724294662475585938e+00 0.000000000000000000e+00
8.135212898254394531e+00 -6.980398178100585938e+00 0.000000000000000000e+00
1.009247493743896484e+01 3.467698097229003906e+00 0.000000000000000000e+00
-1.415299701690673828e+01 9.497872352600097656e+00 0.000000000000000000e+00
-4.352432727813720703e+00 -9.621395111083984375e+00 0.000000000000000000e+00
-4.670406818389892578e+00 -1.236933803558349609e+01 0.000000000000000000e+00
5.028246402740478516e+00 8.844339370727539062e+00 0.000000000000000000e+00
2.937764167785644531e+00 1.668401908874511719e+01 0.000000000000000000e+00
4.740638434886932373e-01 5.059436798095703125e+00 0.000000000000000000e+00
-4.404389858245849609e+00 -1.168452024459838867e+00 0.000000000000000000e+00
1.210003376007080078e+01 -4.559794425964355469e+00 0.000000000000000000e+00
3.639989614486694336e+00 2.225048780441284180e+00 0.000000000000000000e+00
-1.016394996643066406e+01 -1.293150424957275391e+01 0.000000000000000000e+00
-5.640560626983642578e+00 -1.610324859619140625e+01 0.000000000000000000e+00
-7.824100017547607422e+00 -4.727416515350341797e+00 0.000000000000000000e+00
-2.065330743789672852e+00 1.049873161315917969e+01 0.000000000000000000e+00
-2.112508267164230347e-01 -2.456475257873535156e+00 0.000000000000000000e+00
1.406481933593750000e+01 7.820872783660888672e+00 0.000000000000000000e+00
1.139033585786819458e-01 1.209220600128173828e+01 0.000000000000000000e+00
-7.194759845733642578e+00 -1.007464027404785156e+01 0.000000000000000000e+00
1.436927700042724609e+01 -1.433427333831787109e+00 0.000000000000000000e+00
-9.550068378448486328e-01 3.162376403808593750e+00 0.000000000000000000e+00
-1.169119596481323242e+00 1.642925071716308594e+01 0.000000000000000000e+00
9.013445854187011719e+00 2.027129173278808594e+00 0.000000000000000000e+00
1.627294921875000000e+01 9.716767668724060059e-01 0.000000000000000000e+00
3.591289281845092773e+00 -4.191987514495849609e+00 0.000000000000000000e+00
-5.982880592346191406e+00 1.519886684417724609e+01 0.000000000000000000e+00
5.565088748931884766e+00 -1.073387908935546875e+01 0.000000000000000000e+00
3.625891447067260742e+00 -1.529429626464843750e+01 0.000000000000000000e+00
9.936900138854980469e+00 -1.065930366516113281e+01 0.000000000000000000e+00
-2.499932765960693359e+00 -1.674635529518127441e+00 0.000000000000000000e+00
-4.523144245147705078e+00 -5.642360687255859375e+00 0.000000000000000000e+00
1.122489356994628906e+01 1.253660964965820312e+01 0.000000000000000000e+00
2.223153591156005859e+00 3.495459079742431641e+00 0.000000000000000000e+00
-1.032675838470458984e+01 -7.385826110839843750e+00 0.000000000000000000e+00
1.426377773284912109e+00 -1.316355800628662109e+01 0.000000000000000000e+00
-1.662850952148437500e+01 -3.232670783996582031e+00 0.000000000000000000e+00
2.370435237884521484e+00 7.684570789337158203e+00 0.000000000000000000e+00
7.771859645843505859e+00 -1.130507850646972656e+01 0.000000000000000000e+00
1.290341854095458984e+01 6.238349437713623047e+00 0.000000000000000000e+00
-2.790149927139282227e+00 3.706089854240417480e-01 0.000000000000000000e+00
1.275433063507080078e+01 1.165400218963623047e+01 0.000000000000000000e+00
-1.487803220748901367e+00 -9.242516517639160156e+00 0.000000000000000000e+00
-1.341869831085205078e+01 4.648020744323730469e+00 0.000000000000000000e+00
-3.005836248397827148e+00 1.299467182159423828e+01 0.000000000000000000e+00
5.676978111267089844e+00 -1.517899417877197266e+01 0.000000000000000000e+00
-3.044137001037597656e+00 -3.669433593750000000e+00 0.000000000000000000e+00
8.483590126037597656e+00 1.096928691864013672e+01 0.000000000000000000e+00
1.221540451049804688e+01 3.211927890777587891e+00 0.000000000000000000e+00
1.494494915008544922e+01 -7.192472457885742188e+00 0.000000000000000000e+00
8.712092399597167969e+00 -8.999211311340332031e+00 0.000000000000000000e+00
7.685027599334716797e+00 1.420057773590087891e+01 0.000000000000000000e+00
-3.749690771102905273e+00 3.498584032058715820e+00 0.000000000000000000e+00
1.245522499084472656e+01 -9.380371093750000000e+00 0.000000000000000000e+00
-6.855023384094238281e+00 1.366057968139648438e+01 0.000000000000000000e+00
4.631964206695556641e+00 -8.097665786743164062e+00 0.000000000000000000e+00
-6.280355453491210938e+00 -6.678309917449951172e+00 0.000000000000000000e+00
-9.476390838623046875e+00 -1.094050168991088867e+00 0.000000000000000000e+00
6.913590431213378906e+00 -4.978163719177246094e+00 0.000000000000000000e+00
1.475847244262695312e+01 2.663099050521850586e+00 0.000000000000000000e+00
-4.243579864501953125e+00 5.889129638671875000e+00 0.000000000000000000e+00
6.640844345092773438e-01 -1.638220596313476562e+01 0.000000000000000000e+00
-1.252105998992919922e+01 -9.586814880371093750e+00 0.000000000000000000e+00
-1.462834167480468750e+01 -3.774842977523803711e+00 0.000000000000000000e+00
4.426709175109863281e+00 -9.970686435699462891e-01 0.000000000000000000e+00
-2.042274475097656250e+00 7.415415287017822266e+00 0.000000000000000000e+00
4.631398677825927734e+00 1.202510070800781250e+01 0.000000000000000000e+00
-2.334522724151611328e+00 -7.061488151550292969e+00 0.000000000000000000e+00
-6.947573423385620117e-01 -4.001672267913818359e+00 0.000000000000000000e+00
-7.979601383209228516e+00 8.111180305480957031e+00 0.000000000000000000e+00
1.193298339843750000e+01 8.338644027709960938e+00 0.000000000000000000e+00
1.098412799835205078e+01 -2.774467706680297852e+00 0.000000000000000000e+00
-1.260920619964599609e+01 1.049450206756591797e+01 0.000000000000000000e+00
-1.545951175689697266e+01 4.179975509643554688e+00 0.000000000000000000e+00
1.017775630950927734e+01 9.152642250061035156e+00 0.000000000000000000e+00
6.041526794433593750e+00 2.406607389450073242e+00 0.000000000000000000e+00
-7.872515916824340820e-01 1.406083583831787109e+01 0.000000000000000000e+00
-6.763767719268798828e+00 -3.498111248016357422e+00 0.000000000000000000e+00
-6.716974258422851562e+00 1.022094345092773438e+01 0.000000000000000000e+00
-8.613999366760253906e+00 -8.656304359436035156e+00 0.000000000000000000e+00
-7.983678340911865234e+00 -1.162496471405029297e+01 0.000000000000000000e+00
-1.505754947662353516e+01 2.301134347915649414e+00 0.000000000000000000e+00
-6.134654045104980469e+00 1.431802630424499512e+00 0.000000000000000000e+00
2.078735113143920898e+00 -1.885450184345245361e-01 0.000000000000000000e+00
1.825782895088195801e+00 -3.163505315780639648e+00 0.000000000000000000e+00
-1.811971545219421387e+00 -1.565909004211425781e+01 0.000000000000000000e+00
-3.562159299850463867e+00 1.117763710021972656e+01 0.000000000000000000e+00
1.632402992248535156e+01 -4.491118431091308594e+00 0.000000000000000000e+00
-1.178494071960449219e+01 1.288421154022216797e+01 0.000000000000000000e+00
-8.815248489379882812e+00 6.331158161163330078e+00 0.000000000000000000e+00
1.252397823333740234e+01 -6.750632762908935547e+00 0.000000000000000000e+00
-9.755374908447265625e+00 -4.582132339477539062e+00 0.000000000000000000e+00
2.110691547393798828e+00 1.465017509460449219e+01 0.000000000000000000e+00
-8.536229133605957031e+00 -1.323047637939453125e+01 0.000000000000000000e+00
-1.469951057434082031e+01 -9.309002876281738281e+00 0.000000000000000000e+00
-3.808147668838500977e+00 -1.601245307922363281e+01 0.000000000000000000e+00
-1.550487422943115234e+01 7.473989009857177734e+00 0.000000000000000000e+00
8.210600852966308594e+00 4.341530799865722656e+00 0.000000000000000000e+00
-4.399130821228027344e+00 1.544439792633056641e+01 0.000000000000000000e+00
-5.662710189819335938e+00 6.685916900634765625e+00 0.000000000000000000e+00
1.018292427062988281e+01 -1.217175245285034180e+00 0.000000000000000000e+00
-1.011790370941162109e+01 3.903962850570678711e+00 0.000000000000000000e+00
2.103229761123657227e+00 -1.513097190856933594e+01 0.000000000000000000e+00
-2.985122203826904297e+00 8.967985153198242188e+00 0.000000000000000000e+00
1.697301673889160156e+01 -1.259109020233154297e+00 0.000000000000000000e+00
-1.948054671287536621e+00 -5.581321716308593750e+00 0.000000000000000000e+00
-1.529145050048828125e+01 -1.894393801689147949e+00 0.000000000000000000e+00
1.295296669006347656e+01 -1.739592552185058594e-01 0.000000000000000000e+00
4.855919361114501953e+00 1.640609550476074219e+01 0.000000000000000000e+00
1.687907600402832031e+01 3.668699026107788086e+00 0.000000000000000000e+00
1.286356544494628906e+01 -1.150652027130126953e+01 0.000000000000000000e+00
7.511609554290771484e+00 -1.512246322631835938e+01 0.000000000000000000e+00
-1.220762634277343750e+01 -2.406754255294799805e+00 0.000000000000000000e+00
1.041672706604003906e+01 -1.396776103973388672e+01 0.000000000000000000e+00
1.041253376007080078e+01 -7.831244468688964844e+00 0.000000000000000000e+00
-3.566969558596611023e-02 -6.355409622192382812e+00 0.000000000000000000e+00
-1.439304351806640625e+00 4.593965053558349609e+00 0.000000000000000000e+00
-1.467704677581787109e+01 5.563036441802978516e+00 0.000000000000000000e+00
4.938879489898681641e+00 3.588683128356933594e+00 0.000000000000000000e+00
-1.171747398376464844e+01 6.751039981842041016e+00 0.000000000000000000e+00
8.863108634948730469e+00 -1.429896736145019531e+01 0.000000000000000000e+00
1.462046146392822266e+00 1.610290908813476562e+01 0.000000000000000000e+00
7.792062282562255859e+00 -3.166673481464385986e-01 0.000000000000000000e+00
1.158697891235351562e+01 4.858730316162109375e+00 0.000000000000000000e+00
-7.496273040771484375e+00 1.187274456024169922e+01 0.000000000000000000e+00
-1.116573143005371094e+01 5.005745410919189453e+00 0.000000000000000000e+00
8.178696036338806152e-01 2.560985565185546875e+00 0.000000000000000000e+00
-2.872175693511962891e+00 -1.400901222229003906e+01 0.000000000000000000e+00
-1.026926562190055847e-01 -8.637360572814941406e+00 0.000000000000000000e+00
-2.860182762145996094e+00 1.608424186706542969e+01 0.000000000000000000e+00
2.872619390487670898e+00 -1.708413124084472656e+01 0.000000000000000000e+00
3.218624830245971680e+00 -1.049455547332763672e+01 0.000000000000000000e+00
1.249425768852233887e+00 9.986371040344238281e+00 0.000000000000000000e+00
-6.034945249557495117e-01 7.376474142074584961e-01 0.000000000000000000e+00
1.042660999298095703e+01 -4.857546806335449219e+00 0.000000000000000000e+00
2.263748884201049805e+00 -8.328491210937500000e+00 0.000000000000000000e+00
2.916195988655090332e-01 8.827097892761230469e+00 0.000000000000000000e+00
-2.298205614089965820e+00 -1.230258464813232422e+01 0.000000000000000000e+00
-4.575833797454833984e+00 -3.322341918945312500e+00 0.000000000000000000e+00
1.491587257385253906e+01 6.518005847930908203e+00 0.000000000000000000e+00
-7.837952613830566406e+00 2.577335596084594727e+00 0.000000000000000000e+00
-1.059943580627441406e+01 -9.726729393005371094e+00 0.000000000000000000e+00
5.633852005004882812e+00 6.964137077331542969e+00 0.000000000000000000e+00
-1.222657394409179688e+01 8.203883171081542969e+00 0.000000000000000000e+00
-6.186023235321044922e+00 8.104461669921875000e+00 0.000000000000000000e+00
6.050201416015625000e+00 5.209195137023925781e+00 0.000000000000000000e+00
-1.055992031097412109e+01 9.254481315612792969e+00 0.000000000000000000e+00
-5.517322540283203125e+00 -8.342980384826660156e+00 0.000000000000000000e+00
-7.555293560028076172e+00 -4.296657145023345947e-01 0.000000000000000000e+00
7.456600666046142578e+00 1.582093334197998047e+01 0.000000000000000000e+00
-8.875783920288085938e+00 -2.922738313674926758e+00 0.000000000000000000e+00
1.324529266357421875e+01 -2.732129573822021484e+00 0.000000000000000000e+00
-9.593350410461425781e+00 6.104265451431274414e-01 0.000000000000000000e+00
-6.838721275329589844e+00 5.147871017456054688e+00 0.000000000000000000e+00
-2.292474746704101562e+00 2.475080013275146484e+00 0.000000000000000000e+00
9.658842086791992188e+00 -1.221174526214599609e+01 0.000000000000000000e+00
-1.242375564575195312e+01 -1.232052421569824219e+01 0.000000000000000000e+00
8.811446428298950195e-01 -1.218428373336791992e+00 0.000000000000000000e+00
-1.248213410377502441e+00 9.132624626159667969e+00 0.000000000000000000e+00
6.829962253570556641e+00 -9.704091072082519531e+00 0.000000000000000000e+00
2.759558916091918945e+00 1.035413742065429688e+01 0.000000000000000000e+00
5.291410923004150391e+00 -1.369071960449218750e+01 0.000000000000000000e+00
5.804304599761962891e+00 -6.816135406494140625e+00 0.000000000000000000e+00
2.151734381914138794e-01 6.924867630004882812e+00 0.000000000000000000e+00
6.470444202423095703e+00 -3.396915197372436523e+00 0.000000000000000000e+00
-1.471482992172241211e+00 1.191152667999267578e+01 0.000000000000000000e+00
4.457927703857421875e+00 1.484269428253173828e+01 0.000000000000000000e+00
8.090160369873046875e+00 5.843237876892089844e+00 0.000000000000000000e+00
-1.507807540893554688e+01 -5.692214012145996094e+00 0.000000000000000000e+00
-8.316547393798828125e+00 4.822631835937500000e+00 0.000000000000000000e+00
-1.365782499313354492e+00 -1.388314151763916016e+01 0.000000000000000000e+00
-1.160904788970947266e+01 2.860435485839843750e+00 0.000000000000000000e+00
-6.222364306449890137e-01 -1.720178985595703125e+01 0.000000000000000000e+00
1.354139614105224609e+01 4.747488975524902344e+00 0.000000000000000000e+00
3.052161216735839844e+00 1.347932338714599609e+01 0.000000000000000000e+00
3.453245460987091064e-01 -1.144252967834472656e+01 0.000000000000000000e+00
1.055225014686584473e+00 -5.228845596313476562e+00 0.000000000000000000e+00
1.113631916046142578e+01 1.191029429435729980e+00 0.000000000000000000e+00
3.421490430831909180e+00 6.540239334106445312e+00 0.000000000000000000e+00
1.409663772583007812e+01 9.009051918983459473e-01 0.000000000000000000e+00
-1.258179569244384766e+01 6.053259372711181641e-01 0.000000000000000000e+00
-9.977777481079101562e+00 1.375076389312744141e+01 0.000000000000000000e+00
1.133461093902587891e+01 -1.244719982147216797e+01 0.000000000000000000e+00
1.469842433929443359e+01 -8.695705413818359375e+00 0.000000000000000000e+00
-3.006987333297729492e+00 -1.044071292877197266e+01 0.000000000000000000e+00
-1.585457706451416016e+01 -7.076436996459960938e+00 0.000000000000000000e+00
1.622432327270507812e+01 5.592645168304443359e+00 0.000000000000000000e+00
1.146415996551513672e+01 -1.074953746795654297e+01 0.000000000000000000e+00
6.573837280273437500e+00 9.958421587944030762e-01 0.000000000000000000e+00
1.415615081787109375e+01 9.762551307678222656e+00 0.000000000000000000e+00
-1.657277297973632812e+01 -7.918667197227478027e-01 0.000000000000000000e+00
-9.757559776306152344e+00 -1.448311519622802734e+01 0.000000000000000000e+00
6.297044754028320312e+00 1.204176139831542969e+01 0.000000000000000000e+00
1.971631884574890137e+00 1.479057073593139648e+00 0.000000000000000000e+00
3.081082105636596680e+00 1.193527698516845703e+01 0.000000000000000000e+00
-1.002750301361083984e+01 1.073787879943847656e+01 0.000000000000000000e+00
-1.325654125213623047e+01 2.543822050094604492e+00 0.000000000000000000e+00
7.003099918365478516e+00 9.946675300598144531e+00 0.000000000000000000e+00
-2.734187364578247070e+00 5.430795192718505859e+00 0.000000000000000000e+00
6.182232379913330078e+00 1.421932888031005859e+01 0.000000000000000000e+00
8.779345512390136719e+00 8.564625740051269531e+00 0.000000000000000000e+00
1.017427539825439453e+01 1.107048702239990234e+01 0.000000000000000000e+00
-5.651751995086669922e+00 1.200349521636962891e+01 0.000000000000000000e+00
-1.670095252990722656e+01 2.621060371398925781e+00 0.000000000000000000e+00
-1.348454666137695312e+01 -1.130406856536865234e+00 0.000000000000000000e+00
4.008761882781982422e+00 6.745878458023071289e-01 0.000000000000000000e+00
1.564554691314697266e+00 -9.814261436462402344e+00 0.000000000000000000e+00
-1.057955074310302734e+01 -3.078793048858642578e+00 0.000000000000000000e+00
-6.135377407073974609e+00 -1.120245218276977539e+00 0.000000000000000000e+00
9.601337432861328125e+00 -3.477359056472778320e+00 0.000000000000000000e+00
1.161608982086181641e+01 9.903361320495605469e+00 0.000000000000000000e+00
9.535218238830566406e+00 1.443585872650146484e+01 0.000000000000000000e+00
-1.918440759181976318e-01 1.044834232330322266e+01 0.000000000000000000e+00
-4.616543292999267578e+00 -1.388786792755126953e+01 0.000000000000000000e+00
1.528922617435455322e-01 -1.426230144500732422e+01 0.000000000000000000e+00
1.228137254714965820e+00 1.320175170898437500e+01 0.000000000000000000e+00
-9.086633682250976562e+00 1.193627357482910156e+01 0.000000000000000000e+00
-8.481027603149414062e+00 1.003649139404296875e+01 0.000000000000000000e+00
1.218684005737304688e+01 -1.660988330841064453e+00 0.000000000000000000e+00
-3.910892009735107422e+00 1.643167614936828613e+00 0.000000000000000000e+00
-4.937715053558349609e+00 1.381806945800781250e+01 0.000000000000000000e+00
-7.177921295166015625e+00 -7.975026607513427734e+00 0.000000000000000000e+00
-1.075581073760986328e+00 -1.142875790596008301e+00 0.000000000000000000e+00
3.073782920837402344e+00 -2.115674972534179688e+00 0.000000000000000000e+00
-1.092911243438720703e+01 -5.716155767440795898e-01 0.000000000000000000e+00
8.627434730529785156e+00 -5.036783695220947266e+00 0.000000000000000000e+00
-2.568209171295166016e+00 1.445453166961669922e+01 0.000000000000000000e+00
-6.398427963256835938e+00 -1.145262336730957031e+01 0.000000000000000000e+00
-8.119585037231445312e+00 -6.651496887207031250e+00 0.000000000000000000e+00
1.627376556396484375e+01 -6.242420196533203125e+00 0.000000000000000000e+00
4.220674037933349609e+00 -6.573336601257324219e+00 0.000000000000000000e+00
4.944330215454101562e+00 1.038132095336914062e+01 0.000000000000000000e+00
