-2.272940507283431000e+00 1.365646898121963160e+00
-1.060078038814966206e+00 1.668078101175785699e+00
1.527844296534985324e-01 1.970509304229608238e+00
1.365646898121963160e+00 2.272940507283431000e+00
-1.970509304229608238e+00 1.527844296534985324e-01
-7.576468357611436666e-01 4.552156327073211273e-01
4.552156327073211273e-01 7.576468357611436666e-01
1.668078101175785699e+00 1.060078038814966206e+00
-1.668078101175785699e+00 -1.060078038814966206e+00
-4.552156327073211273e-01 -7.576468357611436666e-01
7.576468357611436666e-01 -4.552156327073211273e-01
1.970509304229608238e+00 -1.527844296534985324e-01
-1.365646898121963160e+00 -2.272940507283431000e+00
-1.527844296534985324e-01 -1.970509304229608238e+00
1.060078038814966206e+00 -1.668078101175785699e+00
2.272940507283431000e+00 -1.365646898121963160e+00
