8.066255569458007812e+00 -1.142848777770996094e+01 0.000000000000000000e+00
-3.086268663406372070e+00 -1.153545665740966797e+01 0.000000000000000000e+00
-1.104490470886230469e+01 -8.973371505737304688e+00 0.000000000000000000e+00
-1.367574691772460938e+01 6.344809532165527344e-01 0.000000000000000000e+00
-6.757926464080810547e+00 2.027775764465332031e+00 0.000000000000000000e+00
5.771460056304931641e+00 6.745302200317382812e+00 0.000000000000000000e+00
-1.952064752578735352e+00 -1.853932619094848633e+00 0.000000000000000000e+00
1.255191683769226074e+00 -2.789490461349487305e+00 0.000000000000000000e+00
-1.040638828277587891e+01 -1.205796337127685547e+01 0.000000000000000000e+00
-8.500452041625976562e+00 -6.831756114959716797e+00 0.000000000000000000e+00
1.661239624023437500e+01 7.857217788696289062e-01 0.000000000000000000e+00
1.360256958007812500e+01 2.430689573287963867e+00 0.000000000000000000e+00
-1.505893349647521973e+00 -1.436850070953369141e+01 0.000000000000000000e+00
-7.738690376281738281e+00 5.978672981262207031e+00 0.000000000000000000e+00
-3.501769781112670898e+00 -9.527664184570312500e+00 0.000000000000000000e+00
4.840657234191894531e+00 -6.616385936737060547e+00 0.000000000000000000e+00
4.890631675720214844e+00 9.401557922363281250e+00 0.000000000000000000e+00
2.310108423233032227e+00 1.020666599273681641e+01 0.000000000000000000e+00
9.938978195190429688e+00 8.742938995361328125e+00 0.000000000000000000e+00
-3.995780467987060547e+00 -1.412463665008544922e+00 0.000000000000000000e+00
2.095615386962890625e+00 3.267901420593261719e+00 0.000000000000000000e+00
-1.306558132171630859e+01 9.246250152587890625e+00 0.000000000000000000e+00
-1.480775451660156250e+01 2.082209587097167969e+00 0.000000000000000000e+00
9.461621284484863281e+00 -8.841256141662597656e+00 0.000000000000000000e+00
1.185470867156982422e+01 -9.878472089767456055e-01 0.000000000000000000e+00
3.438224196434020996e-01 -1.550834941864013672e+01 0.000000000000000000e+00
1.224684810638427734e+01 -6.696957588195800781e+00 0.000000000000000000e+00
-7.625078409910202026e-02 1.471499347686767578e+01 0.000000000000000000e+00
9.770904541015625000e+00 3.476263284683227539e+00 0.000000000000000000e+00
-1.118152236938476562e+01 7.739264965057373047e+00 0.000000000000000000e+00
2.546296596527099609e+00 -1.059109783172607422e+01 0.000000000000000000e+00
3.674110174179077148e+00 4.620193958282470703e+00 0.000000000000000000e+00
-1.566121387481689453e+01 1.459089480340480804e-02 0.000000000000000000e+00
5.808356285095214844e+00 -5.320936203002929688e+00 0.000000000000000000e+00
1.461910533905029297e+01 -9.131387710571289062e+00 0.000000000000000000e+00
-1.236631870269775391e+01 2.937419652938842773e+00 0.000000000000000000e+00
1.064394474029541016e+00 5.787664651870727539e-01 0.000000000000000000e+00
7.674273967742919922e+00 1.418236732482910156e+01 0.000000000000000000e+00
3.490689992904663086e+00 -3.309774875640869141e+00 0.000000000000000000e+00
-6.437504768371582031e+00 -3.161680936813354492e+00 0.000000000000000000e+00
-4.211569309234619141e+00 -5.541651248931884766e+00 0.000000000000000000e+00
-6.118497371673583984e+00 1.196087646484375000e+01 0.000000000000000000e+00
-9.157197952270507812e+00 -1.063272190093994141e+01 0.000000000000000000e+00
1.164948177337646484e+01 -1.279500865936279297e+01 0.000000000000000000e+00
-7.414280891418457031e+00 1.530411911010742188e+01 0.000000000000000000e+00
-8.265071868896484375e+00 1.173882865905761719e+01 0.000000000000000000e+00
-9.581969261169433594e+00 8.688247680664062500e+00 0.000000000000000000e+00
-1.378505706787109375e+01 -7.830579757690429688e+00 0.000000000000000000e+00
-1.624101829528808594e+01 -6.266578674316406250e+00 0.000000000000000000e+00
8.374410629272460938e+00 -4.457471847534179688e+00 0.000000000000000000e+00
-5.200362205505371094e+00 -1.089441871643066406e+01 0.000000000000000000e+00
-9.418051719665527344e+00 1.463151741027832031e+01 0.000000000000000000e+00
-8.216725349426269531e+00 3.849515914916992188e-01 0.000000000000000000e+00
9.552685737609863281e+00 -1.184137821197509766e+01 0.000000000000000000e+00
3.998173713684082031e+00 -9.587767601013183594e+00 0.000000000000000000e+00
-1.012426662445068359e+01 -1.059226393699645996e+00 0.000000000000000000e+00
1.634819984436035156e+01 5.986781597137451172e+00 0.000000000000000000e+00
1.240118789672851562e+01 5.127486228942871094e+00 0.000000000000000000e+00
-2.318086624145507812e+00 1.419111061096191406e+01 0.000000000000000000e+00
3.199999094009399414e+00 -1.431527805328369141e+01 0.000000000000000000e+00
4.032582283020019531e+00 1.701383018493652344e+01 0.000000000000000000e+00
5.815988063812255859e+00 1.205499267578125000e+01 0.000000000000000000e+00
-2.568765640258789062e+00 8.050230145454406738e-01 0.000000000000000000e+00
-3.762701988220214844e+00 -1.435978698730468750e+01 0.000000000000000000e+00
-3.820456743240356445e+00 1.187092781066894531e+01 0.000000000000000000e+00
8.131550788879394531e+00 -1.451585102081298828e+01 0.000000000000000000e+00
2.486084461212158203e+00 6.817103385925292969e+00 0.000000000000000000e+00
1.481468009948730469e+01 7.909804821014404297e+00 0.000000000000000000e+00
-9.244060516357421875e+00 2.086212158203125000e+00 0.000000000000000000e+00
1.320593547821044922e+01 -3.332718908786773682e-01 0.000000000000000000e+00
5.269796848297119141e+00 -1.084475612640380859e+01 0.000000000000000000e+00
1.551097774505615234e+01 -2.390514761209487915e-01 0.000000000000000000e+00
-4.362361431121826172e+00 3.780924558639526367e+00 0.000000000000000000e+00
4.588471412658691406e+00 -1.296609115600585938e+01 0.000000000000000000e+00
1.623575592041015625e+01 3.645113706588745117e+00 0.000000000000000000e+00
-1.468964672088623047e+01 6.637942790985107422e+00 0.000000000000000000e+00
-1.002479314804077148e+00 1.082998085021972656e+01 0.000000000000000000e+00
-1.946044087409973145e+00 1.566304397583007812e+01 0.000000000000000000e+00
1.277240085601806641e+01 6.846751213073730469e+00 0.000000000000000000e+00
-1.427114844322204590e+00 -6.823950290679931641e+00 0.000000000000000000e+00
-6.248211860656738281e-01 1.650062179565429688e+01 0.000000000000000000e+00
7.642173767089843750e+00 -6.859775185585021973e-01 0.000000000000000000e+00
-2.291346311569213867e+00 -4.030091762542724609e+00 0.000000000000000000e+00
-1.736441802978515625e+01 1.429879307746887207e+00 0.000000000000000000e+00
4.370820820331573486e-01 -6.676882266998291016e+00 0.000000000000000000e+00
-1.023636436462402344e+01 1.016464900970458984e+01 0.000000000000000000e+00
1.120395565032958984e+01 6.514187812805175781e+00 0.000000000000000000e+00
-7.561052799224853516e+00 1.343848419189453125e+01 0.000000000000000000e+00
-2.632081270217895508e+00 7.059067249298095703e+00 0.000000000000000000e+00
-1.548310852050781250e+01 -4.134446144104003906e+00 0.000000000000000000e+00
8.475516319274902344e+00 1.253024005889892578e+01 0.000000000000000000e+00
7.455336093902587891e+00 -6.191701889038085938e+00 0.000000000000000000e+00
1.090830993652343750e+01 -5.732161045074462891e+00 0.000000000000000000e+00
-6.085032463073730469e+00 -1.519693183898925781e+01 0.000000000000000000e+00
-2.876663766801357269e-02 -1.720131874084472656e+01 0.000000000000000000e+00
-1.674932098388671875e+01 -1.229946613311767578e+00 0.000000000000000000e+00
1.120964622497558594e+01 -9.452843666076660156e+00 0.000000000000000000e+00
-5.716731548309326172e+00 9.998199462890625000e+00 0.000000000000000000e+00
-1.486724495887756348e+00 -1.233886432647705078e+01 0.000000000000000000e+00
4.558117866516113281e+00 2.123180329799652100e-01 0.000000000000000000e+00
7.503643035888671875e-01 8.937900543212890625e+00 0.000000000000000000e+00
9.627817153930664062e+00 -2.721505880355834961e+00 0.000000000000000000e+00
1.115794849395751953e+01 1.382123470306396484e+00 0.000000000000000000e+00
-5.301163196563720703e+00 1.218945622444152832e+00 0.000000000000000000e+00
-6.398831367492675781e+00 3.646355390548706055e+00 0.000000000000000000e+00
3.579987049102783203e+00 -1.708521461486816406e+01 0.000000000000000000e+00
-7.906699180603027344e+00 9.796196937561035156e+00 0.000000000000000000e+00
-2.734086036682128906e+00 4.805423259735107422e+00 0.000000000000000000e+00
-5.824791431427001953e+00 -6.066521644592285156e+00 0.000000000000000000e+00
2.183347225189208984e+00 -1.281769371032714844e+01 0.000000000000000000e+00
-1.634215736389160156e+01 5.439666748046875000e+00 0.000000000000000000e+00
-1.196806728839874268e-01 -1.105173397064208984e+01 0.000000000000000000e+00
-1.056431579589843750e+01 1.009348273277282715e+00 0.000000000000000000e+00
6.370809555053710938e+00 4.164009094238281250e+00 0.000000000000000000e+00
-9.099486351013183594e+00 -1.282152843475341797e+01 0.000000000000000000e+00
-1.607816123962402344e+01 3.578706502914428711e+00 0.000000000000000000e+00
-1.396706008911132812e+01 -9.824898719787597656e+00 0.000000000000000000e+00
3.922401428222656250e+00 1.383381462097167969e+01 0.000000000000000000e+00
3.150275647640228271e-01 1.201708030700683594e+01 0.000000000000000000e+00
1.303945922851562500e+01 9.191303253173828125e+00 0.000000000000000000e+00
-1.327109909057617188e+01 -5.452761173248291016e+00 0.000000000000000000e+00
-4.708719253540039062e+00 5.930443286895751953e+00 0.000000000000000000e+00
5.316279411315917969e+00 -1.486046791076660156e+01 0.000000000000000000e+00
-1.190577411651611328e+01 1.233174705505371094e+01 0.000000000000000000e+00
1.282361316680908203e+01 -4.704278945922851562e+00 0.000000000000000000e+00
2.921200990676879883e+00 -1.862195372581481934e+00 0.000000000000000000e+00
-1.016575050354003906e+01 6.004330635070800781e+00 0.000000000000000000e+00
-1.021000289916992188e+01 4.413112640380859375e+00 0.000000000000000000e+00
-1.357119655609130859e+01 5.485496520996093750e+00 0.000000000000000000e+00
1.430375957489013672e+01 -2.885784626007080078e+00 0.000000000000000000e+00
1.098312616348266602e+00 -4.577334880828857422e+00 0.000000000000000000e+00
1.610551452636718750e+01 -6.193225383758544922e+00 0.000000000000000000e+00
-8.065353393554687500e+00 4.151956558227539062e+00 0.000000000000000000e+00
9.770762443542480469e+00 -6.823568344116210938e+00 0.000000000000000000e+00
6.292190551757812500e+00 -8.842938423156738281e+00 0.000000000000000000e+00
-7.004939556121826172e+00 -1.184301757812500000e+01 0.000000000000000000e+00
7.916247367858886719e+00 -8.459306716918945312e+00 0.000000000000000000e+00
1.413063406944274902e+00 -9.499612808227539062e+00 0.000000000000000000e+00
1.302542209625244141e+01 -1.018005466461181641e+01 0.000000000000000000e+00
-6.344985961914062500e+00 8.254653930664062500e+00 0.000000000000000000e+00
-6.340681552886962891e+00 -8.222240447998046875e+00 0.000000000000000000e+00
6.847950458526611328e+00 1.904802799224853516e+00 0.000000000000000000e+00
7.505495548248291016e+00 9.930988311767578125e+00 0.000000000000000000e+00
1.706595301628112793e+00 -1.686051559448242188e+01 0.000000000000000000e+00
-1.464756369590759277e+00 8.922067642211914062e+00 0.000000000000000000e+00
9.395483970642089844e+00 1.082002067565917969e+01 0.000000000000000000e+00
-9.643935203552246094e+00 1.280729484558105469e+01 0.000000000000000000e+00
1.173038387298583984e+01 1.276360702514648438e+01 0.000000000000000000e+00
-4.029132843017578125e+00 -7.387553691864013672e+00 0.000000000000000000e+00
-1.183952808380126953e+01 -4.212358474731445312e+00 0.000000000000000000e+00
-8.023684501647949219e+00 -3.235682249069213867e+00 0.000000000000000000e+00
-1.233818531036376953e+01 -7.084609270095825195e-01 0.000000000000000000e+00
-4.927120208740234375e+00 -1.240653610229492188e+01 0.000000000000000000e+00
1.609771919250488281e+01 -3.270364046096801758e+00 0.000000000000000000e+00
4.332323551177978516e+00 1.544505214691162109e+01 0.000000000000000000e+00
4.585461616516113281e+00 1.102578163146972656e+01 0.000000000000000000e+00
9.709674119949340820e-01 6.731883049011230469e+00 0.000000000000000000e+00
-4.364341259002685547e+00 -1.673974227905273438e+01 0.000000000000000000e+00
4.294933319091796875e+00 7.027659416198730469e+00 0.000000000000000000e+00
3.248219728469848633e+00 1.581319928169250488e+00 0.000000000000000000e+00
-1.564128100872039795e-01 -3.690603256225585938e+00 0.000000000000000000e+00
-2.582196950912475586e+00 2.466272592544555664e+00 0.000000000000000000e+00
6.644379138946533203e+00 1.590887260437011719e+01 0.000000000000000000e+00
-9.666839599609375000e+00 -4.859578609466552734e+00 0.000000000000000000e+00
9.143411636352539062e+00 1.038907170295715332e+00 0.000000000000000000e+00
-6.971533298492431641e+00 -1.370462417602539062e+01 0.000000000000000000e+00
2.740394830703735352e+00 -5.104293346405029297e+00 0.000000000000000000e+00
-4.092788219451904297e+00 8.992854118347167969e+00 0.000000000000000000e+00
-1.839753836393356323e-01 -1.365394592285156250e+01 0.000000000000000000e+00
-1.538860225677490234e+01 -7.767153739929199219e+00 0.000000000000000000e+00
1.194375228881835938e+01 -3.378494501113891602e+00 0.000000000000000000e+00
-4.447754621505737305e-01 8.439130187034606934e-01 0.000000000000000000e+00
-1.508344745635986328e+01 8.233075141906738281e+00 0.000000000000000000e+00
9.598435401916503906e+00 5.284598827362060547e+00 0.000000000000000000e+00
-2.307131290435791016e+00 -8.589680671691894531e+00 0.000000000000000000e+00
6.841963291168212891e+00 -3.970592737197875977e+00 0.000000000000000000e+00
1.726631736755371094e+01 2.410550832748413086e+00 0.000000000000000000e+00
1.863482952117919922e+00 1.669690132141113281e+01 0.000000000000000000e+00
-6.330423355102539062e+00 7.669132202863693237e-03 0.000000000000000000e+00
-2.074485063552856445e+00 -1.700595283508300781e+01 0.000000000000000000e+00
-8.125410079956054688e+00 -8.881068229675292969e+00 0.000000000000000000e+00
7.620321750640869141e+00 -1.289010620117187500e+01 0.000000000000000000e+00
1.311883068084716797e+01 -8.393479347229003906e+00 0.000000000000000000e+00
1.144245624542236328e+01 8.971275329589843750e+00 0.000000000000000000e+00
7.988324165344238281e+00 -2.986320972442626953e+00 0.000000000000000000e+00
-2.393394947052001953e+00 1.717913246154785156e+01 0.000000000000000000e+00
-1.447562694549560547e+01 -2.452493906021118164e+00 0.000000000000000000e+00
-3.984479606151580811e-02 -8.293369293212890625e+00 0.000000000000000000e+00
2.985153675079345703e+00 1.176371860504150391e+01 0.000000000000000000e+00
-1.162238693237304688e+01 -6.144850254058837891e+00 0.000000000000000000e+00
1.722081375122070312e+01 -6.172539591789245605e-01 0.000000000000000000e+00
-1.172436118125915527e+00 5.645282745361328125e+00 0.000000000000000000e+00
5.334322452545166016e+00 -1.739146828651428223e+00 0.000000000000000000e+00
-1.314644813537597656e+01 7.384124755859375000e+00 0.000000000000000000e+00
-8.059609413146972656e+00 -1.615455865859985352e+00 0.000000000000000000e+00
1.034766578674316406e+01 -1.369255352020263672e+01 0.000000000000000000e+00
-8.335889130830764771e-02 3.595161914825439453e+00 0.000000000000000000e+00
8.555796623229980469e+00 7.753619194030761719e+00 0.000000000000000000e+00
1.605126976966857910e+00 5.351728916168212891e+00 0.000000000000000000e+00
-1.678225135803222656e+01 -3.376453876495361328e+00 0.000000000000000000e+00
-6.199817180633544922e+00 6.637354850769042969e+00 0.000000000000000000e+00
-1.977037787437438965e+00 1.205370330810546875e+01 0.000000000000000000e+00
2.473398923873901367e+00 8.359364509582519531e+00 0.000000000000000000e+00
-1.462807369232177734e+01 4.056059837341308594e+00 0.000000000000000000e+00
-4.412956714630126953e+00 1.536980724334716797e+01 0.000000000000000000e+00
1.033342266082763672e+01 -5.210300683975219727e-01 0.000000000000000000e+00
1.038518619537353516e+01 1.379697799682617188e+01 0.000000000000000000e+00
-5.540138721466064453e+00 1.367299079895019531e+01 0.000000000000000000e+00
-4.192559719085693359e+00 -3.066568136215209961e+00 0.000000000000000000e+00
1.399231433868408203e+01 4.748692035675048828e+00 0.000000000000000000e+00
-9.999364852905273438e+00 -1.417048072814941406e+01 0.000000000000000000e+00
1.131245803833007812e+01 -7.876032352447509766e+00 0.000000000000000000e+00
-9.685725212097167969e+00 -2.981425285339355469e+00 0.000000000000000000e+00
-4.116652488708496094e+00 1.700021553039550781e+01 0.000000000000000000e+00
-1.244568634033203125e+01 -1.192470359802246094e+01 0.000000000000000000e+00
8.278027176856994629e-01 -1.109875440597534180e+00 0.000000000000000000e+00
4.903681755065917969e+00 3.136669635772705078e+00 0.000000000000000000e+00
1.155462932586669922e+01 1.092265987396240234e+01 0.000000000000000000e+00
-3.771490812301635742e+00 1.352493095397949219e+01 0.000000000000000000e+00
2.000367641448974609e+00 1.369645786285400391e+01 0.000000000000000000e+00
2.370794296264648438e+00 -2.987153828144073486e-01 0.000000000000000000e+00
-8.635750770568847656e+00 7.300566673278808594e+00 0.000000000000000000e+00
1.491145801544189453e+01 -4.970497131347656250e+00 0.000000000000000000e+00
3.244781970977783203e+00 -8.253245353698730469e+00 0.000000000000000000e+00
-5.358032584190368652e-01 7.095108032226562500e+00 0.000000000000000000e+00
1.426578998565673828e+01 -6.338969230651855469e+00 0.000000000000000000e+00
-9.526356697082519531e+00 -8.198225021362304688e+00 0.000000000000000000e+00
-1.213815116882324219e+01 6.094914436340332031e+00 0.000000000000000000e+00
6.065509796142578125e+00 8.393749237060546875e+00 0.000000000000000000e+00
-7.641960144042968750e+00 -1.541974353790283203e+01 0.000000000000000000e+00
1.589947700500488281e+01 -1.741344809532165527e+00 0.000000000000000000e+00
-8.117831230163574219e+00 -5.157976150512695312e+00 0.000000000000000000e+00
7.078401565551757812e+00 5.855953693389892578e+00 0.000000000000000000e+00
1.528257751464843750e+01 2.485153198242187500e+00 0.000000000000000000e+00
-1.191357898712158203e+01 1.064503669738769531e+01 0.000000000000000000e+00
-1.605142116546630859e+00 3.644674777984619141e+00 0.000000000000000000e+00
2.271972894668579102e+00 1.517786216735839844e+01 0.000000000000000000e+00
5.773440837860107422e+00 1.442246341705322266e+01 0.000000000000000000e+00
1.313818645477294922e+01 1.095747280120849609e+01 0.000000000000000000e+00
6.448853969573974609e+00 -1.612343215942382812e+01 0.000000000000000000e+00
1.450096416473388672e+01 9.673215866088867188e+00 0.000000000000000000e+00
1.198010253906250000e+01 3.455626487731933594e+00 0.000000000000000000e+00
-1.354238224029541016e+01 -3.670804500579833984e+00 0.000000000000000000e+00
9.149646759033203125e-01 2.172828197479248047e+00 0.000000000000000000e+00
1.730237364768981934e+00 -7.839360237121582031e+00 0.000000000000000000e+00
-1.369451045989990234e+01 1.073377418518066406e+01 0.000000000000000000e+00
-1.218200016021728516e+01 -1.007364940643310547e+01 0.000000000000000000e+00
-1.168985939025878906e+01 -2.169209480285644531e+00 0.000000000000000000e+00
-1.127395629882812500e+01 -1.328652667999267578e+01 0.000000000000000000e+00
-3.084778547286987305e+00 1.042556953430175781e+01 0.000000000000000000e+00
1.156332969665527344e+01 -1.119951629638671875e+01 0.000000000000000000e+00
4.456029415130615234e+00 -4.489470005035400391e+00 0.000000000000000000e+00
8.601292610168457031e+00 2.513987064361572266e+00 0.000000000000000000e+00
-1.478184223175048828e+01 -5.657176017761230469e+00 0.000000000000000000e+00
-1.219497966766357422e+01 -7.729748725891113281e+00 0.000000000000000000e+00
3.657468080520629883e+00 -1.165187931060791016e+01 0.000000000000000000e+00
