8.329710006713867188e+00 -1.179925918579101562e+00 0.000000000000000000e+00
-5.257082939147949219e+00 -4.842500686645507812e+00 0.000000000000000000e+00
-5.012537956237792969e+00 -1.638859748840332031e+01 0.000000000000000000e+00
1.718633651733398438e+00 1.152470016479492188e+01 0.000000000000000000e+00
3.665930747985839844e+00 3.663444995880126953e+00 0.000000000000000000e+00
-3.120124578475952148e+00 7.561178684234619141e+00 0.000000000000000000e+00
5.057134151458740234e+00 1.148130321502685547e+01 0.000000000000000000e+00
-1.504219913482666016e+01 4.641087055206298828e-01 0.000000000000000000e+00
3.655499935150146484e+00 -1.357367706298828125e+01 0.000000000000000000e+00
-7.770119190216064453e+00 -8.582173347473144531e+00 0.000000000000000000e+00
-1.569870948791503906e+00 1.286791992187500000e+01 0.000000000000000000e+00
1.551325893402099609e+01 1.394146442413330078e+00 0.000000000000000000e+00
3.198605298995971680e+00 -1.807082056999206543e+00 0.000000000000000000e+00
1.074158382415771484e+01 -7.445178031921386719e+00 0.000000000000000000e+00
8.654037714004516602e-01 1.361531925201416016e+01 0.000000000000000000e+00
8.736474990844726562e+00 7.306327819824218750e+00 0.000000000000000000e+00
4.160401821136474609e-01 -6.639587879180908203e+00 0.000000000000000000e+00
-5.850477218627929688e+00 -3.232188701629638672e+00 0.000000000000000000e+00
-1.358497381210327148e+00 6.138491153717041016e+00 0.000000000000000000e+00
-1.022414207458496094e+01 5.052698612213134766e+00 0.000000000000000000e+00
9.609233856201171875e+00 3.576639652252197266e+00 0.000000000000000000e+00
1.328374624252319336e+00 8.911925315856933594e+00 0.000000000000000000e+00
-1.208760738372802734e+01 -1.060915374755859375e+01 0.000000000000000000e+00
-3.583403110504150391e+00 -4.631170272827148438e+00 0.000000000000000000e+00
-6.643224239349365234e+00 -1.497616195678710938e+01 0.000000000000000000e+00
1.468178939819335938e+01 -2.826682329177856445e+00 0.000000000000000000e+00
2.374676465988159180e+00 1.496615648269653320e+00 0.000000000000000000e+00
-8.206725120544433594e+00 8.823756217956542969e+00 0.000000000000000000e+00
9.016054123640060425e-02 1.083036422729492188e+01 0.000000000000000000e+00
-1.375585651397705078e+01 1.057790279388427734e+01 0.000000000000000000e+00
-7.351124286651611328e+00 1.285207653045654297e+01 0.000000000000000000e+00
3.998601198196411133e+00 -9.890631675720214844e+00 0.000000000000000000e+00
1.527067661285400391e+00 -1.000956058502197266e+01 0.000000000000000000e+00
-1.096748828887939453e+01 1.601017117500305176e+00 0.000000000000000000e+00
-1.943855285644531250e+00 -1.115359020233154297e+01 0.000000000000000000e+00
6.557376861572265625e+00 1.234626007080078125e+01 0.000000000000000000e+00
-2.062959037721157074e-02 -9.052089691162109375e+00 0.000000000000000000e+00
-2.619292020797729492e+00 2.557005882263183594e+00 0.000000000000000000e+00
5.858655929565429688e+00 7.403553962707519531e+00 0.000000000000000000e+00
6.767823696136474609e+00 1.545492553710937500e+01 0.000000000000000000e+00
1.395179939270019531e+01 4.266028404235839844e+00 0.000000000000000000e+00
5.550496101379394531e+00 3.610589027404785156e+00 0.000000000000000000e+00
3.490224361419677734e+00 -8.194193840026855469e+00 0.000000000000000000e+00
1.113249778747558594e+01 2.047572851181030273e+00 0.000000000000000000e+00
2.387256145477294922e+00 1.450690555572509766e+01 0.000000000000000000e+00
7.483705520629882812e+00 -1.203286457061767578e+01 0.000000000000000000e+00
5.488756895065307617e-01 -8.407768011093139648e-01 0.000000000000000000e+00
-1.212911701202392578e+01 -7.020110607147216797e+00 0.000000000000000000e+00
1.310701489448547363e+00 -1.200171279907226562e+01 0.000000000000000000e+00
-1.166411113739013672e+01 -3.151523113250732422e+00 0.000000000000000000e+00
3.692144393920898438e+00 1.349231815338134766e+01 0.000000000000000000e+00
7.339689731597900391e-01 -1.427375125885009766e+01 0.000000000000000000e+00
4.493705749511718750e+00 -4.741250514984130859e+00 0.000000000000000000e+00
-1.560861206054687500e+01 -4.897418022155761719e+00 0.000000000000000000e+00
1.183547210693359375e+01 6.631408691406250000e+00 0.000000000000000000e+00
9.094331741333007812e+00 -1.376808357238769531e+01 0.000000000000000000e+00
-4.451793670654296875e+00 1.070127868652343750e+01 0.000000000000000000e+00
-1.279536724090576172e+01 -8.666041374206542969e+00 0.000000000000000000e+00
5.646955490112304688e+00 -3.592201948165893555e+00 0.000000000000000000e+00
9.252187728881835938e+00 5.417485237121582031e+00 0.000000000000000000e+00
-6.325186729431152344e+00 -1.565172672271728516e+00 0.000000000000000000e+00
7.792181968688964844e+00 4.851579666137695312e+00 0.000000000000000000e+00
-1.109772443771362305e+00 -2.827387809753417969e+00 0.000000000000000000e+00
-1.778670027852058411e-02 3.616008758544921875e+00 0.000000000000000000e+00
-9.636646270751953125e+00 -4.888126850128173828e+00 0.000000000000000000e+00
8.214399337768554688e+00 -8.918900489807128906e+00 0.000000000000000000e+00
-8.546644210815429688e+00 1.113437843322753906e+01 0.000000000000000000e+00
-1.155682563781738281e+01 1.154132175445556641e+01 0.000000000000000000e+00
1.509596824645996094e+01 -5.635377883911132812e+00 0.000000000000000000e+00
-8.926142692565917969e+00 -1.318132686614990234e+01 0.000000000000000000e+00
6.842790246009826660e-01 1.200220346450805664e+00 0.000000000000000000e+00
1.367035865783691406e+01 1.017964363098144531e+01 0.000000000000000000e+00
1.704620742797851562e+01 2.794926166534423828e-01 0.000000000000000000e+00
5.004498481750488281e+00 9.900978088378906250e+00 0.000000000000000000e+00
-9.288934707641601562e+00 3.840669393539428711e-01 0.000000000000000000e+00
9.402564048767089844e+00 -1.020458984375000000e+01 0.000000000000000000e+00
1.959150433540344238e+00 1.619320869445800781e+01 0.000000000000000000e+00
-2.708619356155395508e+00 4.189874172210693359e+00 0.000000000000000000e+00
1.652430725097656250e+01 -3.779439210891723633e+00 0.000000000000000000e+00
1.422514081001281738e+00 4.833510398864746094e+00 0.000000000000000000e+00
-8.921451568603515625e+00 -1.119408512115478516e+01 0.000000000000000000e+00
9.501712799072265625e+00 -6.190775394439697266e+00 0.000000000000000000e+00
7.876147747039794922e+00 8.849901199340820312e+00 0.000000000000000000e+00
-1.229711532592773438e+01 5.883044719696044922e+00 0.000000000000000000e+00
1.021936988830566406e+01 8.584095001220703125e+00 0.000000000000000000e+00
1.543230295181274414e+00 2.989725112915039062e+00 0.000000000000000000e+00
-3.183305501937866211e+00 9.498184323310852051e-01 0.000000000000000000e+00
-4.896894931793212891e+00 -1.206819629669189453e+01 0.000000000000000000e+00
1.165320396423339844e+00 -3.154147624969482422e+00 0.000000000000000000e+00
5.894123554229736328e+00 -1.143116831779479980e+00 0.000000000000000000e+00
-7.817732810974121094e+00 1.469577026367187500e+01 0.000000000000000000e+00
-7.269426345825195312e+00 3.556933403015136719e-01 0.000000000000000000e+00
-6.662364482879638672e+00 2.726123571395874023e+00 0.000000000000000000e+00
1.243632698059082031e+01 8.807351112365722656e+00 0.000000000000000000e+00
-4.553161144256591797e+00 6.927131652832031250e+00 0.000000000000000000e+00
4.548136234283447266e+00 -1.212098884582519531e+01 0.000000000000000000e+00
1.140678024291992188e+01 -5.572380065917968750e+00 0.000000000000000000e+00
-2.413809537887573242e+00 -1.673475074768066406e+01 0.000000000000000000e+00
7.979355335235595703e+00 1.166406750679016113e+00 0.000000000000000000e+00
-2.462466239929199219e+00 -7.039982080459594727e-01 0.000000000000000000e+00
-8.551372528076171875e+00 -2.444418191909790039e+00 0.000000000000000000e+00
-9.581840515136718750e+00 1.429149341583251953e+01 0.000000000000000000e+00
-8.904348373413085938e+00 5.934359073638916016e+00 0.000000000000000000e+00
-4.571693420410156250e+00 1.653707504272460938e+01 0.000000000000000000e+00
1.268898105621337891e+01 1.342590928077697754e+00 0.000000000000000000e+00
-1.677033233642578125e+01 3.211755514144897461e+00 0.000000000000000000e+00
-1.521631717681884766e+01 8.234415054321289062e+00 0.000000000000000000e+00
4.690886020660400391e+00 2.357224941253662109e+00 0.000000000000000000e+00
1.543040657043457031e+01 8.171145439147949219e+00 0.000000000000000000e+00
-6.753678798675537109e+00 -1.049398708343505859e+01 0.000000000000000000e+00
1.527343368530273438e+01 -8.269374847412109375e+00 0.000000000000000000e+00
-1.037225246429443359e+01 3.550251722335815430e+00 0.000000000000000000e+00
-1.412928009033203125e+01 -9.659756660461425781e+00 0.000000000000000000e+00
-4.140571117401123047e+00 -9.090480208396911621e-01 0.000000000000000000e+00
-2.772038221359252930e+00 1.429874897003173828e+01 0.000000000000000000e+00
3.636725187301635742e+00 1.623304748535156250e+01 0.000000000000000000e+00
-9.603343158960342407e-02 7.337364196777343750e+00 0.000000000000000000e+00
-9.319269180297851562e+00 -8.531126022338867188e+00 0.000000000000000000e+00
-7.400995731353759766e+00 -1.273003768920898438e+01 0.000000000000000000e+00
-1.151317119598388672e+01 7.879234313964843750e+00 0.000000000000000000e+00
-1.603781127929687500e+01 6.486923694610595703e+00 0.000000000000000000e+00
-1.346814441680908203e+01 -3.434583902359008789e+00 0.000000000000000000e+00
1.277575206756591797e+01 -7.831528186798095703e+00 0.000000000000000000e+00
3.631472349166870117e+00 6.693490505218505859e+00 0.000000000000000000e+00
-1.351326942443847656e+01 3.585806131362915039e+00 0.000000000000000000e+00
-4.040060997009277344e+00 1.283080959320068359e+01 0.000000000000000000e+00
6.931036949157714844e+00 1.012449645996093750e+01 0.000000000000000000e+00
7.381117343902587891e+00 6.377520084381103516e+00 0.000000000000000000e+00
7.582699298858642578e+00 3.004118204116821289e+00 0.000000000000000000e+00
7.971940994262695312e+00 -7.000973701477050781e+00 0.000000000000000000e+00
5.529392719268798828e+00 7.169718742370605469e-01 0.000000000000000000e+00
1.112521553039550781e+01 4.855787277221679688e+00 0.000000000000000000e+00
2.201288938522338867e+00 -6.051378250122070312e-01 0.000000000000000000e+00
1.337424278259277344e+01 -9.564651489257812500e+00 0.000000000000000000e+00
-1.231214904785156250e+01 -1.013650894165039062e+00 0.000000000000000000e+00
1.161390018463134766e+01 1.065553092956542969e+01 0.000000000000000000e+00
-7.873994350433349609e+00 -4.063554286956787109e+00 0.000000000000000000e+00
9.832436561584472656e+00 1.023616504669189453e+01 0.000000000000000000e+00
-1.057937622070312500e+01 -1.067306327819824219e+01 0.000000000000000000e+00
-1.140137481689453125e+01 -5.329796314239501953e+00 0.000000000000000000e+00
9.518396377563476562e+00 -2.913208723068237305e+00 0.000000000000000000e+00
-8.008445739746093750e+00 7.226834297180175781e+00 0.000000000000000000e+00
8.643072128295898438e+00 1.206436634063720703e+01 0.000000000000000000e+00
1.095866584777832031e+01 -3.537901163101196289e+00 0.000000000000000000e+00
-6.731393814086914062e+00 1.003353977203369141e+01 0.000000000000000000e+00
1.145386409759521484e+01 -1.828143596649169922e-01 0.000000000000000000e+00
-1.529668426513671875e+01 -2.961414098739624023e+00 0.000000000000000000e+00
-5.584400653839111328e+00 -8.129916191101074219e+00 0.000000000000000000e+00
-8.425105214118957520e-01 -1.602992630004882812e+01 0.000000000000000000e+00
1.546822166442871094e+01 5.756959915161132812e+00 0.000000000000000000e+00
-6.705265522003173828e+00 4.330612182617187500e+00 0.000000000000000000e+00
2.336545705795288086e+00 -5.338368892669677734e+00 0.000000000000000000e+00
-3.675137519836425781e+00 -7.389203071594238281e+00 0.000000000000000000e+00
1.316764259338378906e+01 -7.307909131050109863e-01 0.000000000000000000e+00
-4.338461875915527344e+00 -1.355755233764648438e+01 0.000000000000000000e+00
1.259109878540039062e+01 5.302292346954345703e+00 0.000000000000000000e+00
3.392292737960815430e+00 -1.576315689086914062e+01 0.000000000000000000e+00
1.989016890525817871e+00 6.387700080871582031e+00 0.000000000000000000e+00
3.823804855346679688e+00 8.911628723144531250e-01 0.000000000000000000e+00
7.190505504608154297e+00 -3.835340499877929688e+00 0.000000000000000000e+00
-5.110476970672607422e+00 1.260275483131408691e+00 0.000000000000000000e+00
-1.375912952423095703e+01 -1.784920215606689453e+00 0.000000000000000000e+00
-3.888844966888427734e+00 -3.006967544555664062e+00 0.000000000000000000e+00
1.082979583740234375e+01 -9.646169662475585938e+00 0.000000000000000000e+00
6.607363700866699219e+00 -6.044695854187011719e+00 0.000000000000000000e+00
-7.525061607360839844e+00 -5.874797344207763672e+00 0.000000000000000000e+00
-1.527362155914306641e+01 4.157271862030029297e+00 0.000000000000000000e+00
-2.313011169433593750e+00 9.780151367187500000e+00 0.000000000000000000e+00
5.018035411834716797e+00 -7.617012500762939453e+00 0.000000000000000000e+00
-3.235766887664794922e-01 1.664463996887207031e+01 0.000000000000000000e+00
6.448283195495605469e+00 -1.377479743957519531e+01 0.000000000000000000e+00
-1.393330669403076172e+01 1.981682062149047852e+00 0.000000000000000000e+00
1.611730575561523438e+01 -2.068647384643554688e+00 0.000000000000000000e+00
2.230910539627075195e+00 -1.473308658599853516e+01 0.000000000000000000e+00
1.631694793701171875e+01 3.424719333648681641e+00 0.000000000000000000e+00
1.010951280593872070e+00 -1.647487258911132812e+01 0.000000000000000000e+00
-1.065228939056396484e+01 -1.248939609527587891e+01 0.000000000000000000e+00
-1.326520442962646484e+00 -1.441245651245117188e+01 0.000000000000000000e+00
9.803272247314453125e+00 -4.601936340332031250e+00 0.000000000000000000e+00
6.050360679626464844e+00 -1.636855697631835938e+01 0.000000000000000000e+00
5.719811916351318359e+00 -1.068058300018310547e+01 0.000000000000000000e+00
-1.293878459930419922e+01 8.712890625000000000e+00 0.000000000000000000e+00
-5.277553200721740723e-01 -4.218516826629638672e+00 0.000000000000000000e+00
-5.213308811187744141e+00 1.485630035400390625e+01 0.000000000000000000e+00
1.046452140808105469e+01 -1.266274738311767578e+01 0.000000000000000000e+00
-6.229082107543945312e+00 6.295159339904785156e+00 0.000000000000000000e+00
-1.012713241577148438e+01 -1.945562362670898438e+00 0.000000000000000000e+00
8.573877811431884766e-01 1.517527484893798828e+01 0.000000000000000000e+00
3.092025995254516602e+00 -1.165805435180664062e+01 0.000000000000000000e+00
-1.232775592803955078e+01 8.192945718765258789e-01 0.000000000000000000e+00
-1.020692443847656250e+01 1.083180618286132812e+01 0.000000000000000000e+00
-1.831572771072387695e+00 -7.049658298492431641e+00 0.000000000000000000e+00
6.018430709838867188e+00 5.404730796813964844e+00 0.000000000000000000e+00
-4.382934093475341797e+00 -1.037722110748291016e+01 0.000000000000000000e+00
1.359672927856445312e+01 -5.724905014038085938e+00 0.000000000000000000e+00
8.371260643005371094e+00 1.483105468750000000e+01 0.000000000000000000e+00
-5.408223628997802734e+00 8.509614944458007812e+00 0.000000000000000000e+00
-2.772585391998291016e+00 1.611182022094726562e+01 0.000000000000000000e+00
7.738653182983398438e+00 -1.037912559509277344e+01 0.000000000000000000e+00
9.743390083312988281e+00 1.292222976684570312e+00 0.000000000000000000e+00
-3.447879314422607422e+00 -1.521075248718261719e+01 0.000000000000000000e+00
-1.411360359191894531e+01 -6.591058254241943359e+00 0.000000000000000000e+00
-2.821658611297607422e+00 -1.300721931457519531e+01 0.000000000000000000e+00
-9.219172477722167969e+00 -6.497706890106201172e+00 0.000000000000000000e+00
1.247966384887695312e+01 -1.119827651977539062e+01 0.000000000000000000e+00
3.294138908386230469e+00 1.048860549926757812e+01 0.000000000000000000e+00
4.532803058624267578e+00 8.157292366027832031e+00 0.000000000000000000e+00
-4.738634586334228516e+00 4.859088897705078125e+00 0.000000000000000000e+00
-2.233838558197021484e+00 1.140283775329589844e+01 0.000000000000000000e+00
-1.710612487792968750e+01 1.149523735046386719e+00 0.000000000000000000e+00
1.068650054931640625e+01 1.380998992919921875e+01 0.000000000000000000e+00
-4.358806610107421875e+00 3.329472064971923828e+00 0.000000000000000000e+00
-2.427291870117187500e+00 -8.686970710754394531e+00 0.000000000000000000e+00
-1.636345863342285156e+01 -1.390259504318237305e+00 0.000000000000000000e+00
-1.462244796752929688e+01 -8.086368560791015625e+00 0.000000000000000000e+00
-1.216899108886718750e+01 4.291523456573486328e+00 0.000000000000000000e+00
-1.577553868293762207e+00 8.230644226074218750e+00 0.000000000000000000e+00
-1.158956718444824219e+01 9.617972373962402344e+00 0.000000000000000000e+00
-8.342240333557128906e+00 4.121057987213134766e+00 0.000000000000000000e+00
1.298830699920654297e+01 -2.575042486190795898e+00 0.000000000000000000e+00
1.427961349487304688e+01 2.778962373733520508e+00 0.000000000000000000e+00
1.070495891571044922e+01 -1.116815757751464844e+01 0.000000000000000000e+00
-6.454574108123779297e+00 1.625514221191406250e+01 0.000000000000000000e+00
-2.100760303437709808e-02 5.316100597381591797e+00 0.000000000000000000e+00
-2.149626731872558594e+00 -3.988806486129760742e+00 0.000000000000000000e+00
-1.036716556549072266e+01 6.788599014282226562e+00 0.000000000000000000e+00
-9.782509803771972656e+00 8.236268997192382812e+00 0.000000000000000000e+00
7.751100540161132812e+00 -1.489371490478515625e+01 0.000000000000000000e+00
1.135402488708496094e+01 -1.710528016090393066e+00 0.000000000000000000e+00
-1.192633748054504395e+00 1.452911186218261719e+01 0.000000000000000000e+00
8.080657005310058594e+00 -5.158805847167968750e+00 0.000000000000000000e+00
-1.013118982315063477e+00 9.399176836013793945e-01 0.000000000000000000e+00
1.412005901336669922e+01 -7.154881000518798828e+00 0.000000000000000000e+00
1.019353389739990234e+01 6.720209598541259766e+00 0.000000000000000000e+00
1.560218811035156250e+00 -8.318313598632812500e+00 0.000000000000000000e+00
9.020558357238769531e+00 -1.167289066314697266e+01 0.000000000000000000e+00
5.308032989501953125e+00 1.378805637359619141e+01 0.000000000000000000e+00
1.517114639282226562e+01 -8.009613752365112305e-01 0.000000000000000000e+00
-8.604697227478027344e+00 1.763250231742858887e+00 0.000000000000000000e+00
-1.572095108032226562e+01 -6.499382495880126953e+00 0.000000000000000000e+00
6.458467960357666016e+00 -8.187415122985839844e+00 0.000000000000000000e+00
-1.321813774108886719e+01 7.077798843383789062e+00 0.000000000000000000e+00
-5.898099422454833984e+00 1.328983688354492188e+01 0.000000000000000000e+00
1.232037162780761719e+01 1.241636466979980469e+01 0.000000000000000000e+00
-6.933419108390808105e-01 -1.216992282867431641e+01 0.000000000000000000e+00
3.840049743652343750e+00 -6.124964714050292969e+00 0.000000000000000000e+00
-1.089764690399169922e+01 -9.376672655344009399e-02 0.000000000000000000e+00
-2.362122297286987305e+00 -5.556564807891845703e+00 0.000000000000000000e+00
-5.129161357879638672e+00 -6.619560718536376953e+00 0.000000000000000000e+00
-9.454467773437500000e+00 1.235348987579345703e+01 0.000000000000000000e+00
-1.680862617492675781e+01 -3.895989656448364258e+00 0.000000000000000000e+00
-1.210478401184082031e+01 2.589385271072387695e+00 0.000000000000000000e+00
1.348593616485595703e+01 6.591880798339843750e+00 0.000000000000000000e+00
1.419153499603271484e+01 -4.291932106018066406e+00 0.000000000000000000e+00
-8.592562675476074219e+00 -1.493428325653076172e+01 0.000000000000000000e+00
1.039836502075195312e+01 1.189496994018554688e+01 0.000000000000000000e+00
