-2.223796950219502744e+00 -1.444291218624013995e+00
-1.963961706354339753e+00 -2.215951623428417672e-01
-1.704126462489176763e+00 1.001100893938330350e+00
-1.444291218624013995e+00 2.223796950219502744e+00
-1.001100893938330350e+00 -1.704126462489176763e+00
-7.412656500731675813e-01 -4.814304062080046465e-01
-4.814304062080046465e-01 7.412656500731675813e-01
-2.215951623428417672e-01 1.963961706354339753e+00
2.215951623428417672e-01 -1.963961706354339753e+00
4.814304062080046465e-01 -7.412656500731675813e-01
7.412656500731675813e-01 4.814304062080046465e-01
1.001100893938330350e+00 1.704126462489176763e+00
1.444291218624013995e+00 -2.223796950219502744e+00
1.704126462489176763e+00 -1.001100893938330350e+00
1.963961706354339753e+00 2.215951623428417672e-01
2.223796950219502744e+00 1.444291218624013995e+00
