1.573398685455322266e+01 5.663902282714843750e+00 0.000000000000000000e+00
8.476843833923339844e+00 -1.650310397148132324e+00 0.000000000000000000e+00
-1.529146671295166016e+01 3.296051263809204102e+00 0.000000000000000000e+00
-7.181125164031982422e+00 4.906993865966796875e+00 0.000000000000000000e+00
-2.770959377288818359e+00 -1.409407043457031250e+01 0.000000000000000000e+00
-9.120828628540039062e+00 -1.827454090118408203e+00 0.000000000000000000e+00
1.612141990661621094e+01 2.517992019653320312e+00 0.000000000000000000e+00
-1.566288948059082031e+01 5.673209190368652344e+00 0.000000000000000000e+00
5.012781143188476562e+00 1.031592082977294922e+01 0.000000000000000000e+00
7.176295757293701172e+00 -3.101481199264526367e+00 0.000000000000000000e+00
-9.579775810241699219e+00 -8.482260704040527344e+00 0.000000000000000000e+00
6.397926807403564453e+00 -1.219985485076904297e+01 0.000000000000000000e+00
7.452431201934814453e+00 4.592210769653320312e+00 0.000000000000000000e+00
-6.528169155120849609e+00 8.051839828491210938e+00 0.000000000000000000e+00
1.139684486389160156e+01 -9.602859497070312500e+00 0.000000000000000000e+00
1.125864410400390625e+01 -6.641615867614746094e+00 0.000000000000000000e+00
5.576335906982421875e+00 1.245902919769287109e+01 0.000000000000000000e+00
1.351640987396240234e+01 -8.770144462585449219e+00 0.000000000000000000e+00
4.906267225742340088e-01 2.537678241729736328e+00 0.000000000000000000e+00
9.210909843444824219e+00 1.089184665679931641e+01 0.000000000000000000e+00
-7.845627307891845703e+00 1.438315677642822266e+01 0.000000000000000000e+00
9.189123153686523438e+00 9.122378349304199219e+00 0.000000000000000000e+00
3.373841047286987305e+00 -4.883746623992919922e+00 0.000000000000000000e+00
1.776109695434570312e+00 1.319681167602539062e+01 0.000000000000000000e+00
1.512966251373291016e+01 4.267605304718017578e+00 0.000000000000000000e+00
-5.923353195190429688e+00 2.180952310562133789e+00 0.000000000000000000e+00
-2.145231723785400391e+00 -8.660746574401855469e+00 0.000000000000000000e+00
1.335115718841552734e+01 -4.345684528350830078e+00 0.000000000000000000e+00
8.662204742431640625e+00 2.227180480957031250e+00 0.000000000000000000e+00
1.877061367034912109e+00 -9.642312049865722656e+00 0.000000000000000000e+00
-4.580468177795410156e+00 -1.379584312438964844e+01 0.000000000000000000e+00
-2.886124134063720703e+00 4.410161018371582031e+00 0.000000000000000000e+00
1.488630676269531250e+01 1.175634562969207764e-01 0.000000000000000000e+00
1.406204605102539062e+01 -2.681887626647949219e+00 0.000000000000000000e+00
-4.131580829620361328e+00 -1.140003013610839844e+01 0.000000000000000000e+00
-1.036324882507324219e+01 1.097432327270507812e+01 0.000000000000000000e+00
1.742634010314941406e+01 -7.289608716964721680e-01 0.000000000000000000e+00
3.383059501647949219e+00 1.260398483276367188e+01 0.000000000000000000e+00
-4.520021915435791016e+00 -5.410151958465576172e+00 0.000000000000000000e+00
-6.465997695922851562e+00 -1.161611461639404297e+01 0.000000000000000000e+00
4.965942859649658203e+00 -6.238134860992431641e+00 0.000000000000000000e+00
1.610357093811035156e+01 -5.034885883331298828e+00 0.000000000000000000e+00
6.356348037719726562e+00 7.059658050537109375e+00 0.000000000000000000e+00
-7.572662085294723511e-02 -2.311303138732910156e+00 0.000000000000000000e+00
-5.131742954254150391e-01 -9.802000045776367188e+00 0.000000000000000000e+00
6.874582290649414062e+00 1.608596420288085938e+01 0.000000000000000000e+00
4.387789726257324219e+00 -1.439890480041503906e+01 0.000000000000000000e+00
-7.851185202598571777e-01 8.680552482604980469e+00 0.000000000000000000e+00
-5.123329639434814453e+00 1.117012214660644531e+01 0.000000000000000000e+00
-8.783704757690429688e+00 1.001016521453857422e+01 0.000000000000000000e+00
8.249511718750000000e+00 -1.105747032165527344e+01 0.000000000000000000e+00
9.413926124572753906e+00 -5.819312095642089844e+00 0.000000000000000000e+00
2.180827617645263672e+00 -1.233174800872802734e+01 0.000000000000000000e+00
1.263672447204589844e+01 7.079162120819091797e+00 0.000000000000000000e+00
1.061247825622558594e+01 7.826579093933105469e+00 0.000000000000000000e+00
7.288634300231933594e+00 1.030950641632080078e+01 0.000000000000000000e+00
1.092593955993652344e+01 2.565281391143798828e-01 0.000000000000000000e+00
-1.082497692108154297e+01 -2.702142477035522461e+00 0.000000000000000000e+00
-1.319657230377197266e+01 2.934234380722045898e+00 0.000000000000000000e+00
1.031475353240966797e+01 1.336220836639404297e+01 0.000000000000000000e+00
-2.651248931884765625e+00 -2.847291231155395508e+00 0.000000000000000000e+00
-2.760936021804809570e+00 6.085290431976318359e+00 0.000000000000000000e+00
-9.378395080566406250e-01 3.152566671371459961e+00 0.000000000000000000e+00
-9.776925086975097656e+00 -5.415659904479980469e+00 0.000000000000000000e+00
1.056952095031738281e+01 -1.246805906295776367e+00 0.000000000000000000e+00
7.104520320892333984e+00 -5.518074035644531250e+00 0.000000000000000000e+00
1.109905004501342773e+00 -7.514727115631103516e-01 0.000000000000000000e+00
-5.436190128326416016e+00 -8.379045486450195312e+00 0.000000000000000000e+00
-5.148016214370727539e-01 -1.372121143341064453e+01 0.000000000000000000e+00
2.888242483139038086e+00 1.083775615692138672e+01 0.000000000000000000e+00
1.512100219726562500e+00 8.333641052246093750e+00 0.000000000000000000e+00
9.865066409111022949e-01 6.892037868499755859e+00 0.000000000000000000e+00
-9.354269027709960938e+00 7.623692035675048828e+00 0.000000000000000000e+00
-2.945188999176025391e+00 -7.362137794494628906e+00 0.000000000000000000e+00
1.018208408355712891e+01 -2.829592943191528320e+00 0.000000000000000000e+00
-4.080146312713623047e+00 2.820038080215454102e+00 0.000000000000000000e+00
7.726602077484130859e+00 -1.864154189825057983e-01 0.000000000000000000e+00
-8.617405891418457031e+00 1.302935409545898438e+01 0.000000000000000000e+00
-1.528274655342102051e+00 -1.124064254760742188e+01 0.000000000000000000e+00
-9.376087188720703125e+00 -1.358798980712890625e+01 0.000000000000000000e+00
4.184496879577636719e+00 -9.945715904235839844e+00 0.000000000000000000e+00
3.781736850738525391e+00 -1.660072445869445801e+00 0.000000000000000000e+00
-1.574189782142639160e+00 1.300689601898193359e+01 0.000000000000000000e+00
-5.319434165954589844e+00 6.217798709869384766e+00 0.000000000000000000e+00
1.130777931213378906e+01 1.030008220672607422e+01 0.000000000000000000e+00
-7.230832576751708984e+00 -6.933484077453613281e+00 0.000000000000000000e+00
-4.982161819934844971e-01 4.855002880096435547e+00 0.000000000000000000e+00
7.193307399749755859e+00 1.786004066467285156e+00 0.000000000000000000e+00
-3.256169319152832031e+00 8.907939910888671875e+00 0.000000000000000000e+00
-1.202690124511718750e+01 1.198527431488037109e+01 0.000000000000000000e+00
-1.518534421920776367e+00 1.602759552001953125e+01 0.000000000000000000e+00
1.435607051849365234e+01 7.716927051544189453e+00 0.000000000000000000e+00
-8.957602500915527344e+00 4.504308223724365234e+00 0.000000000000000000e+00
4.930267810821533203e+00 4.676715850830078125e+00 0.000000000000000000e+00
8.320796012878417969e+00 1.526444244384765625e+01 0.000000000000000000e+00
-1.285296630859375000e+01 7.989150524139404297e+00 0.000000000000000000e+00
-2.989394426345825195e+00 1.416826438903808594e+01 0.000000000000000000e+00
-1.603058624267578125e+01 -5.421763062477111816e-01 0.000000000000000000e+00
-1.230426502227783203e+01 9.890729904174804688e+00 0.000000000000000000e+00
-1.516902446746826172e+01 7.396574497222900391e+00 0.000000000000000000e+00
1.130231261253356934e+00 -5.460813522338867188e+00 0.000000000000000000e+00
1.701619911193847656e+01 3.794867753982543945e+00 0.000000000000000000e+00
-1.409520244598388672e+01 -7.503100395202636719e+00 0.000000000000000000e+00
2.505217790603637695e+00 1.606859207153320312e+01 0.000000000000000000e+00
-1.094065189361572266e+01 4.831922054290771484e+00 0.000000000000000000e+00
-7.093342304229736328e+00 -4.510900020599365234e+00 0.000000000000000000e+00
1.554537010192871094e+01 -3.444508552551269531e+00 0.000000000000000000e+00
4.268607139587402344e+00 1.662858581542968750e+01 0.000000000000000000e+00
9.060546875000000000e+00 -8.191046714782714844e+00 0.000000000000000000e+00
1.235509753227233887e+00 -1.563156414031982422e+01 0.000000000000000000e+00
7.053427696228027344e+00 -8.185145378112792969e+00 0.000000000000000000e+00
7.222997665405273438e+00 -1.506245517730712891e+01 0.000000000000000000e+00
2.834923982620239258e+00 5.092133045196533203e+00 0.000000000000000000e+00
-4.451704025268554688e+00 -7.132638692855834961e-01 0.000000000000000000e+00
1.322509288787841797e+01 2.839317798614501953e+00 0.000000000000000000e+00
-1.473956203460693359e+01 9.197333335876464844e+00 0.000000000000000000e+00
-8.587450385093688965e-01 -6.642708301544189453e+00 0.000000000000000000e+00
-1.835581362247467041e-01 1.714656829833984375e+01 0.000000000000000000e+00
-6.727555751800537109e+00 -9.460658073425292969e+00 0.000000000000000000e+00
-1.496682643890380859e+01 -3.701915025711059570e+00 0.000000000000000000e+00
-2.919240951538085938e+00 1.728331089019775391e+00 0.000000000000000000e+00
4.895438671112060547e+00 -4.123996257781982422e+00 0.000000000000000000e+00
1.356302928924560547e+01 5.186273097991943359e+00 0.000000000000000000e+00
1.436231231689453125e+01 9.382634162902832031e+00 0.000000000000000000e+00
-5.033394694328308105e-01 4.213515818119049072e-01 0.000000000000000000e+00
3.089178085327148438e+00 -6.965394973754882812e+00 0.000000000000000000e+00
-4.290255069732666016e+00 -2.422130823135375977e+00 0.000000000000000000e+00
-1.203653335571289062e+01 -6.979619503021240234e+00 0.000000000000000000e+00
-8.961297988891601562e+00 1.206273317337036133e+00 0.000000000000000000e+00
-4.295966148376464844e+00 1.547730255126953125e+01 0.000000000000000000e+00
-1.402079391479492188e+01 4.857209682464599609e+00 0.000000000000000000e+00
1.068061065673828125e+01 2.245501756668090820e+00 0.000000000000000000e+00
4.514766693115234375e+00 -1.644643592834472656e+01 0.000000000000000000e+00
5.779095888137817383e-01 1.057451725006103516e+01 0.000000000000000000e+00
-1.052034020423889160e+00 -1.584880542755126953e+01 0.000000000000000000e+00
-2.566216945648193359e+00 -1.659635543823242188e+01 0.000000000000000000e+00
9.525429725646972656e+00 -1.315272045135498047e+01 0.000000000000000000e+00
-9.624508857727050781e+00 1.435475826263427734e+01 0.000000000000000000e+00
-1.103541564941406250e+01 2.678920269012451172e+00 0.000000000000000000e+00
-1.133062553405761719e+01 -9.330956459045410156e+00 0.000000000000000000e+00
-7.197371482849121094e+00 -1.520181083679199219e+01 0.000000000000000000e+00
-1.390565872192382812e+00 -3.910027503967285156e+00 0.000000000000000000e+00
-7.669025897979736328e+00 1.182574844360351562e+01 0.000000000000000000e+00
-1.350036334991455078e+01 6.531672954559326172e+00 0.000000000000000000e+00
-1.518612575531005859e+01 -6.029015541076660156e+00 0.000000000000000000e+00
7.954546928405761719e+00 -6.936963081359863281e+00 0.000000000000000000e+00
-5.710216045379638672e+00 -6.770854949951171875e+00 0.000000000000000000e+00
-1.260823249816894531e+00 6.921938419342041016e+00 0.000000000000000000e+00
-5.335053801536560059e-01 -1.745603179931640625e+01 0.000000000000000000e+00
-1.151084423065185547e+00 1.089239406585693359e+01 0.000000000000000000e+00
5.455468177795410156e+00 -2.204747915267944336e+00 0.000000000000000000e+00
1.427930068969726562e+01 1.534468293190002441e+00 0.000000000000000000e+00
-1.118040561676025391e+01 5.521690249443054199e-01 0.000000000000000000e+00
1.719360542297363281e+01 -2.685526371002197266e+00 0.000000000000000000e+00
5.006666183471679688e+00 2.464304685592651367e+00 0.000000000000000000e+00
1.298707294464111328e+01 -6.889959812164306641e+00 0.000000000000000000e+00
-9.543591499328613281e+00 3.102525711059570312e+00 0.000000000000000000e+00
-1.704380226135253906e+01 -3.802230119705200195e+00 0.000000000000000000e+00
5.154893875122070312e+00 -8.333624839782714844e+00 0.000000000000000000e+00
1.574805164337158203e+01 -1.728707075119018555e+00 0.000000000000000000e+00
1.089759922027587891e+01 -1.186507034301757812e+01 0.000000000000000000e+00
1.531172180175781250e+01 -8.156637191772460938e+00 0.000000000000000000e+00
-1.740684509277343750e+01 -1.255060434341430664e+00 0.000000000000000000e+00
-7.469184875488281250e+00 -2.182003021240234375e+00 0.000000000000000000e+00
7.619275093078613281e+00 1.298868846893310547e+01 0.000000000000000000e+00
6.374465942382812500e+00 -1.068181228637695312e+01 0.000000000000000000e+00
8.902568817138671875e+00 6.694683074951171875e+00 0.000000000000000000e+00
-2.192674160003662109e+00 1.866509169340133667e-01 0.000000000000000000e+00
-5.594571113586425781e+00 3.936516284942626953e+00 0.000000000000000000e+00
-1.305126380920410156e+01 -4.378794729709625244e-01 0.000000000000000000e+00
4.409831047058105469e+00 9.958326220512390137e-01 0.000000000000000000e+00
2.633398056030273438e+00 -3.332219600677490234e+00 0.000000000000000000e+00
9.261207580566406250e+00 2.249706089496612549e-01 0.000000000000000000e+00
1.595187485218048096e-01 -1.222827148437500000e+01 0.000000000000000000e+00
-5.859586238861083984e+00 1.677142530679702759e-01 0.000000000000000000e+00
8.889881968498229980e-01 -3.933882951736450195e+00 0.000000000000000000e+00
-4.637184619903564453e+00 1.391036033630371094e+01 0.000000000000000000e+00
1.188754463195800781e+01 1.211852741241455078e+01 0.000000000000000000e+00
3.738862037658691406e+00 -1.141262817382812500e+01 0.000000000000000000e+00
-1.686738777160644531e+01 2.468414068222045898e+00 0.000000000000000000e+00
8.851749420166015625e+00 -3.961786270141601562e+00 0.000000000000000000e+00
-1.093154621124267578e+01 -1.336592102050781250e+01 0.000000000000000000e+00
1.304425716400146484e+01 -1.135158157348632812e+01 0.000000000000000000e+00
-1.341620349884033203e+01 -5.746576309204101562e+00 0.000000000000000000e+00
1.343038272857666016e+01 -2.560181021690368652e-01 0.000000000000000000e+00
3.255352497100830078e+00 -1.538375377655029297e+01 0.000000000000000000e+00
-6.417378425598144531e+00 1.323903656005859375e+01 0.000000000000000000e+00
-5.680326938629150391e+00 -3.071314096450805664e+00 0.000000000000000000e+00
1.097452926635742188e+01 -4.405067443847656250e+00 0.000000000000000000e+00
-5.729404449462890625e+00 -1.651887130737304688e+01 0.000000000000000000e+00
3.714347839355468750e+00 1.440246963500976562e+01 0.000000000000000000e+00
8.829384803771972656e+00 3.973568201065063477e+00 0.000000000000000000e+00
-1.100801086425781250e+01 6.690930843353271484e+00 0.000000000000000000e+00
7.968717098236083984e+00 -9.470827102661132812e+00 0.000000000000000000e+00
-1.283641719818115234e+01 -3.528979063034057617e+00 0.000000000000000000e+00
-1.538844966888427734e+01 1.229722619056701660e+00 0.000000000000000000e+00
4.900016188621520996e-01 1.439502143859863281e+01 0.000000000000000000e+00
-9.280392646789550781e+00 -1.031056594848632812e+01 0.000000000000000000e+00
5.252613067626953125e+00 8.657698631286621094e+00 0.000000000000000000e+00
1.688095664978027344e+01 7.402213215827941895e-01 0.000000000000000000e+00
1.200144767761230469e+01 4.157796859741210938e+00 0.000000000000000000e+00
1.291593265533447266e+01 8.685444831848144531e+00 0.000000000000000000e+00
-1.020914459228515625e+01 -7.094863891601562500e+00 0.000000000000000000e+00
1.742132425308227539e+00 1.434675097465515137e+00 0.000000000000000000e+00
1.598017096519470215e+00 3.625189065933227539e+00 0.000000000000000000e+00
9.411743283271789551e-01 -7.903156757354736328e+00 0.000000000000000000e+00
-8.006793975830078125e+00 3.184541225433349609e+00 0.000000000000000000e+00
-1.032288646697998047e+01 -1.176987648010253906e+01 0.000000000000000000e+00
-7.881759643554687500e+00 -1.268783187866210938e+01 0.000000000000000000e+00
3.663072586059570312e+00 8.882811546325683594e+00 0.000000000000000000e+00
-1.321678352355957031e+01 1.433627009391784668e+00 0.000000000000000000e+00
3.602262020111083984e+00 6.617063522338867188e+00 0.000000000000000000e+00
-6.191224575042724609e+00 9.681596755981445312e+00 0.000000000000000000e+00
-1.606635665893554688e+01 -2.055679798126220703e+00 0.000000000000000000e+00
1.577457427978515625e+01 7.177247524261474609e+00 0.000000000000000000e+00
-3.989184141159057617e+00 7.148051738739013672e+00 0.000000000000000000e+00
-8.395627021789550781e+00 6.036224842071533203e+00 0.000000000000000000e+00
1.089428138732910156e+01 5.679424285888671875e+00 0.000000000000000000e+00
-7.259665966033935547e+00 -4.522259533405303955e-01 0.000000000000000000e+00
2.975914239883422852e+00 -3.669343888759613037e-01 0.000000000000000000e+00
7.661580085754394531e+00 8.677672386169433594e+00 0.000000000000000000e+00
-3.474357128143310547e+00 1.683381462097167969e+01 0.000000000000000000e+00
6.286396026611328125e+00 -7.398946881294250488e-01 0.000000000000000000e+00
2.833444595336914062e+00 -1.707136726379394531e+01 0.000000000000000000e+00
-3.615883111953735352e+00 -9.684784889221191406e+00 0.000000000000000000e+00
-3.236979722976684570e+00 1.168963718414306641e+01 0.000000000000000000e+00
2.905406475067138672e+00 2.685423851013183594e+00 0.000000000000000000e+00
9.747087478637695312e+00 -9.556672096252441406e+00 0.000000000000000000e+00
1.195834445953369141e+01 -2.020073175430297852e+00 0.000000000000000000e+00
-1.167870426177978516e+01 -1.363305091857910156e+00 0.000000000000000000e+00
-1.394846248626708984e+01 -2.341093301773071289e+00 0.000000000000000000e+00
-6.462039947509765625e+00 1.624825286865234375e+01 0.000000000000000000e+00
-1.293852233886718750e+01 -9.537038803100585938e+00 0.000000000000000000e+00
6.823060512542724609e+00 1.435252285003662109e+01 0.000000000000000000e+00
1.954058855772018433e-01 1.247178554534912109e+01 0.000000000000000000e+00
1.508472728729248047e+01 -6.561504840850830078e+00 0.000000000000000000e+00
5.172937393188476562e+00 1.403325748443603516e+01 0.000000000000000000e+00
-5.910993576049804688e+00 -1.365389585494995117e+00 0.000000000000000000e+00
-6.546489238739013672e+00 -1.375226116180419922e+01 0.000000000000000000e+00
-1.249843215942382812e+01 -1.151455307006835938e+01 0.000000000000000000e+00
3.406450033187866211e+00 -8.571199417114257812e+00 0.000000000000000000e+00
-2.837793111801147461e+00 -5.744323730468750000e+00 0.000000000000000000e+00
-9.388195991516113281e+00 -3.409896135330200195e+00 0.000000000000000000e+00
-2.888724327087402344e+00 -1.231175065040588379e+00 0.000000000000000000e+00
-1.096825504302978516e+01 8.731490135192871094e+00 0.000000000000000000e+00
-7.355031490325927734e+00 1.235905528068542480e+00 0.000000000000000000e+00
-4.142313480377197266e+00 -1.587145423889160156e+01 0.000000000000000000e+00
-1.250587177276611328e+01 4.519670963287353516e+00 0.000000000000000000e+00
1.753723740577697754e+00 -1.393907546997070312e+01 0.000000000000000000e+00
6.438901424407958984e+00 3.086065053939819336e+00 0.000000000000000000e+00
-5.274896144866943359e+00 -9.991672515869140625e+00 0.000000000000000000e+00
7.494044303894042969e+00 -1.327084445953369141e+01 0.000000000000000000e+00
1.327044391632080078e+01 1.107368469238281250e+01 0.000000000000000000e+00
1.236504268646240234e+01 1.180435061454772949e+00 0.000000000000000000e+00
-1.097653102874755859e+01 1.356592273712158203e+01 0.000000000000000000e+00
-1.143117189407348633e+00 -1.180631518363952637e+00 0.000000000000000000e+00
