-1.228689289093017578e+01 8.043851852416992188e+00 0.000000000000000000e+00
1.387648582458496094e+01 -2.163755416870117188e+00 0.000000000000000000e+00
1.105070233345031738e+00 1.242674446105957031e+01 0.000000000000000000e+00
-1.048467636108398438e+01 4.401482105255126953e+00 0.000000000000000000e+00
-6.891284942626953125e+00 -1.042278480529785156e+01 0.000000000000000000e+00
-4.463305473327636719e+00 -7.337273120880126953e+00 0.000000000000000000e+00
5.252270698547363281e+00 -8.753942489624023438e+00 0.000000000000000000e+00
-8.562883734703063965e-01 2.529720783233642578e+00 0.000000000000000000e+00
8.700515747070312500e+00 4.927239418029785156e+00 0.000000000000000000e+00
-1.244685935974121094e+01 -7.742862701416015625e+00 0.000000000000000000e+00
-5.168945789337158203e+00 -3.766407012939453125e+00 0.000000000000000000e+00
-5.049273014068603516e+00 -1.169060707092285156e+01 0.000000000000000000e+00
1.441212749481201172e+01 9.389826774597167969e+00 0.000000000000000000e+00
-1.186328887939453125e+01 -8.425980806350708008e-01 0.000000000000000000e+00
1.049706840515136719e+01 6.829191684722900391e+00 0.000000000000000000e+00
1.564178657531738281e+01 -3.556895732879638672e+00 0.000000000000000000e+00
-2.376582145690917969e+00 -1.647903680801391602e+00 0.000000000000000000e+00
-1.711102843284606934e+00 1.521623325347900391e+01 0.000000000000000000e+00
7.705222368240356445e-01 6.571311950683593750e+00 0.000000000000000000e+00
-1.061932945251464844e+01 -4.449312210083007812e+00 0.000000000000000000e+00
9.635894775390625000e+00 8.148086547851562500e+00 0.000000000000000000e+00
-1.565141677856445312e+01 5.355909347534179688e+00 0.000000000000000000e+00
8.444273948669433594e+00 -8.926754951477050781e+00 0.000000000000000000e+00
-1.308320808410644531e+01 4.208538055419921875e+00 0.000000000000000000e+00
1.494833564758300781e+01 -7.033193588256835938e+00 0.000000000000000000e+00
1.362510299682617188e+01 1.710648536682128906e-01 0.000000000000000000e+00
1.528629779815673828e+01 5.749118804931640625e+00 0.000000000000000000e+00
7.414487361907958984e+00 1.297639369964599609e+00 0.000000000000000000e+00
1.096971988677978516e+01 -2.278800010681152344e+00 0.000000000000000000e+00
-1.074741935729980469e+01 -1.324253463745117188e+01 0.000000000000000000e+00
-3.486817598342895508e+00 2.235089063644409180e+00 0.000000000000000000e+00
9.702115058898925781e+00 1.505665659904479980e+00 0.000000000000000000e+00
3.679831743240356445e+00 -2.848304510116577148e+00 0.000000000000000000e+00
4.417905807495117188e+00 -1.153909111022949219e+01 0.000000000000000000e+00
-5.470852851867675781e+00 -7.840110063552856445e-01 0.000000000000000000e+00
3.772401571273803711e+00 9.063306808471679688e+00 0.000000000000000000e+00
-1.525900077819824219e+01 2.168966293334960938e+00 0.000000000000000000e+00
-3.326714754104614258e+00 -1.092842769622802734e+01 0.000000000000000000e+00
-9.850520133972167969e+00 -8.588485717773437500e+00 0.000000000000000000e+00
1.035842037200927734e+01 -4.450697898864746094e+00 0.000000000000000000e+00
-8.560047149658203125e+00 -6.951948404312133789e-01 0.000000000000000000e+00
1.184771823883056641e+01 -1.090558338165283203e+01 0.000000000000000000e+00
-4.302620410919189453e+00 1.343234539031982422e+01 0.000000000000000000e+00
1.147077751159667969e+01 4.715337276458740234e+00 0.000000000000000000e+00
-1.702354907989501953e+00 1.217394924163818359e+01 0.000000000000000000e+00
7.553953170776367188e+00 -3.618196845054626465e-01 0.000000000000000000e+00
1.325944423675537109e+00 -8.991827011108398438e+00 0.000000000000000000e+00
-3.225550651550292969e+00 -4.879595756530761719e+00 0.000000000000000000e+00
-9.405293464660644531e+00 9.066197395324707031e+00 0.000000000000000000e+00
-8.437062501907348633e-01 6.686311244964599609e+00 0.000000000000000000e+00
-2.925009727478027344e+00 7.005120277404785156e+00 0.000000000000000000e+00
8.902959823608398438e+00 1.479653453826904297e+01 0.000000000000000000e+00
7.628282546997070312e+00 -4.374310016632080078e+00 0.000000000000000000e+00
1.635378265380859375e+01 7.564079761505126953e-01 0.000000000000000000e+00
-1.883633613586425781e+00 9.692997932434082031e+00 0.000000000000000000e+00
6.351189613342285156e+00 -1.563610744476318359e+01 0.000000000000000000e+00
-1.342749786376953125e+01 6.898660659790039062e+00 0.000000000000000000e+00
-2.771262645721435547e+00 -1.413740634918212891e+01 0.000000000000000000e+00
8.423417091369628906e+00 9.394805908203125000e+00 0.000000000000000000e+00
3.573279619216918945e+00 -6.321344852447509766e+00 0.000000000000000000e+00
1.130495643615722656e+01 8.761974334716796875e+00 0.000000000000000000e+00
1.255348682403564453e+01 -5.280699253082275391e+00 0.000000000000000000e+00
-3.927830696105957031e+00 -1.296798419952392578e+01 0.000000000000000000e+00
5.871662616729736328e+00 -1.217414021492004395e+00 0.000000000000000000e+00
-1.126354694366455078e+01 1.143543434143066406e+01 0.000000000000000000e+00
-1.656415611505508423e-01 -1.205990505218505859e+01 0.000000000000000000e+00
-7.363725662231445312e+00 1.463034152984619141e+01 0.000000000000000000e+00
4.494036197662353516e+00 -1.327569961547851562e+01 0.000000000000000000e+00
-7.717769145965576172e+00 5.013339042663574219e+00 0.000000000000000000e+00
-5.525824069976806641e+00 9.865899085998535156e+00 0.000000000000000000e+00
-8.369461059570312500e+00 1.468422055244445801e+00 0.000000000000000000e+00
-1.095056438446044922e+01 7.852731347084045410e-01 0.000000000000000000e+00
9.252344131469726562e+00 -7.246809959411621094e+00 0.000000000000000000e+00
-5.126491546630859375e+00 -9.831480026245117188e+00 0.000000000000000000e+00
-6.204732894897460938e+00 -5.785982608795166016e+00 0.000000000000000000e+00
-7.518266201019287109e+00 -1.326805019378662109e+01 0.000000000000000000e+00
3.524635791778564453e+00 1.393634033203125000e+01 0.000000000000000000e+00
-1.628532600402832031e+01 -4.182154178619384766e+00 0.000000000000000000e+00
2.750082969665527344e+00 1.258168983459472656e+01 0.000000000000000000e+00
5.756803035736083984e+00 1.193963241577148438e+01 0.000000000000000000e+00
3.758014440536499023e-01 3.723618268966674805e+00 0.000000000000000000e+00
-1.261613941192626953e+01 -1.162606239318847656e+01 0.000000000000000000e+00
3.518592357635498047e+00 2.877304077148437500e+00 0.000000000000000000e+00
1.469409823417663574e+00 -1.372104167938232422e+01 0.000000000000000000e+00
1.120443725585937500e+01 2.851200103759765625e+00 0.000000000000000000e+00
-1.058070755004882812e+01 -6.545356273651123047e+00 0.000000000000000000e+00
4.198925971984863281e+00 -1.576321125030517578e+01 0.000000000000000000e+00
-9.705151557922363281e+00 -1.037025833129882812e+01 0.000000000000000000e+00
4.996441841125488281e+00 1.102462649345397949e+00 0.000000000000000000e+00
-7.771186828613281250e+00 -8.450626373291015625e+00 0.000000000000000000e+00
1.780899763107299805e+00 1.150019764900207520e+00 0.000000000000000000e+00
-1.378192329406738281e+01 -4.260174751281738281e+00 0.000000000000000000e+00
-8.690314292907714844e-01 -6.254374504089355469e+00 0.000000000000000000e+00
5.720780849456787109e+00 1.457858276367187500e+01 0.000000000000000000e+00
-7.807428359985351562e+00 1.058913230895996094e+01 0.000000000000000000e+00
1.316708946228027344e+01 8.552040100097656250e+00 0.000000000000000000e+00
-6.592381000518798828e+00 5.928991436958312988e-01 0.000000000000000000e+00
-3.208113834261894226e-02 1.672246170043945312e+01 0.000000000000000000e+00
8.205824851989746094e+00 -1.200649452209472656e+01 0.000000000000000000e+00
3.860626816749572754e-01 -3.358135461807250977e+00 0.000000000000000000e+00
9.906979560852050781e+00 -1.388026905059814453e+01 0.000000000000000000e+00
-1.487527370452880859e+01 8.027168273925781250e+00 0.000000000000000000e+00
-8.906241059303283691e-01 -2.009021043777465820e-01 0.000000000000000000e+00
6.692693233489990234e+00 -1.005143737792968750e+01 0.000000000000000000e+00
-1.694749259948730469e+01 1.102542757987976074e+00 0.000000000000000000e+00
-4.994539737701416016e+00 1.260132908821105957e+00 0.000000000000000000e+00
-1.405393886566162109e+01 -7.435067176818847656e+00 0.000000000000000000e+00
-1.132138156890869141e+01 -1.078547859191894531e+01 0.000000000000000000e+00
1.018638992309570312e+01 1.329003334045410156e+01 0.000000000000000000e+00
8.571677207946777344e-01 -1.086471462249755859e+01 0.000000000000000000e+00
-3.544555187225341797e+00 1.523542594909667969e+01 0.000000000000000000e+00
-6.363256931304931641e+00 7.646809577941894531e+00 0.000000000000000000e+00
8.694697380065917969e+00 -3.217917203903198242e+00 0.000000000000000000e+00
-1.262015402317047119e-01 -9.381171226501464844e+00 0.000000000000000000e+00
7.918439388275146484e+00 1.150349521636962891e+01 0.000000000000000000e+00
3.032276630401611328e+00 -3.054929375648498535e-01 0.000000000000000000e+00
1.558660793304443359e+01 4.256960868835449219e+00 0.000000000000000000e+00
-1.278392410278320312e+01 -6.038465499877929688e+00 0.000000000000000000e+00
2.269414901733398438e+00 1.019038677215576172e+01 0.000000000000000000e+00
-3.761816263198852539e+00 1.060188388824462891e+01 0.000000000000000000e+00
-8.448553085327148438e+00 -3.665175437927246094e+00 0.000000000000000000e+00
-1.059831142425537109e+01 8.046895027160644531e+00 0.000000000000000000e+00
-7.011852264404296875e+00 -1.525959587097167969e+01 0.000000000000000000e+00
-1.535096287727355957e+00 1.689000892639160156e+01 0.000000000000000000e+00
4.931744098663330078e+00 -4.621553421020507812e+00 0.000000000000000000e+00
-1.424076366424560547e+01 -9.018572807312011719e+00 0.000000000000000000e+00
1.109197235107421875e+01 1.061543083190917969e+01 0.000000000000000000e+00
7.114253997802734375e+00 1.574819946289062500e+01 0.000000000000000000e+00
2.724910974502563477e+00 -1.266486930847167969e+01 0.000000000000000000e+00
5.786754608154296875e+00 9.860858917236328125e+00 0.000000000000000000e+00
1.684573888778686523e-01 -1.862627983093261719e+00 0.000000000000000000e+00
1.300229930877685547e+01 3.053478717803955078e+00 0.000000000000000000e+00
-8.456667900085449219e+00 -5.957204341888427734e+00 0.000000000000000000e+00
-1.975791454315185547e+00 -1.023514366149902344e+01 0.000000000000000000e+00
1.292208099365234375e+01 -9.307219505310058594e+00 0.000000000000000000e+00
6.357659339904785156e+00 -2.982429742813110352e+00 0.000000000000000000e+00
-9.253064155578613281e+00 -1.252162742614746094e+01 0.000000000000000000e+00
-9.525615692138671875e+00 -2.134017229080200195e+00 0.000000000000000000e+00
-4.902788639068603516e+00 -1.624522018432617188e+01 0.000000000000000000e+00
-2.688225746154785156e+00 1.380769538879394531e+01 0.000000000000000000e+00
1.302954912185668945e+00 1.550834941864013672e+01 0.000000000000000000e+00
-2.711691379547119141e+00 -7.400624752044677734e+00 0.000000000000000000e+00
6.074048519134521484e+00 2.899492502212524414e+00 0.000000000000000000e+00
-9.224352836608886719e+00 -1.481616210937500000e+01 0.000000000000000000e+00
-1.260659503936767578e+01 -9.858706474304199219e+00 0.000000000000000000e+00
1.099476432800292969e+01 -7.516483306884765625e+00 0.000000000000000000e+00
4.324440479278564453e+00 1.631199645996093750e+01 0.000000000000000000e+00
8.399253845214843750e+00 -1.466674232482910156e+01 0.000000000000000000e+00
9.791371345520019531e+00 -1.128100752830505371e+00 0.000000000000000000e+00
-1.757076621055603027e+00 -1.191714954376220703e+01 0.000000000000000000e+00
1.704665946960449219e+01 -6.558707356452941895e-01 0.000000000000000000e+00
-4.272251427173614502e-01 1.439351558685302734e+01 0.000000000000000000e+00
2.386312007904052734e+00 7.262473583221435547e+00 0.000000000000000000e+00
-9.513345718383789062e+00 2.681143283843994141e+00 0.000000000000000000e+00
-1.362824726104736328e+01 2.051992654800415039e+00 0.000000000000000000e+00
1.348447322845458984e+01 5.735247611999511719e+00 0.000000000000000000e+00
-3.359538555145263672e+00 -3.112912654876708984e+00 0.000000000000000000e+00
1.009533214569091797e+01 -1.100879287719726562e+01 0.000000000000000000e+00
3.601448059082031250e+00 -7.924127101898193359e+00 0.000000000000000000e+00
-3.641948401927947998e-01 -1.437110424041748047e+01 0.000000000000000000e+00
7.364372730255126953e+00 -6.168162822723388672e+00 0.000000000000000000e+00
-1.174900054931640625e+01 9.452651023864746094e+00 0.000000000000000000e+00
-1.601190948486328125e+01 -5.827401638031005859e+00 0.000000000000000000e+00
1.276423549652099609e+01 1.118053340911865234e+01 0.000000000000000000e+00
4.583197116851806641e+00 7.287592887878417969e+00 0.000000000000000000e+00
-1.917497754096984863e+00 5.046676635742187500e+00 0.000000000000000000e+00
-2.037302494049072266e+00 -1.710093879699707031e+01 0.000000000000000000e+00
2.904056072235107422e+00 1.708344650268554688e+01 0.000000000000000000e+00
1.198631095886230469e+01 7.409461021423339844e+00 0.000000000000000000e+00
-1.418654441833496094e+01 -1.536114215850830078e-01 0.000000000000000000e+00
-3.442176103591918945e+00 -1.325517147779464722e-01 0.000000000000000000e+00
-5.552683830261230469e+00 4.832445144653320312e+00 0.000000000000000000e+00
-7.975195407867431641e+00 7.964639186859130859e+00 0.000000000000000000e+00
-1.162003707885742188e+01 -3.314709186553955078e+00 0.000000000000000000e+00
6.648929119110107422e+00 -1.206051349639892578e+01 0.000000000000000000e+00
1.460384726524353027e+00 -7.294062137603759766e+00 0.000000000000000000e+00
-9.129523277282714844e+00 1.491036224365234375e+01 0.000000000000000000e+00
-7.561809420585632324e-01 -7.919755935668945312e+00 0.000000000000000000e+00
-1.064857864379882812e+01 6.109295368194580078e+00 0.000000000000000000e+00
1.753368139266967773e+00 -4.551961898803710938e+00 0.000000000000000000e+00
-7.157776832580566406e+00 1.310733509063720703e+01 0.000000000000000000e+00
-2.756807506084442139e-01 9.205686569213867188e+00 0.000000000000000000e+00
-1.655109977722167969e+01 4.006910800933837891e+00 0.000000000000000000e+00
-7.478933334350585938e+00 6.524152755737304688e+00 0.000000000000000000e+00
1.486097526550292969e+01 7.814357757568359375e+00 0.000000000000000000e+00
5.132729053497314453e+00 5.087619781494140625e+00 0.000000000000000000e+00
-1.314320755004882812e+01 1.142220306396484375e+01 0.000000000000000000e+00
-5.567995071411132812e+00 1.209704208374023438e+01 0.000000000000000000e+00
1.109899520874023438e+01 -5.758996486663818359e+00 0.000000000000000000e+00
1.463219928741455078e+01 -5.269281387329101562e+00 0.000000000000000000e+00
-1.815467476844787598e+00 -3.660658359527587891e+00 0.000000000000000000e+00
-3.810046672821044922e+00 3.879622697830200195e+00 0.000000000000000000e+00
1.846208572387695312e-01 -1.608571243286132812e+01 0.000000000000000000e+00
1.205714511871337891e+01 -9.121520817279815674e-02 0.000000000000000000e+00
8.125977516174316406e+00 1.324431324005126953e+01 0.000000000000000000e+00
-5.236480712890625000e+00 3.215358018875122070e+00 0.000000000000000000e+00
1.829822778701782227e+00 -1.598230242729187012e+00 0.000000000000000000e+00
1.143072319030761719e+01 1.225153446197509766e+01 0.000000000000000000e+00
-1.675254058837890625e+01 -1.846708416938781738e+00 0.000000000000000000e+00
-3.317940950393676758e+00 1.210855674743652344e+01 0.000000000000000000e+00
2.931774854660034180e+00 4.409231662750244141e+00 0.000000000000000000e+00
1.497400665283203125e+01 1.552505135536193848e+00 0.000000000000000000e+00
7.397868633270263672e+00 4.116637706756591797e+00 0.000000000000000000e+00
-6.570061206817626953e+00 -1.198127365112304688e+01 0.000000000000000000e+00
-1.357621955871582031e+01 -1.877986192703247070e+00 0.000000000000000000e+00
-1.431790542602539062e+01 -5.759837150573730469e+00 0.000000000000000000e+00
1.567321205139160156e+01 -1.517416000366210938e+00 0.000000000000000000e+00
-1.572017765045166016e+01 -7.503803253173828125e+00 0.000000000000000000e+00
-7.768231391906738281e+00 2.882796287536621094e+00 0.000000000000000000e+00
1.236191368103027344e+01 -3.245165586471557617e+00 0.000000000000000000e+00
5.799557209014892578e+00 -6.857890605926513672e+00 0.000000000000000000e+00
1.636058425903320312e+01 -5.192706108093261719e+00 0.000000000000000000e+00
8.381484031677246094e+00 6.579353809356689453e+00 0.000000000000000000e+00
-9.600490570068359375e+00 1.234147167205810547e+01 0.000000000000000000e+00
-5.498973369598388672e+00 1.442526245117187500e+01 0.000000000000000000e+00
2.181717634201049805e+00 5.758980274200439453e+00 0.000000000000000000e+00
1.828441262245178223e+00 -1.549709033966064453e+01 0.000000000000000000e+00
1.190977668762207031e+01 -1.266859436035156250e+01 0.000000000000000000e+00
-6.121922492980957031e+00 -2.373718261718750000e+00 0.000000000000000000e+00
-1.497420787811279297e+01 -2.429667234420776367e+00 0.000000000000000000e+00
2.839230060577392578e+00 -1.049148654937744141e+01 0.000000000000000000e+00
2.943935155868530273e+00 -1.660467910766601562e+01 0.000000000000000000e+00
-7.817053318023681641e+00 -2.254583597183227539e+00 0.000000000000000000e+00
1.695844650268554688e+01 -2.507098197937011719e+00 0.000000000000000000e+00
-5.587087631225585938e+00 1.617063522338867188e+01 0.000000000000000000e+00
1.701153755187988281e+01 3.592408895492553711e+00 0.000000000000000000e+00
1.279038071632385254e+00 8.737057685852050781e+00 0.000000000000000000e+00
-3.339354038238525391e+00 8.943700790405273438e+00 0.000000000000000000e+00
5.847594738006591797e-01 -5.649309635162353516e+00 0.000000000000000000e+00
-4.772943496704101562e+00 6.860064506530761719e+00 0.000000000000000000e+00
3.354510784149169922e+00 -4.798989295959472656e+00 0.000000000000000000e+00
-1.156933116912841797e+01 2.854441881179809570e+00 0.000000000000000000e+00
-6.815634727478027344e+00 9.096772193908691406e+00 0.000000000000000000e+00
1.020097923278808594e+01 -9.276089668273925781e+00 0.000000000000000000e+00
-3.149728775024414062e+00 -1.587560176849365234e+01 0.000000000000000000e+00
1.237639904022216797e+01 1.421168327331542969e+00 0.000000000000000000e+00
6.644581794738769531e+00 7.316621780395507812e+00 0.000000000000000000e+00
3.881573200225830078e+00 1.094071292877197266e+01 0.000000000000000000e+00
-1.381398963928222656e+01 9.378898620605468750e+00 0.000000000000000000e+00
-4.335964918136596680e-01 1.081451320648193359e+01 0.000000000000000000e+00
-2.023078441619873047e+00 1.201239347457885742e+00 0.000000000000000000e+00
1.282153511047363281e+01 -7.553126335144042969e+00 0.000000000000000000e+00
-3.372658252716064453e+00 1.716461181640625000e+01 0.000000000000000000e+00
9.631937026977539062e+00 3.467723131179809570e+00 0.000000000000000000e+00
7.936240434646606445e-01 -8.738078176975250244e-02 0.000000000000000000e+00
1.393132305145263672e+01 -3.731952428817749023e+00 0.000000000000000000e+00
1.684452533721923828e+00 2.671018838882446289e+00 0.000000000000000000e+00
3.258558511734008789e+00 -1.456453418731689453e+01 0.000000000000000000e+00
-1.564467620849609375e+01 3.087473213672637939e-01 0.000000000000000000e+00
7.180223464965820312e+00 5.628158092498779297e+00 0.000000000000000000e+00
-1.407181453704833984e+01 5.525741577148437500e+00 0.000000000000000000e+00
1.463241863250732422e+01 -9.256797790527343750e+00 0.000000000000000000e+00
-9.329360961914062500e+00 6.949871063232421875e+00 0.000000000000000000e+00
-4.341105461120605469e+00 -1.463276863098144531e+01 0.000000000000000000e+00
-1.263557624816894531e+01 5.314880609512329102e-01 0.000000000000000000e+00
9.519331932067871094e+00 1.115099525451660156e+01 0.000000000000000000e+00
