-5.140770912170410156e+00 -1.577192306518554688e+01 0.000000000000000000e+00
-1.024547338485717773e+00 -8.164728164672851562e+00 0.000000000000000000e+00
1.167377853393554688e+01 -6.627192020416259766e+00 0.000000000000000000e+00
-9.702631950378417969e+00 -1.449948215484619141e+01 0.000000000000000000e+00
-5.300759077072143555e-01 1.483304691314697266e+01 0.000000000000000000e+00
5.372270107269287109e+00 1.392037773132324219e+01 0.000000000000000000e+00
8.228915214538574219e+00 -6.848383903503417969e+00 0.000000000000000000e+00
2.165896177291870117e+00 -6.370396614074707031e+00 0.000000000000000000e+00
-8.680520057678222656e+00 -9.162663221359252930e-01 0.000000000000000000e+00
-1.723449325561523438e+01 1.427276253700256348e+00 0.000000000000000000e+00
2.915899455547332764e-01 -1.113623237609863281e+01 0.000000000000000000e+00
-9.335090637207031250e+00 8.912736892700195312e+00 0.000000000000000000e+00
-2.371763467788696289e+00 -6.714527606964111328e+00 0.000000000000000000e+00
4.869243204593658447e-01 9.563010215759277344e+00 0.000000000000000000e+00
-1.776038527488708496e+00 -2.571009635925292969e+00 0.000000000000000000e+00
-6.584619998931884766e+00 1.589708805084228516e+01 0.000000000000000000e+00
1.022167396545410156e+01 7.816617488861083984e+00 0.000000000000000000e+00
1.470587825775146484e+01 5.459281444549560547e+00 0.000000000000000000e+00
2.953108549118041992e+00 -1.227474498748779297e+01 0.000000000000000000e+00
6.473752975463867188e+00 6.810379981994628906e+00 0.000000000000000000e+00
9.583523750305175781e+00 2.151180028915405273e+00 0.000000000000000000e+00
-5.228825569152832031e+00 -9.314787864685058594e+00 0.000000000000000000e+00
7.206532955169677734e+00 -3.754207372665405273e+00 0.000000000000000000e+00
3.973155736923217773e+00 -5.055857181549072266e+00 0.000000000000000000e+00
3.996670722961425781e+00 -1.079846858978271484e+01 0.000000000000000000e+00
-1.269742298126220703e+01 3.906216621398925781e+00 0.000000000000000000e+00
-3.004500389099121094e+00 8.265580177307128906e+00 0.000000000000000000e+00
-8.666874885559082031e+00 -2.844355583190917969e+00 0.000000000000000000e+00
-6.625045299530029297e+00 -6.500775814056396484e+00 0.000000000000000000e+00
-1.529186916351318359e+01 4.572399139404296875e+00 0.000000000000000000e+00
-1.346103096008300781e+01 1.833087652921676636e-01 0.000000000000000000e+00
1.549472045898437500e+01 2.548820674419403076e-01 0.000000000000000000e+00
4.588798999786376953e+00 1.091591835021972656e+01 0.000000000000000000e+00
9.949467658996582031e+00 -1.380767536163330078e+01 0.000000000000000000e+00
-7.367773056030273438e-01 -1.665411949157714844e+01 0.000000000000000000e+00
4.820083826780319214e-02 4.559798240661621094e+00 0.000000000000000000e+00
3.729151010513305664e+00 9.450365066528320312e+00 0.000000000000000000e+00
-5.872697830200195312e+00 1.585190743207931519e-01 0.000000000000000000e+00
3.587849378585815430e+00 -8.266424179077148438e+00 0.000000000000000000e+00
-6.209809303283691406e+00 3.813810348510742188e+00 0.000000000000000000e+00
8.083256721496582031e+00 -8.874015808105468750e+00 0.000000000000000000e+00
1.517796516418457031e+01 7.739997386932373047e+00 0.000000000000000000e+00
1.210928726196289062e+01 5.006034374237060547e+00 0.000000000000000000e+00
-2.430847167968750000e+00 1.426523876190185547e+01 0.000000000000000000e+00
1.423749923706054688e+01 9.332784652709960938e+00 0.000000000000000000e+00
-4.631648540496826172e+00 4.893859386444091797e+00 0.000000000000000000e+00
6.703437328338623047e+00 -5.255471706390380859e+00 0.000000000000000000e+00
-8.925839424133300781e+00 1.288465881347656250e+01 0.000000000000000000e+00
1.291067790985107422e+01 -1.065215778350830078e+01 0.000000000000000000e+00
5.657551765441894531e+00 -1.428356838226318359e+01 0.000000000000000000e+00
-4.381086826324462891e+00 -1.363399124145507812e+01 0.000000000000000000e+00
6.633927822113037109e+00 -7.653543472290039062e+00 0.000000000000000000e+00
2.486828088760375977e+00 -4.372385025024414062e+00 0.000000000000000000e+00
-5.799530029296875000e+00 1.145146369934082031e+01 0.000000000000000000e+00
-3.878622293472290039e+00 -8.253310203552246094e+00 0.000000000000000000e+00
-1.261451530456542969e+01 6.961709976196289062e+00 0.000000000000000000e+00
-2.706143856048583984e+00 -1.231756973266601562e+01 0.000000000000000000e+00
-4.859938323497772217e-01 8.358830451965332031e+00 0.000000000000000000e+00
-1.454781913757324219e+01 -9.047158241271972656e+00 0.000000000000000000e+00
-9.633545875549316406e+00 1.089055919647216797e+01 0.000000000000000000e+00
1.057426071166992188e+01 9.587363243103027344e+00 0.000000000000000000e+00
1.687422370910644531e+01 3.336971282958984375e+00 0.000000000000000000e+00
1.461130619049072266e+01 -4.783330440521240234e+00 0.000000000000000000e+00
-2.225624799728393555e+00 -4.130589216947555542e-02 0.000000000000000000e+00
-1.109626770019531250e+01 -6.734072208404541016e+00 0.000000000000000000e+00
1.527309179306030273e+00 2.599503099918365479e-01 0.000000000000000000e+00
-9.557346343994140625e+00 -1.226266479492187500e+01 0.000000000000000000e+00
-1.547449398040771484e+01 -3.948235511779785156e+00 0.000000000000000000e+00
-1.634874343872070312e+01 -5.177611827850341797e+00 0.000000000000000000e+00
8.085646629333496094e+00 1.358398151397705078e+01 0.000000000000000000e+00
1.564559173583984375e+01 -3.609497070312500000e+00 0.000000000000000000e+00
-3.334999561309814453e+00 -1.488392448425292969e+01 0.000000000000000000e+00
1.392827391624450684e+00 1.287216472625732422e+01 0.000000000000000000e+00
-1.571656703948974609e+01 -4.800032675266265869e-01 0.000000000000000000e+00
-2.423073053359985352e+00 -4.523438930511474609e+00 0.000000000000000000e+00
-4.848744869232177734e+00 -1.576011776924133301e+00 0.000000000000000000e+00
-1.404659938812255859e+01 -3.141529798507690430e+00 0.000000000000000000e+00
4.494139671325683594e+00 -6.873594284057617188e+00 0.000000000000000000e+00
2.013042926788330078e+00 -7.885292530059814453e+00 0.000000000000000000e+00
-8.249498367309570312e+00 6.452285289764404297e+00 0.000000000000000000e+00
6.463522434234619141e+00 1.531911492347717285e+00 0.000000000000000000e+00
-8.547562956809997559e-01 -1.279548168182373047e+01 0.000000000000000000e+00
7.220631122589111328e+00 4.987208843231201172e+00 0.000000000000000000e+00
-9.646893501281738281e+00 5.491169929504394531e+00 0.000000000000000000e+00
-1.105371570587158203e+01 1.302102279663085938e+01 0.000000000000000000e+00
1.877481102943420410e+00 -1.616648101806640625e+01 0.000000000000000000e+00
2.760572910308837891e+00 2.237385511398315430e+00 0.000000000000000000e+00
3.106888294219970703e+00 1.633396720886230469e+01 0.000000000000000000e+00
1.181845068931579590e+00 1.438300132751464844e+01 0.000000000000000000e+00
-9.161394834518432617e-01 1.628625869750976562e+01 0.000000000000000000e+00
-1.398163437843322754e+00 -1.101039218902587891e+01 0.000000000000000000e+00
-2.275080919265747070e+00 3.954169034957885742e+00 0.000000000000000000e+00
1.086371421813964844e+01 -1.168416595458984375e+01 0.000000000000000000e+00
7.089729309082031250e-01 6.344306468963623047e+00 0.000000000000000000e+00
1.564223051071166992e+00 -1.393202590942382812e+01 0.000000000000000000e+00
-5.565499067306518555e-01 -3.088560402393341064e-01 0.000000000000000000e+00
-1.023866176605224609e+01 -5.449507713317871094e+00 0.000000000000000000e+00
-8.467242240905761719e+00 7.706650495529174805e-01 0.000000000000000000e+00
7.668252468109130859e+00 3.523743867874145508e+00 0.000000000000000000e+00
8.999789237976074219e+00 -1.191238784790039062e+01 0.000000000000000000e+00
-1.367738914489746094e+01 -7.352486610412597656e+00 0.000000000000000000e+00
1.292210769653320312e+01 1.447384119033813477e+00 0.000000000000000000e+00
-1.191706752777099609e+01 1.139466762542724609e+01 0.000000000000000000e+00
-1.240984725952148438e+01 -1.133561325073242188e+01 0.000000000000000000e+00
-1.158469963073730469e+01 -4.242846012115478516e+00 0.000000000000000000e+00
1.106043910980224609e+01 3.845959305763244629e-01 0.000000000000000000e+00
6.270147800445556641e+00 9.277768135070800781e+00 0.000000000000000000e+00
3.386751413345336914e+00 1.225514507293701172e+01 0.000000000000000000e+00
5.068450450897216797e+00 1.575295925140380859e+01 0.000000000000000000e+00
1.494392776489257812e+01 1.753750085830688477e+00 0.000000000000000000e+00
1.194860649108886719e+01 -2.997269868850708008e+00 0.000000000000000000e+00
-1.494837379455566406e+01 8.211750030517578125e+00 0.000000000000000000e+00
1.337482261657714844e+01 -6.078516483306884766e+00 0.000000000000000000e+00
-7.547325134277343750e+00 5.075254917144775391e+00 0.000000000000000000e+00
1.283064651489257812e+01 1.186497688293457031e+01 0.000000000000000000e+00
-1.014726448059082031e+01 -8.585134506225585938e+00 0.000000000000000000e+00
-1.085998439788818359e+01 -1.054289054870605469e+01 0.000000000000000000e+00
8.866744995117187500e+00 -2.206439971923828125e+00 0.000000000000000000e+00
-4.291628837585449219e+00 1.349853515625000000e+01 0.000000000000000000e+00
5.168653488159179688e+00 -7.075067758560180664e-01 0.000000000000000000e+00
-6.487121105194091797e+00 7.217488765716552734e+00 0.000000000000000000e+00
-2.003959894180297852e+00 5.564919471740722656e+00 0.000000000000000000e+00
7.811852455139160156e+00 1.032678985595703125e+01 0.000000000000000000e+00
2.684687972068786621e-01 -6.998943805694580078e+00 0.000000000000000000e+00
-6.705458641052246094e+00 -1.002658557891845703e+01 0.000000000000000000e+00
6.980988979339599609e+00 -1.594125747680664062e+01 0.000000000000000000e+00
-8.665014266967773438e+00 -9.213087081909179688e+00 0.000000000000000000e+00
-5.315019130706787109e+00 -4.684317588806152344e+00 0.000000000000000000e+00
-5.001148581504821777e-01 1.098437976837158203e+01 0.000000000000000000e+00
-3.857100248336791992e+00 1.518049621582031250e+01 0.000000000000000000e+00
-3.305332899093627930e+00 1.035495877265930176e+00 0.000000000000000000e+00
9.663959503173828125e+00 -2.486891597509384155e-01 0.000000000000000000e+00
2.028617262840270996e-01 -9.520221710205078125e+00 0.000000000000000000e+00
1.001290607452392578e+01 1.380849838256835938e+01 0.000000000000000000e+00
-1.013922786712646484e+01 3.983617782592773438e+00 0.000000000000000000e+00
5.156544685363769531e+00 -1.182201099395751953e+01 0.000000000000000000e+00
-4.109969139099121094e+00 9.410206794738769531e+00 0.000000000000000000e+00
-1.109067821502685547e+01 -1.322345137596130371e+00 0.000000000000000000e+00
5.581812381744384766e+00 -2.593912363052368164e+00 0.000000000000000000e+00
1.460284042358398438e+01 3.353201627731323242e+00 0.000000000000000000e+00
6.748390674591064453e+00 -1.324137973785400391e+01 0.000000000000000000e+00
9.919309616088867188e+00 4.173989772796630859e+00 0.000000000000000000e+00
-8.339260101318359375e+00 1.468177318572998047e+01 0.000000000000000000e+00
-1.184496498107910156e+01 2.159404754638671875e+00 0.000000000000000000e+00
-6.716908931732177734e+00 1.321442985534667969e+01 0.000000000000000000e+00
2.903291225433349609e+00 -3.486956059932708740e-01 0.000000000000000000e+00
1.165079689025878906e+01 2.357048034667968750e+00 0.000000000000000000e+00
3.020730733871459961e+00 7.580772876739501953e+00 0.000000000000000000e+00
-2.578169822692871094e+00 1.730624389648437500e+01 0.000000000000000000e+00
-1.702619743347167969e+01 -1.951154589653015137e+00 0.000000000000000000e+00
4.622674465179443359e+00 6.762034893035888672e+00 0.000000000000000000e+00
-1.586701583862304688e+01 2.291696786880493164e+00 0.000000000000000000e+00
8.565960884094238281e+00 -1.033506393432617188e+01 0.000000000000000000e+00
5.558330535888671875e+00 1.226962566375732422e+01 0.000000000000000000e+00
1.351749706268310547e+01 -2.937201023101806641e+00 0.000000000000000000e+00
1.258466720581054688e+01 -8.166506767272949219e+00 0.000000000000000000e+00
1.466775512695312500e+01 -1.052446484565734863e+00 0.000000000000000000e+00
-1.202425098419189453e+01 9.012471199035644531e+00 0.000000000000000000e+00
-4.692880153656005859e+00 6.667335510253906250e+00 0.000000000000000000e+00
1.020905017852783203e+01 1.198805809020996094e+01 0.000000000000000000e+00
3.715819835662841797e+00 5.421934127807617188e+00 0.000000000000000000e+00
1.642265129089355469e+01 -5.914162635803222656e+00 0.000000000000000000e+00
-1.464654350280761719e+01 6.176377296447753906e+00 0.000000000000000000e+00
-1.431387233734130859e+01 1.887389898300170898e+00 0.000000000000000000e+00
-4.693469047546386719e+00 -1.145683670043945312e+01 0.000000000000000000e+00
-6.237564086914062500e+00 -1.451735401153564453e+01 0.000000000000000000e+00
-1.085442447662353516e+01 6.743935585021972656e+00 0.000000000000000000e+00
-6.964463710784912109e+00 -2.008877992630004883e+00 0.000000000000000000e+00
6.706306457519531250e+00 -1.119490718841552734e+01 0.000000000000000000e+00
1.662809491157531738e+00 1.057812500000000000e+01 0.000000000000000000e+00
1.696993589401245117e+00 1.694524955749511719e+01 0.000000000000000000e+00
5.341681003570556641e+00 -9.200716018676757812e+00 0.000000000000000000e+00
1.712563514709472656e+01 -3.314213037490844727e+00 0.000000000000000000e+00
-3.454765796661376953e+00 -3.060485601425170898e+00 0.000000000000000000e+00
5.297599792480468750e+00 3.901005983352661133e+00 0.000000000000000000e+00
7.998544216156005859e+00 8.163659095764160156e+00 0.000000000000000000e+00
-1.094912338256835938e+01 6.922272443771362305e-01 0.000000000000000000e+00
8.357226371765136719e+00 6.644246101379394531e+00 0.000000000000000000e+00
8.252938270568847656e+00 -1.469635200500488281e+01 0.000000000000000000e+00
-1.358053493499755859e+01 -5.707534313201904297e+00 0.000000000000000000e+00
1.771751046180725098e+00 -9.488118171691894531e+00 0.000000000000000000e+00
1.091048955917358398e+00 8.141137123107910156e+00 0.000000000000000000e+00
-1.211133670806884766e+01 5.296366214752197266e+00 0.000000000000000000e+00
7.044082164764404297e+00 -1.523001909255981445e+00 0.000000000000000000e+00
-1.369587802886962891e+01 -1.034001636505126953e+01 0.000000000000000000e+00
2.968859195709228516e+00 -2.689059257507324219e+00 0.000000000000000000e+00
1.206069850921630859e+01 -1.152411818504333496e+00 0.000000000000000000e+00
-7.365070819854736328e+00 -1.587361240386962891e+01 0.000000000000000000e+00
1.428455638885498047e+01 -8.087311744689941406e+00 0.000000000000000000e+00
-6.278308033943176270e-01 -3.718861579895019531e+00 0.000000000000000000e+00
9.960780143737792969e+00 -5.946116924285888672e+00 0.000000000000000000e+00
1.686766815185546875e+01 -1.077979207038879395e+00 0.000000000000000000e+00
1.047745513916015625e+01 -3.802765130996704102e+00 0.000000000000000000e+00
4.258337914943695068e-01 -1.496523284912109375e+01 0.000000000000000000e+00
3.645437479019165039e+00 -1.543384933471679688e+01 0.000000000000000000e+00
7.774029374122619629e-01 -1.260697174072265625e+01 0.000000000000000000e+00
-8.255924224853515625e+00 -5.851694107055664062e+00 0.000000000000000000e+00
5.612213015556335449e-01 1.986297965049743652e+00 0.000000000000000000e+00
-1.490256500244140625e+01 -1.814011693000793457e+00 0.000000000000000000e+00
-1.618952989578247070e+00 9.589755058288574219e+00 0.000000000000000000e+00
-1.333323478698730469e+01 9.745415687561035156e+00 0.000000000000000000e+00
-2.881051301956176758e+00 -1.700229263305664062e+01 0.000000000000000000e+00
-1.266664266586303711e+00 2.389446020126342773e+00 0.000000000000000000e+00
-7.485341072082519531e+00 1.028727722167968750e+01 0.000000000000000000e+00
6.306846737861633301e-01 -2.822273731231689453e+00 0.000000000000000000e+00
2.944012403488159180e+00 1.484133625030517578e+01 0.000000000000000000e+00
1.730542945861816406e+01 1.278637409210205078e+00 0.000000000000000000e+00
-6.406078815460205078e+00 -1.264110565185546875e+01 0.000000000000000000e+00
4.676714420318603516e+00 2.451786041259765625e+00 0.000000000000000000e+00
-3.153249502182006836e+00 -1.059372425079345703e+01 0.000000000000000000e+00
-5.701737880706787109e+00 2.136034011840820312e+00 0.000000000000000000e+00
-5.936446189880371094e+00 9.783564567565917969e+00 0.000000000000000000e+00
-5.953749656677246094e+00 -7.868436336517333984e+00 0.000000000000000000e+00
-5.592218875885009766e+00 -3.206663846969604492e+00 0.000000000000000000e+00
-9.553920745849609375e+00 -4.094244003295898438e+00 0.000000000000000000e+00
8.024846076965332031e+00 9.719300270080566406e-01 0.000000000000000000e+00
-3.029975891113281250e+00 1.069751548767089844e+01 0.000000000000000000e+00
8.012907028198242188e+00 1.515764999389648438e+01 0.000000000000000000e+00
-4.066340923309326172e+00 -6.685183048248291016e+00 0.000000000000000000e+00
1.302295303344726562e+01 7.566488742828369141e+00 0.000000000000000000e+00
-3.167645692825317383e+00 1.225402355194091797e+01 0.000000000000000000e+00
-1.934345960617065430e+00 -9.574520111083984375e+00 0.000000000000000000e+00
-7.762966156005859375e+00 -1.193229579925537109e+01 0.000000000000000000e+00
1.107686901092529297e+01 -9.879633903503417969e+00 0.000000000000000000e+00
2.541020393371582031e+00 4.233887195587158203e+00 0.000000000000000000e+00
1.147669792175292969e+01 6.684841156005859375e+00 0.000000000000000000e+00
-8.589270591735839844e+00 3.783302783966064453e+00 0.000000000000000000e+00
-8.033177375793457031e+00 -1.378027057647705078e+01 0.000000000000000000e+00
1.133495140075683594e+01 1.307558631896972656e+01 0.000000000000000000e+00
1.624402809143066406e+01 5.620082855224609375e+00 0.000000000000000000e+00
9.633485794067382812e+00 5.752085208892822266e+00 0.000000000000000000e+00
9.442080497741699219e+00 -7.748164653778076172e+00 0.000000000000000000e+00
1.180459594726562500e+01 -4.602981090545654297e+00 0.000000000000000000e+00
-1.783203840255737305e+00 -1.531060504913330078e+01 0.000000000000000000e+00
-1.203642272949218750e+01 -8.818944931030273438e+00 0.000000000000000000e+00
-7.696270465850830078e+00 -7.679995059967041016e+00 0.000000000000000000e+00
-1.572371196746826172e+01 -6.919400215148925781e+00 0.000000000000000000e+00
-1.707225036621093750e+01 -3.581803083419799805e+00 0.000000000000000000e+00
1.225201606750488281e+01 8.943697929382324219e+00 0.000000000000000000e+00
-1.138169097900390625e+01 -1.255344104766845703e+01 0.000000000000000000e+00
7.374205589294433594e+00 1.203083705902099609e+01 0.000000000000000000e+00
1.006157279014587402e+00 -4.729592800140380859e+00 0.000000000000000000e+00
1.422024130821228027e+00 -1.253339290618896484e+00 0.000000000000000000e+00
1.427404212951660156e+01 -1.000413227081298828e+01 0.000000000000000000e+00
-1.295862674713134766e+01 -1.323578476905822754e+00 0.000000000000000000e+00
-3.581326007843017578e+00 2.520103931427001953e+00 0.000000000000000000e+00
3.316805601119995117e+00 -1.378700351715087891e+01 0.000000000000000000e+00
-9.942317008972167969e-01 -5.647811412811279297e+00 0.000000000000000000e+00
5.030799865722656250e+00 -1.667558479309082031e+01 0.000000000000000000e+00
-7.418379306793212891e+00 -4.465507030487060547e+00 0.000000000000000000e+00
-4.565344333648681641e+00 1.658583831787109375e+01 0.000000000000000000e+00
8.604043006896972656e+00 -5.193172931671142578e+00 0.000000000000000000e+00
-8.976477622985839844e+00 2.194439649581909180e+00 0.000000000000000000e+00
-7.692751884460449219e+00 1.200671672821044922e+01 0.000000000000000000e+00
-1.685764122009277344e+01 4.234125614166259766e+00 0.000000000000000000e+00
-7.301697254180908203e+00 2.124574899673461914e+00 0.000000000000000000e+00
