8.235102653503417969e+00 2.885443687438964844e+00 0.000000000000000000e+00
-6.888291358947753906e+00 -1.247786426544189453e+01 0.000000000000000000e+00
-1.059004402160644531e+01 -4.061378002166748047e+00 0.000000000000000000e+00
-4.273727238178253174e-01 -1.562829113006591797e+01 0.000000000000000000e+00
1.179737949371337891e+01 -9.224811196327209473e-02 0.000000000000000000e+00
-5.224662780761718750e+00 -1.170680999755859375e+00 0.000000000000000000e+00
-3.361736834049224854e-01 -1.219477558135986328e+01 0.000000000000000000e+00
-9.354137420654296875e+00 1.831710696220397949e+00 0.000000000000000000e+00
-1.309268379211425781e+01 9.569921493530273438e+00 0.000000000000000000e+00
7.176607131958007812e+00 -8.197005271911621094e+00 0.000000000000000000e+00
8.092651367187500000e+00 -9.648525238037109375e+00 0.000000000000000000e+00
1.693185424804687500e+01 -1.614340580999851227e-02 0.000000000000000000e+00
6.610130786895751953e+00 5.799726486206054688e+00 0.000000000000000000e+00
-5.209017276763916016e+00 6.515413522720336914e-01 0.000000000000000000e+00
-1.446124744415283203e+01 -2.496955156326293945e+00 0.000000000000000000e+00
-6.429302692413330078e+00 1.455964851379394531e+01 0.000000000000000000e+00
-1.617014884948730469e+00 1.065254020690917969e+01 0.000000000000000000e+00
1.592335700988769531e+00 9.161824226379394531e+00 0.000000000000000000e+00
-8.490244865417480469e+00 1.501385688781738281e+01 0.000000000000000000e+00
-1.217192935943603516e+01 -7.268522381782531738e-01 0.000000000000000000e+00
-2.335445404052734375e+00 -1.212023544311523438e+01 0.000000000000000000e+00
3.109729766845703125e+00 9.021430015563964844e+00 0.000000000000000000e+00
7.007800102233886719e+00 -1.664993166923522949e+00 0.000000000000000000e+00
7.334595680236816406e+00 1.071030998229980469e+01 0.000000000000000000e+00
6.284036636352539062e+00 -5.163829803466796875e+00 0.000000000000000000e+00
-4.585301876068115234e+00 8.240834236145019531e+00 0.000000000000000000e+00
1.328013062477111816e+00 1.066503238677978516e+01 0.000000000000000000e+00
1.468089103698730469e+01 5.436539649963378906e+00 0.000000000000000000e+00
1.494898605346679688e+01 -3.990875482559204102e+00 0.000000000000000000e+00
-1.196503162384033203e+00 2.175539493560791016e+00 0.000000000000000000e+00
-1.249389886856079102e+00 -2.759785175323486328e+00 0.000000000000000000e+00
-3.441978454589843750e+00 1.340646553039550781e+01 0.000000000000000000e+00
-1.667977333068847656e+01 -4.556630611419677734e+00 0.000000000000000000e+00
-9.107554435729980469e+00 -4.397613525390625000e+00 0.000000000000000000e+00
6.176583290100097656e+00 -1.200710582733154297e+01 0.000000000000000000e+00
-3.676018953323364258e+00 9.564222335815429688e+00 0.000000000000000000e+00
4.374284744262695312e+00 -1.481258392333984375e+01 0.000000000000000000e+00
-1.039042758941650391e+01 9.016074180603027344e+00 0.000000000000000000e+00
-4.559220790863037109e+00 -1.184555244445800781e+01 0.000000000000000000e+00
-1.119726181030273438e+01 -2.523038864135742188e+00 0.000000000000000000e+00
-1.241475963592529297e+01 6.975460529327392578e+00 0.000000000000000000e+00
4.155438423156738281e+00 6.230225563049316406e-01 0.000000000000000000e+00
-6.020809173583984375e+00 -7.119788169860839844e+00 0.000000000000000000e+00
-3.657071828842163086e+00 6.047436714172363281e+00 0.000000000000000000e+00
1.192243576049804688e+01 -6.172921657562255859e+00 0.000000000000000000e+00
-5.733214855194091797e+00 4.073012351989746094e+00 0.000000000000000000e+00
-5.495281696319580078e+00 -4.682068347930908203e+00 0.000000000000000000e+00
-1.348892152309417725e-01 1.531198406219482422e+01 0.000000000000000000e+00
-7.267869472503662109e+00 9.883646011352539062e+00 0.000000000000000000e+00
-1.016052961349487305e+00 -6.827606558799743652e-01 0.000000000000000000e+00
1.134390926361083984e+01 -1.154916191101074219e+01 0.000000000000000000e+00
7.379135131835937500e+00 1.519135570526123047e+01 0.000000000000000000e+00
-7.675782203674316406e+00 -7.706686973571777344e+00 0.000000000000000000e+00
3.161888122558593750e+00 1.346688461303710938e+01 0.000000000000000000e+00
8.416774749755859375e+00 -2.484663009643554688e+00 0.000000000000000000e+00
2.308405160903930664e+00 -1.034359550476074219e+01 0.000000000000000000e+00
-8.009123802185058594e+00 -2.260658740997314453e+00 0.000000000000000000e+00
-6.632522106170654297e+00 6.401861190795898438e+00 0.000000000000000000e+00
-9.346568107604980469e+00 5.445955276489257812e+00 0.000000000000000000e+00
-1.059438514709472656e+01 2.971047878265380859e+00 0.000000000000000000e+00
-7.301281452178955078e+00 -3.826508224010467529e-01 0.000000000000000000e+00
1.045939254760742188e+01 1.003804683685302734e+01 0.000000000000000000e+00
9.715857505798339844e+00 7.147500991821289062e+00 0.000000000000000000e+00
1.249745750427246094e+01 9.729486465454101562e+00 0.000000000000000000e+00
-1.001072788238525391e+01 -5.728303909301757812e+00 0.000000000000000000e+00
-1.174195575714111328e+01 4.029326438903808594e+00 0.000000000000000000e+00
5.959365367889404297e+00 1.152092933654785156e+01 0.000000000000000000e+00
3.908664226531982422e+00 -1.649227714538574219e+01 0.000000000000000000e+00
1.425096839666366577e-01 5.650345802307128906e+00 0.000000000000000000e+00
-1.957975745201110840e+00 -1.548496437072753906e+01 0.000000000000000000e+00
1.157738208770751953e+00 4.468016624450683594e+00 0.000000000000000000e+00
9.623129844665527344e+00 -1.011641597747802734e+01 0.000000000000000000e+00
-1.098412990570068359e+01 -1.298197174072265625e+01 0.000000000000000000e+00
1.004069805145263672e+01 1.018641591072082520e+00 0.000000000000000000e+00
5.792124271392822266e+00 3.629043579101562500e+00 0.000000000000000000e+00
2.794009923934936523e+00 -1.449444007873535156e+01 0.000000000000000000e+00
-5.548809170722961426e-01 -9.508359909057617188e+00 0.000000000000000000e+00
1.134672451019287109e+01 1.245789813995361328e+01 0.000000000000000000e+00
-1.038486862182617188e+01 1.184369468688964844e+01 0.000000000000000000e+00
4.767453670501708984e+00 -2.489076375961303711e+00 0.000000000000000000e+00
3.467632293701171875e+00 6.791941642761230469e+00 0.000000000000000000e+00
-3.560356140136718750e+00 -8.655404090881347656e+00 0.000000000000000000e+00
-7.776132106781005859e+00 4.631791591644287109e+00 0.000000000000000000e+00
-3.918936967849731445e+00 1.164531707763671875e+01 0.000000000000000000e+00
-8.007536888122558594e+00 -1.404763793945312500e+01 0.000000000000000000e+00
-1.102864295244216919e-01 -1.403271770477294922e+01 0.000000000000000000e+00
2.693566083908081055e+00 1.172502803802490234e+01 0.000000000000000000e+00
1.641895675659179688e+01 5.216838359832763672e+00 0.000000000000000000e+00
7.085347652435302734e+00 -1.334309387207031250e+01 0.000000000000000000e+00
3.636029958724975586e+00 5.025568962097167969e+00 0.000000000000000000e+00
-7.744105339050292969e+00 -9.754027366638183594e+00 0.000000000000000000e+00
-1.205309963226318359e+01 -8.477750778198242188e+00 0.000000000000000000e+00
1.310316467285156250e+01 -1.012579798698425293e+00 0.000000000000000000e+00
-3.531778335571289062e+00 -7.098029255867004395e-01 0.000000000000000000e+00
4.684452056884765625e+00 1.640604400634765625e+01 0.000000000000000000e+00
-1.044858932495117188e+01 -1.149294662475585938e+01 0.000000000000000000e+00
-1.450101280212402344e+01 6.175171852111816406e+00 0.000000000000000000e+00
1.312804603576660156e+01 -9.131492614746093750e+00 0.000000000000000000e+00
-1.233277606964111328e+01 -5.967746734619140625e+00 0.000000000000000000e+00
9.066565513610839844e+00 1.214569854736328125e+01 0.000000000000000000e+00
8.353816986083984375e+00 -6.655854701995849609e+00 0.000000000000000000e+00
-8.380394935607910156e+00 6.605379581451416016e+00 0.000000000000000000e+00
-4.614007472991943359e-01 8.173609733581542969e+00 0.000000000000000000e+00
1.131002330780029297e+01 7.223824024200439453e+00 0.000000000000000000e+00
-1.225552082061767578e+01 -1.208317947387695312e+01 0.000000000000000000e+00
-1.577751636505126953e+01 -6.365903854370117188e+00 0.000000000000000000e+00
-1.432013988494873047e+01 2.652146816253662109e-01 0.000000000000000000e+00
8.613293647766113281e+00 -4.900903224945068359e+00 0.000000000000000000e+00
-1.584158611297607422e+01 2.463739395141601562e+00 0.000000000000000000e+00
2.344428062438964844e+00 3.385774135589599609e+00 0.000000000000000000e+00
5.896852493286132812e+00 7.415475368499755859e+00 0.000000000000000000e+00
1.652072906494140625e+01 -2.002701759338378906e+00 0.000000000000000000e+00
-6.857686996459960938e+00 1.809856176376342773e+00 0.000000000000000000e+00
-5.783052444458007812e+00 1.045877933502197266e+01 0.000000000000000000e+00
2.060623884201049805e+00 5.675858020782470703e+00 0.000000000000000000e+00
1.038039445877075195e+00 1.691064071655273438e+01 0.000000000000000000e+00
-7.040824413299560547e+00 -4.017118930816650391e+00 0.000000000000000000e+00
9.860113143920898438e+00 -1.354767918586730957e+00 0.000000000000000000e+00
4.266450881958007812e+00 -1.273033237457275391e+01 0.000000000000000000e+00
1.386513590812683105e+00 -5.458225727081298828e+00 0.000000000000000000e+00
8.000110626220703125e+00 -1.192549991607666016e+01 0.000000000000000000e+00
1.112040138244628906e+01 2.540093660354614258e+00 0.000000000000000000e+00
-1.948965907096862793e+00 7.070632934570312500e+00 0.000000000000000000e+00
-1.973361492156982422e+00 1.376381587982177734e+01 0.000000000000000000e+00
-5.995032787322998047e+00 1.267195129394531250e+01 0.000000000000000000e+00
3.743337154388427734e+00 2.735915660858154297e+00 0.000000000000000000e+00
2.898200273513793945e+00 -7.909811496734619141e+00 0.000000000000000000e+00
7.605365514755249023e-01 -1.058916950225830078e+01 0.000000000000000000e+00
1.356454181671142578e+01 1.767987132072448730e+00 0.000000000000000000e+00
1.013961505889892578e+01 -7.189765453338623047e+00 0.000000000000000000e+00
1.057310867309570312e+01 -4.041548728942871094e+00 0.000000000000000000e+00
-5.001429557800292969e+00 1.576724529266357422e+01 0.000000000000000000e+00
9.255085945129394531e+00 5.439263820648193359e+00 0.000000000000000000e+00
4.178754329681396484e+00 -1.070689296722412109e+01 0.000000000000000000e+00
-2.792164564132690430e+00 -4.902782440185546875e+00 0.000000000000000000e+00
-8.769562721252441406e+00 -1.249487018585205078e+01 0.000000000000000000e+00
2.144338607788085938e+00 1.557193279266357422e+01 0.000000000000000000e+00
-1.502514934539794922e+01 -1.072093248367309570e+00 0.000000000000000000e+00
-1.006299400329589844e+01 7.261473655700683594e+00 0.000000000000000000e+00
5.039241790771484375e+00 -9.350410461425781250e+00 0.000000000000000000e+00
-3.325302600860595703e+00 4.097929000854492188e+00 0.000000000000000000e+00
-3.076615333557128906e+00 -1.026058483123779297e+01 0.000000000000000000e+00
-3.717047691345214844e+00 -1.401053047180175781e+01 0.000000000000000000e+00
-9.653306007385253906e+00 -9.634604454040527344e+00 0.000000000000000000e+00
4.544160366058349609e+00 -5.534753322601318359e+00 0.000000000000000000e+00
8.700269699096679688e+00 1.439979648590087891e+01 0.000000000000000000e+00
1.304268074035644531e+01 4.851263046264648438e+00 0.000000000000000000e+00
-1.881068944931030273e+00 -1.357745456695556641e+01 0.000000000000000000e+00
6.320779800415039062e+00 1.373184204101562500e+01 0.000000000000000000e+00
-2.800199747085571289e+00 1.634200859069824219e+01 0.000000000000000000e+00
-6.283628463745117188e+00 7.911024093627929688e+00 0.000000000000000000e+00
1.396132087707519531e+01 8.372113227844238281e+00 0.000000000000000000e+00
6.116967678070068359e+00 -4.056152999401092529e-01 0.000000000000000000e+00
1.111923408508300781e+01 -9.367796897888183594e+00 0.000000000000000000e+00
-5.043577671051025391e+00 -8.380545616149902344e+00 0.000000000000000000e+00
1.133571043610572815e-01 -1.765619277954101562e+00 0.000000000000000000e+00
-9.647357940673828125e+00 -2.503302574157714844e+00 0.000000000000000000e+00
-1.334949493408203125e+01 1.623984694480895996e+00 0.000000000000000000e+00
1.492975234985351562e+01 -8.788810729980468750e+00 0.000000000000000000e+00
7.778420925140380859e+00 9.089932441711425781e+00 0.000000000000000000e+00
-2.382787466049194336e+00 6.396215558052062988e-01 0.000000000000000000e+00
-6.020545363426208496e-01 -4.303409099578857422e+00 0.000000000000000000e+00
6.489324569702148438e+00 -3.387849569320678711e+00 0.000000000000000000e+00
8.727058410644531250e+00 -1.645029485225677490e-01 0.000000000000000000e+00
-1.437655544281005859e+01 -7.433290958404541016e+00 0.000000000000000000e+00
2.946181058883666992e+00 -3.422808408737182617e+00 0.000000000000000000e+00
4.379669666290283203e+00 1.437421131134033203e+01 0.000000000000000000e+00
-2.295148134231567383e+00 -1.705109405517578125e+01 0.000000000000000000e+00
-8.694444656372070312e+00 1.199155426025390625e+01 0.000000000000000000e+00
4.276013374328613281e+00 -9.884773492813110352e-01 0.000000000000000000e+00
-9.257979393005371094e+00 -3.597135841846466064e-01 0.000000000000000000e+00
1.954038619995117188e+00 -1.684388923645019531e+01 0.000000000000000000e+00
-1.727438354492187500e+01 -1.646253347396850586e+00 0.000000000000000000e+00
6.619037151336669922e+00 1.402840256690979004e+00 0.000000000000000000e+00
8.339257240295410156e+00 -1.430983257293701172e+01 0.000000000000000000e+00
-5.435744285583496094e+00 -1.581379222869873047e+01 0.000000000000000000e+00
1.279146862030029297e+01 -4.393769264221191406e+00 0.000000000000000000e+00
7.643019407987594604e-02 1.311773204803466797e+01 0.000000000000000000e+00
1.420210456848144531e+01 -7.441127300262451172e+00 0.000000000000000000e+00
-1.355687618255615234e+01 3.581598758697509766e+00 0.000000000000000000e+00
1.289930701255798340e+00 6.990889072418212891e+00 0.000000000000000000e+00
-8.538087606430053711e-01 1.675764465332031250e+01 0.000000000000000000e+00
-1.933777809143066406e+00 -6.347114562988281250e+00 0.000000000000000000e+00
1.720360946655273438e+01 2.560379981994628906e+00 0.000000000000000000e+00
-3.551151275634765625e+00 -2.573026180267333984e+00 0.000000000000000000e+00
4.692788124084472656e+00 8.474822044372558594e+00 0.000000000000000000e+00
1.487103462219238281e+00 1.229252219200134277e+00 0.000000000000000000e+00
1.407524108886718750e+01 3.468120813369750977e+00 0.000000000000000000e+00
-9.432648122310638428e-02 -6.716401576995849609e+00 0.000000000000000000e+00
-4.260734081268310547e+00 -6.755260467529296875e+00 0.000000000000000000e+00
1.386445522308349609e+01 1.049982738494873047e+01 0.000000000000000000e+00
-1.648072481155395508e+00 5.058405399322509766e+00 0.000000000000000000e+00
-1.255419254302978516e+01 -1.006124591827392578e+01 0.000000000000000000e+00
-6.251865386962890625e+00 -1.411678504943847656e+01 0.000000000000000000e+00
1.537470722198486328e+01 -5.704290270805358887e-01 0.000000000000000000e+00
1.036398887634277344e+01 -1.274391555786132812e+01 0.000000000000000000e+00
-1.172961807250976562e+01 1.064904975891113281e+01 0.000000000000000000e+00
1.377711200714111328e+01 -2.796796321868896484e+00 0.000000000000000000e+00
-1.441859531402587891e+01 -9.486519813537597656e+00 0.000000000000000000e+00
1.272289276123046875e+01 1.178302001953125000e+01 0.000000000000000000e+00
6.422691345214843750e+00 -1.490159225463867188e+01 0.000000000000000000e+00
1.539851951599121094e+01 -6.207708835601806641e+00 0.000000000000000000e+00
-5.418178558349609375e+00 -1.060582733154296875e+01 0.000000000000000000e+00
-1.595305538177490234e+01 5.395645499229431152e-01 0.000000000000000000e+00
-1.083865165710449219e+01 5.758834838867187500e+00 0.000000000000000000e+00
-1.101393127441406250e+01 1.329442691802978516e+01 0.000000000000000000e+00
-3.925974130630493164e+00 2.032875776290893555e+00 0.000000000000000000e+00
-7.901547908782958984e+00 -5.932336330413818359e+00 0.000000000000000000e+00
9.651916503906250000e+00 3.701946735382080078e+00 0.000000000000000000e+00
1.512095093727111816e+00 -1.337670612335205078e+01 0.000000000000000000e+00
1.597779750823974609e+01 6.906249046325683594e+00 0.000000000000000000e+00
2.617794275283813477e+00 1.717103195190429688e+01 0.000000000000000000e+00
1.088920474052429199e+00 -8.829930305480957031e+00 0.000000000000000000e+00
1.662104606628417969e+01 -4.256425857543945312e+00 0.000000000000000000e+00
1.594407176971435547e+01 1.316214919090270996e+00 0.000000000000000000e+00
5.765382289886474609e+00 -7.392930984497070312e+00 0.000000000000000000e+00
-2.191404819488525391e+00 9.140516281127929688e+00 0.000000000000000000e+00
2.981603860855102539e+00 -5.365615844726562500e+00 0.000000000000000000e+00
2.022488117218017578e+00 -9.292788505554199219e-01 0.000000000000000000e+00
-1.496238613128662109e+01 9.040464401245117188e+00 0.000000000000000000e+00
9.271364212036132812e-01 -3.506755113601684570e+00 0.000000000000000000e+00
5.816735744476318359e+00 -1.647068214416503906e+01 0.000000000000000000e+00
-1.685521125793457031e+01 3.658459663391113281e+00 0.000000000000000000e+00
-1.263196945190429688e+01 -3.759721040725708008e+00 0.000000000000000000e+00
-9.181705474853515625e+00 -7.108332157135009766e+00 0.000000000000000000e+00
-1.150714874267578125e+01 1.592677593231201172e+00 0.000000000000000000e+00
-1.265155315399169922e+01 5.360980033874511719e+00 0.000000000000000000e+00
6.311684608459472656e+00 9.470435142517089844e+00 0.000000000000000000e+00
1.344336986541748047e+01 -5.918022155761718750e+00 0.000000000000000000e+00
1.358941841125488281e+01 6.710176944732666016e+00 0.000000000000000000e+00
8.815341949462890625e+00 1.035768604278564453e+01 0.000000000000000000e+00
-1.613204956054687500e+01 6.018418788909912109e+00 0.000000000000000000e+00
-6.410549163818359375e+00 -2.134651660919189453e+00 0.000000000000000000e+00
9.099197387695312500e+00 -8.422823905944824219e+00 0.000000000000000000e+00
1.095794200897216797e+01 4.574282169342041016e+00 0.000000000000000000e+00
4.742372989654541016e+00 1.251849842071533203e+01 0.000000000000000000e+00
1.325075912475585938e+01 -1.141967105865478516e+01 0.000000000000000000e+00
-5.125446796417236328e+00 6.516216754913330078e+00 0.000000000000000000e+00
6.274784088134765625e+00 -1.025641155242919922e+01 0.000000000000000000e+00
-4.963486194610595703e+00 -3.091988801956176758e+00 0.000000000000000000e+00
1.155236339569091797e+01 -2.892558097839355469e+00 0.000000000000000000e+00
-8.863903045654296875e+00 1.355580615997314453e+01 0.000000000000000000e+00
-1.523290729522705078e+01 4.579627513885498047e+00 0.000000000000000000e+00
1.042696285247802734e+01 1.380899524688720703e+01 0.000000000000000000e+00
-8.179654121398925781e+00 3.056828022003173828e+00 0.000000000000000000e+00
-1.249891185760498047e+01 1.207426738739013672e+01 0.000000000000000000e+00
1.029290724545717239e-02 3.415260553359985352e+00 0.000000000000000000e+00
-2.343018770217895508e+00 -1.671967864036560059e+00 0.000000000000000000e+00
8.026622235774993896e-03 1.153626346588134766e+01 0.000000000000000000e+00
1.590846061706542969e+01 3.717406749725341797e+00 0.000000000000000000e+00
-1.403614139556884766e+01 -4.887753963470458984e+00 0.000000000000000000e+00
-8.621459007263183594e+00 9.157108306884765625e+00 0.000000000000000000e+00
1.247411632537841797e+01 3.329519510269165039e+00 0.000000000000000000e+00
1.031890964508056641e+01 -5.568584442138671875e+00 0.000000000000000000e+00
-7.096593856811523438e+00 -1.549295330047607422e+01 0.000000000000000000e+00
2.469420433044433594e+00 -1.213366317749023438e+01 0.000000000000000000e+00
