1.300721740722656250e+01 4.220913887023925781e+00 0.000000000000000000e+00
-5.258502006530761719e+00 -1.752290368080139160e+00 0.000000000000000000e+00
4.475682735443115234e+00 -5.674451351165771484e+00 0.000000000000000000e+00
6.006213188171386719e+00 1.604352188110351562e+01 0.000000000000000000e+00
-4.755071163177490234e+00 1.243732166290283203e+01 0.000000000000000000e+00
-1.065276503562927246e+00 -3.842576026916503906e+00 0.000000000000000000e+00
-1.373507308959960938e+01 -1.186911106109619141e+00 0.000000000000000000e+00
-1.258500099182128906e+01 -2.317817449569702148e+00 0.000000000000000000e+00
5.575327873229980469e+00 6.993415355682373047e+00 0.000000000000000000e+00
-1.439726734161376953e+01 -3.766116857528686523e+00 0.000000000000000000e+00
8.586798667907714844e+00 -1.304954433441162109e+01 0.000000000000000000e+00
7.067734718322753906e+00 6.549308776855468750e+00 0.000000000000000000e+00
-1.001394271850585938e+01 6.747741252183914185e-02 0.000000000000000000e+00
8.698792457580566406e+00 8.529218673706054688e+00 0.000000000000000000e+00
-8.248952865600585938e+00 -1.898298978805541992e+00 0.000000000000000000e+00
-2.205358266830444336e+00 -8.817080497741699219e+00 0.000000000000000000e+00
6.716696262359619141e+00 1.282272148132324219e+01 0.000000000000000000e+00
-8.053306579589843750e+00 -3.767965316772460938e+00 0.000000000000000000e+00
1.128977775573730469e+01 -6.097559928894042969e+00 0.000000000000000000e+00
6.832884788513183594e+00 -1.255801963806152344e+01 0.000000000000000000e+00
1.651016473770141602e+00 -5.726537704467773438e-01 0.000000000000000000e+00
-1.471920585632324219e+01 7.182643890380859375e+00 0.000000000000000000e+00
-8.051917076110839844e+00 1.040686798095703125e+01 0.000000000000000000e+00
1.486693954467773438e+01 2.023382425308227539e+00 0.000000000000000000e+00
-4.159043312072753906e+00 -5.292387485504150391e+00 0.000000000000000000e+00
4.946443557739257812e+00 -1.482533454895019531e+01 0.000000000000000000e+00
-2.168374776840209961e+00 5.950137138366699219e+00 0.000000000000000000e+00
3.077385425567626953e+00 -2.673975944519042969e+00 0.000000000000000000e+00
1.492687416076660156e+01 -6.624225139617919922e+00 0.000000000000000000e+00
7.052583694458007812e-01 2.870204210281372070e+00 0.000000000000000000e+00
6.799443244934082031e+00 -1.068293476104736328e+01 0.000000000000000000e+00
-9.398331642150878906e+00 3.227676391601562500e+00 0.000000000000000000e+00
6.047102928161621094e+00 -1.133953690528869629e+00 0.000000000000000000e+00
3.405132055282592773e+00 -9.728219985961914062e+00 0.000000000000000000e+00
3.107500791549682617e+00 -7.441269397735595703e+00 0.000000000000000000e+00
-7.082931518554687500e+00 -1.225992012023925781e+01 0.000000000000000000e+00
-8.945616722106933594e+00 8.796423912048339844e+00 0.000000000000000000e+00
-8.822791099548339844e+00 -5.352324008941650391e+00 0.000000000000000000e+00
-6.074529290199279785e-01 -1.161342144012451172e+01 0.000000000000000000e+00
7.569186687469482422e+00 1.110039901733398438e+01 0.000000000000000000e+00
8.110401153564453125e+00 1.351176166534423828e+01 0.000000000000000000e+00
1.165485620498657227e+00 -1.179999637603759766e+01 0.000000000000000000e+00
-1.240436267852783203e+01 3.055217266082763672e+00 0.000000000000000000e+00
-1.756867408752441406e+00 1.115773010253906250e+01 0.000000000000000000e+00
2.881131172180175781e+00 -1.241839694976806641e+01 0.000000000000000000e+00
9.555712342262268066e-01 1.464793014526367188e+01 0.000000000000000000e+00
1.413772678375244141e+01 8.657228469848632812e+00 0.000000000000000000e+00
-2.041180610656738281e+00 2.189230680465698242e+00 0.000000000000000000e+00
1.049117088317871094e+00 -2.622101306915283203e+00 0.000000000000000000e+00
1.035762786865234375e+01 -8.683998107910156250e+00 0.000000000000000000e+00
8.217287063598632812e+00 4.175111770629882812e+00 0.000000000000000000e+00
4.401534497737884521e-01 7.595293045043945312e+00 0.000000000000000000e+00
-1.223439788818359375e+01 4.986655712127685547e+00 0.000000000000000000e+00
-1.371197700500488281e+01 1.049306678771972656e+01 0.000000000000000000e+00
2.791885614395141602e+00 1.565979766845703125e+01 0.000000000000000000e+00
1.680973815917968750e+01 2.148200750350952148e+00 0.000000000000000000e+00
-9.605216026306152344e+00 -1.397251510620117188e+01 0.000000000000000000e+00
-5.875823974609375000e+00 1.504254531860351562e+01 0.000000000000000000e+00
-5.152692317962646484e+00 1.398622393608093262e+00 0.000000000000000000e+00
5.296820640563964844e+00 1.400977993011474609e+01 0.000000000000000000e+00
1.238391399383544922e+01 3.563318550586700439e-01 0.000000000000000000e+00
-3.709801435470581055e+00 -2.854516208171844482e-01 0.000000000000000000e+00
-6.048220396041870117e-01 6.533312797546386719e-01 0.000000000000000000e+00
-1.167987442016601562e+01 3.928656578063964844e-01 0.000000000000000000e+00
1.470482444763183594e+01 4.732685565948486328e+00 0.000000000000000000e+00
1.426329040527343750e+01 6.848934650421142578e+00 0.000000000000000000e+00
-9.749900817871093750e+00 -8.531265258789062500e+00 0.000000000000000000e+00
-3.980338335037231445e+00 3.298244953155517578e+00 0.000000000000000000e+00
1.266353511810302734e+01 -9.026268005371093750e+00 0.000000000000000000e+00
-5.702626228332519531e+00 -1.061252975463867188e+01 0.000000000000000000e+00
6.717032432556152344e+00 1.683684110641479492e+00 0.000000000000000000e+00
1.266668891906738281e+01 -1.089546871185302734e+01 0.000000000000000000e+00
5.719470024108886719e+00 1.163316440582275391e+01 0.000000000000000000e+00
-9.443944931030273438e+00 1.105563926696777344e+01 0.000000000000000000e+00
4.034359931945800781e+00 1.168514728546142578e+01 0.000000000000000000e+00
-1.468664169311523438e+01 2.296929359436035156e+00 0.000000000000000000e+00
-1.333729982376098633e+00 1.655932998657226562e+01 0.000000000000000000e+00
-3.697835803031921387e-01 -1.835415601730346680e+00 0.000000000000000000e+00
-1.177204418182373047e+01 9.310097694396972656e+00 0.000000000000000000e+00
1.239899253845214844e+01 1.036659145355224609e+01 0.000000000000000000e+00
1.707255363464355469e+01 -1.940386891365051270e+00 0.000000000000000000e+00
6.487150192260742188e+00 1.005282592773437500e+01 0.000000000000000000e+00
1.009489250183105469e+01 -2.193645954132080078e+00 0.000000000000000000e+00
1.021741485595703125e+01 2.227423340082168579e-01 0.000000000000000000e+00
-1.047000503540039062e+01 -1.099552440643310547e+01 0.000000000000000000e+00
-1.069751453399658203e+01 1.254663467407226562e+01 0.000000000000000000e+00
-6.558202266693115234e+00 -3.033758401870727539e+00 0.000000000000000000e+00
-4.631211757659912109e+00 -8.670394897460937500e+00 0.000000000000000000e+00
1.106576633453369141e+01 1.999457955360412598e+00 0.000000000000000000e+00
-3.050048351287841797e+00 7.817680835723876953e+00 0.000000000000000000e+00
-1.602025413513183594e+01 4.404524803161621094e+00 0.000000000000000000e+00
9.288011550903320312e+00 1.648708939552307129e+00 0.000000000000000000e+00
-7.978946208953857422e+00 -1.408791446685791016e+01 0.000000000000000000e+00
5.943015575408935547e+00 -7.172333240509033203e+00 0.000000000000000000e+00
-6.122723579406738281e+00 8.305088043212890625e+00 0.000000000000000000e+00
1.145676612854003906e+01 3.737005710601806641e+00 0.000000000000000000e+00
1.642607331275939941e+00 5.053470611572265625e+00 0.000000000000000000e+00
-6.315166950225830078e+00 1.242494201660156250e+01 0.000000000000000000e+00
1.551621913909912109e+01 -3.716732740402221680e+00 0.000000000000000000e+00
6.150127410888671875e+00 -1.580104923248291016e+01 0.000000000000000000e+00
-1.015859985351562500e+01 6.760885238647460938e+00 0.000000000000000000e+00
-3.186112642288208008e+00 1.389950561523437500e+01 0.000000000000000000e+00
-2.070281505584716797e+00 -1.576759815216064453e+01 0.000000000000000000e+00
7.666434288024902344e+00 -3.424009799957275391e+00 0.000000000000000000e+00
1.355798435211181641e+01 -1.758331537246704102e+00 0.000000000000000000e+00
-8.244893074035644531e+00 6.238082885742187500e+00 0.000000000000000000e+00
1.138681221008300781e+01 1.308299255371093750e+01 0.000000000000000000e+00
7.632160186767578125e+00 -7.069943428039550781e+00 0.000000000000000000e+00
8.258451461791992188e+00 -9.140177726745605469e+00 0.000000000000000000e+00
-1.344454479217529297e+01 6.046025753021240234e+00 0.000000000000000000e+00
-7.541266441345214844e+00 -6.223667621612548828e+00 0.000000000000000000e+00
-1.381353664398193359e+01 -6.445446968078613281e+00 0.000000000000000000e+00
5.228530406951904297e+00 2.375239610671997070e+00 0.000000000000000000e+00
3.732527256011962891e+00 1.001842117309570312e+01 0.000000000000000000e+00
-3.592442870140075684e-01 1.190844917297363281e+01 0.000000000000000000e+00
2.523865222930908203e+00 -1.543978786468505859e+01 0.000000000000000000e+00
-5.985742568969726562e+00 -1.485000038146972656e+01 0.000000000000000000e+00
-9.011941909790039062e+00 -1.173503780364990234e+01 0.000000000000000000e+00
1.363577961921691895e+00 9.365663528442382812e+00 0.000000000000000000e+00
4.649610042572021484e+00 -8.545894622802734375e+00 0.000000000000000000e+00
-1.177721881866455078e+01 -6.769104003906250000e+00 0.000000000000000000e+00
1.124984550476074219e+01 7.113605022430419922e+00 0.000000000000000000e+00
-1.589922809600830078e+01 -4.947070598602294922e+00 0.000000000000000000e+00
-1.201967000961303711e+00 -1.714301300048828125e+01 0.000000000000000000e+00
-1.104239106178283691e+00 -1.448534011840820312e+01 0.000000000000000000e+00
1.624024772644042969e+01 -6.491582393646240234e-01 0.000000000000000000e+00
4.153645038604736328e+00 -9.770281910896301270e-01 0.000000000000000000e+00
-2.010306119918823242e+00 -2.579948425292968750e+00 0.000000000000000000e+00
-3.119694471359252930e+00 -1.275756549835205078e+01 0.000000000000000000e+00
1.196291828155517578e+01 -2.065187931060791016e+00 0.000000000000000000e+00
-6.883593082427978516e+00 -7.684007167816162109e+00 0.000000000000000000e+00
9.498910903930664062e-01 -9.398159027099609375e+00 0.000000000000000000e+00
-1.039678478240966797e+01 -6.002240657806396484e+00 0.000000000000000000e+00
2.881938457489013672e+00 8.768042564392089844e+00 0.000000000000000000e+00
3.532313704490661621e-01 -6.493369102478027344e+00 0.000000000000000000e+00
3.271469593048095703e+00 3.556039571762084961e+00 0.000000000000000000e+00
9.868495941162109375e+00 1.204055309295654297e+01 0.000000000000000000e+00
2.488261461257934570e+00 1.411419391632080078e+01 0.000000000000000000e+00
-1.096230220794677734e+01 4.091793060302734375e+00 0.000000000000000000e+00
9.976342201232910156e+00 1.410916996002197266e+01 0.000000000000000000e+00
7.569405555725097656e+00 -2.352213859558105469e-01 0.000000000000000000e+00
-1.210454559326171875e+01 -9.902808189392089844e+00 0.000000000000000000e+00
-7.683234214782714844e+00 -1.559640216827392578e+01 0.000000000000000000e+00
1.061374664306640625e+01 -1.200857830047607422e+01 0.000000000000000000e+00
-7.469103336334228516e-01 -9.644071578979492188e+00 0.000000000000000000e+00
-1.161118221282958984e+01 -1.289186477661132812e+01 0.000000000000000000e+00
-1.228200912475585938e+01 -8.232172012329101562e+00 0.000000000000000000e+00
1.443330764770507812e+00 1.171081829071044922e+01 0.000000000000000000e+00
-1.447660446166992188e+01 4.824527740478515625e+00 0.000000000000000000e+00
9.214388847351074219e+00 6.213447570800781250e+00 0.000000000000000000e+00
1.575250530242919922e+01 6.245800018310546875e+00 0.000000000000000000e+00
1.621617197990417480e+00 -7.972307205200195312e+00 0.000000000000000000e+00
-6.325592041015625000e+00 -9.126163482666015625e+00 0.000000000000000000e+00
6.482211112976074219e+00 -1.415720939636230469e+01 0.000000000000000000e+00
-3.403297662734985352e+00 -7.719810962677001953e+00 0.000000000000000000e+00
-1.347643947601318359e+01 1.349392890930175781e+00 0.000000000000000000e+00
-1.479462242126464844e+01 8.757988929748535156e+00 0.000000000000000000e+00
-1.601237654685974121e+00 4.071219444274902344e+00 0.000000000000000000e+00
-9.659001350402832031e+00 1.396344375610351562e+01 0.000000000000000000e+00
-2.131646156311035156e+00 -1.157757377624511719e+01 0.000000000000000000e+00
1.401657009124755859e+01 -3.989743232727050781e+00 0.000000000000000000e+00
-1.623294591903686523e+00 -5.925664901733398438e+00 0.000000000000000000e+00
1.222906208038330078e+01 8.347363471984863281e+00 0.000000000000000000e+00
-1.253357791900634766e+01 7.991700172424316406e+00 0.000000000000000000e+00
-8.155411720275878906e+00 1.254874324798583984e+01 0.000000000000000000e+00
-5.940940856933593750e+00 -4.516924858093261719e+00 0.000000000000000000e+00
-3.523998022079467773e+00 4.907944202423095703e+00 0.000000000000000000e+00
-6.968479633331298828e+00 3.447457075119018555e+00 0.000000000000000000e+00
1.001260757446289062e+01 -4.876987457275390625e+00 0.000000000000000000e+00
-5.027716636657714844e+00 4.540752410888671875e+00 0.000000000000000000e+00
-2.106684148311614990e-01 -1.571052455902099609e+01 0.000000000000000000e+00
-4.786012470722198486e-01 5.616133689880371094e+00 0.000000000000000000e+00
-4.344113826751708984e+00 -1.567823219299316406e+01 0.000000000000000000e+00
-3.154749870300292969e+00 -1.001803874969482422e+01 0.000000000000000000e+00
1.112680816650390625e+01 -3.593595981597900391e+00 0.000000000000000000e+00
5.397457599639892578e+00 4.053966045379638672e+00 0.000000000000000000e+00
2.425196170806884766e+00 6.826665401458740234e+00 0.000000000000000000e+00
1.460311222076416016e+01 4.941812250763177872e-03 0.000000000000000000e+00
2.307138681411743164e+00 -4.239701271057128906e+00 0.000000000000000000e+00
5.013097763061523438e+00 -1.047324657440185547e+01 0.000000000000000000e+00
-1.411084842681884766e+01 -8.367080688476562500e+00 0.000000000000000000e+00
-3.508321523666381836e+00 -3.671053886413574219e+00 0.000000000000000000e+00
9.174576759338378906e+00 -6.970347881317138672e+00 0.000000000000000000e+00
1.283965396881103516e+01 -7.293579578399658203e+00 0.000000000000000000e+00
-5.957122325897216797e+00 6.737863063812255859e+00 0.000000000000000000e+00
-1.574262046813964844e+01 -8.314579129219055176e-01 0.000000000000000000e+00
-3.346959590911865234e+00 -1.707307815551757812e+01 0.000000000000000000e+00
4.727831363677978516e+00 -1.201239299774169922e+01 0.000000000000000000e+00
-6.931627750396728516e+00 5.406090259552001953e+00 0.000000000000000000e+00
-5.465446472167968750e+00 -1.296729183197021484e+01 0.000000000000000000e+00
1.301163768768310547e+01 -5.771399021148681641e+00 0.000000000000000000e+00
-7.672080516815185547e+00 4.058626890182495117e-01 0.000000000000000000e+00
1.243958950042724609e+01 6.061941623687744141e+00 0.000000000000000000e+00
1.079649353027343750e+01 9.090471267700195312e+00 0.000000000000000000e+00
-7.867418289184570312e+00 1.544288349151611328e+01 0.000000000000000000e+00
-1.180477714538574219e+01 6.475811958312988281e+00 0.000000000000000000e+00
-1.329335331916809082e+00 7.440248966217041016e+00 0.000000000000000000e+00
6.310423374176025391e+00 -4.558850765228271484e+00 0.000000000000000000e+00
1.854259967803955078e+00 1.712672114372253418e+00 0.000000000000000000e+00
4.491769790649414062e+00 1.544348526000976562e+01 0.000000000000000000e+00
-1.115873718261718750e+01 -1.745756506919860840e+00 0.000000000000000000e+00
-2.843327045440673828e+00 1.645430755615234375e+01 0.000000000000000000e+00
4.252023220062255859e+00 5.784166455268859863e-01 0.000000000000000000e+00
-1.696228408813476562e+01 2.187290906906127930e+00 0.000000000000000000e+00
-1.718760681152343750e+01 -1.790659308433532715e+00 0.000000000000000000e+00
1.148365616798400879e+00 1.616355895996093750e+01 0.000000000000000000e+00
-1.180856037139892578e+01 -4.218268871307373047e+00 0.000000000000000000e+00
1.016675090789794922e+01 1.053791904449462891e+01 0.000000000000000000e+00
-2.912760257720947266e+00 1.233930683135986328e+01 0.000000000000000000e+00
-1.699760246276855469e+01 3.733853995800018311e-01 0.000000000000000000e+00
-1.503897666931152344e+00 9.383712768554687500e+00 0.000000000000000000e+00
1.578731918334960938e+01 3.680316686630249023e+00 0.000000000000000000e+00
-4.069461345672607422e+00 1.001708030700683594e+01 0.000000000000000000e+00
-1.029985618591308594e+01 -3.432257175445556641e+00 0.000000000000000000e+00
-1.355998706817626953e+01 -1.087126445770263672e+01 0.000000000000000000e+00
1.056477260589599609e+01 5.220436096191406250e+00 0.000000000000000000e+00
5.448630809783935547e+00 8.914041519165039062e+00 0.000000000000000000e+00
6.089633941650390625e+00 -2.781204223632812500e+00 0.000000000000000000e+00
-3.570742130279541016e+00 -1.881172537803649902e+00 0.000000000000000000e+00
-2.009768724441528320e+00 1.153175383806228638e-01 0.000000000000000000e+00
-1.211248016357421875e+01 1.079916381835937500e+01 0.000000000000000000e+00
6.383473277091979980e-01 -4.356615543365478516e+00 0.000000000000000000e+00
-1.635363769531250000e+01 5.883821964263916016e+00 0.000000000000000000e+00
-3.654903888702392578e+00 1.821083545684814453e+00 0.000000000000000000e+00
-8.940174102783203125e+00 -7.199151039123535156e+00 0.000000000000000000e+00
-5.593365669250488281e+00 1.043146991729736328e+01 0.000000000000000000e+00
2.984283924102783203e+00 -1.691951179504394531e+01 0.000000000000000000e+00
-9.877134323120117188e+00 5.257259845733642578e+00 0.000000000000000000e+00
6.435552597045898438e+00 -9.216846466064453125e+00 0.000000000000000000e+00
1.487784194946289062e+01 -8.690839767456054688e+00 0.000000000000000000e+00
1.306193447113037109e+01 1.747802734375000000e+00 0.000000000000000000e+00
-5.369519233703613281e+00 -6.191577911376953125e+00 0.000000000000000000e+00
-4.060920238494873047e+00 6.511792659759521484e+00 0.000000000000000000e+00
-9.235789299011230469e+00 1.486593365669250488e+00 0.000000000000000000e+00
-4.722328662872314453e+00 1.676951217651367188e+01 0.000000000000000000e+00
8.184630393981933594e+00 1.505663585662841797e+01 0.000000000000000000e+00
-4.025077342987060547e+00 1.529524326324462891e+01 0.000000000000000000e+00
9.797402381896972656e+00 3.715816020965576172e+00 0.000000000000000000e+00
-1.183478951454162598e+00 1.416905498504638672e+01 0.000000000000000000e+00
-7.335381984710693359e+00 -1.032610702514648438e+01 0.000000000000000000e+00
8.048526763916015625e+00 -1.445204639434814453e+01 0.000000000000000000e+00
8.388539314270019531e+00 -1.843011260032653809e+00 0.000000000000000000e+00
-4.232408046722412109e+00 -1.409392929077148438e+01 0.000000000000000000e+00
4.596056461334228516e+00 -1.637176322937011719e+01 0.000000000000000000e+00
9.235013008117675781e+00 -1.123838424682617188e+01 0.000000000000000000e+00
-1.307377910614013672e+01 -5.119698047637939453e+00 0.000000000000000000e+00
1.514626741409301758e-01 1.025840568542480469e+01 0.000000000000000000e+00
1.757512927055358887e+00 -5.762641429901123047e+00 0.000000000000000000e+00
-3.430337607860565186e-01 -7.892497062683105469e+00 0.000000000000000000e+00
3.345578193664550781e+00 5.445535659790039062e+00 0.000000000000000000e+00
1.058661818504333496e+00 -1.376789760589599609e+01 0.000000000000000000e+00
4.873878479003906250e+00 -3.725352764129638672e+00 0.000000000000000000e+00
1.404409313201904297e+01 1.035530281066894531e+01 0.000000000000000000e+00
-6.208198070526123047e+00 -1.043233275413513184e-01 0.000000000000000000e+00
-1.684840011596679688e+01 -3.316502571105957031e+00 0.000000000000000000e+00
-9.205645561218261719e+00 -9.987157821655273438e+00 0.000000000000000000e+00
