1.399319553375244141e+01 -9.698750972747802734e-01 0.000000000000000000e+00
4.128126144409179688e+00 -1.353256511688232422e+01 0.000000000000000000e+00
1.158440876007080078e+01 -1.038072013854980469e+01 0.000000000000000000e+00
-9.306477546691894531e+00 5.377754688262939453e+00 0.000000000000000000e+00
-1.306191253662109375e+01 -3.591675519943237305e+00 0.000000000000000000e+00
1.025302124023437500e+01 -6.818777084350585938e+00 0.000000000000000000e+00
1.202851057052612305e+00 -2.196202278137207031e+00 0.000000000000000000e+00
-7.050868034362792969e+00 9.398971557617187500e+00 0.000000000000000000e+00
1.437635612487792969e+01 -6.758895874023437500e+00 0.000000000000000000e+00
3.830212593078613281e+00 -1.675244331359863281e+01 0.000000000000000000e+00
7.478947639465332031e+00 -1.239029407501220703e+01 0.000000000000000000e+00
-1.030026912689208984e+01 -3.927315950393676758e+00 0.000000000000000000e+00
-2.927924156188964844e+00 7.532876014709472656e+00 0.000000000000000000e+00
4.565080642700195312e+00 1.449143314361572266e+01 0.000000000000000000e+00
-1.394892120361328125e+01 -5.472269058227539062e-01 0.000000000000000000e+00
-4.342659473419189453e+00 -7.555415481328964233e-02 0.000000000000000000e+00
-7.637959003448486328e+00 -9.595684051513671875e+00 0.000000000000000000e+00
1.013186359405517578e+01 -3.187928438186645508e+00 0.000000000000000000e+00
3.021081209182739258e+00 5.581634044647216797e+00 0.000000000000000000e+00
-9.657393455505371094e+00 -8.606477737426757812e+00 0.000000000000000000e+00
-3.530915737152099609e+00 -5.878974437713623047e+00 0.000000000000000000e+00
-1.290468406677246094e+01 8.293324470520019531e+00 0.000000000000000000e+00
-3.905563592910766602e+00 -4.401723384857177734e+00 0.000000000000000000e+00
1.329808998107910156e+01 -8.466526031494140625e+00 0.000000000000000000e+00
6.194009780883789062e+00 -1.460340309143066406e+01 0.000000000000000000e+00
6.809210300445556641e+00 2.227876186370849609e+00 0.000000000000000000e+00
-1.614199042320251465e+00 1.995199561119079590e+00 0.000000000000000000e+00
1.060854625701904297e+01 -5.099045634269714355e-01 0.000000000000000000e+00
-3.983851671218872070e+00 1.341267967224121094e+01 0.000000000000000000e+00
-1.697004318237304688e+01 3.255076169967651367e+00 0.000000000000000000e+00
1.015109062194824219e+01 1.361207866668701172e+01 0.000000000000000000e+00
9.138617515563964844e+00 3.383206129074096680e+00 0.000000000000000000e+00
-1.800554275512695312e+00 -6.029883861541748047e+00 0.000000000000000000e+00
1.146909669041633606e-01 1.098414659500122070e+00 0.000000000000000000e+00
2.717675447463989258e+00 -2.799950599670410156e+00 0.000000000000000000e+00
3.795101165771484375e+00 -6.328721046447753906e+00 0.000000000000000000e+00
-6.128611087799072266e+00 -1.464310455322265625e+01 0.000000000000000000e+00
5.944289207458496094e+00 -4.971269130706787109e+00 0.000000000000000000e+00
-1.684545898437500000e+01 -3.411833524703979492e+00 0.000000000000000000e+00
-3.493484258651733398e+00 1.565235996246337891e+01 0.000000000000000000e+00
-1.255407524108886719e+01 -1.094847869873046875e+01 0.000000000000000000e+00
2.071067571640014648e+00 6.871096134185791016e+00 0.000000000000000000e+00
1.668324661254882812e+01 -3.993539333343505859e+00 0.000000000000000000e+00
-5.978800296783447266e+00 -8.309322357177734375e+00 0.000000000000000000e+00
-7.013709545135498047e+00 -1.132363891601562500e+01 0.000000000000000000e+00
-2.043366432189941406e+00 -1.918921351432800293e+00 0.000000000000000000e+00
-7.706193327903747559e-01 6.677131175994873047e+00 0.000000000000000000e+00
1.747109055519104004e+00 1.279782581329345703e+01 0.000000000000000000e+00
1.165110969543457031e+01 6.084843158721923828e+00 0.000000000000000000e+00
5.282904624938964844e+00 1.508543014526367188e+00 0.000000000000000000e+00
5.482935428619384766e+00 9.186758041381835938e+00 0.000000000000000000e+00
-7.971361279487609863e-01 1.053637981414794922e+01 0.000000000000000000e+00
4.231592178344726562e+00 -1.141137927770614624e-01 0.000000000000000000e+00
1.273874473571777344e+01 8.110187530517578125e+00 0.000000000000000000e+00
7.755026340484619141e+00 8.419477462768554688e+00 0.000000000000000000e+00
-8.410047531127929688e+00 1.180838871002197266e+01 0.000000000000000000e+00
-6.646199226379394531e+00 -1.847044706344604492e+00 0.000000000000000000e+00
-7.041345596313476562e+00 3.302350282669067383e+00 0.000000000000000000e+00
1.149148702621459961e+00 1.047932624816894531e+01 0.000000000000000000e+00
-9.574073791503906250e+00 9.166132926940917969e+00 0.000000000000000000e+00
-1.618782615661621094e+01 1.714402675628662109e+00 0.000000000000000000e+00
-1.397940540313720703e+01 -4.794279575347900391e+00 0.000000000000000000e+00
1.062935161590576172e+01 1.142639255523681641e+01 0.000000000000000000e+00
-1.871848225593566895e+00 8.920081138610839844e+00 0.000000000000000000e+00
5.003968238830566406e+00 3.329694032669067383e+00 0.000000000000000000e+00
-8.198537826538085938e+00 1.383619403839111328e+01 0.000000000000000000e+00
-2.651998043060302734e+00 -1.607877922058105469e+01 0.000000000000000000e+00
1.003462409973144531e+01 -1.201014900207519531e+01 0.000000000000000000e+00
5.518852710723876953e+00 6.044204711914062500e+00 0.000000000000000000e+00
6.824533462524414062e+00 -7.327914237976074219e+00 0.000000000000000000e+00
-7.622871875762939453e+00 -5.446985244750976562e+00 0.000000000000000000e+00
1.612989068031311035e+00 -2.963086366653442383e-01 0.000000000000000000e+00
8.532877922058105469e+00 -6.425426602363586426e-01 0.000000000000000000e+00
-6.452753543853759766e+00 1.082757282257080078e+01 0.000000000000000000e+00
-1.876266360282897949e+00 1.499687480926513672e+01 0.000000000000000000e+00
-1.391007137298583984e+01 -9.808387756347656250e+00 0.000000000000000000e+00
-1.571427345275878906e+01 5.236670494079589844e+00 0.000000000000000000e+00
-3.532782793045043945e+00 -1.606636643409729004e+00 0.000000000000000000e+00
-1.097501468658447266e+01 -7.871044158935546875e+00 0.000000000000000000e+00
-6.215189456939697266e+00 1.607093048095703125e+01 0.000000000000000000e+00
1.204530239105224609e+01 1.256768226623535156e+00 0.000000000000000000e+00
5.398194789886474609e+00 -2.524791479110717773e+00 0.000000000000000000e+00
1.176948928833007812e+01 1.273840141296386719e+01 0.000000000000000000e+00
2.768585681915283203e+00 -1.552895259857177734e+01 0.000000000000000000e+00
9.061451911926269531e+00 -4.997309207916259766e+00 0.000000000000000000e+00
1.463552093505859375e+01 7.068303108215332031e+00 0.000000000000000000e+00
3.865742206573486328e+00 1.111840629577636719e+01 0.000000000000000000e+00
1.539623832702636719e+01 2.311828851699829102e+00 0.000000000000000000e+00
2.606564998626708984e+00 -1.208271980285644531e+01 0.000000000000000000e+00
-6.875128746032714844e+00 1.272805404663085938e+01 0.000000000000000000e+00
2.445881128311157227e+00 -8.098069190979003906e+00 0.000000000000000000e+00
-5.343191623687744141e+00 3.534967422485351562e+00 0.000000000000000000e+00
7.324882984161376953e+00 6.195104598999023438e+00 0.000000000000000000e+00
9.848881363868713379e-01 -1.615571975708007812e+01 0.000000000000000000e+00
8.856214523315429688e+00 -8.120106697082519531e+00 0.000000000000000000e+00
-9.628058433532714844e+00 -1.212843990325927734e+01 0.000000000000000000e+00
1.621519660949707031e+01 3.618773221969604492e+00 0.000000000000000000e+00
1.324884700775146484e+01 -1.062709617614746094e+01 0.000000000000000000e+00
7.014654636383056641e+00 -2.151807308197021484e+00 0.000000000000000000e+00
-1.761893272399902344e+00 1.312736797332763672e+01 0.000000000000000000e+00
-1.128739643096923828e+01 -7.582557201385498047e-01 0.000000000000000000e+00
1.217616367340087891e+01 -1.954364180564880371e+00 0.000000000000000000e+00
2.261350154876708984e+00 -5.653144836425781250e+00 0.000000000000000000e+00
-3.928930521011352539e+00 -1.424245643615722656e+01 0.000000000000000000e+00
1.635125041007995605e+00 2.945828199386596680e+00 0.000000000000000000e+00
4.271033763885498047e+00 7.644387245178222656e+00 0.000000000000000000e+00
-6.583734512329101562e+00 1.278303027153015137e+00 0.000000000000000000e+00
1.280398845672607422e+01 3.638544559478759766e+00 0.000000000000000000e+00
-8.404363632202148438e+00 -1.414706993103027344e+01 0.000000000000000000e+00
1.357709693908691406e+01 5.681524276733398438e+00 0.000000000000000000e+00
1.420153522491455078e+01 -2.793602943420410156e+00 0.000000000000000000e+00
1.423441696166992188e+01 1.094268441200256348e+00 0.000000000000000000e+00
4.206173896789550781e+00 -8.056929588317871094e+00 0.000000000000000000e+00
-2.734695672988891602e+00 2.998805999755859375e+00 0.000000000000000000e+00
5.997248649597167969e+00 1.042306572198867798e-01 0.000000000000000000e+00
-1.179039287567138672e+01 1.479085803031921387e+00 0.000000000000000000e+00
-1.258705043792724609e+01 -6.954685688018798828e+00 0.000000000000000000e+00
-1.474574804306030273e+00 -1.395479869842529297e+01 0.000000000000000000e+00
3.020544290542602539e+00 1.522656059265136719e+01 0.000000000000000000e+00
-8.909373283386230469e+00 3.428616046905517578e+00 0.000000000000000000e+00
-1.127222919464111328e+01 7.507608890533447266e+00 0.000000000000000000e+00
-9.382187843322753906e+00 7.661474347114562988e-01 0.000000000000000000e+00
1.961388945579528809e+00 1.646375656127929688e+01 0.000000000000000000e+00
-1.110538196563720703e+01 5.271330833435058594e+00 0.000000000000000000e+00
-9.999582290649414062e+00 1.139354133605957031e+01 0.000000000000000000e+00
-1.720481681823730469e+01 -1.769184827804565430e+00 0.000000000000000000e+00
-1.225228691101074219e+01 -8.852107048034667969e+00 0.000000000000000000e+00
-7.205026149749755859e+00 -7.278779029846191406e+00 0.000000000000000000e+00
-1.459070491790771484e+01 3.487563610076904297e+00 0.000000000000000000e+00
-4.254866540431976318e-01 4.089996814727783203e+00 0.000000000000000000e+00
7.878394603729248047e+00 -1.017134284973144531e+01 0.000000000000000000e+00
5.149563789367675781e+00 1.666364288330078125e+01 0.000000000000000000e+00
-1.077384757995605469e+01 -1.074838542938232422e+01 0.000000000000000000e+00
1.713617134094238281e+01 2.192260742187500000e+00 0.000000000000000000e+00
9.454507827758789062e+00 6.087957382202148438e+00 0.000000000000000000e+00
8.020008087158203125e+00 1.389024925231933594e+01 0.000000000000000000e+00
-2.687363147735595703e+00 1.114767456054687500e+01 0.000000000000000000e+00
-4.330923080444335938e+00 5.828163623809814453e+00 0.000000000000000000e+00
7.974701404571533203e+00 -1.382558917999267578e+01 0.000000000000000000e+00
-6.925709843635559082e-01 -1.595746040344238281e+01 0.000000000000000000e+00
3.878875494003295898e+00 -4.288425922393798828e+00 0.000000000000000000e+00
6.461547374725341797e+00 4.571136951446533203e+00 0.000000000000000000e+00
-1.561419868469238281e+01 7.709927558898925781e+00 0.000000000000000000e+00
6.830133914947509766e+00 -8.955319404602050781e+00 0.000000000000000000e+00
6.795045375823974609e+00 1.247426891326904297e+01 0.000000000000000000e+00
1.350153923034667969e+01 1.074530982971191406e+01 0.000000000000000000e+00
7.528898239135742188e+00 -4.863494873046875000e+00 0.000000000000000000e+00
-1.186758995056152344e+01 1.092359924316406250e+01 0.000000000000000000e+00
-9.010756492614746094e+00 -1.044620609283447266e+01 0.000000000000000000e+00
-1.364507865905761719e+01 4.898745536804199219e+00 0.000000000000000000e+00
1.041581630706787109e+01 -8.669375419616699219e+00 0.000000000000000000e+00
-4.200213909149169922e+00 1.174958705902099609e+01 0.000000000000000000e+00
-1.852466762065887451e-01 1.266089916229248047e+01 0.000000000000000000e+00
2.891008615493774414e+00 -1.015620422363281250e+01 0.000000000000000000e+00
-1.101941776275634766e+01 -1.307485961914062500e+01 0.000000000000000000e+00
7.952797412872314453e+00 -1.535861682891845703e+01 0.000000000000000000e+00
8.622623443603515625e+00 1.231682491302490234e+01 0.000000000000000000e+00
-2.799080371856689453e+00 3.354665637016296387e-01 0.000000000000000000e+00
-9.214565277099609375e+00 7.390120983123779297e+00 0.000000000000000000e+00
1.495888590812683105e+00 -9.355224609375000000e+00 0.000000000000000000e+00
1.238384151458740234e+01 -7.206488132476806641e+00 0.000000000000000000e+00
5.620662689208984375e+00 -1.043731594085693359e+01 0.000000000000000000e+00
-1.297765350341796875e+01 3.389425754547119141e+00 0.000000000000000000e+00
-9.249055862426757812e+00 -2.194430589675903320e+00 0.000000000000000000e+00
9.620339393615722656e+00 1.673764109611511230e+00 0.000000000000000000e+00
-7.275996208190917969e+00 5.211431980133056641e+00 0.000000000000000000e+00
1.134395217895507812e+01 -5.502199649810791016e+00 0.000000000000000000e+00
-1.565181255340576172e+01 -1.773552596569061279e-01 0.000000000000000000e+00
7.772278785705566406e-01 -3.724706649780273438e+00 0.000000000000000000e+00
-6.314934730529785156e+00 1.443905639648437500e+01 0.000000000000000000e+00
1.308640098571777344e+01 -4.936934471130371094e+00 0.000000000000000000e+00
-3.209035471081733704e-02 1.469575595855712891e+01 0.000000000000000000e+00
-6.008546352386474609e+00 -9.978137016296386719e+00 0.000000000000000000e+00
7.620795369148254395e-01 5.135276317596435547e+00 0.000000000000000000e+00
-4.938772201538085938e+00 -1.142823982238769531e+01 0.000000000000000000e+00
-2.153996229171752930e+00 -9.670555114746093750e+00 0.000000000000000000e+00
-6.536221027374267578e+00 -1.612718391418457031e+01 0.000000000000000000e+00
-3.918320178985595703e+00 -8.477250099182128906e+00 0.000000000000000000e+00
-1.624828338623046875e+01 -5.450718402862548828e+00 0.000000000000000000e+00
-2.777630090713500977e+00 -1.182557201385498047e+01 0.000000000000000000e+00
6.721844077110290527e-01 -1.179667758941650391e+01 0.000000000000000000e+00
-4.464713096618652344e+00 1.898187398910522461e+00 0.000000000000000000e+00
2.626700162887573242e+00 9.435531616210937500e+00 0.000000000000000000e+00
1.597442913055419922e+01 -6.532095432281494141e+00 0.000000000000000000e+00
1.000952339172363281e+01 -1.412341499328613281e+01 0.000000000000000000e+00
-1.467699909210205078e+01 -2.063852548599243164e+00 0.000000000000000000e+00
1.574710559844970703e+01 -2.905366718769073486e-01 0.000000000000000000e+00
1.597273826599121094e+01 -2.349017381668090820e+00 0.000000000000000000e+00
1.125437641143798828e+01 2.536019802093505859e+00 0.000000000000000000e+00
-2.015847921371459961e+00 -7.715960979461669922e+00 0.000000000000000000e+00
-3.548689365386962891e+00 4.335119247436523438e+00 0.000000000000000000e+00
4.874217510223388672e-01 7.737876892089843750e+00 0.000000000000000000e+00
-1.014676332473754883e+00 -4.420683860778808594e+00 0.000000000000000000e+00
-1.371407508850097656e+01 1.002079486846923828e+01 0.000000000000000000e+00
-5.579798221588134766e+00 -6.732870101928710938e+00 0.000000000000000000e+00
-1.903621405363082886e-01 -7.957523345947265625e+00 0.000000000000000000e+00
-1.058539295196533203e+01 1.358583545684814453e+01 0.000000000000000000e+00
1.203756093978881836e+00 -1.451571559906005859e+01 0.000000000000000000e+00
6.809862256050109863e-01 1.733091735839843750e+01 0.000000000000000000e+00
2.547115087509155273e+00 1.220812082290649414e+00 0.000000000000000000e+00
1.554045391082763672e+01 -7.997532367706298828e+00 0.000000000000000000e+00
1.422687721252441406e+01 8.747198104858398438e+00 0.000000000000000000e+00
-5.268421769142150879e-01 -5.873903036117553711e-01 0.000000000000000000e+00
-3.998255014419555664e+00 8.733668327331542969e+00 0.000000000000000000e+00
1.113515567779541016e+01 9.535528182983398438e+00 0.000000000000000000e+00
-5.892111778259277344e+00 6.264778614044189453e+00 0.000000000000000000e+00
9.606499671936035156e+00 -9.997593879699707031e+00 0.000000000000000000e+00
-6.520411968231201172e-01 -2.931997299194335938e+00 0.000000000000000000e+00
8.645916938781738281e+00 -2.526378393173217773e+00 0.000000000000000000e+00
-1.740132522583007812e+01 -1.906785666942596436e-01 0.000000000000000000e+00
-1.569486904144287109e+01 -7.579784393310546875e+00 0.000000000000000000e+00
-6.169856071472167969e+00 7.901528835296630859e+00 0.000000000000000000e+00
-6.696951985359191895e-01 -1.028007793426513672e+01 0.000000000000000000e+00
6.668643474578857422e+00 1.558376216888427734e+01 0.000000000000000000e+00
-1.054595375061035156e+01 -5.685249805450439453e+00 0.000000000000000000e+00
-2.708653211593627930e+00 1.724799919128417969e+01 0.000000000000000000e+00
-1.406486511230468750e+01 6.441005229949951172e+00 0.000000000000000000e+00
-8.762031555175781250e+00 -6.782461643218994141e+00 0.000000000000000000e+00
-6.052030563354492188e+00 -5.172319412231445312e+00 0.000000000000000000e+00
-5.317620754241943359e+00 -2.694860219955444336e+00 0.000000000000000000e+00
-1.851108789443969727e+00 5.140704154968261719e+00 0.000000000000000000e+00
1.144487476348876953e+01 4.351631164550781250e+00 0.000000000000000000e+00
5.919175624847412109e+00 -1.247963714599609375e+01 0.000000000000000000e+00
5.743905544281005859e+00 1.091305160522460938e+01 0.000000000000000000e+00
-1.200294780731201172e+01 -4.712645053863525391e+00 0.000000000000000000e+00
4.292805194854736328e+00 -1.133382511138916016e+01 0.000000000000000000e+00
1.613848876953125000e+01 6.086288452148437500e+00 0.000000000000000000e+00
-1.356019973754882812e+01 1.827095627784729004e+00 0.000000000000000000e+00
-1.128254508972167969e+01 -2.264279603958129883e+00 0.000000000000000000e+00
-1.110912132263183594e+01 3.198185443878173828e+00 0.000000000000000000e+00
1.266160011291503906e+01 -1.205681324005126953e+01 0.000000000000000000e+00
-7.922080516815185547e+00 1.989633917808532715e+00 0.000000000000000000e+00
9.770440101623535156e+00 8.096502304077148438e+00 0.000000000000000000e+00
5.246686458587646484e+00 -1.595847129821777344e+01 0.000000000000000000e+00
4.915449142456054688e+00 1.277414035797119141e+01 0.000000000000000000e+00
6.274915933609008789e-01 -5.632960319519042969e+00 0.000000000000000000e+00
-7.444733142852783203e+00 -1.279687976837158203e+01 0.000000000000000000e+00
-1.129834651947021484e+01 9.347183227539062500e+00 0.000000000000000000e+00
-5.221394300460815430e-01 1.632977676391601562e+01 0.000000000000000000e+00
-4.736665248870849609e+00 7.402620792388916016e+00 0.000000000000000000e+00
-6.813209533691406250e+00 -3.792323112487792969e+00 0.000000000000000000e+00
8.273747444152832031e+00 4.985157966613769531e+00 0.000000000000000000e+00
-1.367495250701904297e+01 -8.133031845092773438e+00 0.000000000000000000e+00
7.440976619720458984e+00 1.096172904968261719e+01 0.000000000000000000e+00
1.170151615142822266e+01 -3.605190038681030273e+00 0.000000000000000000e+00
6.381616592407226562e+00 1.402499389648437500e+01 0.000000000000000000e+00
-4.200900077819824219e+00 -1.573407649993896484e+01 0.000000000000000000e+00
-1.072832822799682617e+00 -1.192146492004394531e+01 0.000000000000000000e+00
1.130072975158691406e+01 -1.285437488555908203e+01 0.000000000000000000e+00
-8.265078544616699219e+00 -3.548464179039001465e-01 0.000000000000000000e+00
1.711367988586425781e+01 5.923340320587158203e-01 0.000000000000000000e+00
6.608979225158691406e+00 -3.620710849761962891e+00 0.000000000000000000e+00
6.332014083862304688e+00 7.565470218658447266e+00 0.000000000000000000e+00
1.704215049743652344e+01 -1.277687549591064453e+00 0.000000000000000000e+00
-1.232671165466308594e+01 6.233036518096923828e+00 0.000000000000000000e+00
-1.484898948669433594e+01 -6.036685466766357422e+00 0.000000000000000000e+00
