-3.736550569534301758e+00 -1.212838363647460938e+01 0.000000000000000000e+00
-4.465785980224609375e+00 4.205329895019531250e+00 0.000000000000000000e+00
2.304765939712524414e+00 2.912055015563964844e+00 0.000000000000000000e+00
8.632206916809082031e+00 4.371710777282714844e+00 0.000000000000000000e+00
1.025402927398681641e+01 1.625716686248779297e+00 0.000000000000000000e+00
3.966186046600341797e-01 -1.185168552398681641e+01 0.000000000000000000e+00
-8.850179672241210938e+00 7.329362392425537109e+00 0.000000000000000000e+00
6.798034667968750000e+00 -4.482316970825195312e+00 0.000000000000000000e+00
-1.244930744171142578e+01 -1.215836620330810547e+01 0.000000000000000000e+00
-1.155799007415771484e+01 5.846129417419433594e+00 0.000000000000000000e+00
-3.470540046691894531e+00 -6.248318552970886230e-01 0.000000000000000000e+00
1.280677890777587891e+01 2.383913278579711914e+00 0.000000000000000000e+00
1.077774524688720703e+01 1.081603240966796875e+01 0.000000000000000000e+00
-5.361783504486083984e+00 2.181407928466796875e+00 0.000000000000000000e+00
-3.591342687606811523e+00 1.811886787414550781e+00 0.000000000000000000e+00
-2.341635942459106445e+00 -5.428617000579833984e+00 0.000000000000000000e+00
-1.021283721923828125e+01 -1.397419643402099609e+01 0.000000000000000000e+00
4.723214626312255859e+00 1.232585906982421875e+01 0.000000000000000000e+00
9.066233634948730469e+00 -1.403797745704650879e+00 0.000000000000000000e+00
-3.317909002304077148e+00 1.476831436157226562e+01 0.000000000000000000e+00
3.937648534774780273e+00 8.436352729797363281e+00 0.000000000000000000e+00
1.447897529602050781e+01 -1.991727232933044434e+00 0.000000000000000000e+00
1.349181842803955078e+01 7.863736152648925781e+00 0.000000000000000000e+00
-6.733715057373046875e+00 -1.194045829772949219e+01 0.000000000000000000e+00
-1.108415603637695312e+01 7.831792354583740234e+00 0.000000000000000000e+00
-1.539007186889648438e+01 6.380667686462402344e+00 0.000000000000000000e+00
5.215579032897949219e+00 -9.699647903442382812e+00 0.000000000000000000e+00
4.488633871078491211e-01 9.088925361633300781e+00 0.000000000000000000e+00
-1.118564224243164062e+01 3.358547210693359375e+00 0.000000000000000000e+00
1.634525108337402344e+01 2.114409923553466797e+00 0.000000000000000000e+00
1.037635231018066406e+01 8.175400733947753906e+00 0.000000000000000000e+00
-8.457652330398559570e-01 9.333670139312744141e-01 0.000000000000000000e+00
-7.624348640441894531e+00 1.191078662872314453e+01 0.000000000000000000e+00
-5.959874629974365234e+00 1.108617782592773438e+01 0.000000000000000000e+00
1.341805076599121094e+01 -3.032976984977722168e-01 0.000000000000000000e+00
-5.146194458007812500e+00 -3.993070721626281738e-01 0.000000000000000000e+00
-5.540854930877685547e+00 6.605476856231689453e+00 0.000000000000000000e+00
-1.352381992340087891e+01 -2.303086996078491211e+00 0.000000000000000000e+00
2.342906713485717773e+00 8.944287300109863281e+00 0.000000000000000000e+00
8.196253776550292969e+00 1.100008296966552734e+01 0.000000000000000000e+00
6.283107757568359375e+00 4.786876201629638672e+00 0.000000000000000000e+00
1.172813987731933594e+01 7.216008663177490234e+00 0.000000000000000000e+00
4.896162509918212891e+00 -2.347853660583496094e+00 0.000000000000000000e+00
-1.511314773559570312e+01 3.064741611480712891e+00 0.000000000000000000e+00
-7.887025833129882812e+00 2.486258745193481445e+00 0.000000000000000000e+00
-1.501471328735351562e+01 -9.695010185241699219e-01 0.000000000000000000e+00
1.391536116600036621e+00 -3.045670032501220703e+00 0.000000000000000000e+00
-3.974966764450073242e+00 -4.652551174163818359e+00 0.000000000000000000e+00
-2.468917608261108398e+00 8.103429794311523438e+00 0.000000000000000000e+00
1.260346126556396484e+01 -4.606699943542480469e+00 0.000000000000000000e+00
-7.245666027069091797e+00 -8.002059936523437500e+00 0.000000000000000000e+00
-1.039022064208984375e+01 -8.599088668823242188e+00 0.000000000000000000e+00
2.266867160797119141e+00 5.293318271636962891e+00 0.000000000000000000e+00
5.779221534729003906e+00 1.428301429748535156e+01 0.000000000000000000e+00
1.569531726837158203e+01 -2.897349357604980469e+00 0.000000000000000000e+00
1.545690917968750000e+01 -6.571258544921875000e+00 0.000000000000000000e+00
1.508213400840759277e+00 -9.071604728698730469e+00 0.000000000000000000e+00
3.421892881393432617e+00 4.001234531402587891e+00 0.000000000000000000e+00
2.227278232574462891e+00 -6.902234077453613281e+00 0.000000000000000000e+00
1.139937210083007812e+01 -1.171639060974121094e+01 0.000000000000000000e+00
3.138157129287719727e-01 4.122600555419921875e+00 0.000000000000000000e+00
7.278778076171875000e+00 -1.084608364105224609e+01 0.000000000000000000e+00
9.795368909835815430e-01 6.521042346954345703e+00 0.000000000000000000e+00
-1.186350345611572266e+01 -1.826396584510803223e+00 0.000000000000000000e+00
-1.013250255584716797e+01 -4.776925086975097656e+00 0.000000000000000000e+00
3.417396068572998047e+00 -1.333314800262451172e+01 0.000000000000000000e+00
-1.464669990539550781e+01 9.108564376831054688e+00 0.000000000000000000e+00
-2.272498130798339844e+00 -1.052616214752197266e+01 0.000000000000000000e+00
-4.008928775787353516e+00 -1.662825965881347656e+01 0.000000000000000000e+00
9.429436683654785156e+00 -2.965862989425659180e+00 0.000000000000000000e+00
7.545652389526367188e+00 -2.229628562927246094e+00 0.000000000000000000e+00
-7.631923198699951172e+00 -1.062375831604003906e+01 0.000000000000000000e+00
-4.970177173614501953e+00 -7.265727996826171875e+00 0.000000000000000000e+00
2.191325426101684570e+00 -4.393412113189697266e+00 0.000000000000000000e+00
1.631991767883300781e+01 -4.956803798675537109e+00 0.000000000000000000e+00
-1.264089298248291016e+01 9.562764167785644531e+00 0.000000000000000000e+00
1.081461524963378906e+01 1.252750682830810547e+01 0.000000000000000000e+00
-1.073542308807373047e+01 3.381448388099670410e-01 0.000000000000000000e+00
3.767430305480957031e+00 -1.555764102935791016e+01 0.000000000000000000e+00
-1.115388298034667969e+01 -6.601558685302734375e+00 0.000000000000000000e+00
-4.387368679046630859e+00 1.080739974975585938e+01 0.000000000000000000e+00
7.261085510253906250e+00 -9.196921348571777344e+00 0.000000000000000000e+00
-2.762641668319702148e+00 1.299472618103027344e+01 0.000000000000000000e+00
-9.128233909606933594e+00 1.470366096496582031e+01 0.000000000000000000e+00
4.771457672119140625e+00 8.557906150817871094e-01 0.000000000000000000e+00
1.285667610168457031e+01 9.790026664733886719e+00 0.000000000000000000e+00
6.419286251068115234e+00 1.067843151092529297e+01 0.000000000000000000e+00
2.659825086593627930e+00 -1.706808662414550781e+01 0.000000000000000000e+00
-1.141437244415283203e+01 -1.032931423187255859e+01 0.000000000000000000e+00
-1.609657168388366699e+00 -3.263269424438476562e+00 0.000000000000000000e+00
-1.242187881469726562e+01 -5.253509998321533203e+00 0.000000000000000000e+00
8.308941721916198730e-01 1.871345758438110352e+00 0.000000000000000000e+00
1.118184375762939453e+01 -8.049731254577636719e+00 0.000000000000000000e+00
1.117423534393310547e+01 5.534267902374267578e+00 0.000000000000000000e+00
-1.281198215484619141e+01 1.125878810882568359e+00 0.000000000000000000e+00
7.476297616958618164e-01 -7.197220802307128906e+00 0.000000000000000000e+00
6.640290617942810059e-01 -5.491209030151367188e+00 0.000000000000000000e+00
2.025741577148437500e+00 1.122436523437500000e+01 0.000000000000000000e+00
-1.176231980323791504e+00 1.744148063659667969e+01 0.000000000000000000e+00
1.134974765777587891e+01 3.049117803573608398e+00 0.000000000000000000e+00
1.579955673217773438e+01 6.613481521606445312e+00 0.000000000000000000e+00
-1.572770977020263672e+01 -5.374731540679931641e+00 0.000000000000000000e+00
7.680471420288085938e+00 1.329617404937744141e+01 0.000000000000000000e+00
1.761010408401489258e+00 1.490555000305175781e+01 0.000000000000000000e+00
4.923277854919433594e+00 -1.156215190887451172e+01 0.000000000000000000e+00
1.326044178009033203e+01 5.743908405303955078e+00 0.000000000000000000e+00
1.105644321441650391e+01 -2.039760589599609375e+00 0.000000000000000000e+00
5.066030979156494141e+00 2.399935245513916016e+00 0.000000000000000000e+00
-7.859101295471191406e+00 -1.426500988006591797e+01 0.000000000000000000e+00
-1.342212867736816406e+01 -7.118546962738037109e+00 0.000000000000000000e+00
1.637969589233398438e+01 -4.491922855377197266e-01 0.000000000000000000e+00
-1.590012907981872559e+00 9.650352478027343750e+00 0.000000000000000000e+00
4.432402253150939941e-01 1.607296562194824219e+01 0.000000000000000000e+00
-2.538435757160186768e-01 -4.110171318054199219e+00 0.000000000000000000e+00
1.402531337738037109e+01 -7.862343788146972656e+00 0.000000000000000000e+00
7.668221473693847656e+00 6.959680080413818359e+00 0.000000000000000000e+00
1.579027366638183594e+01 3.785495758056640625e+00 0.000000000000000000e+00
-1.130163860321044922e+01 -3.460718393325805664e+00 0.000000000000000000e+00
3.518611431121826172e+00 1.546379470825195312e+01 0.000000000000000000e+00
-4.477622032165527344e+00 -9.995732307434082031e+00 0.000000000000000000e+00
1.015244007110595703e+01 -1.046006584167480469e+01 0.000000000000000000e+00
8.442723274230957031e+00 -4.698794364929199219e+00 0.000000000000000000e+00
1.004397869110107422e+01 -1.350872325897216797e+01 0.000000000000000000e+00
-4.273770332336425781e+00 7.857288360595703125e+00 0.000000000000000000e+00
7.748723983764648438e+00 -1.424399471282958984e+01 0.000000000000000000e+00
-1.661384963989257812e+01 4.172304153442382812e+00 0.000000000000000000e+00
-1.457446098327636719e+01 -3.792569398880004883e+00 0.000000000000000000e+00
-6.056882143020629883e-01 6.041776180267333984e+00 0.000000000000000000e+00
-1.544543504714965820e+00 1.211332130432128906e+01 0.000000000000000000e+00
9.158803939819335938e+00 1.248253154754638672e+01 0.000000000000000000e+00
9.967325925827026367e-01 -1.659839057922363281e+01 0.000000000000000000e+00
-8.466472625732421875e+00 -3.129820585250854492e+00 0.000000000000000000e+00
3.149858713150024414e+00 1.388638496398925781e+01 0.000000000000000000e+00
1.734439277648925781e+01 8.476306200027465820e-01 0.000000000000000000e+00
1.433497071266174316e+00 -1.158566594123840332e+00 0.000000000000000000e+00
-6.117488384246826172e+00 -4.415481090545654297e+00 0.000000000000000000e+00
5.689201831817626953e+00 -1.383731555938720703e+01 0.000000000000000000e+00
1.643822312355041504e+00 -1.086194038391113281e+01 0.000000000000000000e+00
-2.475243806838989258e+00 -1.676303863525390625e+01 0.000000000000000000e+00
9.406087875366210938e+00 6.610657215118408203e+00 0.000000000000000000e+00
-1.027612876892089844e+01 1.875541806221008301e+00 0.000000000000000000e+00
-1.571331977844238281e+01 9.179610610008239746e-01 0.000000000000000000e+00
-4.098681807518005371e-01 1.447498321533203125e+01 0.000000000000000000e+00
-9.877800941467285156e+00 1.254915428161621094e+01 0.000000000000000000e+00
-6.495913863182067871e-01 -1.391677093505859375e+01 0.000000000000000000e+00
-6.278470754623413086e-01 -1.668616867065429688e+01 0.000000000000000000e+00
-3.122329711914062500e+00 5.551124572753906250e+00 0.000000000000000000e+00
1.443258762359619141e+01 1.271556854248046875e+00 0.000000000000000000e+00
1.049864006042480469e+01 -4.306665420532226562e+00 0.000000000000000000e+00
9.617640495300292969e+00 -8.080689430236816406e+00 0.000000000000000000e+00
-8.637291908264160156e+00 -1.409056931734085083e-01 0.000000000000000000e+00
-4.657007217407226562e+00 1.289856147766113281e+01 0.000000000000000000e+00
-2.661751270294189453e+00 1.074769020080566406e+01 0.000000000000000000e+00
1.239253330230712891e+01 4.171343326568603516e+00 0.000000000000000000e+00
-6.964162349700927734e+00 -2.639551401138305664e+00 0.000000000000000000e+00
9.225622750818729401e-03 1.197304344177246094e+01 0.000000000000000000e+00
-3.357563495635986328e+00 -3.187686681747436523e+00 0.000000000000000000e+00
8.320284843444824219e+00 2.675025463104248047e-01 0.000000000000000000e+00
-6.046614646911621094e+00 8.823664665222167969e+00 0.000000000000000000e+00
6.253599166870117188e+00 8.813050270080566406e+00 0.000000000000000000e+00
1.270107269287109375e+01 -1.029580879211425781e+01 0.000000000000000000e+00
-6.582391262054443359e+00 7.838327437639236450e-02 0.000000000000000000e+00
4.866221904754638672e+00 6.048940181732177734e+00 0.000000000000000000e+00
-1.759931683540344238e+00 2.411942481994628906e+00 0.000000000000000000e+00
-1.261167621612548828e+01 2.814880609512329102e+00 0.000000000000000000e+00
7.940179347991943359e+00 -6.496850490570068359e+00 0.000000000000000000e+00
9.891651153564453125e+00 -6.210413932800292969e+00 0.000000000000000000e+00
7.072296142578125000e+00 1.337697982788085938e+00 0.000000000000000000e+00
-1.283964538574218750e+01 7.045182228088378906e+00 0.000000000000000000e+00
-1.267551231384277344e+01 -9.355340957641601562e+00 0.000000000000000000e+00
1.151232719421386719e+01 -5.668554306030273438e+00 0.000000000000000000e+00
-1.384530830383300781e+01 5.341803550720214844e+00 0.000000000000000000e+00
5.431118488311767578e+00 -7.670240879058837891e+00 0.000000000000000000e+00
3.178240299224853516e+00 -2.535502314567565918e-01 0.000000000000000000e+00
-1.422338485717773438e+01 -5.779258728027343750e+00 0.000000000000000000e+00
4.965229988098144531e+00 -5.228701591491699219e+00 0.000000000000000000e+00
-9.816690444946289062e+00 -1.017113494873046875e+01 0.000000000000000000e+00
-5.704766750335693359e+00 5.084786891937255859e+00 0.000000000000000000e+00
1.021868515014648438e+01 -3.482748568058013916e-01 0.000000000000000000e+00
1.257072639465332031e+01 -1.577576398849487305e+00 0.000000000000000000e+00
8.675168991088867188e+00 9.505521774291992188e+00 0.000000000000000000e+00
6.555015087127685547e+00 -2.332318872213363647e-01 0.000000000000000000e+00
-7.731566429138183594e+00 1.526663589477539062e+01 0.000000000000000000e+00
-1.090776729583740234e+01 1.010105514526367188e+01 0.000000000000000000e+00
-8.795276641845703125e+00 -7.959229469299316406e+00 0.000000000000000000e+00
-9.528984069824218750e+00 -1.573745250701904297e+00 0.000000000000000000e+00
3.794343471527099609e+00 -6.656751155853271484e+00 0.000000000000000000e+00
-7.858480930328369141e+00 -4.807891845703125000e+00 0.000000000000000000e+00
-1.722951507568359375e+01 1.366381406784057617e+00 0.000000000000000000e+00
6.244288444519042969e+00 -6.168958663940429688e+00 0.000000000000000000e+00
7.044654846191406250e+00 1.600024986267089844e+01 0.000000000000000000e+00
-3.887909948825836182e-01 -1.913941979408264160e+00 0.000000000000000000e+00
-9.029687881469726562e+00 -1.241973781585693359e+01 0.000000000000000000e+00
-6.272277832031250000e+00 -1.613675880432128906e+01 0.000000000000000000e+00
-8.960541725158691406e+00 3.584311723709106445e+00 0.000000000000000000e+00
3.166019439697265625e+00 -2.477527141571044922e+00 0.000000000000000000e+00
1.779756188392639160e+00 5.123490691184997559e-01 0.000000000000000000e+00
-7.714482784271240234e+00 4.631240844726562500e+00 0.000000000000000000e+00
-4.929242134094238281e+00 -1.502947235107421875e+01 0.000000000000000000e+00
-1.732980537414550781e+01 -1.881126642227172852e+00 0.000000000000000000e+00
1.433273077011108398e+00 1.314557075500488281e+01 0.000000000000000000e+00
-1.760246276855468750e+00 -7.198318958282470703e+00 0.000000000000000000e+00
1.664476752281188965e+00 -1.337876224517822266e+01 0.000000000000000000e+00
3.621452093124389648e+00 1.074399662017822266e+01 0.000000000000000000e+00
1.459597396850585938e+01 -4.155962944030761719e+00 0.000000000000000000e+00
-1.436933612823486328e+01 -9.455596923828125000e+00 0.000000000000000000e+00
5.471271276473999023e-01 -1.499052047729492188e+01 0.000000000000000000e+00
-5.154201507568359375e+00 -3.127423286437988281e+00 0.000000000000000000e+00
3.158933639526367188e+00 6.583384513854980469e+00 0.000000000000000000e+00
1.160582160949707031e+01 5.196578502655029297e-01 0.000000000000000000e+00
3.388592720031738281e+00 -1.008979988098144531e+01 0.000000000000000000e+00
-1.924375057220458984e+00 -4.605538249015808105e-01 0.000000000000000000e+00
-1.335044193267822266e+01 -5.266598463058471680e-01 0.000000000000000000e+00
1.309458446502685547e+01 -6.517222404479980469e+00 0.000000000000000000e+00
4.644994735717773438e+00 1.645781135559082031e+01 0.000000000000000000e+00
6.456984519958496094e+00 -1.615384483337402344e+01 0.000000000000000000e+00
7.706355094909667969e+00 2.830285549163818359e+00 0.000000000000000000e+00
-3.238050699234008789e+00 1.685569572448730469e+01 0.000000000000000000e+00
-8.371933937072753906e+00 9.011632919311523438e+00 0.000000000000000000e+00
1.999452710151672363e+00 1.663667297363281250e+01 0.000000000000000000e+00
6.627622127532958984e+00 -1.256424903869628906e+01 0.000000000000000000e+00
-5.951989650726318359e+00 1.540546894073486328e+01 0.000000000000000000e+00
-6.235502719879150391e+00 1.312860107421875000e+01 0.000000000000000000e+00
-2.520332574844360352e+00 -1.337226581573486328e+01 0.000000000000000000e+00
-9.045042991638183594e+00 -6.323412418365478516e+00 0.000000000000000000e+00
-6.165414810180664062e+00 -1.396842288970947266e+01 0.000000000000000000e+00
1.502812099456787109e+01 5.264931201934814453e+00 0.000000000000000000e+00
-7.617802023887634277e-01 7.821055412292480469e+00 0.000000000000000000e+00
-9.122251510620117188e+00 5.853322029113769531e+00 0.000000000000000000e+00
1.392245960235595703e+01 3.683829069137573242e+00 0.000000000000000000e+00
-5.999111175537109375e+00 -8.936155319213867188e+00 0.000000000000000000e+00
8.982010841369628906e+00 -1.161559867858886719e+01 0.000000000000000000e+00
-1.697273635864257812e+01 -4.046806812286376953e+00 0.000000000000000000e+00
-1.158868217468261719e+01 1.287667465209960938e+01 0.000000000000000000e+00
-1.433712840080261230e+00 4.340546607971191406e+00 0.000000000000000000e+00
5.713222503662109375e+00 7.289703369140625000e+00 0.000000000000000000e+00
-8.153076767921447754e-01 -8.691311836242675781e+00 0.000000000000000000e+00
-1.537945747375488281e+01 -8.025153160095214844e+00 0.000000000000000000e+00
-9.149241447448730469e+00 1.079865360260009766e+01 0.000000000000000000e+00
1.445202350616455078e+01 -9.749399185180664062e+00 0.000000000000000000e+00
9.670957565307617188e+00 1.400303173065185547e+01 0.000000000000000000e+00
5.032057762145996094e+00 1.008854389190673828e+01 0.000000000000000000e+00
-1.801714539527893066e+00 1.540092658996582031e+01 0.000000000000000000e+00
-2.928362607955932617e+00 -9.107218742370605469e+00 0.000000000000000000e+00
1.242873668670654297e+01 1.170558834075927734e+01 0.000000000000000000e+00
-4.774152636528015137e-01 -1.046530151367187500e+01 0.000000000000000000e+00
1.727950286865234375e+01 -1.980272412300109863e+00 0.000000000000000000e+00
-8.018425107002258301e-01 -5.995196819305419922e+00 0.000000000000000000e+00
1.265957355499267578e+01 -8.602358818054199219e+00 0.000000000000000000e+00
-1.672573280334472656e+01 -4.353727102279663086e-01 0.000000000000000000e+00
-1.053772830963134766e+01 -1.230544948577880859e+01 0.000000000000000000e+00
-1.241264533996582031e+01 1.144531536102294922e+01 0.000000000000000000e+00
8.247606277465820312e+00 1.497190189361572266e+01 0.000000000000000000e+00
-6.226124286651611328e+00 -6.058542251586914062e+00 0.000000000000000000e+00
-3.034343242645263672e+00 3.291235923767089844e+00 0.000000000000000000e+00
3.019628763198852539e+00 1.433149933815002441e+00 0.000000000000000000e+00
