9.513698577880859375e+00 -1.054488345980644226e-01 0.000000000000000000e+00
-1.115333938598632812e+01 -8.469682335853576660e-01 0.000000000000000000e+00
6.979711532592773438e+00 -1.080105590820312500e+01 0.000000000000000000e+00
6.957463264465332031e+00 -2.502507209777832031e+00 0.000000000000000000e+00
-3.713567733764648438e+00 1.534729766845703125e+01 0.000000000000000000e+00
2.428966760635375977e+00 1.467617893218994141e+01 0.000000000000000000e+00
-2.539145946502685547e+00 8.297841072082519531e+00 0.000000000000000000e+00
3.531187057495117188e+00 1.033501815795898438e+01 0.000000000000000000e+00
-6.538150787353515625e+00 -1.102559089660644531e+01 0.000000000000000000e+00
1.596220493316650391e+01 -3.555039644241333008e+00 0.000000000000000000e+00
1.644799232482910156e+00 -4.308789730072021484e+00 0.000000000000000000e+00
-3.480130434036254883e+00 5.816317081451416016e+00 0.000000000000000000e+00
-1.011859226226806641e+01 -1.103886604309082031e+01 0.000000000000000000e+00
1.889025211334228516e+00 -1.052946949005126953e+01 0.000000000000000000e+00
3.548738956451416016e+00 6.850649356842041016e+00 0.000000000000000000e+00
-9.171315193176269531e+00 -1.264864444732666016e+01 0.000000000000000000e+00
-5.424326896667480469e+00 -1.436999511718750000e+01 0.000000000000000000e+00
-1.968865394592285156e+00 1.985793352127075195e+00 0.000000000000000000e+00
-9.914761543273925781e+00 2.216860771179199219e+00 0.000000000000000000e+00
-1.334494972229003906e+01 4.886394500732421875e+00 0.000000000000000000e+00
1.381699562072753906e+00 6.304312348365783691e-01 0.000000000000000000e+00
1.552831888198852539e+00 -2.199220657348632812e+00 0.000000000000000000e+00
-1.323809146881103516e+00 -2.932043552398681641e+00 0.000000000000000000e+00
6.387189865112304688e+00 -1.346946334838867188e+01 0.000000000000000000e+00
-1.632905769348144531e+01 3.777716755867004395e-01 0.000000000000000000e+00
6.135727882385253906e+00 -7.294470310211181641e+00 0.000000000000000000e+00
-3.339325904846191406e+00 -1.661265754699707031e+01 0.000000000000000000e+00
-1.413992977142333984e+01 2.145365715026855469e+00 0.000000000000000000e+00
9.203497886657714844e+00 -1.113008308410644531e+01 0.000000000000000000e+00
-6.812795162200927734e+00 -4.093522071838378906e+00 0.000000000000000000e+00
-3.179821252822875977e+00 -1.163924407958984375e+01 0.000000000000000000e+00
-1.073058700561523438e+01 4.430697917938232422e+00 0.000000000000000000e+00
1.629871559143066406e+01 6.370181083679199219e+00 0.000000000000000000e+00
-5.118865966796875000e+00 6.520622730255126953e+00 0.000000000000000000e+00
1.621239280700683594e+01 -6.326888084411621094e+00 0.000000000000000000e+00
-8.128913879394531250e+00 -9.839330673217773438e+00 0.000000000000000000e+00
-4.378837943077087402e-01 1.022411251068115234e+01 0.000000000000000000e+00
1.171679973602294922e+01 8.923705101013183594e+00 0.000000000000000000e+00
7.154325485229492188e+00 1.202086925506591797e+01 0.000000000000000000e+00
-1.141714191436767578e+01 -5.806176662445068359e+00 0.000000000000000000e+00
-1.566561126708984375e+01 -6.135578632354736328e+00 0.000000000000000000e+00
2.866773366928100586e+00 -8.619801521301269531e+00 0.000000000000000000e+00
1.506120491027832031e+01 3.380153179168701172e-01 0.000000000000000000e+00
-4.436850070953369141e+00 -7.079986572265625000e+00 0.000000000000000000e+00
-4.027270317077636719e+00 1.282534313201904297e+01 0.000000000000000000e+00
1.138535499572753906e+01 -4.408313274383544922e+00 0.000000000000000000e+00
-1.197362613677978516e+01 1.098711776733398438e+01 0.000000000000000000e+00
-8.095661163330078125e+00 1.065112209320068359e+01 0.000000000000000000e+00
4.925684452056884766e+00 5.141226291656494141e+00 0.000000000000000000e+00
8.938958048820495605e-01 4.817093849182128906e+00 0.000000000000000000e+00
-3.438208818435668945e+00 1.065158557891845703e+01 0.000000000000000000e+00
-5.841624259948730469e+00 6.854123473167419434e-01 0.000000000000000000e+00
-1.566825008392333984e+01 5.781198024749755859e+00 0.000000000000000000e+00
-6.761168837547302246e-01 -9.914925575256347656e+00 0.000000000000000000e+00
-7.187867164611816406e+00 -1.196744203567504883e+00 0.000000000000000000e+00
-1.161028671264648438e+01 5.799592494964599609e+00 0.000000000000000000e+00
-3.485262632369995117e+00 -5.375219345092773438e+00 0.000000000000000000e+00
7.548310756683349609e+00 -8.426893234252929688e+00 0.000000000000000000e+00
-8.382644653320312500e+00 1.476626396179199219e+01 0.000000000000000000e+00
-8.372161865234375000e+00 -4.270501613616943359e+00 0.000000000000000000e+00
-1.405094814300537109e+01 -6.515370845794677734e+00 0.000000000000000000e+00
-1.034923171997070312e+01 -4.113570690155029297e+00 0.000000000000000000e+00
7.973015785217285156e+00 1.386911201477050781e+01 0.000000000000000000e+00
-1.211056041717529297e+01 2.968307495117187500e+00 0.000000000000000000e+00
-1.460837841033935547e+01 -2.402785301208496094e+00 0.000000000000000000e+00
1.120894527435302734e+01 3.176003694534301758e+00 0.000000000000000000e+00
-1.290059566497802734e+01 8.675992965698242188e+00 0.000000000000000000e+00
1.404433059692382812e+01 2.973027706146240234e+00 0.000000000000000000e+00
-9.807967185974121094e+00 3.508193790912628174e-01 0.000000000000000000e+00
1.104553031921386719e+01 -9.576534271240234375e+00 0.000000000000000000e+00
9.525330543518066406e+00 -4.072006702423095703e+00 0.000000000000000000e+00
8.302730917930603027e-01 1.134935569763183594e+01 0.000000000000000000e+00
1.157358050346374512e+00 3.281707525253295898e+00 0.000000000000000000e+00
1.035463142395019531e+01 -7.853274822235107422e+00 0.000000000000000000e+00
-1.490292072296142578e+01 -4.633971154689788818e-01 0.000000000000000000e+00
2.926134586334228516e+00 2.703397512435913086e+00 0.000000000000000000e+00
-4.536674022674560547e+00 3.701935052871704102e+00 0.000000000000000000e+00
1.974151253700256348e+00 8.707899093627929688e+00 0.000000000000000000e+00
-9.692059159278869629e-01 8.631981849670410156e+00 0.000000000000000000e+00
1.066827392578125000e+01 -1.458553671836853027e+00 0.000000000000000000e+00
9.368226051330566406e+00 -2.373933792114257812e+00 0.000000000000000000e+00
3.522894620895385742e+00 1.300742244720458984e+01 0.000000000000000000e+00
1.358498477935791016e+01 6.105636596679687500e+00 0.000000000000000000e+00
-8.391510009765625000e+00 -6.466749191284179688e+00 0.000000000000000000e+00
1.184665393829345703e+01 -6.392982482910156250e+00 0.000000000000000000e+00
-1.749509215354919434e+00 -1.556799316406250000e+01 0.000000000000000000e+00
-1.297792148590087891e+01 -1.088755369186401367e+00 0.000000000000000000e+00
2.137162208557128906e+00 1.213034629821777344e+01 0.000000000000000000e+00
-8.167641639709472656e+00 2.904779434204101562e+00 0.000000000000000000e+00
-5.256940364837646484e+00 9.044110298156738281e+00 0.000000000000000000e+00
-7.492784261703491211e-01 5.343340873718261719e+00 0.000000000000000000e+00
1.224397754669189453e+01 -2.022742509841918945e+00 0.000000000000000000e+00
-9.621616363525390625e+00 6.379188060760498047e+00 0.000000000000000000e+00
-1.994454383850097656e+00 -5.120942592620849609e+00 0.000000000000000000e+00
1.226077556610107422e+00 6.587497711181640625e+00 0.000000000000000000e+00
-5.910592079162597656e+00 4.564572334289550781e+00 0.000000000000000000e+00
4.808628082275390625e+00 -3.936403512954711914e+00 0.000000000000000000e+00
-2.763076305389404297e+00 1.404636955261230469e+01 0.000000000000000000e+00
-3.644639015197753906e+00 2.186130523681640625e+00 0.000000000000000000e+00
-1.446392154693603516e+01 -8.083853721618652344e+00 0.000000000000000000e+00
4.228372097015380859e+00 8.705199241638183594e+00 0.000000000000000000e+00
6.554245471954345703e+00 3.099782943725585938e+00 0.000000000000000000e+00
-1.325881862640380859e+01 -4.533202648162841797e+00 0.000000000000000000e+00
-1.850673705339431763e-01 1.385274791717529297e+01 0.000000000000000000e+00
1.720925903320312500e+01 1.955729536712169647e-02 0.000000000000000000e+00
1.219059562683105469e+01 1.040789318084716797e+01 0.000000000000000000e+00
1.316688346862792969e+01 4.432557582855224609e+00 0.000000000000000000e+00
-8.296663284301757812e+00 7.964314937591552734e+00 0.000000000000000000e+00
-1.926656246185302734e+00 -1.359440040588378906e+01 0.000000000000000000e+00
-1.484384918212890625e+01 4.158854484558105469e+00 0.000000000000000000e+00
4.982203483581542969e+00 -8.526823043823242188e+00 0.000000000000000000e+00
5.801845073699951172e+00 -1.998357847332954407e-02 0.000000000000000000e+00
-9.882445335388183594e+00 -8.465519905090332031e+00 0.000000000000000000e+00
-1.690422630310058594e+01 -3.026276826858520508e+00 0.000000000000000000e+00
-6.558349609375000000e+00 1.543770122528076172e+01 0.000000000000000000e+00
-5.429693698883056641e+00 -1.412718296051025391e+00 0.000000000000000000e+00
1.354166030883789062e+01 -6.939698219299316406e+00 0.000000000000000000e+00
8.854821205139160156e+00 1.117547130584716797e+01 0.000000000000000000e+00
6.162495613098144531e+00 -1.612082290649414062e+01 0.000000000000000000e+00
-7.043132781982421875e+00 -8.000236511230468750e+00 0.000000000000000000e+00
1.102531623840332031e+01 3.942556977272033691e-01 0.000000000000000000e+00
-7.818008899688720703e+00 -1.488120174407958984e+01 0.000000000000000000e+00
-1.682333183288574219e+01 2.896926164627075195e+00 0.000000000000000000e+00
4.122224330902099609e+00 1.646866035461425781e+01 0.000000000000000000e+00
-1.182597541809082031e+01 -1.246646690368652344e+01 0.000000000000000000e+00
1.176232433319091797e+01 -1.213774681091308594e+01 0.000000000000000000e+00
-2.633889317512512207e-01 -9.752961993217468262e-01 0.000000000000000000e+00
-9.081914901733398438e+00 -1.565645933151245117e+00 0.000000000000000000e+00
7.322734355926513672e+00 7.405216217041015625e+00 0.000000000000000000e+00
4.763352870941162109e+00 -1.446850490570068359e+01 0.000000000000000000e+00
-1.109615325927734375e+01 8.511285781860351562e+00 0.000000000000000000e+00
8.974791526794433594e+00 7.862311363220214844e+00 0.000000000000000000e+00
1.346418666839599609e+01 -3.865303277969360352e+00 0.000000000000000000e+00
-4.330046176910400391e+00 1.420395728200674057e-02 0.000000000000000000e+00
2.759120464324951172e+00 4.316601276397705078e+00 0.000000000000000000e+00
6.626046180725097656e+00 9.436490058898925781e+00 0.000000000000000000e+00
-3.099426746368408203e+00 -8.699863433837890625e+00 0.000000000000000000e+00
-5.067543029785156250e+00 -1.207293510437011719e+01 0.000000000000000000e+00
7.991060733795166016e+00 -1.311985111236572266e+01 0.000000000000000000e+00
4.894111633300781250e+00 -5.546586036682128906e+00 0.000000000000000000e+00
-7.241033077239990234e+00 1.575361132621765137e+00 0.000000000000000000e+00
7.498025894165039062e-01 -6.820591926574707031e+00 0.000000000000000000e+00
-9.584837913513183594e+00 1.029682731628417969e+01 0.000000000000000000e+00
1.507035732269287109e+01 -8.710634231567382812e+00 0.000000000000000000e+00
6.081552505493164062e+00 1.422552967071533203e+01 0.000000000000000000e+00
3.742127418518066406e+00 -1.103264617919921875e+01 0.000000000000000000e+00
-3.682170510292053223e-01 -4.487951755523681641e+00 0.000000000000000000e+00
3.366895437240600586e+00 -1.331281089782714844e+01 0.000000000000000000e+00
-2.459776401519775391e+00 3.094429969787597656e-01 0.000000000000000000e+00
8.145450592041015625e+00 4.840950965881347656e+00 0.000000000000000000e+00
-1.179247188568115234e+01 -7.933053016662597656e+00 0.000000000000000000e+00
1.653081512451171875e+01 3.090879440307617188e+00 0.000000000000000000e+00
1.475299549102783203e+01 7.874695777893066406e+00 0.000000000000000000e+00
7.664246082305908203e+00 1.570368170738220215e+00 0.000000000000000000e+00
3.820278644561767578e+00 1.396944075822830200e-01 0.000000000000000000e+00
-1.620351409912109375e+01 -4.504722595214843750e+00 0.000000000000000000e+00
9.863927841186523438e+00 -1.285445117950439453e+01 0.000000000000000000e+00
-1.376556873321533203e+01 7.369493007659912109e+00 0.000000000000000000e+00
3.345864415168762207e-01 1.735684013366699219e+01 0.000000000000000000e+00
-3.436928510665893555e+00 -1.455353164672851562e+01 0.000000000000000000e+00
-1.199711036682128906e+01 -3.507695198059082031e+00 0.000000000000000000e+00
-5.276301860809326172e+00 1.452399826049804688e+01 0.000000000000000000e+00
-3.974691390991210938e+00 -2.852388381958007812e+00 0.000000000000000000e+00
-7.695099353790283203e+00 4.984418869018554688e+00 0.000000000000000000e+00
1.093450736999511719e+01 1.348890972137451172e+01 0.000000000000000000e+00
7.830207347869873047e+00 -4.523152112960815430e-02 0.000000000000000000e+00
1.097715282440185547e+01 1.194945240020751953e+01 0.000000000000000000e+00
1.468863391876220703e+01 -5.847068309783935547e+00 0.000000000000000000e+00
-7.372108459472656250e+00 -1.236595058441162109e+01 0.000000000000000000e+00
-4.502202510833740234e+00 1.665653228759765625e+01 0.000000000000000000e+00
-6.067538261413574219e+00 -5.398362636566162109e+00 0.000000000000000000e+00
-1.077997875213623047e+01 1.251034164428710938e+01 0.000000000000000000e+00
6.510974764823913574e-01 -1.152633953094482422e+01 0.000000000000000000e+00
-5.547608852386474609e+00 -9.310694694519042969e+00 0.000000000000000000e+00
1.731772994995117188e+01 1.597876548767089844e+00 0.000000000000000000e+00
6.508540630340576172e+00 5.819494247436523438e+00 0.000000000000000000e+00
8.411774635314941406e+00 -1.471493053436279297e+01 0.000000000000000000e+00
-1.282217025756835938e+01 -1.045513248443603516e+01 0.000000000000000000e+00
1.285032558441162109e+01 -9.860252380371093750e+00 0.000000000000000000e+00
1.537143230438232422e+01 -1.870204925537109375e+00 0.000000000000000000e+00
-5.493470191955566406e+00 -1.648704147338867188e+01 0.000000000000000000e+00
-1.213425040245056152e+00 -7.812475204467773438e+00 0.000000000000000000e+00
1.095178604125976562e+01 -2.932942867279052734e+00 0.000000000000000000e+00
1.333080196380615234e+01 8.878492355346679688e+00 0.000000000000000000e+00
-7.343184351921081543e-01 1.095538735389709473e+00 0.000000000000000000e+00
-1.458499670028686523e+00 1.238380050659179688e+01 0.000000000000000000e+00
5.407426834106445312e+00 -1.146674251556396484e+01 0.000000000000000000e+00
4.057004928588867188e+00 -1.607333183288574219e+01 0.000000000000000000e+00
3.239706754684448242e+00 -5.481700897216796875e+00 0.000000000000000000e+00
2.311659812927246094e+00 1.628770637512207031e+01 0.000000000000000000e+00
6.867603063583374023e-01 -1.741242218017578125e+01 0.000000000000000000e+00
1.032026863098144531e+01 1.767998456954956055e+00 0.000000000000000000e+00
1.098626518249511719e+01 5.235688209533691406e+00 0.000000000000000000e+00
4.847921848297119141e+00 3.434518098831176758e+00 0.000000000000000000e+00
-5.825972557067871094e+00 1.250377655029296875e+01 0.000000000000000000e+00
6.393542766571044922e+00 1.612593078613281250e+01 0.000000000000000000e+00
1.025188255310058594e+01 -6.027634143829345703e+00 0.000000000000000000e+00
1.434926033020019531e+00 -1.496829795837402344e+01 0.000000000000000000e+00
1.051131916046142578e+01 7.879787921905517578e+00 0.000000000000000000e+00
9.546798706054687500e+00 1.440798187255859375e+01 0.000000000000000000e+00
5.091503620147705078e+00 1.381048202514648438e+00 0.000000000000000000e+00
-1.161159992218017578e+00 1.525405597686767578e+01 0.000000000000000000e+00
-6.138919353485107422e+00 7.662967205047607422e+00 0.000000000000000000e+00
-3.818614035844802856e-02 -1.403921318054199219e+01 0.000000000000000000e+00
1.315979385375976562e+01 4.870871305465698242e-01 0.000000000000000000e+00
1.265656089782714844e+01 -8.308045387268066406e+00 0.000000000000000000e+00
-8.067235946655273438e+00 1.229723834991455078e+01 0.000000000000000000e+00
-7.498962283134460449e-01 6.875750064849853516e+00 0.000000000000000000e+00
-3.650985717773437500e+00 -1.013543319702148438e+01 0.000000000000000000e+00
1.357472419738769531e+01 -1.233198046684265137e+00 0.000000000000000000e+00
-2.350113868713378906e+00 4.418886661529541016e+00 0.000000000000000000e+00
-8.153945207595825195e-01 -1.743942260742187500e+01 0.000000000000000000e+00
1.566728496551513672e+01 4.623795509338378906e+00 0.000000000000000000e+00
9.320991516113281250e+00 9.364159584045410156e+00 0.000000000000000000e+00
7.946925163269042969e+00 -4.492647171020507812e+00 0.000000000000000000e+00
1.230816745758056641e+01 6.921013832092285156e+00 0.000000000000000000e+00
9.233834266662597656e+00 1.273962211608886719e+01 0.000000000000000000e+00
-6.308623313903808594e+00 1.065744876861572266e+01 0.000000000000000000e+00
7.656499862670898438e+00 -6.909595012664794922e+00 0.000000000000000000e+00
-1.034504413604736328e+01 -1.380708503723144531e+01 0.000000000000000000e+00
2.124701261520385742e+00 -1.215598869323730469e+01 0.000000000000000000e+00
5.101376056671142578e+00 1.223999214172363281e+01 0.000000000000000000e+00
2.913530826568603516e+00 -7.058197498321533203e+00 0.000000000000000000e+00
5.202591419219970703e+00 -1.759624719619750977e+00 0.000000000000000000e+00
4.550519466400146484e+00 1.422665786743164062e+01 0.000000000000000000e+00
-1.435170459747314453e+01 -9.642219543457031250e+00 0.000000000000000000e+00
-5.187595486640930176e-01 -1.251277637481689453e+01 0.000000000000000000e+00
-7.708730697631835938e-01 3.501800298690795898e+00 0.000000000000000000e+00
9.441976547241210938e+00 3.693042039871215820e+00 0.000000000000000000e+00
-9.907445907592773438e+00 1.380182075500488281e+01 0.000000000000000000e+00
-1.278112983703613281e+01 9.207815527915954590e-01 0.000000000000000000e+00
-1.394121932983398438e+01 1.010620212554931641e+01 0.000000000000000000e+00
3.531889200210571289e+00 -2.629179239273071289e+00 0.000000000000000000e+00
-7.733015060424804688e+00 -2.660994529724121094e+00 0.000000000000000000e+00
6.570344924926757812e+00 -5.652809619903564453e+00 0.000000000000000000e+00
-1.683932876586914062e+01 -1.211646676063537598e+00 0.000000000000000000e+00
5.479099750518798828e+00 7.572335243225097656e+00 0.000000000000000000e+00
-2.663975715637207031e+00 -1.206928491592407227e+00 0.000000000000000000e+00
2.491260528564453125e+00 -1.722477531433105469e+01 0.000000000000000000e+00
1.287384152412414551e+00 -8.908547401428222656e+00 0.000000000000000000e+00
-2.322940587997436523e+00 1.693887519836425781e+01 0.000000000000000000e+00
-9.678822517395019531e+00 -5.694279670715332031e+00 0.000000000000000000e+00
4.644873440265655518e-01 8.074367523193359375e+00 0.000000000000000000e+00
1.250501537322998047e+01 1.212359619140625000e+01 0.000000000000000000e+00
1.681533432006835938e+01 -1.442389011383056641e+00 0.000000000000000000e+00
-7.363848209381103516e+00 9.156311035156250000e+00 0.000000000000000000e+00
7.893283367156982422e+00 1.545311832427978516e+01 0.000000000000000000e+00
-2.830497264862060547e+00 -7.005312442779541016e+00 0.000000000000000000e+00
2.320986986160278320e+00 -6.479472517967224121e-01 0.000000000000000000e+00
-1.540276050567626953e+01 7.411934852600097656e+00 0.000000000000000000e+00
-1.470444297790527344e+01 8.797005653381347656e+00 0.000000000000000000e+00
-6.069261550903320312e+00 2.901994705200195312e+00 0.000000000000000000e+00
-1.567819213867187500e+01 1.770554184913635254e+00 0.000000000000000000e+00
1.204176998138427734e+01 1.747105360031127930e+00 0.000000000000000000e+00
9.537802696228027344e+00 5.982054710388183594e+00 0.000000000000000000e+00
-7.828157901763916016e+00 1.722797453403472900e-01 0.000000000000000000e+00
