7.261848926544189453e+00 -1.236096954345703125e+01 0.000000000000000000e+00
-3.765203475952148438e+00 -1.397714042663574219e+01 0.000000000000000000e+00
-4.279327392578125000e+00 -9.187649726867675781e+00 0.000000000000000000e+00
2.984673738479614258e+00 -5.499550819396972656e+00 0.000000000000000000e+00
-1.419154834747314453e+01 7.909886837005615234e+00 0.000000000000000000e+00
7.041728496551513672e+00 -8.183289527893066406e+00 0.000000000000000000e+00
2.228712558746337891e+00 1.657765007019042969e+01 0.000000000000000000e+00
-4.011718750000000000e+00 2.015912055969238281e+00 0.000000000000000000e+00
-1.303085613250732422e+01 1.815877556800842285e+00 0.000000000000000000e+00
-1.346117115020751953e+01 4.882129669189453125e+00 0.000000000000000000e+00
8.341408729553222656e+00 -4.338898181915283203e+00 0.000000000000000000e+00
1.759529232978820801e+00 -1.395700359344482422e+01 0.000000000000000000e+00
-1.838802933692932129e+00 -1.459886932373046875e+01 0.000000000000000000e+00
-3.393871545791625977e+00 1.279918003082275391e+01 0.000000000000000000e+00
-7.089667320251464844e+00 8.840070724487304688e+00 0.000000000000000000e+00
3.617378473281860352e+00 8.133318901062011719e+00 0.000000000000000000e+00
3.810734033584594727e+00 -2.931972265243530273e+00 0.000000000000000000e+00
-1.890679121017456055e+00 4.369710922241210938e+00 0.000000000000000000e+00
2.335957050323486328e+00 1.937999129295349121e+00 0.000000000000000000e+00
6.416694641113281250e+00 8.479363441467285156e+00 0.000000000000000000e+00
1.227018833160400391e+01 -1.589699149131774902e+00 0.000000000000000000e+00
1.243509203195571899e-01 -2.484894514083862305e+00 0.000000000000000000e+00
-3.356667995452880859e+00 -7.591078281402587891e+00 0.000000000000000000e+00
1.081496047973632812e+01 -1.132923126220703125e+00 0.000000000000000000e+00
-4.363305568695068359e-01 1.432192420959472656e+01 0.000000000000000000e+00
-6.474355220794677734e+00 -1.153683662414550781e+01 0.000000000000000000e+00
1.499838733673095703e+01 -6.139372825622558594e+00 0.000000000000000000e+00
6.888142585754394531e+00 -5.287985801696777344e+00 0.000000000000000000e+00
7.936810016632080078e+00 8.410728454589843750e+00 0.000000000000000000e+00
-1.075655364990234375e+01 9.634753465652465820e-01 0.000000000000000000e+00
-9.782005310058593750e+00 -3.800287246704101562e+00 0.000000000000000000e+00
5.237557411193847656e+00 -1.469180774688720703e+01 0.000000000000000000e+00
9.174282073974609375e+00 -1.409533882141113281e+01 0.000000000000000000e+00
5.338550090789794922e+00 1.069018459320068359e+01 0.000000000000000000e+00
-7.881144523620605469e+00 1.378915023803710938e+01 0.000000000000000000e+00
-1.367018318176269531e+01 -4.251476287841796875e+00 0.000000000000000000e+00
-3.077599048614501953e+00 -4.814883708953857422e+00 0.000000000000000000e+00
9.955799579620361328e-01 8.000488281250000000e+00 0.000000000000000000e+00
1.155066776275634766e+01 -5.717445850372314453e+00 0.000000000000000000e+00
-1.124291515350341797e+01 -1.177513504028320312e+01 0.000000000000000000e+00
-8.344912528991699219e+00 4.976957321166992188e+00 0.000000000000000000e+00
-8.995996475219726562e+00 -1.275599670410156250e+01 0.000000000000000000e+00
-1.280917882919311523e+00 9.406897544860839844e+00 0.000000000000000000e+00
-1.668096733093261719e+01 3.845081090927124023e+00 0.000000000000000000e+00
8.321139335632324219e+00 3.470184803009033203e+00 0.000000000000000000e+00
-1.224226379394531250e+01 -5.876599311828613281e+00 0.000000000000000000e+00
1.553337287902832031e+01 -4.729452610015869141e+00 0.000000000000000000e+00
-4.002235412597656250e+00 -3.453111410140991211e+00 0.000000000000000000e+00
1.143059825897216797e+01 2.937226057052612305e+00 0.000000000000000000e+00
4.638435542583465576e-01 -5.330635070800781250e+00 0.000000000000000000e+00
2.478470802307128906e+00 -9.543270111083984375e+00 0.000000000000000000e+00
-1.026074290275573730e+00 8.607707023620605469e-01 0.000000000000000000e+00
-1.474525165557861328e+01 -6.328121662139892578e+00 0.000000000000000000e+00
-1.234678936004638672e+01 9.717754364013671875e+00 0.000000000000000000e+00
1.571349430084228516e+01 7.110026359558105469e+00 0.000000000000000000e+00
-3.546020984649658203e+00 4.962993621826171875e+00 0.000000000000000000e+00
-1.153527832031250000e+01 -9.840124130249023438e+00 0.000000000000000000e+00
9.475934028625488281e+00 8.062401771545410156e+00 0.000000000000000000e+00
1.327657890319824219e+01 4.179686307907104492e-01 0.000000000000000000e+00
1.466163635253906250e+01 -9.359288215637207031e+00 0.000000000000000000e+00
6.925049304962158203e+00 -3.656799793243408203e+00 0.000000000000000000e+00
2.068709433078765869e-01 -8.067526817321777344e+00 0.000000000000000000e+00
3.087172031402587891e+00 -1.190346145629882812e+01 0.000000000000000000e+00
9.433041572570800781e+00 -1.205137825012207031e+01 0.000000000000000000e+00
-7.986217021942138672e+00 -7.622008919715881348e-01 0.000000000000000000e+00
-1.490044879913330078e+01 3.830979824066162109e+00 0.000000000000000000e+00
1.620425224304199219e+00 1.342819881439208984e+01 0.000000000000000000e+00
1.236188602447509766e+01 9.154453277587890625e+00 0.000000000000000000e+00
1.560316324234008789e+00 3.876527070999145508e+00 0.000000000000000000e+00
1.056311893463134766e+01 9.702348709106445312e+00 0.000000000000000000e+00
1.669666862487792969e+01 -2.287239074707031250e+00 0.000000000000000000e+00
3.586521148681640625e+00 4.882356643676757812e+00 0.000000000000000000e+00
-1.455643844604492188e+01 -2.614235639572143555e+00 0.000000000000000000e+00
-7.740409851074218750e+00 -6.815335750579833984e+00 0.000000000000000000e+00
7.610273361206054688e+00 -1.444759941101074219e+01 0.000000000000000000e+00
-3.882126331329345703e+00 1.112444782257080078e+01 0.000000000000000000e+00
3.128703117370605469e+00 -4.070399329066276550e-02 0.000000000000000000e+00
1.011568546295166016e+01 6.632881641387939453e+00 0.000000000000000000e+00
-5.015436649322509766e+00 5.849977493286132812e+00 0.000000000000000000e+00
7.487715244293212891e+00 1.038954639434814453e+01 0.000000000000000000e+00
9.528507232666015625e+00 -7.043137550354003906e+00 0.000000000000000000e+00
3.826985359191894531e+00 1.406181693077087402e+00 0.000000000000000000e+00
-6.811704635620117188e+00 -8.565314292907714844e+00 0.000000000000000000e+00
9.773884773254394531e+00 -2.452350854873657227e+00 0.000000000000000000e+00
1.073661613464355469e+01 -8.992862701416015625e+00 0.000000000000000000e+00
-7.182694077491760254e-01 1.190223503112792969e+01 0.000000000000000000e+00
5.598517894744873047e+00 2.264054566621780396e-01 0.000000000000000000e+00
-3.843679666519165039e+00 1.446522140502929688e+01 0.000000000000000000e+00
5.062649250030517578e+00 -1.030654811859130859e+01 0.000000000000000000e+00
7.171214103698730469e+00 1.247700691223144531e+01 0.000000000000000000e+00
-2.297365188598632812e+00 -8.928625106811523438e+00 0.000000000000000000e+00
1.367774391174316406e+01 -8.058964729309082031e+00 0.000000000000000000e+00
5.434295535087585449e-01 1.022320461273193359e+01 0.000000000000000000e+00
1.710363578796386719e+01 3.080403089523315430e+00 0.000000000000000000e+00
-9.890227317810058594e+00 6.524271488189697266e+00 0.000000000000000000e+00
1.886602997779846191e+00 -7.987188816070556641e+00 0.000000000000000000e+00
-5.266569137573242188e+00 7.622851371765136719e+00 0.000000000000000000e+00
-1.126786899566650391e+01 5.020913600921630859e+00 0.000000000000000000e+00
1.441553592681884766e+01 6.054509639739990234e+00 0.000000000000000000e+00
9.507257461547851562e+00 1.336179161071777344e+01 0.000000000000000000e+00
-5.949763655662536621e-01 -1.622174835205078125e+01 0.000000000000000000e+00
3.089421749114990234e+00 -1.474745655059814453e+01 0.000000000000000000e+00
-7.858045101165771484e+00 1.070165252685546875e+01 0.000000000000000000e+00
5.145715713500976562e+00 5.387504100799560547e+00 0.000000000000000000e+00
7.442989349365234375e+00 5.964454650878906250e+00 0.000000000000000000e+00
-1.072451019287109375e+01 1.127399158477783203e+01 0.000000000000000000e+00
-2.656880378723144531e+00 6.747646331787109375e+00 0.000000000000000000e+00
3.933332443237304688e+00 1.337549972534179688e+01 0.000000000000000000e+00
-8.304486274719238281e+00 1.401908636093139648e+00 0.000000000000000000e+00
-1.699571609497070312e+01 9.891858790069818497e-04 0.000000000000000000e+00
8.758015632629394531e+00 -3.964243456721305847e-02 0.000000000000000000e+00
-4.993498325347900391e+00 -1.223609733581542969e+01 0.000000000000000000e+00
9.092957496643066406e+00 -1.035019016265869141e+01 0.000000000000000000e+00
-5.324722290039062500e+00 4.088122367858886719e+00 0.000000000000000000e+00
-1.153676605224609375e+01 -7.574838638305664062e+00 0.000000000000000000e+00
1.160360527038574219e+01 5.062416553497314453e+00 0.000000000000000000e+00
1.065937232971191406e+01 1.197007274627685547e+01 0.000000000000000000e+00
3.329152822494506836e+00 1.531645011901855469e+01 0.000000000000000000e+00
-9.904341697692871094e+00 -1.191200613975524902e+00 0.000000000000000000e+00
-9.335188865661621094e+00 1.439466285705566406e+01 0.000000000000000000e+00
-1.531073951721191406e+01 6.858524799346923828e+00 0.000000000000000000e+00
1.144284152984619141e+01 7.915137290954589844e+00 0.000000000000000000e+00
1.627754783630371094e+01 9.631496071815490723e-01 0.000000000000000000e+00
1.269778823852539062e+01 -4.107693672180175781e+00 0.000000000000000000e+00
-9.460283279418945312e+00 -8.764784812927246094e+00 0.000000000000000000e+00
-3.026182889938354492e+00 -1.705578446388244629e+00 0.000000000000000000e+00
-1.550321578979492188e+01 4.050448238849639893e-01 0.000000000000000000e+00
7.917216300964355469e+00 1.829752802848815918e+00 0.000000000000000000e+00
-5.542281627655029297e+00 -5.297017097473144531e+00 0.000000000000000000e+00
-1.937413215637207031e+00 -1.064855480194091797e+01 0.000000000000000000e+00
-1.322619628906250000e+01 -8.231177330017089844e+00 0.000000000000000000e+00
-1.598837971687316895e+00 1.661399078369140625e+01 0.000000000000000000e+00
-7.458724021911621094e+00 -2.970426559448242188e+00 0.000000000000000000e+00
-3.310960054397583008e+00 -1.682254981994628906e+01 0.000000000000000000e+00
3.292892217636108398e+00 1.198411846160888672e+01 0.000000000000000000e+00
-8.705965995788574219e+00 -1.097103881835937500e+01 0.000000000000000000e+00
-3.144392073154449463e-01 4.882976531982421875e+00 0.000000000000000000e+00
-9.747826576232910156e+00 9.458224296569824219e+00 0.000000000000000000e+00
1.189704990386962891e+01 -7.982619285583496094e+00 0.000000000000000000e+00
-1.310874748229980469e+01 2.503262162208557129e-01 0.000000000000000000e+00
-6.347012519836425781e+00 1.926494836807250977e+00 0.000000000000000000e+00
-7.036031723022460938e+00 7.188770294189453125e+00 0.000000000000000000e+00
-1.559124565124511719e+01 1.992518901824951172e+00 0.000000000000000000e+00
4.898273944854736328e+00 -1.480855703353881836e+00 0.000000000000000000e+00
-1.206587982177734375e+01 6.748699188232421875e+00 0.000000000000000000e+00
2.902789711952209473e-01 -9.838595390319824219e+00 0.000000000000000000e+00
-6.668669700622558594e+00 -1.453448390960693359e+01 0.000000000000000000e+00
-1.662015724182128906e+01 -3.814476966857910156e+00 0.000000000000000000e+00
1.151796817779541016e+00 -1.715348625183105469e+01 0.000000000000000000e+00
-7.377787232398986816e-01 2.695270776748657227e+00 0.000000000000000000e+00
-8.522212028503417969e+00 3.030309438705444336e+00 0.000000000000000000e+00
-8.635245323181152344e+00 1.231287765502929688e+01 0.000000000000000000e+00
9.520697593688964844e-01 1.269946098327636719e+00 0.000000000000000000e+00
-1.145048618316650391e+01 2.390298604965209961e+00 0.000000000000000000e+00
-6.765345096588134766e+00 1.508342552185058594e+01 0.000000000000000000e+00
-6.552864551544189453e+00 -1.320340871810913086e+00 0.000000000000000000e+00
-6.226930618286132812e+00 1.213652896881103516e+01 0.000000000000000000e+00
-4.082955360412597656e+00 1.123592033982276917e-01 0.000000000000000000e+00
-5.659440159797668457e-01 7.543904304504394531e+00 0.000000000000000000e+00
-1.528335666656494141e+01 -7.913177490234375000e+00 0.000000000000000000e+00
-8.677245140075683594e+00 -1.518187427520751953e+01 0.000000000000000000e+00
-1.141475081443786621e+00 -6.829903602600097656e+00 0.000000000000000000e+00
-9.983602523803710938e+00 -7.109326362609863281e+00 0.000000000000000000e+00
-8.063556671142578125e+00 -4.501409530639648438e+00 0.000000000000000000e+00
-5.279620647430419922e+00 -2.370840787887573242e+00 0.000000000000000000e+00
1.444215488433837891e+01 8.234793663024902344e+00 0.000000000000000000e+00
1.354124450683593750e+01 3.689703464508056641e+00 0.000000000000000000e+00
1.666185855865478516e+00 -9.808368086814880371e-01 0.000000000000000000e+00
5.489934921264648438e+00 1.305949592590332031e+01 0.000000000000000000e+00
1.594250583648681641e+01 4.430803775787353516e+00 0.000000000000000000e+00
1.555304622650146484e+01 2.749177217483520508e+00 0.000000000000000000e+00
-2.377329349517822266e+00 -3.175640106201171875e+00 0.000000000000000000e+00
4.378733634948730469e+00 -7.097179412841796875e+00 0.000000000000000000e+00
-4.544957637786865234e+00 -1.577124309539794922e+01 0.000000000000000000e+00
1.101092815399169922e+01 -1.309703063964843750e+01 0.000000000000000000e+00
-4.148399829864501953e+00 -1.075043201446533203e+01 0.000000000000000000e+00
5.281212329864501953e+00 -3.317105054855346680e+00 0.000000000000000000e+00
3.406295299530029297e+00 -1.676407814025878906e+01 0.000000000000000000e+00
-3.371020555496215820e+00 1.662578392028808594e+01 0.000000000000000000e+00
1.259050273895263672e+01 6.820179939270019531e+00 0.000000000000000000e+00
-1.184433746337890625e+01 1.245646953582763672e+01 0.000000000000000000e+00
6.256056308746337891e+00 -1.123397445678710938e+01 0.000000000000000000e+00
9.805988311767578125e+00 1.479645729064941406e+00 0.000000000000000000e+00
9.902242660522460938e+00 -4.740053176879882812e+00 0.000000000000000000e+00
4.505956172943115234e+00 -4.885251998901367188e+00 0.000000000000000000e+00
2.394561052322387695e+00 1.069679737091064453e+01 0.000000000000000000e+00
-5.881556034088134766e+00 -1.004385471343994141e+01 0.000000000000000000e+00
-5.965480804443359375e+00 1.023085403442382812e+01 0.000000000000000000e+00
-3.008950471878051758e+00 8.317839622497558594e+00 0.000000000000000000e+00
-1.169604492187500000e+01 -4.095143318176269531e+00 0.000000000000000000e+00
1.168438339233398438e+01 1.227109670639038086e+00 0.000000000000000000e+00
3.180564165115356445e+00 6.665596961975097656e+00 0.000000000000000000e+00
1.434772133827209473e+00 -1.162068176269531250e+01 0.000000000000000000e+00
6.276066780090332031e+00 6.931044578552246094e+00 0.000000000000000000e+00
4.207225799560546875e+00 -1.323338031768798828e+01 0.000000000000000000e+00
-1.336404609680175781e+01 -1.011896324157714844e+01 0.000000000000000000e+00
7.582435607910156250e+00 1.546750926971435547e+01 0.000000000000000000e+00
-1.183255290985107422e+01 -2.293214321136474609e+00 0.000000000000000000e+00
-1.254779529571533203e+01 3.454160690307617188e+00 0.000000000000000000e+00
-4.995054721832275391e+00 1.643923377990722656e+01 0.000000000000000000e+00
6.311244010925292969e+00 3.840627431869506836e+00 0.000000000000000000e+00
4.163878917694091797e+00 -8.906159400939941406e+00 0.000000000000000000e+00
1.099950981140136719e+01 -3.632429361343383789e+00 0.000000000000000000e+00
-1.425708675384521484e+01 9.926779747009277344e+00 0.000000000000000000e+00
1.546068072319030762e+00 5.528947353363037109e+00 0.000000000000000000e+00
4.145465373992919922e+00 3.067505359649658203e+00 0.000000000000000000e+00
5.737159252166748047e+00 -1.310003662109375000e+01 0.000000000000000000e+00
4.872289180755615234e+00 1.592854213714599609e+01 0.000000000000000000e+00
1.418744659423828125e+01 -3.017756700515747070e+00 0.000000000000000000e+00
-8.844963073730468750e+00 8.235486984252929688e+00 0.000000000000000000e+00
1.227520275115966797e+01 -1.152122402191162109e+01 0.000000000000000000e+00
7.039259433746337891e+00 -1.504499077796936035e+00 0.000000000000000000e+00
-9.058145523071289062e+00 -5.707446575164794922e+00 0.000000000000000000e+00
1.393904018402099609e+01 1.001016998291015625e+01 0.000000000000000000e+00
-2.248761415481567383e+00 1.417341709136962891e+01 0.000000000000000000e+00
6.116500854492187500e+00 1.703040242195129395e+00 0.000000000000000000e+00
-1.462649536132812500e+01 -9.262364387512207031e+00 0.000000000000000000e+00
9.980814933776855469e+00 4.715920925140380859e+00 0.000000000000000000e+00
7.190816402435302734e-01 -1.505810546875000000e+01 0.000000000000000000e+00
-1.332653236389160156e+01 1.113496303558349609e+01 0.000000000000000000e+00
2.331666946411132812e+00 -4.044642448425292969e+00 0.000000000000000000e+00
6.391155242919921875e+00 -1.590047740936279297e+01 0.000000000000000000e+00
1.305105304718017578e+01 -9.451570510864257812e+00 0.000000000000000000e+00
-7.725875377655029297e-01 -1.192094707489013672e+01 0.000000000000000000e+00
-1.135383963584899902e+00 -4.125966072082519531e+00 0.000000000000000000e+00
1.235760211944580078e+01 1.204952239990234375e+01 0.000000000000000000e+00
-6.833208560943603516e+00 5.297250747680664062e+00 0.000000000000000000e+00
9.543057441711425781e+00 1.080554676055908203e+01 0.000000000000000000e+00
1.360674190521240234e+01 2.109716653823852539e+00 0.000000000000000000e+00
-5.198851585388183594e+00 -7.496223926544189453e+00 0.000000000000000000e+00
-1.632259750366210938e+01 5.681352615356445312e+00 0.000000000000000000e+00
-1.727673411369323730e+00 -8.036003112792968750e-01 0.000000000000000000e+00
1.310223102569580078e+01 -6.050889492034912109e+00 0.000000000000000000e+00
1.559524440765380859e+01 -7.722048282623291016e+00 0.000000000000000000e+00
-5.270447731018066406e+00 1.344013404846191406e+01 0.000000000000000000e+00
1.115213775634765625e+01 -1.048352241516113281e+01 0.000000000000000000e+00
1.480782890319824219e+01 3.852876126766204834e-01 0.000000000000000000e+00
-5.456172823905944824e-01 -1.350756263732910156e+01 0.000000000000000000e+00
1.564863681793212891e+00 -6.466041564941406250e+00 0.000000000000000000e+00
2.455814629793167114e-01 1.619666290283203125e+01 0.000000000000000000e+00
1.174582988023757935e-01 -8.652809858322143555e-01 0.000000000000000000e+00
9.068116188049316406e+00 -8.517573356628417969e+00 0.000000000000000000e+00
-1.620362663269042969e+01 -5.779378890991210938e+00 0.000000000000000000e+00
1.526913070678710938e+01 -1.559566378593444824e+00 0.000000000000000000e+00
1.121529960632324219e+01 1.340414905548095703e+01 0.000000000000000000e+00
3.823109149932861328e+00 9.662922859191894531e+00 0.000000000000000000e+00
-2.231417655944824219e+00 1.146716594696044922e+01 0.000000000000000000e+00
-1.036323833465576172e+01 -1.346756076812744141e+01 0.000000000000000000e+00
-2.860433816909790039e+00 -1.184202671051025391e+01 0.000000000000000000e+00
-1.367417144775390625e+01 -1.376539826393127441e+00 0.000000000000000000e+00
-1.066168403625488281e+01 -5.759576320648193359e+00 0.000000000000000000e+00
7.846867084503173828e+00 1.382996177673339844e+01 0.000000000000000000e+00
1.709331893920898438e+01 -5.309578776359558105e-01 0.000000000000000000e+00
-2.496123075485229492e+00 1.793031930923461914e+00 0.000000000000000000e+00
6.430662155151367188e+00 1.432670211791992188e+01 0.000000000000000000e+00
-1.056733798980712891e+01 1.344885063171386719e+01 0.000000000000000000e+00
