-2.319384192380894660e+00 -1.285187522555998108e+00
-1.974651969105928995e+00 -8.366361757703399959e-02
-1.629919745830963773e+00 1.117860287401930330e+00
-1.285187522555998108e+00 2.319384192380894660e+00
-1.117860287401930330e+00 -1.629919745830963773e+00
-7.731280641269648868e-01 -4.283958408519994432e-01
-4.283958408519994432e-01 7.731280641269648868e-01
-8.366361757703399959e-02 1.974651969105928995e+00
8.366361757703399959e-02 -1.974651969105928995e+00
4.283958408519994432e-01 -7.731280641269648868e-01
7.731280641269648868e-01 4.283958408519994432e-01
1.117860287401930330e+00 1.629919745830963773e+00
1.285187522555998108e+00 -2.319384192380894660e+00
1.629919745830963773e+00 -1.117860287401930330e+00
1.974651969105928995e+00 8.366361757703399959e-02
2.319384192380894660e+00 1.285187522555998108e+00
