-6.446622014045715332e-01 -2.781485795974731445e+00 0.000000000000000000e+00
-1.361029624938964844e+01 -9.044482231140136719e+00 0.000000000000000000e+00
8.968315720558166504e-01 1.668902397155761719e+01 0.000000000000000000e+00
3.867743968963623047e+00 -1.559533309936523438e+01 0.000000000000000000e+00
-7.969754219055175781e+00 -3.728685855865478516e+00 0.000000000000000000e+00
-4.092966079711914062e+00 -1.061053371429443359e+01 0.000000000000000000e+00
-6.029229640960693359e+00 3.519969701766967773e+00 0.000000000000000000e+00
1.094972515106201172e+01 -1.075176525115966797e+01 0.000000000000000000e+00
1.479604911804199219e+01 4.859538078308105469e+00 0.000000000000000000e+00
6.357792377471923828e+00 -7.750618934631347656e+00 0.000000000000000000e+00
1.064149761199951172e+01 3.839630126953125000e+00 0.000000000000000000e+00
-7.287833213806152344e+00 1.043679523468017578e+01 0.000000000000000000e+00
-9.685827255249023438e+00 -4.677324771881103516e+00 0.000000000000000000e+00
-1.835227966308593750e+00 -5.090546131134033203e+00 0.000000000000000000e+00
4.889783382415771484e+00 -8.755676269531250000e+00 0.000000000000000000e+00
4.818213462829589844e+00 4.705695629119873047e+00 0.000000000000000000e+00
-4.137463569641113281e+00 3.405951738357543945e+00 0.000000000000000000e+00
1.384516429901123047e+01 -1.857786893844604492e+00 0.000000000000000000e+00
1.105880737304687500e+01 9.126164436340332031e+00 0.000000000000000000e+00
-9.880452156066894531e+00 3.916738986968994141e+00 0.000000000000000000e+00
1.020208263397216797e+01 1.124063014984130859e+00 0.000000000000000000e+00
1.236150503158569336e+00 3.863478183746337891e+00 0.000000000000000000e+00
1.461179733276367188e+00 6.422702789306640625e+00 0.000000000000000000e+00
-8.857266426086425781e+00 -6.446769714355468750e+00 0.000000000000000000e+00
-1.408072471618652344e+01 -6.156417369842529297e+00 0.000000000000000000e+00
-9.887354850769042969e+00 -1.004972648620605469e+01 0.000000000000000000e+00
2.921983957290649414e+00 1.395608139038085938e+01 0.000000000000000000e+00
-7.888207912445068359e+00 -7.718255519866943359e-01 0.000000000000000000e+00
7.433698654174804688e+00 4.266839981079101562e+00 0.000000000000000000e+00
-6.024695634841918945e-01 -1.306225013732910156e+01 0.000000000000000000e+00
-4.540887355804443359e+00 -1.680346298217773438e+01 0.000000000000000000e+00
3.131011247634887695e+00 5.016049385070800781e+00 0.000000000000000000e+00
2.779151678085327148e+00 -4.684801578521728516e+00 0.000000000000000000e+00
-4.579781055450439453e+00 6.870818138122558594e+00 0.000000000000000000e+00
-5.964302539825439453e+00 -3.010451316833496094e+00 0.000000000000000000e+00
-9.802637100219726562e+00 2.927694022655487061e-01 0.000000000000000000e+00
6.768490314483642578e+00 8.958361625671386719e+00 0.000000000000000000e+00
-5.804021835327148438e+00 -9.162166714668273926e-01 0.000000000000000000e+00
5.424873828887939453e+00 -1.422922229766845703e+01 0.000000000000000000e+00
4.869477748870849609e+00 3.149497985839843750e+00 0.000000000000000000e+00
-9.886475563049316406e+00 1.117516613006591797e+01 0.000000000000000000e+00
-1.743404388427734375e+00 -1.023963642120361328e+01 0.000000000000000000e+00
-2.974021673202514648e+00 -1.171407127380371094e+01 0.000000000000000000e+00
-2.463683128356933594e+00 -1.480753326416015625e+01 0.000000000000000000e+00
2.518467187881469727e+00 -1.324225234985351562e+01 0.000000000000000000e+00
4.403371334075927734e+00 -1.080805778503417969e+01 0.000000000000000000e+00
-1.133370876312255859e+01 9.717985153198242188e+00 0.000000000000000000e+00
9.167584419250488281e+00 1.296402454376220703e+01 0.000000000000000000e+00
6.021859169006347656e+00 -4.427143573760986328e+00 0.000000000000000000e+00
-9.776160120964050293e-01 1.164360713958740234e+01 0.000000000000000000e+00
-3.814394235610961914e+00 -5.844811916351318359e+00 0.000000000000000000e+00
4.666038513183593750e+00 6.570466995239257812e+00 0.000000000000000000e+00
9.448283195495605469e+00 8.187535285949707031e+00 0.000000000000000000e+00
1.307546329498291016e+01 -8.145559310913085938e+00 0.000000000000000000e+00
1.501419925689697266e+01 -8.973561286926269531e+00 0.000000000000000000e+00
-1.237048912048339844e+01 1.758735299110412598e+00 0.000000000000000000e+00
2.810058355331420898e+00 -1.691764450073242188e+01 0.000000000000000000e+00
-3.671667337417602539e+00 1.481620311737060547e+01 0.000000000000000000e+00
-2.430991649627685547e+00 1.611162948608398438e+01 0.000000000000000000e+00
-3.659994125366210938e+00 -3.696949720382690430e+00 0.000000000000000000e+00
5.602434635162353516e+00 -1.611360549926757812e+01 0.000000000000000000e+00
1.127429604530334473e+00 -7.633671909570693970e-02 0.000000000000000000e+00
1.332652568817138672e+01 6.337161064147949219e+00 0.000000000000000000e+00
-1.310772299766540527e+00 -8.249465227127075195e-01 0.000000000000000000e+00
-4.516837120056152344e+00 -1.504036808013916016e+01 0.000000000000000000e+00
-7.109337329864501953e+00 -9.641201972961425781e+00 0.000000000000000000e+00
-1.214801216125488281e+01 -7.694654464721679688e+00 0.000000000000000000e+00
1.581367778778076172e+01 7.738747000694274902e-01 0.000000000000000000e+00
-1.574886226654052734e+01 7.527681350708007812e+00 0.000000000000000000e+00
1.011642360687255859e+01 -6.814646244049072266e+00 0.000000000000000000e+00
1.188653278350830078e+01 -1.289849877357482910e+00 0.000000000000000000e+00
-2.579711198806762695e+00 6.993854999542236328e+00 0.000000000000000000e+00
1.900024294853210449e+00 -1.552825069427490234e+01 0.000000000000000000e+00
-8.445158004760742188e+00 1.183711719512939453e+01 0.000000000000000000e+00
-1.302460098266601562e+01 -3.585130453109741211e+00 0.000000000000000000e+00
6.133760929107666016e+00 2.204870223999023438e+00 0.000000000000000000e+00
-2.875811338424682617e+00 -1.862240195274353027e+00 0.000000000000000000e+00
-1.145079994201660156e+01 -1.202867889404296875e+01 0.000000000000000000e+00
-1.568049430847167969e+01 5.524783134460449219e-01 0.000000000000000000e+00
-2.244093418121337891e+00 2.916439056396484375e+00 0.000000000000000000e+00
1.333739566802978516e+01 9.385628700256347656e+00 0.000000000000000000e+00
-8.036606788635253906e+00 -1.453246879577636719e+01 0.000000000000000000e+00
7.279244422912597656e+00 -1.142702960968017578e+01 0.000000000000000000e+00
1.202243328094482422e+00 -1.731190109252929688e+01 0.000000000000000000e+00
3.385699033737182617e+00 1.001060104370117188e+01 0.000000000000000000e+00
-1.535017299652099609e+01 -7.012236118316650391e+00 0.000000000000000000e+00
8.455416679382324219e+00 -5.202308654785156250e+00 0.000000000000000000e+00
-1.535828208923339844e+01 -3.593626260757446289e+00 0.000000000000000000e+00
1.343541431427001953e+01 -5.904244899749755859e+00 0.000000000000000000e+00
1.105445671081542969e+01 -9.175718307495117188e+00 0.000000000000000000e+00
-1.440965270996093750e+01 2.447600364685058594e+00 0.000000000000000000e+00
1.591862010955810547e+01 -4.745127201080322266e+00 0.000000000000000000e+00
-5.309253215789794922e+00 1.633268928527832031e+01 0.000000000000000000e+00
-6.568359375000000000e+00 -5.423827171325683594e+00 0.000000000000000000e+00
-7.620472431182861328e+00 1.117500782012939453e+00 0.000000000000000000e+00
9.033333778381347656e+00 -1.398903369903564453e+00 0.000000000000000000e+00
-4.198759078979492188e+00 9.634794235229492188e+00 0.000000000000000000e+00
1.390544223785400391e+01 3.518754243850708008e+00 0.000000000000000000e+00
-5.000127792358398438e+00 1.257417678833007812e+01 0.000000000000000000e+00
1.152669048309326172e+01 -1.263510131835937500e+01 0.000000000000000000e+00
7.601941585540771484e+00 -1.542010688781738281e+01 0.000000000000000000e+00
8.696241378784179688e+00 -1.026195907592773438e+01 0.000000000000000000e+00
-9.971652626991271973e-01 1.518613815307617188e+01 0.000000000000000000e+00
8.406547546386718750e+00 1.592839241027832031e+00 0.000000000000000000e+00
1.504872226715087891e+01 8.264767646789550781e+00 0.000000000000000000e+00
-8.722941398620605469e+00 -8.866215705871582031e+00 0.000000000000000000e+00
9.441297531127929688e+00 -1.175710964202880859e+01 0.000000000000000000e+00
1.342445945739746094e+01 -3.743169784545898438e+00 0.000000000000000000e+00
2.445851564407348633e+00 1.605541419982910156e+01 0.000000000000000000e+00
-1.681861686706542969e+01 -4.064574241638183594e+00 0.000000000000000000e+00
-7.790154457092285156e+00 1.380071067810058594e+01 0.000000000000000000e+00
-1.402617454528808594e+01 4.940074443817138672e+00 0.000000000000000000e+00
-7.400295734405517578e+00 -1.300445938110351562e+01 0.000000000000000000e+00
-2.118965089321136475e-01 -9.295771598815917969e+00 0.000000000000000000e+00
-1.152225303649902344e+01 4.980590820312500000e+00 0.000000000000000000e+00
4.746525764465332031e+00 -1.511900067329406738e+00 0.000000000000000000e+00
1.144920825958251953e+01 6.195095062255859375e+00 0.000000000000000000e+00
-1.146062946319580078e+01 -5.078530788421630859e+00 0.000000000000000000e+00
3.323161125183105469e+00 -7.701084613800048828e+00 0.000000000000000000e+00
3.517840862274169922e+00 -6.100084781646728516e+00 0.000000000000000000e+00
7.538407802581787109e+00 1.218437767028808594e+01 0.000000000000000000e+00
-8.197541236877441406e+00 6.010839939117431641e+00 0.000000000000000000e+00
8.056204319000244141e-01 -5.691532611846923828e+00 0.000000000000000000e+00
4.620085358619689941e-01 -1.696697831153869629e+00 0.000000000000000000e+00
-7.227220535278320312e-01 2.165868043899536133e+00 0.000000000000000000e+00
-6.270026206970214844e+00 -7.277831077575683594e+00 0.000000000000000000e+00
-1.168756675720214844e+01 2.681989669799804688e-01 0.000000000000000000e+00
1.394425964355468750e+01 1.428553342819213867e+00 0.000000000000000000e+00
1.296012306213378906e+01 -1.085620689392089844e+01 0.000000000000000000e+00
-1.829889416694641113e+00 5.670022010803222656e+00 0.000000000000000000e+00
-4.224427342414855957e-01 3.729968070983886719e+00 0.000000000000000000e+00
7.763581350445747375e-03 -1.519007396697998047e+01 0.000000000000000000e+00
-1.237206935882568359e+01 3.511080503463745117e+00 0.000000000000000000e+00
4.365978240966796875e+00 1.332805347442626953e+01 0.000000000000000000e+00
-1.551782894134521484e+01 4.258942127227783203e+00 0.000000000000000000e+00
7.809676170349121094e+00 1.404950428009033203e+01 0.000000000000000000e+00
-6.139356136322021484e+00 7.084269046783447266e+00 0.000000000000000000e+00
-2.355177402496337891e+00 1.044831085205078125e+01 0.000000000000000000e+00
1.146893024444580078e+01 -4.217472076416015625e+00 0.000000000000000000e+00
1.230103206634521484e+01 2.036804914474487305e+00 0.000000000000000000e+00
-3.516431748867034912e-01 -6.977181911468505859e+00 0.000000000000000000e+00
-1.281399440765380859e+01 1.066844177246093750e+01 0.000000000000000000e+00
-1.709229469299316406e+01 3.496333599090576172e+00 0.000000000000000000e+00
8.013384819030761719e+00 -2.719416856765747070e+00 0.000000000000000000e+00
-1.022119235992431641e+01 -2.849835395812988281e+00 0.000000000000000000e+00
1.216361904144287109e+01 1.104159450531005859e+01 0.000000000000000000e+00
1.061689257621765137e+00 9.836211204528808594e+00 0.000000000000000000e+00
-4.170892238616943359e+00 -9.478029012680053711e-01 0.000000000000000000e+00
3.311342477798461914e+00 -9.470447540283203125e+00 0.000000000000000000e+00
-1.037310138344764709e-01 8.242633819580078125e+00 0.000000000000000000e+00
-1.194057655334472656e+01 -1.058152770996093750e+01 0.000000000000000000e+00
-2.421752452850341797e+00 -8.617519378662109375e+00 0.000000000000000000e+00
1.637493324279785156e+01 4.103390216827392578e+00 0.000000000000000000e+00
-1.395662117004394531e+01 8.789957046508789062e+00 0.000000000000000000e+00
1.554068374633789062e+01 -6.360475540161132812e+00 0.000000000000000000e+00
-2.597939491271972656e+00 -2.362234145402908325e-02 0.000000000000000000e+00
-7.491300582885742188e+00 2.674537897109985352e+00 0.000000000000000000e+00
-7.181501865386962891e+00 1.527202606201171875e+01 0.000000000000000000e+00
6.040925979614257812e+00 1.114645671844482422e+01 0.000000000000000000e+00
5.171068668365478516e+00 8.063355445861816406e+00 0.000000000000000000e+00
7.557685852050781250e+00 -2.029675841331481934e-01 0.000000000000000000e+00
1.060130023956298828e+01 -4.748321771621704102e-01 0.000000000000000000e+00
-7.026823997497558594e+00 4.887461185455322266e+00 0.000000000000000000e+00
9.987501144409179688e+00 6.666812896728515625e+00 0.000000000000000000e+00
7.632218837738037109e+00 7.110247135162353516e+00 0.000000000000000000e+00
6.794288158416748047e+00 -9.366235733032226562e+00 0.000000000000000000e+00
1.188435173034667969e+01 -7.158100128173828125e+00 0.000000000000000000e+00
-4.618347167968750000e+00 5.338849067687988281e+00 0.000000000000000000e+00
-9.608974456787109375e+00 8.228817939758300781e+00 0.000000000000000000e+00
-1.188627719879150391e+01 1.275493049621582031e+01 0.000000000000000000e+00
-1.084884929656982422e+01 1.749832510948181152e+00 0.000000000000000000e+00
-1.741465759277343750e+01 -1.725954174995422363e+00 0.000000000000000000e+00
-8.752980232238769531e+00 -1.177076435089111328e+01 0.000000000000000000e+00
-2.615205943584442139e-01 -1.135369873046875000e+01 0.000000000000000000e+00
3.522545576095581055e+00 -2.896133184432983398e+00 0.000000000000000000e+00
1.092002964019775391e+01 1.191679573059082031e+01 0.000000000000000000e+00
-1.452791213989257812e+01 -8.336417078971862793e-01 0.000000000000000000e+00
3.402867555618286133e+00 1.957181453704833984e+00 0.000000000000000000e+00
-4.283253669738769531e+00 1.174985647201538086e+00 0.000000000000000000e+00
2.166739463806152344e+00 8.040093421936035156e+00 0.000000000000000000e+00
1.700855445861816406e+01 -2.822285652160644531e+00 0.000000000000000000e+00
-1.218916416168212891e+01 7.184182167053222656e+00 0.000000000000000000e+00
6.681191444396972656e+00 1.523298835754394531e+01 0.000000000000000000e+00
2.121502876281738281e+00 -1.055342578887939453e+01 0.000000000000000000e+00
-1.055297660827636719e+01 -1.326497173309326172e+01 0.000000000000000000e+00
9.801666259765625000e+00 -4.496783733367919922e+00 0.000000000000000000e+00
-1.652585411071777344e+01 5.396547317504882812e+00 0.000000000000000000e+00
1.046325969696044922e+01 -1.384399604797363281e+01 0.000000000000000000e+00
8.075548171997070312e+00 1.027364253997802734e+01 0.000000000000000000e+00
-7.893588542938232422e+00 8.505966186523437500e+00 0.000000000000000000e+00
1.784157991409301758e+00 -3.516303539276123047e+00 0.000000000000000000e+00
1.085396289825439453e+00 -8.008069992065429688e+00 0.000000000000000000e+00
7.117499828338623047e+00 -1.361355876922607422e+01 0.000000000000000000e+00
8.857030868530273438e+00 -8.559517860412597656e+00 0.000000000000000000e+00
-2.245914697647094727e+00 -7.091471195220947266e+00 0.000000000000000000e+00
1.895123600959777832e+00 1.113568782806396484e+01 0.000000000000000000e+00
5.609349727630615234e+00 -7.774410396814346313e-02 0.000000000000000000e+00
9.181138992309570312e+00 4.420438289642333984e+00 0.000000000000000000e+00
-3.370855331420898438e+00 -1.353725051879882812e+01 0.000000000000000000e+00
9.967188835144042969e+00 -2.670468091964721680e+00 0.000000000000000000e+00
-2.711400091648101807e-01 1.380469131469726562e+01 0.000000000000000000e+00
-6.951262474060058594e+00 1.204210567474365234e+01 0.000000000000000000e+00
1.565432071685791016e+01 -1.192311644554138184e+00 0.000000000000000000e+00
-2.826030969619750977e+00 1.263967990875244141e+01 0.000000000000000000e+00
4.063694953918457031e+00 -1.347475433349609375e+01 0.000000000000000000e+00
9.744505882263183594e+00 9.913352012634277344e+00 0.000000000000000000e+00
1.475408315658569336e+00 1.309164047241210938e+01 0.000000000000000000e+00
-1.062992191314697266e+01 -7.306296825408935547e+00 0.000000000000000000e+00
-2.008548498153686523e+00 -1.635630226135253906e+01 0.000000000000000000e+00
4.408448219299316406e+00 -4.671163082122802734e+00 0.000000000000000000e+00
-5.485086441040039062e+00 -1.333852767944335938e+01 0.000000000000000000e+00
1.211710548400878906e+01 4.821252822875976562e+00 0.000000000000000000e+00
-7.231661081314086914e-01 9.987605094909667969e+00 0.000000000000000000e+00
1.732625007629394531e+01 -9.423699378967285156e-01 0.000000000000000000e+00
4.936316967010498047e+00 1.542583274841308594e+01 0.000000000000000000e+00
3.830164194107055664e+00 1.149500656127929688e+01 0.000000000000000000e+00
1.751656174659729004e+00 1.625717759132385254e+00 0.000000000000000000e+00
-5.672358512878417969e+00 9.923720359802246094e+00 0.000000000000000000e+00
5.336487770080566406e+00 -1.242605113983154297e+01 0.000000000000000000e+00
1.208612823486328125e+01 3.854595720767974854e-01 0.000000000000000000e+00
1.554679870605468750e+01 2.622588157653808594e+00 0.000000000000000000e+00
-9.852025985717773438e+00 1.352036666870117188e+01 0.000000000000000000e+00
-1.380762290954589844e+01 6.571598649024963379e-01 0.000000000000000000e+00
8.757930755615234375e+00 -1.386046791076660156e+01 0.000000000000000000e+00
7.643487453460693359e+00 -6.973195075988769531e+00 0.000000000000000000e+00
1.525959396362304688e+01 6.484710693359375000e+00 0.000000000000000000e+00
-1.188255977630615234e+01 -1.720101952552795410e+00 0.000000000000000000e+00
1.153571367263793945e+00 -1.243107891082763672e+01 0.000000000000000000e+00
-1.603099441528320312e+01 2.152820110321044922e+00 0.000000000000000000e+00
-8.511332511901855469e+00 -2.216879606246948242e+00 0.000000000000000000e+00
9.501217603683471680e-01 -1.397924900054931641e+01 0.000000000000000000e+00
4.766977787017822266e+00 1.216233253479003906e+00 0.000000000000000000e+00
-6.452077388763427734e+00 -1.165168571472167969e+01 0.000000000000000000e+00
-1.402320194244384766e+01 6.514719963073730469e+00 0.000000000000000000e+00
-6.116485118865966797e+00 -1.503055572509765625e+01 0.000000000000000000e+00
-4.620586395263671875e+00 -9.132038116455078125e+00 0.000000000000000000e+00
-1.363819122314453125e+01 -1.073140048980712891e+01 0.000000000000000000e+00
1.435272693634033203e+01 -3.310969769954681396e-01 0.000000000000000000e+00
-1.075832843780517578e+01 6.415100097656250000e+00 0.000000000000000000e+00
5.667038440704345703e+00 -2.734599113464355469e+00 0.000000000000000000e+00
-1.710365414619445801e+00 8.380703926086425781e+00 0.000000000000000000e+00
-5.549640178680419922e+00 1.449413871765136719e+01 0.000000000000000000e+00
3.014642715454101562e+00 -1.389793634414672852e+00 0.000000000000000000e+00
-6.489734053611755371e-01 1.739411354064941406e+01 0.000000000000000000e+00
1.702733802795410156e+01 2.348023653030395508e+00 0.000000000000000000e+00
-8.855992317199707031e+00 9.681927680969238281e+00 0.000000000000000000e+00
-1.124382495880126953e+01 -8.920289039611816406e+00 0.000000000000000000e+00
-1.604017448425292969e+01 -9.931240081787109375e-01 0.000000000000000000e+00
-2.121349811553955078e+00 1.405030488967895508e+00 0.000000000000000000e+00
1.238210916519165039e+00 1.514650058746337891e+01 0.000000000000000000e+00
-1.735259437561035156e+01 3.894498348236083984e-01 0.000000000000000000e+00
-8.899737358093261719e+00 1.949695706367492676e+00 0.000000000000000000e+00
1.505498218536376953e+01 -3.076487541198730469e+00 0.000000000000000000e+00
3.876221895217895508e+00 -4.565047472715377808e-02 0.000000000000000000e+00
-7.716729044914245605e-01 -1.737136077880859375e+01 0.000000000000000000e+00
8.462047576904296875e+00 5.853989124298095703e+00 0.000000000000000000e+00
