1.044337604740146475e+01 7.958735867539626696e+00 -1.017887200882583443e-04
1.270100302836039496e+01 3.330852162407288652e+00 -2.241988722222476582e-04
3.557286120511675254e+00 1.033059336954586627e+01 -3.362528806345466137e-04
5.813801676405676133e+00 5.702013034226197874e+00 6.806289107652574444e-05
8.072301852334396344e+00 1.072638878427878417e+00 -1.811765515375984847e-04
1.032980920538719793e+01 -3.556639858569894841e+00 -5.025160108980131213e-04
-3.329915231500834238e+00 1.270175424137033104e+01 -4.399112153308237794e-05
-1.071414062628074371e+00 8.072379990515512915e+00 -2.931587392174250795e-04
1.186093323369043384e+00 3.443704331247809947e+00 1.831842109887293901e-04
3.443600676421846085e+00 -1.185574405749963534e+00 -1.381552483716852464e-04
5.701227657380807834e+00 -5.813458110320640415e+00 -2.605646576063769260e-04
7.957743213219117706e+00 -1.044203844600909292e+01 1.437513929207767660e-04
-7.957622591593426442e+00 1.044344544333544356e+01 7.120202330845870620e-05
-5.701108061643440195e+00 5.814262125535080372e+00 -3.222354177609965120e-04
-3.442488257637352778e+00 1.186283001398210857e+00 -3.725465664700111645e-04
-1.185973694631701214e+00 -3.442297238496177414e+00 3.169710149553139900e-05
1.072527474185337226e+00 -8.071671490281437045e+00 -2.174709802718055585e-04
3.330034860182486067e+00 -1.270034714898748085e+01 2.588727128332024563e-04
-1.032968960964986138e+01 3.557443873222674302e+00 -8.028480736843590648e-05
-8.072182223597053508e+00 -1.071231785676246773e+00 3.960578640216372293e-04
-5.813681054779983981e+00 -5.700606036899847240e+00 1.468905251540419954e-04
-3.557166524830028820e+00 -1.032978935526186959e+01 -2.465476588149329018e-04
-1.270088240679249303e+01 -3.329445165075382906e+00 4.391522842555062311e-04
-1.044325542583356281e+01 -7.957328870207721394e+00 3.167421321212948726e-04
