-5.332800388336181641e+00 -1.338224887847900391e+01 0.000000000000000000e+00
-4.712249279022216797e+00 -2.309172868728637695e+00 0.000000000000000000e+00
-1.609476089477539062e+01 2.871108531951904297e+00 0.000000000000000000e+00
1.881726622581481934e+00 -1.733842849731445312e+01 0.000000000000000000e+00
3.269483804702758789e+00 -1.390690517425537109e+01 0.000000000000000000e+00
8.240309715270996094e+00 -4.947569847106933594e+00 0.000000000000000000e+00
5.117074012756347656e+00 -8.742211341857910156e+00 0.000000000000000000e+00
6.597927093505859375e+00 1.442430114746093750e+01 0.000000000000000000e+00
1.841017484664916992e+00 -8.241323471069335938e+00 0.000000000000000000e+00
9.029762268066406250e+00 2.124917030334472656e+00 0.000000000000000000e+00
7.934132218360900879e-01 -1.533373594284057617e+00 0.000000000000000000e+00
-1.313545894622802734e+01 -7.149063944816589355e-01 0.000000000000000000e+00
-8.206114768981933594e+00 3.205979168415069580e-01 0.000000000000000000e+00
-7.720906734466552734e+00 1.333647918701171875e+01 0.000000000000000000e+00
-1.044116783142089844e+01 7.694470286369323730e-01 0.000000000000000000e+00
-2.810670137405395508e+00 1.280295276641845703e+01 0.000000000000000000e+00
1.524109268188476562e+01 -5.772987008094787598e-01 0.000000000000000000e+00
-6.719130516052246094e+00 -4.736344814300537109e+00 0.000000000000000000e+00
6.535785198211669922e+00 -1.585416507720947266e+01 0.000000000000000000e+00
2.124305963516235352e+00 8.068510055541992188e+00 0.000000000000000000e+00
5.197133541107177734e+00 -1.036155462265014648e+00 0.000000000000000000e+00
-3.652369499206542969e+00 1.071085453033447266e+01 0.000000000000000000e+00
-2.982192039489746094e+00 8.806397438049316406e+00 0.000000000000000000e+00
-4.224507808685302734e+00 2.177843570709228516e+00 0.000000000000000000e+00
1.302583503723144531e+01 4.581788063049316406e+00 0.000000000000000000e+00
-1.227406406402587891e+01 7.361372947692871094e+00 0.000000000000000000e+00
5.191614627838134766e+00 -1.053978633880615234e+01 0.000000000000000000e+00
-1.130481910705566406e+01 -5.810425281524658203e+00 0.000000000000000000e+00
6.304515838623046875e+00 -6.299640178680419922e+00 0.000000000000000000e+00
1.107158946990966797e+01 8.373780250549316406e-01 0.000000000000000000e+00
-1.108296036720275879e+00 9.450495719909667969e+00 0.000000000000000000e+00
9.186939895153045654e-02 3.366311192512512207e-01 0.000000000000000000e+00
8.604573249816894531e+00 -7.236638069152832031e+00 0.000000000000000000e+00
2.401567697525024414e+00 -7.692807316780090332e-01 0.000000000000000000e+00
-1.143206691741943359e+01 1.301061630249023438e+01 0.000000000000000000e+00
-2.614251852035522461e+00 6.633073329925537109e+00 0.000000000000000000e+00
-5.959767341613769531e+00 1.566373920440673828e+01 0.000000000000000000e+00
1.648961448669433594e+01 3.439030408859252930e+00 0.000000000000000000e+00
-8.079166412353515625e+00 -5.503539085388183594e+00 0.000000000000000000e+00
-3.504904031753540039e+00 -1.401833248138427734e+01 0.000000000000000000e+00
-1.109296798706054688e+01 -8.944201469421386719e+00 0.000000000000000000e+00
-1.053543329238891602e+00 -1.508224487304687500e+01 0.000000000000000000e+00
1.539506149291992188e+01 -7.233294486999511719e+00 0.000000000000000000e+00
-8.381216049194335938e+00 -9.366337776184082031e+00 0.000000000000000000e+00
-5.937588691711425781e+00 -1.476209068298339844e+01 0.000000000000000000e+00
-2.181789427995681763e-01 -1.732141304016113281e+01 0.000000000000000000e+00
-5.550335884094238281e+00 -6.165225982666015625e+00 0.000000000000000000e+00
-1.162689208984375000e+01 5.211896896362304688e+00 0.000000000000000000e+00
-3.597275495529174805e+00 -1.592055416107177734e+01 0.000000000000000000e+00
6.759698987007141113e-01 -1.064627361297607422e+01 0.000000000000000000e+00
-1.191115093231201172e+01 2.110001325607299805e+00 0.000000000000000000e+00
-6.955977439880371094e+00 1.187280178070068359e+01 0.000000000000000000e+00
2.246450483798980713e-01 -1.403812217712402344e+01 0.000000000000000000e+00
8.984049797058105469e+00 1.190614891052246094e+01 0.000000000000000000e+00
7.731810569763183594e+00 -1.175566387176513672e+01 0.000000000000000000e+00
7.992174148559570312e+00 2.323506865650415421e-03 0.000000000000000000e+00
5.361811637878417969e+00 8.082434654235839844e+00 0.000000000000000000e+00
1.284895038604736328e+01 -5.368682384490966797e+00 0.000000000000000000e+00
8.881483078002929688e+00 1.015936851501464844e+01 0.000000000000000000e+00
-3.286150932312011719e+00 1.620992660522460938e+01 0.000000000000000000e+00
1.040741157531738281e+01 -7.390881538391113281e+00 0.000000000000000000e+00
-1.358011627197265625e+01 3.132875204086303711e+00 0.000000000000000000e+00
6.540059089660644531e+00 -3.442445516586303711e+00 0.000000000000000000e+00
1.665479469299316406e+01 -4.415748596191406250e+00 0.000000000000000000e+00
-5.042571544647216797e+00 9.156779289245605469e+00 0.000000000000000000e+00
1.446344470977783203e+01 -3.128005027770996094e+00 0.000000000000000000e+00
1.617001342773437500e+01 1.891371846199035645e+00 0.000000000000000000e+00
-1.106150913238525391e+01 1.122981262207031250e+01 0.000000000000000000e+00
-2.092124938964843750e+00 1.485783457756042480e+00 0.000000000000000000e+00
1.803725600242614746e+00 -1.581450843811035156e+01 0.000000000000000000e+00
7.876175880432128906e+00 3.928843498229980469e+00 0.000000000000000000e+00
1.234014129638671875e+01 -1.024924945831298828e+01 0.000000000000000000e+00
3.007546663284301758e+00 1.508721828460693359e+01 0.000000000000000000e+00
1.096727752685546875e+01 -1.137286758422851562e+01 0.000000000000000000e+00
-1.372189331054687500e+01 9.802675247192382812e+00 0.000000000000000000e+00
-8.729326248168945312e+00 -2.774556398391723633e+00 0.000000000000000000e+00
-4.564344406127929688e+00 1.422552967071533203e+01 0.000000000000000000e+00
1.212294769287109375e+01 -6.702829599380493164e-01 0.000000000000000000e+00
1.653083205223083496e+00 -3.023427009582519531e+00 0.000000000000000000e+00
-1.323504447937011719e+01 -6.793827056884765625e+00 0.000000000000000000e+00
-6.464576125144958496e-01 1.248364543914794922e+01 0.000000000000000000e+00
-5.192879199981689453e+00 5.251856803894042969e+00 0.000000000000000000e+00
2.945541143417358398e+00 3.260175704956054688e+00 0.000000000000000000e+00
1.363373947143554688e+01 2.078365325927734375e+00 0.000000000000000000e+00
-2.552049398422241211e+00 -9.765798568725585938e+00 0.000000000000000000e+00
-5.706719875335693359e+00 7.713156700134277344e+00 0.000000000000000000e+00
-1.774146676063537598e+00 -1.315002441406250000e+01 0.000000000000000000e+00
-6.273860931396484375e-01 1.667752647399902344e+01 0.000000000000000000e+00
-1.706192135810852051e+00 4.080299854278564453e+00 0.000000000000000000e+00
8.474009513854980469e+00 5.668581962585449219e+00 0.000000000000000000e+00
2.937470436096191406e+00 -5.219247817993164062e+00 0.000000000000000000e+00
3.497933626174926758e+00 -7.041201591491699219e+00 0.000000000000000000e+00
-1.490028476715087891e+01 3.984051465988159180e+00 0.000000000000000000e+00
-1.380512142181396484e+01 -8.314707756042480469e+00 0.000000000000000000e+00
5.123681068420410156e+00 -1.453142833709716797e+01 0.000000000000000000e+00
1.375433540344238281e+01 -8.229973793029785156e+00 0.000000000000000000e+00
-1.677508926391601562e+01 -2.381000757217407227e+00 0.000000000000000000e+00
-1.114668941497802734e+01 -3.290265560150146484e+00 0.000000000000000000e+00
2.619678497314453125e+00 -1.196947479248046875e+01 0.000000000000000000e+00
3.396724164485931396e-01 3.285804510116577148e+00 0.000000000000000000e+00
1.643556976318359375e+01 -2.222172260284423828e+00 0.000000000000000000e+00
-1.040074944496154785e+00 -1.006068229675292969e+01 0.000000000000000000e+00
1.501016139984130859e+00 1.209232139587402344e+01 0.000000000000000000e+00
9.855155944824218750e+00 -2.089464426040649414e+00 0.000000000000000000e+00
4.352308750152587891e+00 2.084165096282958984e+00 0.000000000000000000e+00
6.434024810791015625e+00 1.025495147705078125e+01 0.000000000000000000e+00
-3.136619091033935547e+00 2.743486166000366211e-01 0.000000000000000000e+00
8.939948081970214844e+00 -1.030229091644287109e+01 0.000000000000000000e+00
-2.818267606198787689e-02 -5.393461704254150391e+00 0.000000000000000000e+00
-1.060644721984863281e+01 7.110281467437744141e+00 0.000000000000000000e+00
-1.205313396453857422e+01 -1.126332569122314453e+01 0.000000000000000000e+00
-1.661752510070800781e+01 -4.075789749622344971e-01 0.000000000000000000e+00
1.068387031555175781e+01 -5.132492542266845703e+00 0.000000000000000000e+00
9.587330818176269531e+00 3.832682371139526367e+00 0.000000000000000000e+00
-8.677224159240722656e+00 1.087611770629882812e+01 0.000000000000000000e+00
-3.033674716949462891e+00 -6.067132472991943359e+00 0.000000000000000000e+00
-5.299565315246582031e+00 -6.021153926849365234e-01 0.000000000000000000e+00
7.785928726196289062e+00 7.031644344329833984e+00 0.000000000000000000e+00
1.168875408172607422e+01 -3.606154203414916992e+00 0.000000000000000000e+00
1.085301756858825684e+00 9.260246276855468750e+00 0.000000000000000000e+00
4.241773128509521484e+00 -4.007853984832763672e+00 0.000000000000000000e+00
6.920315742492675781e+00 -1.312382793426513672e+01 0.000000000000000000e+00
-4.424837827682495117e-01 -6.862350940704345703e+00 0.000000000000000000e+00
3.208780050277709961e+00 -2.474338054656982422e+00 0.000000000000000000e+00
-4.036056041717529297e+00 7.259105205535888672e+00 0.000000000000000000e+00
1.427867507934570312e+01 8.680229187011718750e+00 0.000000000000000000e+00
1.501358413696289062e+01 6.250969886779785156e+00 0.000000000000000000e+00
6.643149852752685547e+00 1.256171226501464844e+01 0.000000000000000000e+00
-1.180850601196289062e+01 -1.693412303924560547e+00 0.000000000000000000e+00
-8.942025184631347656e+00 8.989788055419921875e+00 0.000000000000000000e+00
-1.644483804702758789e+00 1.523984241485595703e+01 0.000000000000000000e+00
-1.232039737701416016e+01 5.791440606117248535e-01 0.000000000000000000e+00
4.374322414398193359e+00 1.239756584167480469e+01 0.000000000000000000e+00
1.432604694366455078e+01 -9.845585823059082031e+00 0.000000000000000000e+00
7.030976772308349609e+00 2.058632850646972656e+00 0.000000000000000000e+00
1.103483772277832031e+01 1.050595283508300781e+01 0.000000000000000000e+00
5.715454578399658203e+00 5.909155368804931641e+00 0.000000000000000000e+00
-1.366653633117675781e+01 5.899654388427734375e+00 0.000000000000000000e+00
-1.317352104187011719e+01 -4.128950119018554688e+00 0.000000000000000000e+00
-1.523655891418457031e+00 1.126376724243164062e+01 0.000000000000000000e+00
1.764089941978454590e+00 1.688332366943359375e+01 0.000000000000000000e+00
4.322318732738494873e-02 7.246127605438232422e+00 0.000000000000000000e+00
-9.335190773010253906e+00 -1.150985145568847656e+01 0.000000000000000000e+00
-7.897743225097656250e+00 6.004295349121093750e+00 0.000000000000000000e+00
-1.480183506011962891e+01 1.349853873252868652e+00 0.000000000000000000e+00
4.893696308135986328e+00 1.386111259460449219e+01 0.000000000000000000e+00
9.387288093566894531e+00 7.944522857666015625e+00 0.000000000000000000e+00
1.087538719177246094e+01 1.274113845825195312e+01 0.000000000000000000e+00
-6.536605358123779297e+00 2.194458246231079102e+00 0.000000000000000000e+00
1.044008636474609375e+01 6.296758174896240234e+00 0.000000000000000000e+00
-6.412886142730712891e+00 1.017666530609130859e+01 0.000000000000000000e+00
2.660440683364868164e+00 1.073667049407958984e+01 0.000000000000000000e+00
-1.562094497680664062e+01 6.399135112762451172e+00 0.000000000000000000e+00
-4.642052650451660156e+00 -8.922569274902343750e+00 0.000000000000000000e+00
6.982669830322265625e+00 -8.919196128845214844e+00 0.000000000000000000e+00
5.190349578857421875e+00 -1.660928726196289062e+01 0.000000000000000000e+00
4.696748256683349609e+00 -1.264269161224365234e+01 0.000000000000000000e+00
-1.215597915649414062e+01 8.895517349243164062e+00 0.000000000000000000e+00
5.658157825469970703e+00 1.599794387817382812e+01 0.000000000000000000e+00
-1.773218750953674316e+00 -1.658684158325195312e+01 0.000000000000000000e+00
6.180520534515380859e+00 3.408990859985351562e+00 0.000000000000000000e+00
8.561126708984375000e+00 -1.386925220489501953e+01 0.000000000000000000e+00
-1.007533836364746094e+01 5.246963024139404297e+00 0.000000000000000000e+00
5.914679765701293945e-01 5.565683364868164062e+00 0.000000000000000000e+00
-1.536428737640380859e+01 -1.476683616638183594e+00 0.000000000000000000e+00
-9.868915557861328125e+00 -7.709026813507080078e+00 0.000000000000000000e+00
2.764657020568847656e+00 6.177137374877929688e+00 0.000000000000000000e+00
1.194253635406494141e+01 6.791110992431640625e+00 0.000000000000000000e+00
-1.026566314697265625e+01 -1.296354484558105469e+01 0.000000000000000000e+00
-6.860047817230224609e+00 -1.335931301116943359e+01 0.000000000000000000e+00
-1.496041774749755859e+01 -6.539250373840332031e+00 0.000000000000000000e+00
1.688167762756347656e+01 -5.109401941299438477e-01 0.000000000000000000e+00
-2.399948239326477051e-01 -3.052224397659301758e+00 0.000000000000000000e+00
2.921165227890014648e-01 -9.040772438049316406e+00 0.000000000000000000e+00
-1.049870967864990234e+01 9.372827529907226562e+00 0.000000000000000000e+00
1.048937797546386719e+00 1.504235458374023438e+01 0.000000000000000000e+00
-8.336515426635742188e+00 3.522495746612548828e+00 0.000000000000000000e+00
-1.542460441589355469e+01 -3.479412555694580078e+00 0.000000000000000000e+00
-3.946586847305297852e+00 4.175043106079101562e+00 0.000000000000000000e+00
-9.824620246887207031e+00 3.176481008529663086e+00 0.000000000000000000e+00
-7.482902050018310547e+00 -8.081165313720703125e+00 0.000000000000000000e+00
1.188437557220458984e+01 -6.893893241882324219e+00 0.000000000000000000e+00
-4.990320205688476562e+00 -4.415371894836425781e+00 0.000000000000000000e+00
9.351080894470214844e+00 -3.804616451263427734e+00 0.000000000000000000e+00
-1.912580847740173340e+00 -8.025319099426269531e+00 0.000000000000000000e+00
-7.512899875640869141e+00 -1.156735801696777344e+01 0.000000000000000000e+00
5.077055454254150391e+00 9.560585975646972656e+00 0.000000000000000000e+00
7.828695774078369141e+00 -1.780047297477722168e+00 0.000000000000000000e+00
-6.031557083129882812e+00 -1.003854370117187500e+01 0.000000000000000000e+00
-9.394469261169433594e+00 -1.473992919921875000e+01 0.000000000000000000e+00
4.365642070770263672e+00 4.547563076019287109e+00 0.000000000000000000e+00
-1.809203505516052246e+00 -4.938382625579833984e+00 0.000000000000000000e+00
2.051272630691528320e+00 1.470560789108276367e+00 0.000000000000000000e+00
-9.178277969360351562e+00 1.420836067199707031e+01 0.000000000000000000e+00
9.713640213012695312e+00 -8.867652893066406250e+00 0.000000000000000000e+00
3.760534763336181641e+00 -1.537897300720214844e+01 0.000000000000000000e+00
-1.738521003723144531e+01 1.701377034187316895e+00 0.000000000000000000e+00
1.268722343444824219e+01 9.413051605224609375e+00 0.000000000000000000e+00
-1.286216354370117188e+01 1.174413394927978516e+01 0.000000000000000000e+00
-7.231349468231201172e+00 7.621032238006591797e+00 0.000000000000000000e+00
1.259074974060058594e+01 -2.193064928054809570e+00 0.000000000000000000e+00
1.372014904022216797e+01 -6.711523056030273438e+00 0.000000000000000000e+00
3.297293901443481445e+00 -1.015997886657714844e+01 0.000000000000000000e+00
4.004966735839843750e+00 7.149093627929687500e+00 0.000000000000000000e+00
-4.990130901336669922e+00 -1.144796657562255859e+01 0.000000000000000000e+00
-6.643717288970947266e+00 -1.610071754455566406e+01 0.000000000000000000e+00
9.815862655639648438e+00 -3.713991641998291016e-01 0.000000000000000000e+00
-6.923593997955322266e+00 4.377905368804931641e+00 0.000000000000000000e+00
-8.527432441711425781e+00 -1.280273723602294922e+01 0.000000000000000000e+00
-6.705229759216308594e+00 -3.070673227310180664e+00 0.000000000000000000e+00
3.851829767227172852e+00 -1.409946829080581665e-01 0.000000000000000000e+00
-2.654336214065551758e+00 -3.555748939514160156e+00 0.000000000000000000e+00
-7.697641372680664062e+00 -1.532537221908569336e+00 0.000000000000000000e+00
8.691851615905761719e+00 1.350930500030517578e+01 0.000000000000000000e+00
1.274450302124023438e+01 1.190993022918701172e+01 0.000000000000000000e+00
-3.767420053482055664e+00 -1.231965255737304688e+01 0.000000000000000000e+00
1.377672863006591797e+01 -1.040467977523803711e+00 0.000000000000000000e+00
-9.344340324401855469e+00 -7.930303812026977539e-01 0.000000000000000000e+00
-1.644658470153808594e+01 -5.334537982940673828e+00 0.000000000000000000e+00
1.180346202850341797e+01 -1.280248546600341797e+01 0.000000000000000000e+00
-5.472116947174072266e+00 3.682263851165771484e+00 0.000000000000000000e+00
-1.366601848602294922e+01 -1.069600582122802734e+01 0.000000000000000000e+00
5.143363475799560547e-01 -1.218550205230712891e+01 0.000000000000000000e+00
-9.872608184814453125e+00 -4.751941204071044922e+00 0.000000000000000000e+00
1.548893070220947266e+01 4.739709854125976562e+00 0.000000000000000000e+00
-5.145218849182128906e+00 1.170144176483154297e+01 0.000000000000000000e+00
-1.565265893936157227e+00 -1.147071075439453125e+01 0.000000000000000000e+00
1.513330078125000000e+01 -5.369935512542724609e+00 0.000000000000000000e+00
-1.645470428466796875e+01 4.960337638854980469e+00 0.000000000000000000e+00
-1.396011447906494141e+01 -2.187297821044921875e+00 0.000000000000000000e+00
-1.531847476959228516e+01 -8.292686462402343750e+00 0.000000000000000000e+00
-1.573567509651184082e+00 -8.006832599639892578e-01 0.000000000000000000e+00
1.343779850006103516e+01 6.166663169860839844e+00 0.000000000000000000e+00
7.318262577056884766e+00 8.641016006469726562e+00 0.000000000000000000e+00
-1.030164003372192383e+00 6.049446105957031250e+00 0.000000000000000000e+00
1.121788978576660156e+01 8.584061622619628906e+00 0.000000000000000000e+00
1.135034465789794922e+01 2.862111330032348633e+00 0.000000000000000000e+00
3.253123760223388672e+00 1.351087760925292969e+01 0.000000000000000000e+00
6.051386833190917969e+00 6.744186282157897949e-01 0.000000000000000000e+00
1.359283828735351562e+01 1.064115238189697266e+01 0.000000000000000000e+00
1.357850313186645508e+00 -6.545170783996582031e+00 0.000000000000000000e+00
-4.125211715698242188e+00 -7.208923339843750000e+00 0.000000000000000000e+00
6.550605297088623047e-01 1.350684261322021484e+01 0.000000000000000000e+00
4.796955585479736328e+00 -5.685800552368164062e+00 0.000000000000000000e+00
8.240492820739746094e+00 1.525084304809570312e+01 0.000000000000000000e+00
-5.840096950531005859e+00 1.341613960266113281e+01 0.000000000000000000e+00
1.590100049972534180e+00 4.267264842987060547e+00 0.000000000000000000e+00
1.441964435577392578e+01 7.250873446464538574e-01 0.000000000000000000e+00
4.247218132019042969e+00 1.675493431091308594e+01 0.000000000000000000e+00
4.234035015106201172e+00 1.088523483276367188e+01 0.000000000000000000e+00
1.031316375732421875e+01 -1.317442226409912109e+01 0.000000000000000000e+00
-1.456580996513366699e+00 7.665018558502197266e+00 0.000000000000000000e+00
-1.411917686462402344e+01 7.790978908538818359e+00 0.000000000000000000e+00
4.976351737976074219e+00 -2.600476026535034180e+00 0.000000000000000000e+00
-5.891162872314453125e+00 -7.751911163330078125e+00 0.000000000000000000e+00
5.052695274353027344e-01 1.092064762115478516e+01 0.000000000000000000e+00
