-8.704291343688964844e+00 -3.057460308074951172e+00 0.000000000000000000e+00
-1.085402488708496094e+01 3.127744674682617188e+00 0.000000000000000000e+00
-8.888394355773925781e+00 1.013794422149658203e+01 0.000000000000000000e+00
3.472071170806884766e+00 -7.172930240631103516e+00 0.000000000000000000e+00
8.770052909851074219e+00 -1.585791468620300293e+00 0.000000000000000000e+00
-7.023166179656982422e+00 -2.192716121673583984e+00 0.000000000000000000e+00
1.500058555603027344e+01 3.444529294967651367e+00 0.000000000000000000e+00
-2.850608110427856445e+00 -1.040559196472167969e+01 0.000000000000000000e+00
1.308908367156982422e+01 2.745906352996826172e+00 0.000000000000000000e+00
-7.569153308868408203e+00 -6.421007633209228516e+00 0.000000000000000000e+00
-1.423675060272216797e+01 7.744552612304687500e+00 0.000000000000000000e+00
4.950709342956542969e+00 9.441228866577148438e+00 0.000000000000000000e+00
-2.961483240127563477e+00 -1.666664695739746094e+01 0.000000000000000000e+00
-1.923130899667739868e-01 -1.493472766876220703e+01 0.000000000000000000e+00
6.453217864036560059e-01 7.333677291870117188e+00 0.000000000000000000e+00
-1.037125396728515625e+01 4.561492443084716797e+00 0.000000000000000000e+00
-7.672788143157958984e+00 -4.423971652984619141e+00 0.000000000000000000e+00
1.030952358245849609e+01 -1.347043514251708984e+01 0.000000000000000000e+00
-1.578121376037597656e+01 3.170285701751708984e+00 0.000000000000000000e+00
-8.700503349304199219e+00 1.298548316955566406e+01 0.000000000000000000e+00
9.573606491088867188e+00 7.810447692871093750e+00 0.000000000000000000e+00
-5.745941638946533203e+00 1.071279525756835938e+01 0.000000000000000000e+00
1.605475044250488281e+01 4.007442891597747803e-01 0.000000000000000000e+00
-9.807652473449707031e+00 -8.386208534240722656e+00 0.000000000000000000e+00
3.010680913925170898e+00 2.308436155319213867e+00 0.000000000000000000e+00
-4.505436897277832031e+00 2.547312736511230469e+00 0.000000000000000000e+00
6.185951232910156250e+00 1.312084102630615234e+01 0.000000000000000000e+00
6.535069465637207031e+00 8.747796058654785156e+00 0.000000000000000000e+00
-3.987007379531860352e+00 -4.427789688110351562e+00 0.000000000000000000e+00
5.212343692779541016e+00 5.349349498748779297e+00 0.000000000000000000e+00
-3.342432498931884766e+00 -2.719343423843383789e+00 0.000000000000000000e+00
-1.113885688781738281e+01 -3.110351562500000000e-01 0.000000000000000000e+00
1.044235897064208984e+01 9.324136734008789062e+00 0.000000000000000000e+00
3.559679508209228516e+00 -1.050601482391357422e+01 0.000000000000000000e+00
-7.719849586486816406e+00 -1.001519680023193359e+01 0.000000000000000000e+00
-1.497555160522460938e+01 9.899904131889343262e-01 0.000000000000000000e+00
-6.017043113708496094e+00 2.889100611209869385e-01 0.000000000000000000e+00
-1.383297443389892578e+01 1.002693748474121094e+01 0.000000000000000000e+00
-6.846194744110107422e+00 2.214929580688476562e+00 0.000000000000000000e+00
1.802980780601501465e+00 -3.193193674087524414e-01 0.000000000000000000e+00
-5.383924961090087891e+00 8.754980087280273438e+00 0.000000000000000000e+00
7.377128601074218750e+00 1.522951245307922363e+00 0.000000000000000000e+00
7.801948547363281250e+00 -9.468906402587890625e+00 0.000000000000000000e+00
6.615610599517822266e+00 -1.387690162658691406e+01 0.000000000000000000e+00
1.056820964813232422e+01 -1.416581273078918457e+00 0.000000000000000000e+00
-2.700638532638549805e+00 -1.410756111145019531e+01 0.000000000000000000e+00
4.000539302825927734e+00 -1.678126454353332520e-01 0.000000000000000000e+00
-4.392600536346435547e+00 1.411748218536376953e+01 0.000000000000000000e+00
-6.212250232696533203e+00 -1.421841144561767578e+01 0.000000000000000000e+00
-4.874119758605957031e+00 -1.285502052307128906e+01 0.000000000000000000e+00
1.081038379669189453e+01 -6.895127296447753906e+00 0.000000000000000000e+00
1.175277423858642578e+01 -1.001200103759765625e+01 0.000000000000000000e+00
-1.740518379211425781e+01 -1.742600679397583008e+00 0.000000000000000000e+00
1.918267250061035156e+00 4.168367862701416016e+00 0.000000000000000000e+00
7.197029113769531250e+00 -1.426894813776016235e-01 0.000000000000000000e+00
1.293751001358032227e-01 -8.387929916381835938e+00 0.000000000000000000e+00
-2.221831798553466797e+00 8.699817657470703125e+00 0.000000000000000000e+00
-1.823266863822937012e+00 2.921543121337890625e-01 0.000000000000000000e+00
-1.194409370422363281e+01 7.591859817504882812e+00 0.000000000000000000e+00
-1.615241813659667969e+01 -6.003947257995605469e+00 0.000000000000000000e+00
9.462869644165039062e+00 3.743465185165405273e+00 0.000000000000000000e+00
-1.409936141967773438e+01 -2.112248420715332031e+00 0.000000000000000000e+00
-1.099911880493164062e+01 1.016407489776611328e+01 0.000000000000000000e+00
1.441883850097656250e+01 7.988910198211669922e+00 0.000000000000000000e+00
-1.271327590942382812e+01 -1.354660034179687500e+00 0.000000000000000000e+00
1.162914657592773438e+01 -4.405689239501953125e+00 0.000000000000000000e+00
2.154535531997680664e+00 1.249989318847656250e+01 0.000000000000000000e+00
1.462937831878662109e+01 -6.997498989105224609e+00 0.000000000000000000e+00
-1.150553131103515625e+01 -4.718266010284423828e+00 0.000000000000000000e+00
8.064854621887207031e+00 4.625195026397705078e+00 0.000000000000000000e+00
1.464848279953002930e+00 -9.076391220092773438e+00 0.000000000000000000e+00
-4.577388286590576172e+00 -6.343225955963134766e+00 0.000000000000000000e+00
-3.874624520540237427e-02 -1.217927646636962891e+01 0.000000000000000000e+00
1.359921169281005859e+01 9.312821388244628906e+00 0.000000000000000000e+00
4.188238620758056641e+00 1.328964042663574219e+01 0.000000000000000000e+00
-2.877122402191162109e+00 1.979318141937255859e+00 0.000000000000000000e+00
-5.056275844573974609e+00 -8.573939323425292969e+00 0.000000000000000000e+00
7.783051013946533203e+00 1.297838497161865234e+01 0.000000000000000000e+00
-1.307183074951171875e+01 -6.317271232604980469e+00 0.000000000000000000e+00
-8.450406193733215332e-01 5.994964599609375000e+00 0.000000000000000000e+00
3.071898221969604492e-01 -1.040784642100334167e-01 0.000000000000000000e+00
3.737325370311737061e-01 8.991170883178710938e+00 0.000000000000000000e+00
6.910659670829772949e-01 1.206337642669677734e+01 0.000000000000000000e+00
4.052962362766265869e-01 -3.865208864212036133e+00 0.000000000000000000e+00
1.058331871032714844e+01 -3.162490129470825195e+00 0.000000000000000000e+00
-1.032997131347656250e+01 -3.479317426681518555e+00 0.000000000000000000e+00
9.051655769348144531e+00 -1.184358406066894531e+01 0.000000000000000000e+00
-3.173371076583862305e+00 -8.058595657348632812e+00 0.000000000000000000e+00
-2.029535770416259766e+00 -5.508633136749267578e+00 0.000000000000000000e+00
2.579946517944335938e+00 -1.426768207550048828e+01 0.000000000000000000e+00
-1.352541732788085938e+01 1.387642860412597656e+00 0.000000000000000000e+00
1.360179615020751953e+01 -8.660849571228027344e+00 0.000000000000000000e+00
5.491120815277099609e+00 1.644384574890136719e+01 0.000000000000000000e+00
1.069091796875000000e+01 1.195382690429687500e+01 0.000000000000000000e+00
1.273609638214111328e+01 4.304294288158416748e-01 0.000000000000000000e+00
-1.085130405426025391e+01 -7.169130802154541016e+00 0.000000000000000000e+00
4.640676975250244141e+00 -3.231102705001831055e+00 0.000000000000000000e+00
1.378583049774169922e+01 -1.810854196548461914e+00 0.000000000000000000e+00
8.975104331970214844e+00 -6.631847381591796875e+00 0.000000000000000000e+00
-1.313005161285400391e+01 -8.851739883422851562e+00 0.000000000000000000e+00
1.894749045372009277e+00 -1.212977600097656250e+01 0.000000000000000000e+00
7.871096134185791016e+00 1.478184890747070312e+01 0.000000000000000000e+00
5.893119812011718750e+00 7.266994953155517578e+00 0.000000000000000000e+00
-6.958107471466064453e+00 1.336156368255615234e+01 0.000000000000000000e+00
1.206683731079101562e+01 5.576525211334228516e+00 0.000000000000000000e+00
-2.936664581298828125e+00 1.619995117187500000e+01 0.000000000000000000e+00
-1.607478618621826172e+00 4.246031761169433594e+00 0.000000000000000000e+00
-1.064081430435180664e+00 -2.635422468185424805e+00 0.000000000000000000e+00
-6.235602855682373047e+00 -3.644103765487670898e+00 0.000000000000000000e+00
6.365277290344238281e+00 -5.014303684234619141e+00 0.000000000000000000e+00
6.333256721496582031e+00 3.647640466690063477e+00 0.000000000000000000e+00
3.414442062377929688e+00 -1.692259216308593750e+01 0.000000000000000000e+00
9.112027168273925781e+00 -3.952433824539184570e+00 0.000000000000000000e+00
-4.982473373413085938e+00 -1.108299446105957031e+01 0.000000000000000000e+00
-6.251164078712463379e-01 -6.615013122558593750e+00 0.000000000000000000e+00
-1.259151744842529297e+01 5.430445194244384766e+00 0.000000000000000000e+00
1.763695359230041504e+00 1.081789779663085938e+01 0.000000000000000000e+00
4.298423230648040771e-01 -1.044694328308105469e+01 0.000000000000000000e+00
-6.509289264678955078e+00 5.137882232666015625e+00 0.000000000000000000e+00
1.230480957031250000e+01 1.219431018829345703e+01 0.000000000000000000e+00
1.354043006896972656e+01 6.335413932800292969e+00 0.000000000000000000e+00
-1.123407745361328125e+01 1.294154644012451172e+01 0.000000000000000000e+00
3.046244621276855469e+00 1.527545547485351562e+01 0.000000000000000000e+00
1.001345443725585938e+01 -8.680953025817871094e+00 0.000000000000000000e+00
-4.954167842864990234e+00 -1.559762287139892578e+01 0.000000000000000000e+00
4.497135877609252930e-01 1.411340808868408203e+01 0.000000000000000000e+00
3.940372228622436523e+00 -1.209262466430664062e+01 0.000000000000000000e+00
-2.046696394681930542e-01 -1.668686676025390625e+01 0.000000000000000000e+00
4.243487834930419922e+00 -5.603433132171630859e+00 0.000000000000000000e+00
-9.942470550537109375e+00 7.255930423736572266e+00 0.000000000000000000e+00
1.463644695281982422e+01 1.387834548950195312e+00 0.000000000000000000e+00
-9.180464744567871094e+00 5.698037624359130859e+00 0.000000000000000000e+00
1.301890563964843750e+01 4.372166156768798828e+00 0.000000000000000000e+00
1.173764896392822266e+01 8.421961784362792969e+00 0.000000000000000000e+00
-1.231545257568359375e+01 -1.164990806579589844e+01 0.000000000000000000e+00
1.676210975646972656e+01 -2.399819135665893555e+00 0.000000000000000000e+00
-1.008279895782470703e+01 -5.605109691619873047e+00 0.000000000000000000e+00
-9.636422157287597656e+00 -1.368208694458007812e+01 0.000000000000000000e+00
-1.395853519439697266e+00 1.302429294586181641e+01 0.000000000000000000e+00
5.270245075225830078e+00 -1.618593978881835938e+01 0.000000000000000000e+00
1.642466545104980469e+01 5.007892131805419922e+00 0.000000000000000000e+00
4.997043132781982422e+00 1.217324376106262207e+00 0.000000000000000000e+00
-9.586014747619628906e+00 -1.178405666351318359e+01 0.000000000000000000e+00
-1.481053161621093750e+01 -6.809060573577880859e+00 0.000000000000000000e+00
-6.815837025642395020e-01 1.303178787231445312e+00 0.000000000000000000e+00
1.121976733207702637e+00 -1.592033386230468750e+01 0.000000000000000000e+00
1.081596183776855469e+01 5.691938400268554688e-01 0.000000000000000000e+00
-3.367610454559326172e+00 1.162765216827392578e+01 0.000000000000000000e+00
-5.787166357040405273e-01 1.738779067993164062e+01 0.000000000000000000e+00
1.075501632690429688e+01 2.201013088226318359e+00 0.000000000000000000e+00
3.489641666412353516e+00 8.725148200988769531e+00 0.000000000000000000e+00
1.479127502441406250e+01 5.177141666412353516e+00 0.000000000000000000e+00
2.966377496719360352e+00 5.559189796447753906e+00 0.000000000000000000e+00
-1.432058429718017578e+01 -4.409935951232910156e+00 0.000000000000000000e+00
7.481904029846191406e+00 7.052330970764160156e+00 0.000000000000000000e+00
2.905512332916259766e+00 -2.153260469436645508e+00 0.000000000000000000e+00
-6.694551944732666016e+00 -1.207646465301513672e+01 0.000000000000000000e+00
-7.606674671173095703e+00 -8.252722740173339844e+00 0.000000000000000000e+00
7.411900520324707031e+00 1.057746791839599609e+01 0.000000000000000000e+00
1.008024311065673828e+01 1.339591503143310547e+01 0.000000000000000000e+00
-1.240055370330810547e+01 1.160028553009033203e+01 0.000000000000000000e+00
-8.497497558593750000e+00 3.065425395965576172e+00 0.000000000000000000e+00
1.666855812072753906e+01 -4.429351806640625000e+00 0.000000000000000000e+00
-1.418134117126464844e+01 3.812027931213378906e+00 0.000000000000000000e+00
-1.033958339691162109e+01 -1.911937475204467773e+00 0.000000000000000000e+00
4.323519706726074219e+00 3.740279436111450195e+00 0.000000000000000000e+00
1.398380088806152344e+01 -3.457784175872802734e+00 0.000000000000000000e+00
8.476302146911621094e+00 -1.329572582244873047e+01 0.000000000000000000e+00
-7.734766006469726562e+00 1.556879806518554688e+01 0.000000000000000000e+00
1.257505035400390625e+01 -6.276215076446533203e+00 0.000000000000000000e+00
-7.131069183349609375e+00 -1.586605358123779297e+01 0.000000000000000000e+00
-6.955320358276367188e+00 8.532493591308593750e+00 0.000000000000000000e+00
-4.504529476165771484e+00 6.482581615447998047e+00 0.000000000000000000e+00
1.173622226715087891e+01 -8.105007171630859375e+00 0.000000000000000000e+00
-7.958930015563964844e+00 -7.898820191621780396e-02 0.000000000000000000e+00
-4.397123813629150391e+00 1.666520309448242188e+01 0.000000000000000000e+00
7.646976947784423828e+00 -7.431274414062500000e+00 0.000000000000000000e+00
-1.109183692932128906e+01 -1.320100879669189453e+01 0.000000000000000000e+00
1.293818378448486328e+01 -1.157869815826416016e+01 0.000000000000000000e+00
4.298303127288818359e+00 1.162454414367675781e+01 0.000000000000000000e+00
-2.292850017547607422e+00 6.997136592864990234e+00 0.000000000000000000e+00
1.156525135040283203e+00 1.717100524902343750e+01 0.000000000000000000e+00
-1.578807067871093750e+01 -2.672567129135131836e+00 0.000000000000000000e+00
-5.199825167655944824e-01 1.564229011535644531e+01 0.000000000000000000e+00
-1.650074577331542969e+01 4.876357555389404297e+00 0.000000000000000000e+00
3.233049154281616211e+00 1.042955589294433594e+01 0.000000000000000000e+00
1.916628122329711914e+00 9.181509017944335938e+00 0.000000000000000000e+00
1.390405082702636719e+01 -1.017818260192871094e+01 0.000000000000000000e+00
-1.025251770019531250e+01 1.165171504020690918e+00 0.000000000000000000e+00
-4.489551067352294922e+00 4.926986694335937500e+00 0.000000000000000000e+00
3.205916404724121094e+00 -8.999322891235351562e+00 0.000000000000000000e+00
1.160931396484375000e+01 1.037453651428222656e+01 0.000000000000000000e+00
-1.107541370391845703e+01 -1.068234825134277344e+01 0.000000000000000000e+00
5.328705310821533203e+00 -8.711054801940917969e+00 0.000000000000000000e+00
-1.387740421295166016e+01 -2.083339244127273560e-01 0.000000000000000000e+00
1.567140221595764160e+00 1.496119022369384766e+00 0.000000000000000000e+00
1.489795017242431641e+01 -4.898045063018798828e+00 0.000000000000000000e+00
1.441617107391357422e+01 -4.434171319007873535e-01 0.000000000000000000e+00
6.741176128387451172e+00 5.654416084289550781e+00 0.000000000000000000e+00
-1.228527188301086426e+00 -9.473393440246582031e+00 0.000000000000000000e+00
7.851950645446777344e+00 -1.513201236724853516e+01 0.000000000000000000e+00
-3.682363748550415039e+00 -4.369470775127410889e-01 0.000000000000000000e+00
6.303241729736328125e+00 -1.122134780883789062e+01 0.000000000000000000e+00
-4.599740505218505859e+00 -1.637846708297729492e+00 0.000000000000000000e+00
4.680995464324951172e+00 -1.393065357208251953e+01 0.000000000000000000e+00
-7.241980552673339844e+00 1.006549930572509766e+01 0.000000000000000000e+00
1.286349058151245117e+00 -2.302859783172607422e+00 0.000000000000000000e+00
5.867650985717773438e+00 1.089358711242675781e+01 0.000000000000000000e+00
-7.600065231323242188e+00 1.165441513061523438e+01 0.000000000000000000e+00
8.412728309631347656e-01 5.750484943389892578e+00 0.000000000000000000e+00
9.490159034729003906e+00 1.088583183288574219e+01 0.000000000000000000e+00
-1.707768821716308594e+01 1.711260199546813965e+00 0.000000000000000000e+00
-5.200334787368774414e-01 1.075385951995849609e+01 0.000000000000000000e+00
6.518176555633544922e+00 -2.207960844039916992e+00 0.000000000000000000e+00
-1.558480739593505859e+01 -8.442342281341552734e-01 0.000000000000000000e+00
2.812202930450439453e+00 1.689309120178222656e+01 0.000000000000000000e+00
-7.729726791381835938e+00 6.346621990203857422e+00 0.000000000000000000e+00
-1.485349845886230469e+01 5.996309757232666016e+00 0.000000000000000000e+00
8.591257095336914062e+00 4.913089275360107422e-01 0.000000000000000000e+00
5.552863597869873047e+00 -5.523642897605895996e-01 0.000000000000000000e+00
-9.059286117553710938e+00 1.466588211059570312e+01 0.000000000000000000e+00
-1.799793720245361328e+00 -1.234422111511230469e+01 0.000000000000000000e+00
-2.775263786315917969e+00 1.400961017608642578e+01 0.000000000000000000e+00
-1.484356403350830078e+01 -8.500383377075195312e+00 0.000000000000000000e+00
-1.255393773317337036e-01 3.794662952423095703e+00 0.000000000000000000e+00
1.596988773345947266e+01 6.582885265350341797e+00 0.000000000000000000e+00
9.868638992309570312e+00 5.232562541961669922e+00 0.000000000000000000e+00
2.206788301467895508e+00 -6.179177761077880859e+00 0.000000000000000000e+00
1.628363037109375000e+01 2.264331579208374023e+00 0.000000000000000000e+00
-3.098271369934082031e+00 5.593765258789062500e+00 0.000000000000000000e+00
5.965961933135986328e+00 -7.330021381378173828e+00 0.000000000000000000e+00
2.681509256362915039e+00 -3.912102699279785156e+00 0.000000000000000000e+00
1.148638439178466797e+01 -1.252917480468750000e+01 0.000000000000000000e+00
-6.218809604644775391e+00 1.509263324737548828e+01 0.000000000000000000e+00
-8.997250556945800781e+00 8.586099624633789062e+00 0.000000000000000000e+00
-5.594846248626708984e+00 -5.085088729858398438e+00 0.000000000000000000e+00
-1.257151508331298828e+01 8.992897987365722656e+00 0.000000000000000000e+00
-7.690745353698730469e+00 -1.376848411560058594e+01 0.000000000000000000e+00
3.657345294952392578e+00 -1.536794185638427734e+01 0.000000000000000000e+00
1.610788536071777344e+01 -6.056165218353271484e+00 0.000000000000000000e+00
5.306169033050537109e+00 1.468922710418701172e+01 0.000000000000000000e+00
1.120175170898437500e+01 7.005542755126953125e+00 0.000000000000000000e+00
1.210788631439208984e+01 -2.812192201614379883e+00 0.000000000000000000e+00
7.809133529663085938e+00 -5.540565490722656250e+00 0.000000000000000000e+00
7.539638996124267578e+00 -3.740671396255493164e+00 0.000000000000000000e+00
-1.001881122589111328e+01 1.165804195404052734e+01 0.000000000000000000e+00
1.546317768096923828e+01 -1.600026369094848633e+00 0.000000000000000000e+00
4.011690616607666016e+00 6.657950401306152344e+00 0.000000000000000000e+00
6.991755366325378418e-01 -5.466710567474365234e+00 0.000000000000000000e+00
-3.971063852310180664e+00 1.014272117614746094e+01 0.000000000000000000e+00
-2.426293134689331055e+00 -4.007269859313964844e+00 0.000000000000000000e+00
1.737598228454589844e+01 -8.454710245132446289e-01 0.000000000000000000e+00
-8.834002494812011719e+00 -1.488871574401855469e+00 0.000000000000000000e+00
-1.180220603942871094e+01 1.579015493392944336e+00 0.000000000000000000e+00
-5.480916500091552734e+00 1.254573535919189453e+01 0.000000000000000000e+00
-9.644973754882812500e+00 -9.993320465087890625e+00 0.000000000000000000e+00
