-1.084510421752929688e+01 8.298052787780761719e+00 0.000000000000000000e+00
1.025626850128173828e+01 3.606826543807983398e+00 0.000000000000000000e+00
-1.042274832725524902e-01 5.422166347503662109e+00 0.000000000000000000e+00
3.138811826705932617e+00 4.550378322601318359e+00 0.000000000000000000e+00
-1.250643825531005859e+01 -6.565936088562011719e+00 0.000000000000000000e+00
1.221806812286376953e+01 1.178989410400390625e+01 0.000000000000000000e+00
1.584394264221191406e+01 2.360517024993896484e+00 0.000000000000000000e+00
-5.013833045959472656e+00 -9.244291305541992188e+00 0.000000000000000000e+00
1.313075828552246094e+01 -5.857542991638183594e+00 0.000000000000000000e+00
-1.497570633888244629e+00 -5.331782102584838867e-01 0.000000000000000000e+00
-4.487195491790771484e+00 2.655926942825317383e+00 0.000000000000000000e+00
1.331101059913635254e+00 -9.029623031616210938e+00 0.000000000000000000e+00
-9.150495529174804688e+00 -4.644917547702789307e-01 0.000000000000000000e+00
9.215810775756835938e+00 -1.125503730773925781e+01 0.000000000000000000e+00
-1.004437351226806641e+01 -1.110328960418701172e+01 0.000000000000000000e+00
2.659561634063720703e+00 7.695210933685302734e+00 0.000000000000000000e+00
-9.105233192443847656e+00 -2.737623214721679688e+00 0.000000000000000000e+00
-3.875790596008300781e+00 -3.708405494689941406e+00 0.000000000000000000e+00
1.029686737060546875e+01 1.206618690490722656e+01 0.000000000000000000e+00
4.176077842712402344e+00 -6.217376232147216797e+00 0.000000000000000000e+00
-1.015522766113281250e+01 -1.598936796188354492e+00 0.000000000000000000e+00
-2.343521118164062500e+00 -1.467502498626708984e+01 0.000000000000000000e+00
-8.339044570922851562e+00 -1.121762943267822266e+01 0.000000000000000000e+00
1.023752880096435547e+01 -7.943747043609619141e+00 0.000000000000000000e+00
-1.552860450744628906e+01 3.673950731754302979e-01 0.000000000000000000e+00
-7.276305198669433594e+00 4.444293498992919922e+00 0.000000000000000000e+00
8.659466743469238281e+00 -9.550848007202148438e+00 0.000000000000000000e+00
3.306813716888427734e+00 -1.709045600891113281e+01 0.000000000000000000e+00
6.952929019927978516e+00 -1.604793548583984375e+00 0.000000000000000000e+00
1.369366645812988281e+00 9.124957084655761719e+00 0.000000000000000000e+00
-1.404589939117431641e+01 8.382209390401840210e-02 0.000000000000000000e+00
-5.067334175109863281e+00 1.374728488922119141e+01 0.000000000000000000e+00
7.629568576812744141e+00 -1.321255874633789062e+01 0.000000000000000000e+00
1.242705440521240234e+01 -8.232737541198730469e+00 0.000000000000000000e+00
5.381386756896972656e+00 1.617804718017578125e+01 0.000000000000000000e+00
-6.522313952445983887e-01 7.868955135345458984e+00 0.000000000000000000e+00
3.889790296554565430e+00 -1.362854766845703125e+01 0.000000000000000000e+00
-8.587526321411132812e+00 -5.314584732055664062e+00 0.000000000000000000e+00
3.912396669387817383e+00 2.269840955734252930e+00 0.000000000000000000e+00
1.500096130371093750e+01 -5.295905470848083496e-01 0.000000000000000000e+00
-2.287963628768920898e+00 1.002373456954956055e+00 0.000000000000000000e+00
-1.180237865447998047e+01 1.097006797790527344e+01 0.000000000000000000e+00
4.790565967559814453e+00 -9.576780796051025391e-01 0.000000000000000000e+00
1.130015730857849121e+00 -5.600933551788330078e+00 0.000000000000000000e+00
1.130167722702026367e+00 3.639130115509033203e+00 0.000000000000000000e+00
3.504495382308959961e+00 1.466663551330566406e+01 0.000000000000000000e+00
-1.018551921844482422e+01 1.213207149505615234e+01 0.000000000000000000e+00
-7.592404842376708984e+00 -9.009431838989257812e+00 0.000000000000000000e+00
1.279072284698486328e+00 1.615682220458984375e+01 0.000000000000000000e+00
4.435307502746582031e+00 1.272138595581054688e+01 0.000000000000000000e+00
-6.726434826850891113e-01 1.911836028099060059e+00 0.000000000000000000e+00
-1.096913146972656250e+01 -5.103740215301513672e+00 0.000000000000000000e+00
-4.346570968627929688e+00 9.457960128784179688e+00 0.000000000000000000e+00
-3.369236946105957031e+00 -5.820326328277587891e+00 0.000000000000000000e+00
9.821053504943847656e+00 1.437350082397460938e+01 0.000000000000000000e+00
-5.459959983825683594e+00 -1.513647317886352539e+00 0.000000000000000000e+00
-2.350938916206359863e-01 -1.559535503387451172e+01 0.000000000000000000e+00
-6.173765659332275391e+00 1.552824592590332031e+01 0.000000000000000000e+00
7.267569541931152344e+00 4.592102527618408203e+00 0.000000000000000000e+00
-6.327832698822021484e+00 -1.084811496734619141e+01 0.000000000000000000e+00
5.603381156921386719e+00 8.267832756042480469e+00 0.000000000000000000e+00
-1.691442871093750000e+01 1.754710197448730469e+00 0.000000000000000000e+00
7.743522167205810547e+00 -6.151795864105224609e+00 0.000000000000000000e+00
1.632696723937988281e+01 -3.985501527786254883e+00 0.000000000000000000e+00
-1.477895450592041016e+01 4.228144645690917969e+00 0.000000000000000000e+00
-2.464732646942138672e+00 2.732801437377929688e+00 0.000000000000000000e+00
8.964626312255859375e+00 6.846895217895507812e+00 0.000000000000000000e+00
1.406181907653808594e+01 7.991230010986328125e+00 0.000000000000000000e+00
-7.755238533020019531e+00 2.621273279190063477e+00 0.000000000000000000e+00
1.713411521911621094e+01 -1.714640855789184570e+00 0.000000000000000000e+00
-6.315392494201660156e+00 6.205578327178955078e+00 0.000000000000000000e+00
1.059315490722656250e+01 -5.283905982971191406e+00 0.000000000000000000e+00
-3.968054294586181641e+00 -4.087490141391754150e-01 0.000000000000000000e+00
-7.489126205444335938e+00 -1.437260055541992188e+01 0.000000000000000000e+00
3.439572334289550781e+00 1.011310291290283203e+01 0.000000000000000000e+00
-6.849205970764160156e+00 1.425443530082702637e+00 0.000000000000000000e+00
7.388661384582519531e+00 1.022602558135986328e+01 0.000000000000000000e+00
1.049265003204345703e+01 -1.902414113283157349e-01 0.000000000000000000e+00
5.179504871368408203e+00 3.220068931579589844e+00 0.000000000000000000e+00
1.409979534149169922e+01 -4.022552490234375000e+00 0.000000000000000000e+00
1.523489665985107422e+01 6.894848823547363281e+00 0.000000000000000000e+00
7.127861022949218750e+00 -8.406428337097167969e+00 0.000000000000000000e+00
-1.560869598388671875e+01 -5.056425571441650391e+00 0.000000000000000000e+00
5.762197971343994141e+00 -1.404966354370117188e+01 0.000000000000000000e+00
-7.545302391052246094e+00 -3.006547212600708008e+00 0.000000000000000000e+00
1.176782512664794922e+01 9.233240127563476562e+00 0.000000000000000000e+00
1.395454978942871094e+01 -1.033169460296630859e+01 0.000000000000000000e+00
1.154184150695800781e+01 -3.996309280395507812e+00 0.000000000000000000e+00
5.550772666931152344e+00 -2.736000061035156250e+00 0.000000000000000000e+00
8.616722106933593750e+00 -1.512276649475097656e+00 0.000000000000000000e+00
8.622797012329101562e+00 -3.860068082809448242e+00 0.000000000000000000e+00
-1.053145790100097656e+01 3.450890302658081055e+00 0.000000000000000000e+00
-7.581409931182861328e+00 7.031191349029541016e+00 0.000000000000000000e+00
4.418728351593017578e-01 3.074196577072143555e-01 0.000000000000000000e+00
2.895219326019287109e+00 -5.147198677062988281e+00 0.000000000000000000e+00
1.463948726654052734e+01 5.169906616210937500e+00 0.000000000000000000e+00
-6.332159996032714844e+00 1.120263671875000000e+01 0.000000000000000000e+00
-5.216608524322509766e+00 -1.472848987579345703e+01 0.000000000000000000e+00
-1.107221126556396484e+01 -1.268840599060058594e+01 0.000000000000000000e+00
-9.446891784667968750e+00 5.347771167755126953e+00 0.000000000000000000e+00
-4.564240932464599609e+00 -1.137437152862548828e+01 0.000000000000000000e+00
-5.387796401977539062e+00 -7.476134777069091797e+00 0.000000000000000000e+00
1.416269111633300781e+01 3.434766292572021484e+00 0.000000000000000000e+00
4.996082782745361328e+00 -1.209137535095214844e+01 0.000000000000000000e+00
-5.120649814605712891e+00 -1.661576271057128906e+01 0.000000000000000000e+00
1.443667292594909668e+00 -1.137590980529785156e+01 0.000000000000000000e+00
1.692351531982421875e+01 1.054726600646972656e+00 0.000000000000000000e+00
5.519228935241699219e+00 -4.290970325469970703e+00 0.000000000000000000e+00
3.068036079406738281e+00 1.644798660278320312e+01 0.000000000000000000e+00
-1.050144100189208984e+01 6.501836776733398438e+00 0.000000000000000000e+00
3.672715902328491211e+00 6.103802204132080078e+00 0.000000000000000000e+00
-1.358107948303222656e+01 7.977220535278320312e+00 0.000000000000000000e+00
9.433577537536621094e+00 9.477695465087890625e+00 0.000000000000000000e+00
3.363239765167236328e+00 -1.525728225708007812e+01 0.000000000000000000e+00
1.337598991394042969e+01 6.216984748840332031e+00 0.000000000000000000e+00
-4.214760780334472656e+00 7.063162326812744141e+00 0.000000000000000000e+00
-3.218871116638183594e+00 1.673843383789062500e+01 0.000000000000000000e+00
-1.152983188629150391e+01 1.290980100631713867e+00 0.000000000000000000e+00
-1.359033107757568359e+01 -1.051828384399414062e+01 0.000000000000000000e+00
-2.324972867965698242e+00 4.842875003814697266e+00 0.000000000000000000e+00
-1.110703372955322266e+01 -3.420554637908935547e+00 0.000000000000000000e+00
-1.186032390594482422e+01 5.439185142517089844e+00 0.000000000000000000e+00
1.957874059677124023e+00 1.174513339996337891e+01 0.000000000000000000e+00
-6.296151161193847656e+00 7.990221500396728516e+00 0.000000000000000000e+00
5.742142200469970703e+00 -1.573350238800048828e+01 0.000000000000000000e+00
8.059403419494628906e+00 1.303654098510742188e+01 0.000000000000000000e+00
-4.645491600036621094e+00 5.211440086364746094e+00 0.000000000000000000e+00
-2.911360025405883789e+00 8.071546554565429688e+00 0.000000000000000000e+00
1.214803409576416016e+01 -1.136435985565185547e+01 0.000000000000000000e+00
-1.718691825866699219e+01 -4.510904848575592041e-01 0.000000000000000000e+00
-1.445652961730957031e+01 -6.603168010711669922e+00 0.000000000000000000e+00
-1.462752151489257812e+01 -8.556535720825195312e+00 0.000000000000000000e+00
2.625565528869628906e+00 -4.759283959865570068e-01 0.000000000000000000e+00
6.849848270416259766e+00 1.508159828186035156e+01 0.000000000000000000e+00
7.981411457061767578e+00 3.262048006057739258e+00 0.000000000000000000e+00
1.153575420379638672e+01 5.727426052093505859e+00 0.000000000000000000e+00
1.317300510406494141e+01 7.885414958000183105e-01 0.000000000000000000e+00
1.012395572662353516e+01 -1.404695415496826172e+01 0.000000000000000000e+00
3.011187314987182617e-01 -1.726186370849609375e+01 0.000000000000000000e+00
-5.639550089836120605e-01 1.376092147827148438e+01 0.000000000000000000e+00
1.474281024932861328e+01 -8.804866790771484375e+00 0.000000000000000000e+00
6.532309532165527344e+00 1.339269995689392090e+00 0.000000000000000000e+00
-6.231068372726440430e-01 9.759279251098632812e+00 0.000000000000000000e+00
1.483614253997802734e+01 -7.176478862762451172e+00 0.000000000000000000e+00
-1.333412551879882812e+01 -4.301852226257324219e+00 0.000000000000000000e+00
1.209319305419921875e+01 2.002388238906860352e+00 0.000000000000000000e+00
-1.091685962677001953e+01 -2.492068558931350708e-01 0.000000000000000000e+00
-1.559845447540283203e+01 7.649698257446289062e+00 0.000000000000000000e+00
-1.404114484786987305e+00 -1.338129806518554688e+01 0.000000000000000000e+00
1.037401866912841797e+01 -1.026148605346679688e+01 0.000000000000000000e+00
-5.008631944656372070e-01 -8.247864723205566406e+00 0.000000000000000000e+00
1.803234815597534180e+00 -1.328128623962402344e+01 0.000000000000000000e+00
1.592708015441894531e+01 -6.059305667877197266e+00 0.000000000000000000e+00
5.894101619720458984e+00 -9.554878234863281250e+00 0.000000000000000000e+00
-3.365959167480468750e+00 1.330604553222656250e+01 0.000000000000000000e+00
-9.744794845581054688e+00 1.193517446517944336e+00 0.000000000000000000e+00
-1.656543731689453125e+01 -1.903516650199890137e+00 0.000000000000000000e+00
2.798677444458007812e+00 -1.009164905548095703e+01 0.000000000000000000e+00
-6.714525222778320312e+00 -6.168169975280761719e+00 0.000000000000000000e+00
-3.093910217285156250e+00 -1.282374668121337891e+01 0.000000000000000000e+00
-7.091767787933349609e-01 -4.996876716613769531e+00 0.000000000000000000e+00
-8.990468025207519531e+00 -1.423441219329833984e+01 0.000000000000000000e+00
-1.541934013366699219e+00 -2.525463342666625977e+00 0.000000000000000000e+00
-1.415577220916748047e+01 2.527273416519165039e+00 0.000000000000000000e+00
1.048583507537841797e+00 -7.160675525665283203e+00 0.000000000000000000e+00
-1.254169654846191406e+01 -8.967158317565917969e+00 0.000000000000000000e+00
7.416584968566894531e+00 6.735575675964355469e+00 0.000000000000000000e+00
-7.828679680824279785e-01 -1.115817356109619141e+01 0.000000000000000000e+00
-2.398379087448120117e+00 1.525908184051513672e+01 0.000000000000000000e+00
-8.321327209472656250e+00 1.185176086425781250e+01 0.000000000000000000e+00
-1.168839931488037109e+01 -1.061758041381835938e+01 0.000000000000000000e+00
-1.138460397720336914e+00 1.727029991149902344e+01 0.000000000000000000e+00
1.049273681640625000e+01 -1.956983685493469238e+00 0.000000000000000000e+00
-6.380311012268066406e+00 -2.074901014566421509e-02 0.000000000000000000e+00
6.525669574737548828e+00 -1.104435539245605469e+01 0.000000000000000000e+00
-2.426211595535278320e+00 -4.607145786285400391e+00 0.000000000000000000e+00
1.482988595962524414e+00 1.396275615692138672e+01 0.000000000000000000e+00
8.957931518554687500e+00 1.231296062469482422e+00 0.000000000000000000e+00
1.283292579650878906e+01 -2.319694519042968750e+00 0.000000000000000000e+00
1.713043975830078125e+01 3.249808549880981445e+00 0.000000000000000000e+00
-9.480374336242675781e+00 8.981502532958984375e+00 0.000000000000000000e+00
-5.477607250213623047e-01 1.137641811370849609e+01 0.000000000000000000e+00
6.102241992950439453e+00 -5.964418888092041016e+00 0.000000000000000000e+00
-7.698275089263916016e+00 -1.264365863800048828e+01 0.000000000000000000e+00
-2.208947896957397461e+00 1.143401527404785156e+01 0.000000000000000000e+00
7.056153416633605957e-01 -2.663457393646240234e+00 0.000000000000000000e+00
-5.179426670074462891e+00 -4.994083404541015625e+00 0.000000000000000000e+00
-6.663966178894042969e+00 1.397988319396972656e+01 0.000000000000000000e+00
-8.108562469482421875e+00 -7.337356567382812500e+00 0.000000000000000000e+00
-1.688932800292968750e+01 4.441195011138916016e+00 0.000000000000000000e+00
-2.961604356765747070e+00 -1.070193672180175781e+01 0.000000000000000000e+00
6.193315029144287109e+00 1.227926635742187500e+01 0.000000000000000000e+00
-5.367115974426269531e+00 3.891490459442138672e+00 0.000000000000000000e+00
8.252134323120117188e+00 1.148957633972167969e+01 0.000000000000000000e+00
1.424673366546630859e+01 9.578378677368164062e+00 0.000000000000000000e+00
-1.420018768310546875e+01 -1.973039865493774414e+00 0.000000000000000000e+00
2.973958253860473633e+00 -7.336073398590087891e+00 0.000000000000000000e+00
1.242825317382812500e+01 -9.881995201110839844e+00 0.000000000000000000e+00
-1.095018625259399414e+00 -6.691451072692871094e+00 0.000000000000000000e+00
1.843716740608215332e+00 5.350950241088867188e+00 0.000000000000000000e+00
-9.542091369628906250e+00 1.425131225585937500e+01 0.000000000000000000e+00
1.059043979644775391e+01 8.082922935485839844e+00 0.000000000000000000e+00
5.130742549896240234e+00 5.141830921173095703e+00 0.000000000000000000e+00
-1.004552078247070312e+01 -7.374294757843017578e+00 0.000000000000000000e+00
3.213153362274169922e+00 -3.398276329040527344e+00 0.000000000000000000e+00
1.153320693969726562e+01 -1.283045578002929688e+01 0.000000000000000000e+00
-7.066376209259033203e+00 -1.590349197387695312e+01 0.000000000000000000e+00
-4.118569374084472656e+00 1.543468093872070312e+01 0.000000000000000000e+00
1.188646888732910156e+01 3.635319471359252930e+00 0.000000000000000000e+00
1.111084175109863281e+01 1.064941024780273438e+01 0.000000000000000000e+00
1.555894255638122559e+00 -4.141094684600830078e+00 0.000000000000000000e+00
-2.792319774627685547e+00 -1.621061515808105469e+01 0.000000000000000000e+00
4.574787616729736328e+00 -8.761492729187011719e+00 0.000000000000000000e+00
-1.450066471099853516e+01 9.401529312133789062e+00 0.000000000000000000e+00
9.584401845932006836e-01 6.562709331512451172e+00 0.000000000000000000e+00
-9.550188064575195312e+00 1.054813766479492188e+01 0.000000000000000000e+00
-1.259670257568359375e+01 -6.705510020256042480e-01 0.000000000000000000e+00
2.358233451843261719e+00 1.900271296501159668e+00 0.000000000000000000e+00
-1.230682182312011719e+01 -2.322136878967285156e+00 0.000000000000000000e+00
7.160752296447753906e+00 -4.662049293518066406e+00 0.000000000000000000e+00
7.802877902984619141e+00 2.116555273532867432e-01 0.000000000000000000e+00
-1.206325721740722656e+01 3.108245372772216797e+00 0.000000000000000000e+00
-1.015756797790527344e+01 -9.222603797912597656e+00 0.000000000000000000e+00
-1.359648108482360840e+00 -1.720664787292480469e+01 0.000000000000000000e+00
-1.612882995605468750e+01 5.835428237915039062e+00 0.000000000000000000e+00
-1.457895469665527344e+01 5.984591484069824219e+00 0.000000000000000000e+00
-2.521269559860229492e+00 -7.652816772460937500e+00 0.000000000000000000e+00
-2.509141206741333008e+00 9.861864089965820312e+00 0.000000000000000000e+00
1.194945716857910156e+01 7.256512641906738281e+00 0.000000000000000000e+00
1.821461200714111328e+00 -1.573634815216064453e+01 0.000000000000000000e+00
8.961362838745117188e+00 -7.047797679901123047e+00 0.000000000000000000e+00
-5.732838630676269531e+00 -1.294379329681396484e+01 0.000000000000000000e+00
5.029996871948242188e+00 1.123864078521728516e+01 0.000000000000000000e+00
-1.230457592010498047e+01 6.931399822235107422e+00 0.000000000000000000e+00
7.682984352111816406e+00 -1.569296836853027344e+01 0.000000000000000000e+00
9.833660125732421875e+00 5.109338283538818359e+00 0.000000000000000000e+00
1.217644977569580078e+01 -4.450998604297637939e-01 0.000000000000000000e+00
-4.012943267822265625e+00 1.152267456054687500e+01 0.000000000000000000e+00
-1.338243007659912109e+01 4.814513206481933594e+00 0.000000000000000000e+00
-1.935176849365234375e+00 -9.252204895019531250e+00 0.000000000000000000e+00
-8.040646553039550781e+00 1.020561790466308594e+01 0.000000000000000000e+00
8.238191604614257812e+00 8.489145278930664062e+00 0.000000000000000000e+00
5.723793983459472656e+00 1.382797241210937500e+01 0.000000000000000000e+00
-1.543416213989257812e+01 -2.984662532806396484e+00 0.000000000000000000e+00
-3.178575038909912109e+00 -2.191259860992431641e+00 0.000000000000000000e+00
-1.331719875335693359e+01 1.103133487701416016e+01 0.000000000000000000e+00
1.010599136352539062e+01 -3.534382581710815430e+00 0.000000000000000000e+00
-1.698484611511230469e+01 -3.485548019409179688e+00 0.000000000000000000e+00
-3.848289489746093750e+00 1.197084546089172363e+00 0.000000000000000000e+00
-1.241275787353515625e+01 9.190400123596191406e+00 0.000000000000000000e+00
1.625758743286132812e+01 4.481153488159179688e+00 0.000000000000000000e+00
-1.967352509498596191e+00 6.623931407928466797e+00 0.000000000000000000e+00
1.059906196594238281e+01 1.538892149925231934e+00 0.000000000000000000e+00
4.107323169708251953e+00 8.507225990295410156e+00 0.000000000000000000e+00
5.553184986114501953e+00 -7.559707164764404297e+00 0.000000000000000000e+00
-7.947615146636962891e+00 -1.425902962684631348e+00 0.000000000000000000e+00
