-7.577320468519859187e-01 1.310766260260898264e+01 9.347108427792960583e-05
4.342444323119340588e+00 1.239070466651295277e+01 3.592891195207670307e-04
-6.574724441857992652e+00 8.724814713596014570e+00 5.893528979363793496e-04
-1.474548104828850903e+00 8.007253699957237458e+00 5.748954952577989275e-05
3.625628265142475826e+00 7.290295763861205813e+00 3.233075847677291392e-04
8.724931440144043648e+00 6.574828278992816522e+00 7.159556533906652476e-04
-1.239060345902234417e+01 4.342060186382622256e+00 -2.390283926083647259e-04
-7.290427089051018328e+00 3.625102250286591943e+00 2.678964263425065440e-05
-2.191243542013368018e+00 2.908239733558321660e+00 2.205083998330081840e-04
2.908059599988194854e+00 2.192169170591080629e+00 -1.845256622952096137e-04
8.008235970017311800e+00 1.475211234489496093e+00 8.129237714438186657e-05
1.310841353594774539e+01 7.582612179937688879e-01 3.411228367952712226e-04
-1.310741951705703023e+01 -7.583487168252293076e-01 -2.750106744568991957e-04
-8.007243147027914176e+00 -1.475306652926814177e+00 -9.192635017307715373e-06
-2.908059599990262978e+00 -2.192169169655084460e+00 1.845261221815608366e-04
2.192236365000665987e+00 -2.908335151621303183e+00 -1.484089407186583998e-04
7.291419911982625734e+00 -3.625197668718355803e+00 4.531009529618046372e-05
1.239159628195395157e+01 -4.342155604814386116e+00 3.111281305390178886e-04
-8.725052028051935693e+00 -6.575620136574027441e+00 -1.172731731942100453e-04
-3.624756030061031531e+00 -7.291183041003055365e+00 3.474731517565388117e-04
1.475420340023775534e+00 -8.008140976735855787e+00 6.132909123803820250e-04
6.575596676995127510e+00 -8.725701990369080008e+00 8.142755977136317824e-05
-4.341571095207336306e+00 -1.239159203907452778e+01 3.115637165542750608e-04
7.586052748196808748e-01 -1.310854997480177531e+01 5.773814729792547951e-04
