9.918380737304687500e+00 -1.122398090362548828e+01 0.000000000000000000e+00
-4.699546813964843750e+00 -8.162504196166992188e+00 0.000000000000000000e+00
3.349097490310668945e+00 -1.009620475769042969e+01 0.000000000000000000e+00
-4.226882934570312500e+00 -5.249733328819274902e-01 0.000000000000000000e+00
-8.845410346984863281e-01 7.173101425170898438e+00 0.000000000000000000e+00
-9.903240203857421875e+00 -7.277973294258117676e-01 0.000000000000000000e+00
-1.516867351531982422e+01 3.635651350021362305e+00 0.000000000000000000e+00
-5.192794322967529297e+00 -1.320845413208007812e+01 0.000000000000000000e+00
8.904731750488281250e+00 -8.226065635681152344e+00 0.000000000000000000e+00
-8.214323997497558594e+00 -1.024889659881591797e+01 0.000000000000000000e+00
1.420914649963378906e+01 1.001039791107177734e+01 0.000000000000000000e+00
-5.525255203247070312e+00 -1.608326339721679688e+01 0.000000000000000000e+00
-6.128972768783569336e-01 -2.929938554763793945e+00 0.000000000000000000e+00
1.259930133819580078e+01 9.846626281738281250e+00 0.000000000000000000e+00
-6.262515544891357422e+00 1.591962242126464844e+01 0.000000000000000000e+00
8.917227745056152344e+00 -3.211432099342346191e-01 0.000000000000000000e+00
-6.164631843566894531e+00 -1.091655540466308594e+01 0.000000000000000000e+00
-6.094934344291687012e-01 -1.712360191345214844e+01 0.000000000000000000e+00
1.480263710021972656e+00 8.803333282470703125e+00 0.000000000000000000e+00
1.690166473388671875e+01 -3.549736976623535156e+00 0.000000000000000000e+00
9.909656524658203125e+00 4.833405494689941406e+00 0.000000000000000000e+00
-4.591775894165039062e+00 -2.366423130035400391e+00 0.000000000000000000e+00
-1.617728233337402344e+01 -2.424442291259765625e+00 0.000000000000000000e+00
-9.250375747680664062e+00 4.281831741333007812e+00 0.000000000000000000e+00
-1.366147249937057495e-01 -9.397903442382812500e+00 0.000000000000000000e+00
-1.165110111236572266e+01 -5.761118888854980469e+00 0.000000000000000000e+00
-1.336008739471435547e+01 -5.003032207489013672e+00 0.000000000000000000e+00
-7.025023102760314941e-01 7.935644984245300293e-01 0.000000000000000000e+00
-6.279002189636230469e+00 8.940018653869628906e+00 0.000000000000000000e+00
7.024049282073974609e+00 -1.353820323944091797e+01 0.000000000000000000e+00
5.659477233886718750e+00 1.456942749023437500e+01 0.000000000000000000e+00
-3.829865694046020508e+00 -1.074228763580322266e+01 0.000000000000000000e+00
-1.975230336189270020e+00 3.545949220657348633e+00 0.000000000000000000e+00
-1.353269195556640625e+01 -1.331299304962158203e+00 0.000000000000000000e+00
1.441548824310302734e+00 2.618803262710571289e+00 0.000000000000000000e+00
1.297652912139892578e+01 -8.084398269653320312e+00 0.000000000000000000e+00
1.428831863403320312e+01 3.922193288803100586e+00 0.000000000000000000e+00
-2.492808580398559570e+00 -4.706376552581787109e+00 0.000000000000000000e+00
4.087631404399871826e-01 -6.236933708190917969e+00 0.000000000000000000e+00
9.915081024169921875e+00 9.357773065567016602e-01 0.000000000000000000e+00
2.677580595016479492e+00 1.270310163497924805e+00 0.000000000000000000e+00
1.536222577095031738e+00 -1.678499412536621094e+01 0.000000000000000000e+00
6.150987625122070312e+00 -1.564387035369873047e+01 0.000000000000000000e+00
1.103667640686035156e+01 1.294955158233642578e+01 0.000000000000000000e+00
8.521214485168457031e+00 -4.997473716735839844e+00 0.000000000000000000e+00
1.326226997375488281e+01 -6.088195800781250000e+00 0.000000000000000000e+00
6.840487480163574219e+00 1.193884468078613281e+01 0.000000000000000000e+00
-1.981988906860351562e+00 -1.569009399414062500e+01 0.000000000000000000e+00
1.004456806182861328e+01 6.970535278320312500e+00 0.000000000000000000e+00
8.184530258178710938e+00 -9.720240592956542969e+00 0.000000000000000000e+00
2.042821645736694336e+00 -8.352399826049804688e+00 0.000000000000000000e+00
8.369429588317871094e+00 9.041754722595214844e+00 0.000000000000000000e+00
-1.189664959907531738e+00 1.433799362182617188e+01 0.000000000000000000e+00
-1.133850765228271484e+01 1.324607849121093750e+01 0.000000000000000000e+00
-6.647336483001708984e+00 3.302371978759765625e+00 0.000000000000000000e+00
8.612954139709472656e+00 5.686428546905517578e+00 0.000000000000000000e+00
-1.370956325531005859e+01 -2.982897043228149414e+00 0.000000000000000000e+00
1.715519714355468750e+01 3.372139930725097656e+00 0.000000000000000000e+00
-4.487432003021240234e+00 8.788599014282226562e+00 0.000000000000000000e+00
3.513903617858886719e+00 -1.300854396820068359e+01 0.000000000000000000e+00
-1.192212486267089844e+01 -2.604220628738403320e+00 0.000000000000000000e+00
5.088333487510681152e-01 1.531869125366210938e+01 0.000000000000000000e+00
2.311916828155517578e+00 -4.108166694641113281e+00 0.000000000000000000e+00
1.043540000915527344e+01 -1.301511955261230469e+01 0.000000000000000000e+00
-6.759671688079833984e+00 -8.774700164794921875e+00 0.000000000000000000e+00
-3.191862106323242188e+00 1.152287292480468750e+01 0.000000000000000000e+00
-3.651389598846435547e+00 -1.655447769165039062e+01 0.000000000000000000e+00
8.529564857482910156e+00 -1.272498130798339844e+01 0.000000000000000000e+00
-3.924130439758300781e+00 1.565837621688842773e+00 0.000000000000000000e+00
-1.663361358642578125e+01 -4.340441703796386719e+00 0.000000000000000000e+00
4.099411010742187500e+00 8.658650398254394531e+00 0.000000000000000000e+00
1.124901294708251953e+01 -1.649341940879821777e+00 0.000000000000000000e+00
4.964676856994628906e+00 -1.138315582275390625e+01 0.000000000000000000e+00
5.393039703369140625e+00 -5.396817207336425781e+00 0.000000000000000000e+00
7.544204711914062500e+00 1.541431307792663574e+00 0.000000000000000000e+00
-3.507555961608886719e+00 -1.419748115539550781e+01 0.000000000000000000e+00
7.695985794067382812e+00 1.529538249969482422e+01 0.000000000000000000e+00
-7.918246269226074219e+00 1.095410537719726562e+01 0.000000000000000000e+00
-2.090900182723999023e+00 -8.510379791259765625e+00 0.000000000000000000e+00
-2.217046737670898438e+00 1.660159677267074585e-01 0.000000000000000000e+00
1.264538860321044922e+01 5.871644973754882812e+00 0.000000000000000000e+00
3.153485059738159180e-02 -1.538621044158935547e+01 0.000000000000000000e+00
1.061518287658691406e+01 -6.669950962066650391e+00 0.000000000000000000e+00
-8.796298027038574219e+00 9.158800125122070312e+00 0.000000000000000000e+00
1.103225898742675781e+01 9.178936958312988281e+00 0.000000000000000000e+00
-7.200539112091064453e+00 -1.832739114761352539e+00 0.000000000000000000e+00
3.994037508964538574e-01 6.001126289367675781e+00 0.000000000000000000e+00
-1.690884351730346680e+00 9.239486694335937500e+00 0.000000000000000000e+00
-3.690554857254028320e+00 1.469536018371582031e+01 0.000000000000000000e+00
-8.318119049072265625e+00 -5.888338088989257812e-01 0.000000000000000000e+00
1.566709995269775391e+01 5.374610900878906250e+00 0.000000000000000000e+00
9.222887754440307617e-01 1.727047348022460938e+01 0.000000000000000000e+00
7.177414417266845703e+00 1.033031272888183594e+01 0.000000000000000000e+00
-1.244011044502258301e+00 1.648270606994628906e+01 0.000000000000000000e+00
-7.553788185119628906e+00 1.346393775939941406e+01 0.000000000000000000e+00
-3.637954294681549072e-01 4.472247123718261719e+00 0.000000000000000000e+00
-1.191167259216308594e+01 1.128474831581115723e+00 0.000000000000000000e+00
1.480890369415283203e+01 -8.192426681518554688e+00 0.000000000000000000e+00
-1.032186698913574219e+01 -4.461636066436767578e+00 0.000000000000000000e+00
6.901998043060302734e+00 3.664594650268554688e+00 0.000000000000000000e+00
-7.048398494720458984e+00 5.692862987518310547e+00 0.000000000000000000e+00
1.463594722747802734e+01 -1.064291357994079590e+00 0.000000000000000000e+00
-1.651376914978027344e+01 1.648632764816284180e+00 0.000000000000000000e+00
9.381946563720703125e+00 -1.422755813598632812e+01 0.000000000000000000e+00
1.271960067749023438e+01 2.101461648941040039e+00 0.000000000000000000e+00
-7.488327980041503906e+00 -1.255203151702880859e+01 0.000000000000000000e+00
7.300843715667724609e+00 -1.936732888221740723e+00 0.000000000000000000e+00
-1.404566192626953125e+01 -8.328740119934082031e+00 0.000000000000000000e+00
-1.211339759826660156e+01 -1.069516372680664062e+01 0.000000000000000000e+00
4.038761615753173828e+00 -2.622262954711914062e+00 0.000000000000000000e+00
-1.099284744262695312e+01 -9.000047683715820312e+00 0.000000000000000000e+00
-6.286273479461669922e+00 -6.034554481506347656e+00 0.000000000000000000e+00
-9.474490165710449219e+00 -9.039585113525390625e+00 0.000000000000000000e+00
1.212191104888916016e+01 -1.115005970001220703e+01 0.000000000000000000e+00
4.903721332550048828e+00 6.111025810241699219e+00 0.000000000000000000e+00
1.650955581665039062e+01 -2.424580156803131104e-01 0.000000000000000000e+00
-4.375543892383575439e-01 -1.349342632293701172e+01 0.000000000000000000e+00
-8.520194053649902344e+00 -2.846005678176879883e+00 0.000000000000000000e+00
1.304686069488525391e+01 -1.042093157768249512e+00 0.000000000000000000e+00
-1.542381954193115234e+01 4.841233193874359131e-01 0.000000000000000000e+00
1.065480613708496094e+01 -9.626928329467773438e+00 0.000000000000000000e+00
1.066456699371337891e+01 2.439117908477783203e+00 0.000000000000000000e+00
-1.126259326934814453e+01 1.097197818756103516e+01 0.000000000000000000e+00
1.566482067108154297e+00 -2.781898021697998047e+00 0.000000000000000000e+00
-3.379602193832397461e+00 9.943225860595703125e+00 0.000000000000000000e+00
7.459979534149169922e+00 7.781271934509277344e+00 0.000000000000000000e+00
-3.813730478286743164e+00 1.650242805480957031e+01 0.000000000000000000e+00
5.499663352966308594e+00 -1.763353586196899414e+00 0.000000000000000000e+00
-1.724338340759277344e+01 1.333991140127182007e-01 0.000000000000000000e+00
-7.538185119628906250e+00 1.376171827316284180e+00 0.000000000000000000e+00
-8.185806274414062500e+00 6.781358242034912109e+00 0.000000000000000000e+00
-9.972948074340820312e+00 1.408383131027221680e+00 0.000000000000000000e+00
1.263462924957275391e+01 -2.636632442474365234e+00 0.000000000000000000e+00
8.024888992309570312e+00 -1.488466262817382812e+01 0.000000000000000000e+00
-1.129823303222656250e+01 -1.263676261901855469e+01 0.000000000000000000e+00
-1.310233402252197266e+01 1.061881160736083984e+01 0.000000000000000000e+00
-1.530166530609130859e+01 5.542348861694335938e+00 0.000000000000000000e+00
1.473506546020507812e+01 -5.696112632751464844e+00 0.000000000000000000e+00
9.979796409606933594e+00 1.144320201873779297e+01 0.000000000000000000e+00
1.666554069519042969e+01 1.929010868072509766e+00 0.000000000000000000e+00
7.953003644943237305e-01 1.089525318145751953e+01 0.000000000000000000e+00
1.111018276214599609e+01 -4.350399017333984375e+00 0.000000000000000000e+00
-6.954605102539062500e+00 -1.529078102111816406e+01 0.000000000000000000e+00
-2.077466249465942383e+00 1.828565359115600586e+00 0.000000000000000000e+00
4.631163597106933594e+00 4.916907548904418945e-01 0.000000000000000000e+00
-4.890248298645019531e+00 6.867442131042480469e+00 0.000000000000000000e+00
1.262930870056152344e+01 1.165029525756835938e+01 0.000000000000000000e+00
1.442265796661376953e+01 6.770733356475830078e+00 0.000000000000000000e+00
-1.355501461029052734e+01 3.528650522232055664e+00 0.000000000000000000e+00
1.313813781738281250e+01 -4.254001140594482422e+00 0.000000000000000000e+00
-4.023658752441406250e+00 -5.960021972656250000e+00 0.000000000000000000e+00
-1.692021012306213379e+00 -1.205593204498291016e+01 0.000000000000000000e+00
6.637016773223876953e+00 -3.614311695098876953e+00 0.000000000000000000e+00
3.689029455184936523e+00 4.368030548095703125e+00 0.000000000000000000e+00
2.800500392913818359e+00 -4.735018014907836914e-01 0.000000000000000000e+00
1.468470096588134766e+01 1.114564538002014160e+00 0.000000000000000000e+00
7.353708148002624512e-01 1.285905838012695312e+01 0.000000000000000000e+00
-1.543628025054931641e+01 -6.889941215515136719e+00 0.000000000000000000e+00
-5.430881023406982422e+00 -9.585392951965332031e+00 0.000000000000000000e+00
-7.796967983245849609e+00 -5.499812126159667969e+00 0.000000000000000000e+00
-9.514469146728515625e+00 1.095563411712646484e+01 0.000000000000000000e+00
-5.684994697570800781e+00 3.026279807090759277e-01 0.000000000000000000e+00
-1.274391937255859375e+01 7.579234600067138672e+00 0.000000000000000000e+00
1.456866741180419922e+00 -1.331349754333496094e+01 0.000000000000000000e+00
-9.029352188110351562e+00 -1.397079277038574219e+01 0.000000000000000000e+00
-3.224250793457031250e+00 1.315384674072265625e+01 0.000000000000000000e+00
2.002621412277221680e+00 1.440222740173339844e+01 0.000000000000000000e+00
3.763003349304199219e+00 2.608387470245361328e+00 0.000000000000000000e+00
-4.187930583953857422e+00 5.331281185150146484e+00 0.000000000000000000e+00
8.561624526977539062e+00 -3.193838834762573242e+00 0.000000000000000000e+00
-3.387810885906219482e-01 2.842622756958007812e+00 0.000000000000000000e+00
-1.086848640441894531e+01 4.262705802917480469e+00 0.000000000000000000e+00
-1.029832363128662109e+01 7.413555622100830078e+00 0.000000000000000000e+00
1.364886164665222168e+00 3.955956399440765381e-01 0.000000000000000000e+00
1.802864670753479004e+00 -1.159505271911621094e+01 0.000000000000000000e+00
4.923862934112548828e+00 -9.480864524841308594e+00 0.000000000000000000e+00
4.721568584442138672e+00 1.592674541473388672e+01 0.000000000000000000e+00
3.636063337326049805e+00 1.274642372131347656e+01 0.000000000000000000e+00
-5.964897632598876953e+00 1.226438903808593750e+01 0.000000000000000000e+00
3.573890447616577148e+00 -8.570682525634765625e+00 0.000000000000000000e+00
-1.454951763153076172e+01 8.110239028930664062e+00 0.000000000000000000e+00
1.166038131713867188e+01 7.085812091827392578e+00 0.000000000000000000e+00
4.127093315124511719e+00 -1.635816764831542969e+01 0.000000000000000000e+00
1.644226837158203125e+01 -5.951840877532958984e+00 0.000000000000000000e+00
6.568096637725830078e+00 -7.139314651489257812e+00 0.000000000000000000e+00
7.981639862060546875e+00 1.305172443389892578e+01 0.000000000000000000e+00
-2.537285804748535156e+00 -2.862317562103271484e+00 0.000000000000000000e+00
-8.102934360504150391e-01 -7.518757820129394531e+00 0.000000000000000000e+00
-9.761400222778320312e+00 -1.213635635375976562e+01 0.000000000000000000e+00
-9.362429618835449219e+00 -6.675334453582763672e+00 0.000000000000000000e+00
3.188239574432373047e+00 1.690024566650390625e+01 0.000000000000000000e+00
-4.849406719207763672e+00 -3.954214334487915039e+00 0.000000000000000000e+00
1.887404799461364746e+00 -5.815154552459716797e+00 0.000000000000000000e+00
-1.189165210723876953e+01 -7.573253631591796875e+00 0.000000000000000000e+00
-3.583945751190185547e+00 3.732323169708251953e+00 0.000000000000000000e+00
-7.727428913116455078e+00 1.551878833770751953e+01 0.000000000000000000e+00
-5.195310115814208984e+00 1.026438140869140625e+01 0.000000000000000000e+00
-1.379722118377685547e+01 -1.051526165008544922e+01 0.000000000000000000e+00
1.159045028686523438e+01 4.210131168365478516e-01 0.000000000000000000e+00
4.385182380676269531e+00 1.085854530334472656e+01 0.000000000000000000e+00
2.905487537384033203e+00 6.641364097595214844e+00 0.000000000000000000e+00
-1.295819664001464844e+01 5.211631298065185547e+00 0.000000000000000000e+00
5.235510826110839844e+00 1.311892414093017578e+01 0.000000000000000000e+00
4.694768428802490234e+00 -1.431231594085693359e+01 0.000000000000000000e+00
1.513754749298095703e+01 8.608799934387207031e+00 0.000000000000000000e+00
1.180886983871459961e+00 -1.112735867500305176e+00 0.000000000000000000e+00
-7.497283458709716797e+00 -7.171263217926025391e+00 0.000000000000000000e+00
2.453170716762542725e-01 -1.181538295745849609e+01 0.000000000000000000e+00
-1.168144702911376953e+01 -4.425822198390960693e-01 0.000000000000000000e+00
1.868439674377441406e+00 4.171260356903076172e+00 0.000000000000000000e+00
9.061824798583984375e+00 1.446123981475830078e+01 0.000000000000000000e+00
-1.208277988433837891e+01 -4.122124671936035156e+00 0.000000000000000000e+00
-5.395129203796386719e+00 4.427784442901611328e+00 0.000000000000000000e+00
1.226498985290527344e+01 -9.581161499023437500e+00 0.000000000000000000e+00
-1.495343112945556641e+01 -4.757064342498779297e+00 0.000000000000000000e+00
9.337751388549804688e+00 -1.906090140342712402e+00 0.000000000000000000e+00
6.305924415588378906e+00 -1.069589328765869141e+01 0.000000000000000000e+00
-3.082912683486938477e+00 6.707384586334228516e+00 0.000000000000000000e+00
-9.116050720214843750e+00 1.353245067596435547e+01 0.000000000000000000e+00
6.882040500640869141e+00 -4.447198212146759033e-01 0.000000000000000000e+00
1.525274944305419922e+01 -3.183490276336669922e+00 0.000000000000000000e+00
8.745995521545410156e+00 2.776422739028930664e+00 0.000000000000000000e+00
-9.517201185226440430e-01 -8.972086906433105469e-01 0.000000000000000000e+00
-1.063432216644287109e+01 8.905852317810058594e+00 0.000000000000000000e+00
-6.251360416412353516e+00 -3.381031751632690430e+00 0.000000000000000000e+00
6.782524108886718750e+00 -8.667875289916992188e+00 0.000000000000000000e+00
3.138325929641723633e+00 -6.789644718170166016e+00 0.000000000000000000e+00
-1.586171436309814453e+01 7.223562717437744141e+00 0.000000000000000000e+00
1.281603145599365234e+01 8.286938667297363281e+00 0.000000000000000000e+00
8.014619827270507812e+00 -6.442387104034423828e+00 0.000000000000000000e+00
-6.223238945007324219e+00 1.438319206237792969e+01 0.000000000000000000e+00
-1.341427612304687500e+01 1.702060103416442871e+00 0.000000000000000000e+00
-7.714616656303405762e-01 -4.839396476745605469e+00 0.000000000000000000e+00
1.648915290832519531e+01 -1.930255889892578125e+00 0.000000000000000000e+00
2.593022346496582031e+00 -1.436911392211914062e+01 0.000000000000000000e+00
5.611237525939941406e+00 9.201465606689453125e+00 0.000000000000000000e+00
-1.743047952651977539e+00 1.081395530700683594e+01 0.000000000000000000e+00
-1.048291110992431641e+01 -1.071292400360107422e+01 0.000000000000000000e+00
-7.324738800525665283e-02 8.552188873291015625e+00 0.000000000000000000e+00
-2.831399917602539062e+00 -6.940840244293212891e+00 0.000000000000000000e+00
1.228250122070312500e+01 4.203269958496093750e+00 0.000000000000000000e+00
5.341872692108154297e+00 4.398420333862304688e+00 0.000000000000000000e+00
1.317249870300292969e+01 6.585647463798522949e-01 0.000000000000000000e+00
6.395709514617919922e+00 6.437232494354248047e+00 0.000000000000000000e+00
2.673995494842529297e+00 1.093310165405273438e+01 0.000000000000000000e+00
1.370718383789062500e+01 -1.071692562103271484e+01 0.000000000000000000e+00
-5.451920032501220703e+00 2.315584182739257812e+00 0.000000000000000000e+00
-1.974126100540161133e+00 -1.055865573883056641e+01 0.000000000000000000e+00
-1.034843063354492188e+01 -2.225900888442993164e+00 0.000000000000000000e+00
5.588865756988525391e+00 2.733935832977294922e+00 0.000000000000000000e+00
-1.192307662963867188e+01 3.040533781051635742e+00 0.000000000000000000e+00
5.161466598510742188e+00 -7.817016601562500000e+00 0.000000000000000000e+00
-8.961428642272949219e+00 2.594306468963623047e+00 0.000000000000000000e+00
1.553717327117919922e+01 3.083641767501831055e+00 0.000000000000000000e+00
3.465594530105590820e+00 1.495998477935791016e+01 0.000000000000000000e+00
1.115035915374755859e+01 -8.158740043640136719e+00 0.000000000000000000e+00
