-2.362775427426793584e+00 1.203554020203553288e+00
-1.173998944883344553e+00 1.589961155944633386e+00
1.477753766010436731e-02 1.976368291685713263e+00
1.203554020203553288e+00 2.362775427426793584e+00
-1.976368291685713263e+00 1.477753766010436731e-02
-7.875918091422644540e-01 4.011846734011843552e-01
4.011846734011843552e-01 7.875918091422644540e-01
1.589961155944633386e+00 1.173998944883344553e+00
-1.589961155944633386e+00 -1.173998944883344553e+00
-4.011846734011843552e-01 -7.875918091422644540e-01
7.875918091422644540e-01 -4.011846734011843552e-01
1.976368291685713263e+00 -1.477753766010436731e-02
-1.203554020203553288e+00 -2.362775427426793584e+00
-1.477753766010436731e-02 -1.976368291685713263e+00
1.173998944883344553e+00 -1.589961155944633386e+00
2.362775427426793584e+00 -1.203554020203553288e+00
