5.284239768981933594e+00 1.270999670028686523e+00 0.000000000000000000e+00
-2.135890722274780273e+00 8.836858749389648438e+00 0.000000000000000000e+00
9.992544174194335938e+00 2.071605920791625977e+00 0.000000000000000000e+00
-2.116926193237304688e+00 1.572087478637695312e+01 0.000000000000000000e+00
5.701536655426025391e+00 -1.159254741668701172e+01 0.000000000000000000e+00
-5.673112869262695312e+00 1.115837860107421875e+01 0.000000000000000000e+00
1.183577442169189453e+01 3.505723237991333008e+00 0.000000000000000000e+00
1.325371360778808594e+01 5.124333381652832031e+00 0.000000000000000000e+00
-1.550837039947509766e+01 1.554938912391662598e+00 0.000000000000000000e+00
5.390723228454589844e+00 3.280877828598022461e+00 0.000000000000000000e+00
-6.707541942596435547e-01 -5.356702327728271484e+00 0.000000000000000000e+00
-7.689397335052490234e+00 1.223379039764404297e+01 0.000000000000000000e+00
-8.351232528686523438e+00 -1.021178817749023438e+01 0.000000000000000000e+00
-6.201226711273193359e+00 6.074090957641601562e+00 0.000000000000000000e+00
7.975159168243408203e+00 -1.437852096557617188e+01 0.000000000000000000e+00
-1.302246379852294922e+01 8.682571411132812500e+00 0.000000000000000000e+00
6.483718872070312500e+00 -4.571295261383056641e+00 0.000000000000000000e+00
1.111646366119384766e+01 -1.307312011718750000e+01 0.000000000000000000e+00
1.186902999877929688e+01 -1.103592395782470703e+01 0.000000000000000000e+00
-1.708676528930664062e+01 -1.316648364067077637e+00 0.000000000000000000e+00
-1.154274272918701172e+01 -3.993639469146728516e+00 0.000000000000000000e+00
-1.363014793395996094e+01 -6.001213192939758301e-02 0.000000000000000000e+00
-9.149602890014648438e+00 2.380734443664550781e+00 0.000000000000000000e+00
-1.164739036560058594e+01 1.806397199630737305e+00 0.000000000000000000e+00
-1.019794273376464844e+01 5.302593231201171875e+00 0.000000000000000000e+00
8.717668533325195312e+00 1.232093715667724609e+01 0.000000000000000000e+00
2.174094200134277344e+00 -1.738912224769592285e+00 0.000000000000000000e+00
-1.219240665435791016e+01 -1.322392821311950684e+00 0.000000000000000000e+00
-3.506923615932464600e-01 3.870371580123901367e+00 0.000000000000000000e+00
1.408631801605224609e+00 5.609234333038330078e+00 0.000000000000000000e+00
7.251523971557617188e+00 -1.929650664329528809e+00 0.000000000000000000e+00
5.057901859283447266e+00 1.388292217254638672e+01 0.000000000000000000e+00
-3.748673677444458008e+00 1.833620071411132812e+00 0.000000000000000000e+00
1.244141757488250732e-01 1.573439311981201172e+01 0.000000000000000000e+00
6.284543514251708984e+00 7.067258358001708984e+00 0.000000000000000000e+00
1.236672592163085938e+01 -8.198255538940429688e+00 0.000000000000000000e+00
-1.249156856536865234e+01 -1.152743911743164062e+01 0.000000000000000000e+00
3.203570842742919922e+00 -3.542455673217773438e+00 0.000000000000000000e+00
-1.564271068572998047e+01 4.973416805267333984e+00 0.000000000000000000e+00
3.577124834060668945e+00 8.719273567199707031e+00 0.000000000000000000e+00
-2.226590156555175781e+00 -9.557046890258789062e+00 0.000000000000000000e+00
1.268226909637451172e+01 7.319842815399169922e+00 0.000000000000000000e+00
-7.384396553039550781e+00 -5.917156696319580078e+00 0.000000000000000000e+00
7.425296306610107422e+00 4.709691047668457031e+00 0.000000000000000000e+00
-6.283652305603027344e+00 7.754984855651855469e+00 0.000000000000000000e+00
1.399674320220947266e+01 3.093934655189514160e-01 0.000000000000000000e+00
2.800625801086425781e+00 1.497437858581542969e+01 0.000000000000000000e+00
-8.190284729003906250e+00 -1.178490734100341797e+01 0.000000000000000000e+00
7.686665058135986328e+00 7.642760276794433594e+00 0.000000000000000000e+00
9.118062973022460938e+00 5.267822265625000000e+00 0.000000000000000000e+00
1.494991779327392578e+01 -6.208884716033935547e+00 0.000000000000000000e+00
9.781181812286376953e-01 -3.023117065429687500e+00 0.000000000000000000e+00
-9.486818313598632812e+00 1.277814197540283203e+01 0.000000000000000000e+00
1.218743419647216797e+01 -2.517246007919311523e+00 0.000000000000000000e+00
-4.076292514801025391e+00 -3.511349439620971680e+00 0.000000000000000000e+00
-1.550427055358886719e+01 -6.455051153898239136e-02 0.000000000000000000e+00
1.225248146057128906e+01 -4.719033241271972656e+00 0.000000000000000000e+00
-4.612049460411071777e-01 9.359887123107910156e+00 0.000000000000000000e+00
3.782995939254760742e+00 3.068971395492553711e+00 0.000000000000000000e+00
7.510951519012451172e+00 -9.801070213317871094e+00 0.000000000000000000e+00
-1.244118118286132812e+01 1.030431747436523438e+01 0.000000000000000000e+00
9.197004318237304688e+00 8.783449172973632812e+00 0.000000000000000000e+00
4.107649803161621094e+00 -5.996664047241210938e+00 0.000000000000000000e+00
1.422754883766174316e+00 9.981625556945800781e+00 0.000000000000000000e+00
-1.992379784584045410e+00 -1.699270725250244141e+00 0.000000000000000000e+00
-4.106122016906738281e+00 -8.696090579032897949e-01 0.000000000000000000e+00
-7.895023822784423828e+00 5.119085788726806641e+00 0.000000000000000000e+00
-3.941211938858032227e+00 -1.223841094970703125e+01 0.000000000000000000e+00
-3.721140146255493164e+00 1.172135353088378906e+01 0.000000000000000000e+00
1.638412284851074219e+01 1.893529653549194336e+00 0.000000000000000000e+00
1.072835063934326172e+01 7.583550214767456055e-01 0.000000000000000000e+00
-1.144297122955322266e+01 8.999877929687500000e+00 0.000000000000000000e+00
-1.075078368186950684e+00 -7.918175697326660156e+00 0.000000000000000000e+00
-5.112086296081542969e+00 -8.862268447875976562e+00 0.000000000000000000e+00
-1.457849979400634766e+01 -3.483792543411254883e+00 0.000000000000000000e+00
-8.091050386428833008e-01 7.284097671508789062e+00 0.000000000000000000e+00
2.783187665045261383e-03 -1.592569637298583984e+01 0.000000000000000000e+00
-8.868899345397949219e+00 1.476241207122802734e+01 0.000000000000000000e+00
-8.981678009033203125e+00 -4.434004306793212891e+00 0.000000000000000000e+00
4.529026508331298828e+00 5.485948562622070312e+00 0.000000000000000000e+00
3.474946022033691406e+00 -1.174459075927734375e+01 0.000000000000000000e+00
-7.279281616210937500e+00 1.046298122406005859e+01 0.000000000000000000e+00
8.114924430847167969e+00 7.891797423362731934e-01 0.000000000000000000e+00
1.705985069274902344e+01 -2.186636477708816528e-01 0.000000000000000000e+00
-1.426052951812744141e+01 -1.536722779273986816e+00 0.000000000000000000e+00
-5.776015281677246094e+00 -2.525007247924804688e+00 0.000000000000000000e+00
-7.248030185699462891e+00 -1.495541381835937500e+01 0.000000000000000000e+00
1.002581691741943359e+01 -9.232125282287597656e+00 0.000000000000000000e+00
-3.401456832885742188e+00 3.361716032028198242e+00 0.000000000000000000e+00
-1.245628452301025391e+01 6.012414932250976562e+00 0.000000000000000000e+00
-1.155277442932128906e+01 3.747678756713867188e+00 0.000000000000000000e+00
-6.756698608398437500e+00 1.431011199951171875e+01 0.000000000000000000e+00
-6.372503042221069336e-01 -9.663672447204589844e+00 0.000000000000000000e+00
-1.911076664924621582e+00 -1.537336158752441406e+01 0.000000000000000000e+00
1.501253795623779297e+01 6.128542423248291016e+00 0.000000000000000000e+00
7.275251865386962891e+00 -7.867691040039062500e+00 0.000000000000000000e+00
2.272163867950439453e+00 -7.773684978485107422e+00 0.000000000000000000e+00
7.546505331993103027e-02 -1.117240810394287109e+01 0.000000000000000000e+00
1.396872329711914062e+01 -4.222056388854980469e+00 0.000000000000000000e+00
1.625737190246582031e+01 4.230305194854736328e+00 0.000000000000000000e+00
-5.564826488494873047e+00 -4.029787540435791016e+00 0.000000000000000000e+00
1.263367271423339844e+01 -6.323826789855957031e+00 0.000000000000000000e+00
-6.890477180480957031e+00 1.889168739318847656e+00 0.000000000000000000e+00
8.563937187194824219e+00 -1.293484497070312500e+01 0.000000000000000000e+00
-1.729508042335510254e+00 1.170031642913818359e+01 0.000000000000000000e+00
4.436580657958984375e+00 1.686207580566406250e+01 0.000000000000000000e+00
-1.450394916534423828e+01 8.392271995544433594e+00 0.000000000000000000e+00
8.033587455749511719e+00 2.882077455520629883e+00 0.000000000000000000e+00
-1.293506431579589844e+01 -7.986625671386718750e+00 0.000000000000000000e+00
-1.071656799316406250e+01 -7.635646820068359375e+00 0.000000000000000000e+00
-1.696148300170898438e+01 -4.260200023651123047e+00 0.000000000000000000e+00
-9.791042327880859375e+00 -9.592595100402832031e+00 0.000000000000000000e+00
8.536414146423339844e+00 -3.384014844894409180e+00 0.000000000000000000e+00
1.045042610168457031e+01 -6.083410739898681641e+00 0.000000000000000000e+00
6.814141273498535156e+00 1.587257289886474609e+01 0.000000000000000000e+00
-5.656071662902832031e+00 -1.467529582977294922e+01 0.000000000000000000e+00
-5.985958576202392578e+00 -1.278604316711425781e+01 0.000000000000000000e+00
-2.418736219406127930e+00 7.070014953613281250e+00 0.000000000000000000e+00
8.825152397155761719e+00 1.494254207611083984e+01 0.000000000000000000e+00
1.458198738098144531e+01 2.360701084136962891e+00 0.000000000000000000e+00
-9.662610292434692383e-01 -1.745355796813964844e+01 0.000000000000000000e+00
9.882205009460449219e+00 -1.405285549163818359e+01 0.000000000000000000e+00
7.169930934906005859e-01 -6.894655704498291016e+00 0.000000000000000000e+00
-1.320654964447021484e+01 -2.841815948486328125e+00 0.000000000000000000e+00
1.249908065795898438e+01 -6.546118259429931641e-01 0.000000000000000000e+00
8.842099189758300781e+00 -6.496301651000976562e+00 0.000000000000000000e+00
4.030669212341308594e+00 -1.452545452117919922e+01 0.000000000000000000e+00
1.539126110076904297e+01 8.240788459777832031e+00 0.000000000000000000e+00
1.015031695365905762e+00 -1.340553855895996094e+01 0.000000000000000000e+00
1.534138584136962891e+01 -2.909436464309692383e+00 0.000000000000000000e+00
-7.495701313018798828e+00 4.836468696594238281e-01 0.000000000000000000e+00
1.091222190856933594e+01 7.032075881958007812e+00 0.000000000000000000e+00
5.126911163330078125e+00 -1.663323163986206055e+00 0.000000000000000000e+00
5.419741153717041016e+00 1.017383956909179688e+01 0.000000000000000000e+00
5.428227424621582031e+00 1.192411231994628906e+01 0.000000000000000000e+00
-9.928502082824707031e+00 7.093251705169677734e+00 0.000000000000000000e+00
-1.711356544494628906e+01 1.922019720077514648e+00 0.000000000000000000e+00
5.305760502815246582e-01 1.562520027160644531e+00 0.000000000000000000e+00
-7.999685287475585938e+00 -8.431079864501953125e+00 0.000000000000000000e+00
5.783774852752685547e+00 -6.724328994750976562e+00 0.000000000000000000e+00
9.582117795944213867e-01 1.280304431915283203e+01 0.000000000000000000e+00
-4.156993389129638672e+00 9.771633148193359375e+00 0.000000000000000000e+00
1.119059181213378906e+01 9.016023635864257812e+00 0.000000000000000000e+00
-4.269024372100830078e+00 7.686687469482421875e+00 0.000000000000000000e+00
1.996200799942016602e+00 1.995381236076354980e+00 0.000000000000000000e+00
-1.138447761535644531e+01 1.170768165588378906e+01 0.000000000000000000e+00
-1.388053226470947266e+01 -9.565305709838867188e+00 0.000000000000000000e+00
3.689394712448120117e+00 1.184368324279785156e+01 0.000000000000000000e+00
-8.645053863525390625e+00 -1.421332073211669922e+01 0.000000000000000000e+00
1.026080703735351562e+01 -3.347339153289794922e+00 0.000000000000000000e+00
-5.245833396911621094e+00 -1.621788406372070312e+01 0.000000000000000000e+00
2.821916155517101288e-02 1.131560897827148438e+01 0.000000000000000000e+00
1.253960323333740234e+01 1.167067241668701172e+01 0.000000000000000000e+00
-9.787136077880859375e+00 -1.783442854881286621e+00 0.000000000000000000e+00
1.804520010948181152e+00 -1.512286472320556641e+01 0.000000000000000000e+00
-3.910837173461914062e+00 1.616199493408203125e+01 0.000000000000000000e+00
9.966423988342285156e+00 1.017337989807128906e+01 0.000000000000000000e+00
1.085157585144042969e+01 1.332973957061767578e+01 0.000000000000000000e+00
-2.575262308120727539e+00 -5.431337356567382812e+00 0.000000000000000000e+00
2.135109424591064453e+00 1.678548240661621094e+01 0.000000000000000000e+00
-7.935412883758544922e+00 6.827398300170898438e+00 0.000000000000000000e+00
-5.202180385589599609e+00 -1.042063617706298828e+01 0.000000000000000000e+00
3.509079933166503906e+00 1.345240879058837891e+01 0.000000000000000000e+00
-1.285567998886108398e+00 -3.499440908432006836e+00 0.000000000000000000e+00
-3.275729656219482422e+00 1.459707355499267578e+01 0.000000000000000000e+00
7.474361896514892578e+00 -1.143801593780517578e+01 0.000000000000000000e+00
9.100957870483398438e+00 -4.836702823638916016e+00 0.000000000000000000e+00
-4.344125747680664062e+00 -6.921087741851806641e+00 0.000000000000000000e+00
1.630785763263702393e-01 -5.968152880668640137e-01 0.000000000000000000e+00
1.564460158348083496e+00 -1.690029525756835938e+01 0.000000000000000000e+00
1.653843688964843750e+01 -5.630462646484375000e+00 0.000000000000000000e+00
-3.571646690368652344e+00 -8.439195632934570312e+00 0.000000000000000000e+00
7.753527164459228516e+00 9.293498039245605469e+00 0.000000000000000000e+00
-1.134545230865478516e+01 1.468691527843475342e-01 0.000000000000000000e+00
-1.877532005310058594e+00 1.287545859813690186e-01 0.000000000000000000e+00
-9.935072898864746094e+00 -5.963433265686035156e+00 0.000000000000000000e+00
4.298824310302734375e+00 -9.064571380615234375e+00 0.000000000000000000e+00
5.312752246856689453e+00 -1.567503738403320312e+01 0.000000000000000000e+00
1.006981182098388672e+01 -6.032061576843261719e-01 0.000000000000000000e+00
-9.447792053222656250e+00 8.288381099700927734e-01 0.000000000000000000e+00
-7.821360230445861816e-01 5.735802650451660156e+00 0.000000000000000000e+00
1.413066005706787109e+01 3.902137756347656250e+00 0.000000000000000000e+00
-9.069039344787597656e+00 -7.303042411804199219e+00 0.000000000000000000e+00
1.162778615951538086e+00 7.630937099456787109e+00 0.000000000000000000e+00
-7.766054630279541016e+00 -1.456081628799438477e+00 0.000000000000000000e+00
-5.026107311248779297e+00 3.597580671310424805e+00 0.000000000000000000e+00
-1.577655410766601562e+01 6.535406112670898438e+00 0.000000000000000000e+00
-4.890493392944335938e+00 1.365949440002441406e+01 0.000000000000000000e+00
5.212745666503906250e+00 1.542359161376953125e+01 0.000000000000000000e+00
-1.486559867858886719e+01 -6.254172325134277344e+00 0.000000000000000000e+00
-5.317151546478271484e+00 -5.696274757385253906e+00 0.000000000000000000e+00
1.425405693054199219e+01 -8.521682739257812500e+00 0.000000000000000000e+00
7.023627758026123047e+00 1.289374923706054688e+01 0.000000000000000000e+00
-1.292101621627807617e+00 -1.210361194610595703e+01 0.000000000000000000e+00
-7.427051067352294922e+00 -4.345297336578369141e+00 0.000000000000000000e+00
-1.387374973297119141e+01 3.032103776931762695e+00 0.000000000000000000e+00
-5.654606342315673828e+00 1.641314697265625000e+01 0.000000000000000000e+00
-8.028466224670410156e+00 3.406692266464233398e+00 0.000000000000000000e+00
1.423066997528076172e+01 -1.894367337226867676e+00 0.000000000000000000e+00
2.202044725418090820e+00 1.164647388458251953e+01 0.000000000000000000e+00
-1.500692653656005859e+01 -7.842330455780029297e+00 0.000000000000000000e+00
-9.335650444030761719e+00 8.920497894287109375e+00 0.000000000000000000e+00
2.983354806900024414e+00 5.739676952362060547e+00 0.000000000000000000e+00
-9.147954940795898438e+00 1.102001571655273438e+01 0.000000000000000000e+00
-1.607727622985839844e+01 3.147389173507690430e+00 0.000000000000000000e+00
-6.571094036102294922e+00 -7.370208740234375000e+00 0.000000000000000000e+00
-5.469146728515625000e+00 1.021545052528381348e+00 0.000000000000000000e+00
1.894595742225646973e+00 -1.168882751464843750e+01 0.000000000000000000e+00
-1.105853748321533203e+01 1.352049160003662109e+01 0.000000000000000000e+00
-1.408120346069335938e+01 6.827854156494140625e+00 0.000000000000000000e+00
6.169494628906250000e+00 -1.306428432464599609e+01 0.000000000000000000e+00
-1.531255960464477539e+00 2.780112028121948242e+00 0.000000000000000000e+00
-3.856353759765625000e+00 -1.476099681854248047e+01 0.000000000000000000e+00
1.384246826171875000e+01 -1.037696933746337891e+01 0.000000000000000000e+00
-4.105718135833740234e+00 5.560838222503662109e+00 0.000000000000000000e+00
-1.550932049751281738e+00 -1.384569168090820312e+01 0.000000000000000000e+00
-1.086851406097412109e+01 -1.223552894592285156e+01 0.000000000000000000e+00
-8.689586520195007324e-01 1.446260547637939453e+01 0.000000000000000000e+00
1.011083507537841797e+01 -1.162285041809082031e+01 0.000000000000000000e+00
-1.003908443450927734e+01 3.794685363769531250e+00 0.000000000000000000e+00
-1.153227138519287109e+01 -5.498072624206542969e+00 0.000000000000000000e+00
2.016295194625854492e+00 -4.526684284210205078e+00 0.000000000000000000e+00
1.028682351112365723e+00 -9.738569259643554688e+00 0.000000000000000000e+00
3.442257404327392578e+00 7.033730745315551758e-01 0.000000000000000000e+00
1.100357532501220703e+01 5.051766872406005859e+00 0.000000000000000000e+00
1.297143268585205078e+01 9.099760055541992188e+00 0.000000000000000000e+00
8.433588981628417969e+00 1.070891189575195312e+01 0.000000000000000000e+00
2.458891868591308594e+00 -9.262681007385253906e+00 0.000000000000000000e+00
6.844836711883544922e+00 1.838139533996582031e+00 0.000000000000000000e+00
-1.606322479248046875e+01 -2.956516981124877930e+00 0.000000000000000000e+00
-7.378442287445068359e+00 -1.340267753601074219e+01 0.000000000000000000e+00
1.637240982055664062e+01 -1.785912513732910156e+00 0.000000000000000000e+00
-2.235011339187622070e+00 -6.920655250549316406e+00 0.000000000000000000e+00
1.252911663055419922e+01 9.605090022087097168e-01 0.000000000000000000e+00
1.918496966361999512e+00 -1.036880090832710266e-01 0.000000000000000000e+00
3.008113861083984375e+00 -1.637287139892578125e+01 0.000000000000000000e+00
-6.106609344482421875e+00 1.272630691528320312e+01 0.000000000000000000e+00
2.274454116821289062e+00 3.634670495986938477e+00 0.000000000000000000e+00
-1.321247482299804688e+01 -5.058402061462402344e+00 0.000000000000000000e+00
1.682594490051269531e+01 -3.897199630737304688e+00 0.000000000000000000e+00
-1.166818428039550781e+01 -9.406086921691894531e+00 0.000000000000000000e+00
-9.521571159362792969e+00 -1.296523475646972656e+01 0.000000000000000000e+00
-2.192432165145874023e+00 1.325709247589111328e+01 0.000000000000000000e+00
4.378419399261474609e+00 -7.483674049377441406e+00 0.000000000000000000e+00
-5.575034022331237793e-01 1.281315517425537109e+01 0.000000000000000000e+00
-7.094619870185852051e-01 1.719477653503417969e+01 0.000000000000000000e+00
2.036718606948852539e+00 -6.060944557189941406e+00 0.000000000000000000e+00
2.695849895477294922e+00 -1.350769710540771484e+01 0.000000000000000000e+00
-1.414606666564941406e+01 9.930159568786621094e+00 0.000000000000000000e+00
6.496602058410644531e+00 1.098547428846359253e-01 0.000000000000000000e+00
-2.931643724441528320e+00 -1.700087165832519531e+01 0.000000000000000000e+00
-8.486452102661132812e+00 -2.922001838684082031e+00 0.000000000000000000e+00
4.852303504943847656e+00 -3.982256412506103516e+00 0.000000000000000000e+00
9.261770248413085938e+00 7.102243900299072266e+00 0.000000000000000000e+00
-5.858800411224365234e+00 9.315463066101074219e+00 0.000000000000000000e+00
-2.325352907180786133e+00 5.176827430725097656e+00 0.000000000000000000e+00
