1.749208569526672363e+00 7.422502040863037109e+00 0.000000000000000000e+00
1.049990177154541016e+01 -5.530912399291992188e+00 0.000000000000000000e+00
-1.373583316802978516e+00 -1.706793785095214844e+01 0.000000000000000000e+00
-6.049120426177978516e+00 6.525081396102905273e-01 0.000000000000000000e+00
-1.083148002624511719e+00 1.478563785552978516e+01 0.000000000000000000e+00
-1.306933212280273438e+01 -6.572859287261962891e+00 0.000000000000000000e+00
1.352805042266845703e+01 7.650473594665527344e+00 0.000000000000000000e+00
-6.694747209548950195e-01 -1.093187618255615234e+01 0.000000000000000000e+00
-6.132984638214111328e+00 4.726895809173583984e+00 0.000000000000000000e+00
1.818576157093048096e-01 7.875609397888183594e-02 0.000000000000000000e+00
6.705013275146484375e+00 -5.638244152069091797e+00 0.000000000000000000e+00
-2.709089517593383789e+00 -1.241636371612548828e+01 0.000000000000000000e+00
6.729092121124267578e+00 1.348064041137695312e+01 0.000000000000000000e+00
-4.840443134307861328e+00 1.530547237396240234e+01 0.000000000000000000e+00
1.632599639892578125e+01 3.139961481094360352e+00 0.000000000000000000e+00
1.071147251129150391e+01 9.300450325012207031e+00 0.000000000000000000e+00
-1.344627952575683594e+01 2.033778667449951172e+00 0.000000000000000000e+00
9.448148727416992188e+00 -9.915430068969726562e+00 0.000000000000000000e+00
8.410082817077636719e+00 -8.365629196166992188e+00 0.000000000000000000e+00
-1.871968269348144531e+00 -5.201416492462158203e+00 0.000000000000000000e+00
-6.395263195037841797e+00 -1.024463272094726562e+01 0.000000000000000000e+00
1.140448093414306641e+01 2.271230220794677734e+00 0.000000000000000000e+00
7.294720649719238281e+00 -1.378442955017089844e+01 0.000000000000000000e+00
-2.981198310852050781e+00 7.176925659179687500e+00 0.000000000000000000e+00
-7.170252799987792969e+00 1.064040756225585938e+01 0.000000000000000000e+00
9.612586021423339844e+00 -4.962797760963439941e-01 0.000000000000000000e+00
-1.131808948516845703e+01 9.623455047607421875e+00 0.000000000000000000e+00
-8.556941032409667969e+00 1.374479198455810547e+01 0.000000000000000000e+00
-2.382337808609008789e+00 9.292645454406738281e+00 0.000000000000000000e+00
1.186745524406433105e+00 1.497596359252929688e+01 0.000000000000000000e+00
2.909811496734619141e+00 1.046218395233154297e+01 0.000000000000000000e+00
8.642788887023925781e+00 8.338975906372070312e+00 0.000000000000000000e+00
-1.637802505493164062e+01 -2.284700632095336914e+00 0.000000000000000000e+00
1.180704212188720703e+01 1.275318622589111328e+01 0.000000000000000000e+00
1.413767147064208984e+01 -5.773487567901611328e+00 0.000000000000000000e+00
1.275982284545898438e+01 1.114433765411376953e+01 0.000000000000000000e+00
-1.195816516876220703e+01 -1.272932147979736328e+01 0.000000000000000000e+00
-4.800297260284423828e+00 -9.893815994262695312e+00 0.000000000000000000e+00
-1.198528480529785156e+01 -8.438154220581054688e+00 0.000000000000000000e+00
-7.564130783081054688e+00 -1.305492687225341797e+01 0.000000000000000000e+00
-1.474536895751953125e+01 3.663630723953247070e+00 0.000000000000000000e+00
5.767364978790283203e+00 -1.342992973327636719e+01 0.000000000000000000e+00
-2.021704055368900299e-02 3.349654436111450195e+00 0.000000000000000000e+00
1.120241546630859375e+01 -3.296899795532226562e+00 0.000000000000000000e+00
-8.224920272827148438e+00 -6.222459316253662109e+00 0.000000000000000000e+00
8.675831794738769531e+00 6.045102119445800781e+00 0.000000000000000000e+00
-3.833392381668090820e+00 2.131190061569213867e+00 0.000000000000000000e+00
-1.886527538299560547e+00 1.192108535766601562e+01 0.000000000000000000e+00
-1.120398616790771484e+01 -1.561297029256820679e-01 0.000000000000000000e+00
6.430185317993164062e+00 -1.629195213317871094e+00 0.000000000000000000e+00
-1.253024578094482422e+01 8.575960159301757812e+00 0.000000000000000000e+00
7.552956044673919678e-02 1.094691467285156250e+01 0.000000000000000000e+00
1.461017251014709473e+00 1.719272422790527344e+01 0.000000000000000000e+00
1.137330532073974609e+01 -9.285103797912597656e+00 0.000000000000000000e+00
3.548595905303955078e+00 -1.533825683593750000e+01 0.000000000000000000e+00
7.207613945007324219e+00 7.618589878082275391e+00 0.000000000000000000e+00
-3.392361640930175781e+00 -1.491657066345214844e+01 0.000000000000000000e+00
5.496448040008544922e+00 -1.512500286102294922e+01 0.000000000000000000e+00
-1.621963977813720703e+00 -1.553856372833251953e+01 0.000000000000000000e+00
-7.024203777313232422e+00 1.234944534301757812e+01 0.000000000000000000e+00
1.354624748229980469e+01 -8.748394250869750977e-01 0.000000000000000000e+00
1.329409122467041016e+01 -3.220402956008911133e+00 0.000000000000000000e+00
-5.514847278594970703e+00 6.718802928924560547e+00 0.000000000000000000e+00
1.586624336242675781e+01 -7.330895900726318359e+00 0.000000000000000000e+00
-3.396855354309082031e+00 5.156117916107177734e+00 0.000000000000000000e+00
5.876868724822998047e+00 1.515764617919921875e+01 0.000000000000000000e+00
9.072141051292419434e-01 -5.682000160217285156e+00 0.000000000000000000e+00
-1.511735820770263672e+01 7.628921270370483398e-01 0.000000000000000000e+00
-1.191849946975708008e+00 -7.343506813049316406e+00 0.000000000000000000e+00
-1.916820287704467773e+00 1.123629570007324219e+00 0.000000000000000000e+00
-6.921824932098388672e+00 -8.140919685363769531e+00 0.000000000000000000e+00
-6.212624549865722656e+00 2.240680932998657227e+00 0.000000000000000000e+00
2.473264694213867188e+00 -1.641190052032470703e+00 0.000000000000000000e+00
-8.922205924987792969e+00 -9.103116989135742188e+00 0.000000000000000000e+00
-1.810396194458007812e+00 -2.614091157913208008e+00 0.000000000000000000e+00
-1.682104873657226562e+01 4.612906455993652344e+00 0.000000000000000000e+00
-9.120406150817871094e+00 8.537602424621582031e+00 0.000000000000000000e+00
9.321540832519531250e+00 1.373242759704589844e+01 0.000000000000000000e+00
9.953326225280761719e+00 -1.190459442138671875e+01 0.000000000000000000e+00
6.485833168029785156e+00 -3.986543178558349609e+00 0.000000000000000000e+00
-4.034930229187011719e+00 -1.327076721191406250e+01 0.000000000000000000e+00
-1.380732727050781250e+01 7.021628856658935547e+00 0.000000000000000000e+00
-1.353400230407714844e+01 1.108781051635742188e+01 0.000000000000000000e+00
-9.157427549362182617e-01 -1.098846435546875000e+00 0.000000000000000000e+00
-1.063864326477050781e+01 -1.161402702331542969e+01 0.000000000000000000e+00
1.298075008392333984e+01 1.854580998420715332e+00 0.000000000000000000e+00
7.255375862121582031e+00 9.185088157653808594e+00 0.000000000000000000e+00
-6.047489166259765625e+00 -1.841118931770324707e+00 0.000000000000000000e+00
-8.092464447021484375e+00 4.163309574127197266e+00 0.000000000000000000e+00
1.487870979309082031e+01 3.639037013053894043e-01 0.000000000000000000e+00
4.224477291107177734e+00 1.546870613098144531e+01 0.000000000000000000e+00
3.768077373504638672e+00 6.271978020668029785e-01 0.000000000000000000e+00
5.777544021606445312e+00 -1.054152679443359375e+01 0.000000000000000000e+00
6.371894836425781250e+00 5.344603061676025391e+00 0.000000000000000000e+00
-8.698393821716308594e+00 1.006085681915283203e+01 0.000000000000000000e+00
-4.068753719329833984e+00 1.191713142395019531e+01 0.000000000000000000e+00
8.726613998413085938e+00 -4.190494537353515625e+00 0.000000000000000000e+00
1.736461877822875977e+00 1.212029361724853516e+01 0.000000000000000000e+00
6.073168754577636719e+00 2.565549910068511963e-01 0.000000000000000000e+00
7.453197479248046875e+00 -1.567755222320556641e+01 0.000000000000000000e+00
7.307538986206054688e+00 -1.006911563873291016e+01 0.000000000000000000e+00
-6.297685503959655762e-01 1.963810801506042480e+00 0.000000000000000000e+00
1.560446929931640625e+01 6.006849288940429688e+00 0.000000000000000000e+00
-7.586184501647949219e+00 1.494777917861938477e+00 0.000000000000000000e+00
2.369964122772216797e+00 -1.236939239501953125e+01 0.000000000000000000e+00
-7.688018798828125000e+00 7.739235877990722656e+00 0.000000000000000000e+00
-1.423546791076660156e+01 -4.835536003112792969e+00 0.000000000000000000e+00
-1.048658084869384766e+01 -6.973498821258544922e+00 0.000000000000000000e+00
-2.720980405807495117e+00 -8.823456764221191406e-01 0.000000000000000000e+00
9.939995765686035156e+00 1.159278869628906250e+01 0.000000000000000000e+00
-7.326049804687500000e+00 5.793068408966064453e+00 0.000000000000000000e+00
-1.182150745391845703e+01 1.208791446685791016e+01 0.000000000000000000e+00
2.783573865890502930e+00 1.639587211608886719e+01 0.000000000000000000e+00
2.836988925933837891e+00 3.203565835952758789e+00 0.000000000000000000e+00
-5.442696809768676758e-01 -3.606462955474853516e+00 0.000000000000000000e+00
8.696351051330566406e+00 4.231736183166503906e+00 0.000000000000000000e+00
-9.788167953491210938e+00 4.758448123931884766e+00 0.000000000000000000e+00
5.466658592224121094e+00 2.400528669357299805e+00 0.000000000000000000e+00
3.972529649734497070e+00 -7.300817489624023438e+00 0.000000000000000000e+00
1.259387969970703125e+01 4.131572723388671875e+00 0.000000000000000000e+00
-1.643573379516601562e+01 -3.922775387763977051e-02 0.000000000000000000e+00
-5.982650279998779297e+00 -4.433674812316894531e+00 0.000000000000000000e+00
-7.352130889892578125e+00 -1.473849868774414062e+01 0.000000000000000000e+00
3.481780529022216797e+00 -1.011588191986083984e+01 0.000000000000000000e+00
-1.480708599090576172e+01 -7.991045475006103516e+00 0.000000000000000000e+00
1.180102729797363281e+01 -1.186596035957336426e+00 0.000000000000000000e+00
5.160174846649169922e+00 -5.401291847229003906e+00 0.000000000000000000e+00
1.489179491996765137e+00 9.144623279571533203e-01 0.000000000000000000e+00
2.233209609985351562e+00 -3.203821420669555664e+00 0.000000000000000000e+00
-5.810121536254882812e+00 -1.498430633544921875e+01 0.000000000000000000e+00
1.449815845489501953e+01 -9.179070472717285156e+00 0.000000000000000000e+00
-9.766423106193542480e-01 -9.309800148010253906e+00 0.000000000000000000e+00
-3.016451597213745117e+00 -7.477169036865234375e+00 0.000000000000000000e+00
1.229805350303649902e-01 5.569219112396240234e+00 0.000000000000000000e+00
-3.116679906845092773e+00 -1.708237266540527344e+01 0.000000000000000000e+00
-4.516642570495605469e+00 6.958324909210205078e-01 0.000000000000000000e+00
2.387701034545898438e+00 -4.823355197906494141e+00 0.000000000000000000e+00
9.722916603088378906e+00 2.441106319427490234e+00 0.000000000000000000e+00
-1.268628883361816406e+01 5.742358207702636719e+00 0.000000000000000000e+00
-1.655434608459472656e+01 2.277122497558593750e+00 0.000000000000000000e+00
-3.913743019104003906e+00 -3.125792980194091797e+00 0.000000000000000000e+00
-1.090277194976806641e+01 -4.972383022308349609e+00 0.000000000000000000e+00
3.845800459384918213e-01 1.345968723297119141e+01 0.000000000000000000e+00
2.711984634399414062e+00 5.159259796142578125e+00 0.000000000000000000e+00
7.263279557228088379e-01 -7.580227375030517578e+00 0.000000000000000000e+00
-1.311121273040771484e+01 -1.130496406555175781e+01 0.000000000000000000e+00
8.474665641784667969e+00 -1.270241451263427734e+01 0.000000000000000000e+00
-3.698288679122924805e+00 -4.881380081176757812e+00 0.000000000000000000e+00
1.192695021629333496e+00 -1.674829101562500000e+01 0.000000000000000000e+00
8.683740496635437012e-01 -1.540208697319030762e+00 0.000000000000000000e+00
-2.922326564788818359e+00 -9.646022796630859375e+00 0.000000000000000000e+00
-5.951080322265625000e-01 -1.308999538421630859e+01 0.000000000000000000e+00
-7.827428817749023438e+00 -2.928092241287231445e+00 0.000000000000000000e+00
-1.596668910980224609e+01 -6.742540836334228516e+00 0.000000000000000000e+00
-1.334812927246093750e+01 -3.516164720058441162e-01 0.000000000000000000e+00
1.660430669784545898e+00 -1.020771694183349609e+01 0.000000000000000000e+00
6.011914253234863281e+00 1.016887187957763672e+01 0.000000000000000000e+00
1.741422653198242188e+01 1.437735199928283691e+00 0.000000000000000000e+00
-6.571159362792968750e+00 1.556011581420898438e+01 0.000000000000000000e+00
-9.217921257019042969e+00 -4.332261085510253906e+00 0.000000000000000000e+00
-9.607227325439453125e+00 -1.339571571350097656e+01 0.000000000000000000e+00
-1.405204486846923828e+01 -1.007062625885009766e+01 0.000000000000000000e+00
-5.275260925292968750e+00 -7.443593978881835938e+00 0.000000000000000000e+00
-1.010806560516357422e+01 6.993401050567626953e+00 0.000000000000000000e+00
-8.636199951171875000e+00 -6.417101621627807617e-02 0.000000000000000000e+00
4.070514202117919922e+00 -1.272737383842468262e+00 0.000000000000000000e+00
9.517365097999572754e-01 9.058437347412109375e+00 0.000000000000000000e+00
1.050499820709228516e+01 -1.369486618041992188e+01 0.000000000000000000e+00
4.346104145050048828e+00 4.890584945678710938e+00 0.000000000000000000e+00
-4.692132472991943359e+00 1.338267326354980469e+01 0.000000000000000000e+00
-4.359292030334472656e+00 9.083066940307617188e+00 0.000000000000000000e+00
-1.461878204345703125e+01 -2.377440452575683594e+00 0.000000000000000000e+00
-5.649496555328369141e+00 -1.183129882812500000e+01 0.000000000000000000e+00
-1.699495315551757812e+01 -4.055783748626708984e+00 0.000000000000000000e+00
-6.029517173767089844e+00 9.289182662963867188e+00 0.000000000000000000e+00
1.044093704223632812e+01 6.858543872833251953e+00 0.000000000000000000e+00
1.223473453521728516e+01 -7.155116558074951172e+00 0.000000000000000000e+00
-9.923295974731445312e+00 1.283457469940185547e+01 0.000000000000000000e+00
7.485055446624755859e+00 1.115705776214599609e+01 0.000000000000000000e+00
3.042086124420166016e+00 8.533103942871093750e+00 0.000000000000000000e+00
4.491148948669433594e+00 1.075613212585449219e+01 0.000000000000000000e+00
6.360727548599243164e-01 -1.463921356201171875e+01 0.000000000000000000e+00
5.046087741851806641e+00 1.280816841125488281e+01 0.000000000000000000e+00
-5.576052665710449219e+00 1.146145248413085938e+01 0.000000000000000000e+00
1.584932327270507812e+01 -1.740241289138793945e+00 0.000000000000000000e+00
1.506551933288574219e+01 7.495621204376220703e+00 0.000000000000000000e+00
7.364802360534667969e+00 1.562742424011230469e+01 0.000000000000000000e+00
1.059699058532714844e+01 4.860668182373046875e+00 0.000000000000000000e+00
-8.710286021232604980e-01 1.659273719787597656e+01 0.000000000000000000e+00
-1.058354663848876953e+01 2.588813543319702148e+00 0.000000000000000000e+00
-7.859998703002929688e+00 -1.070776939392089844e+01 0.000000000000000000e+00
7.045215606689453125e+00 -1.182474899291992188e+01 0.000000000000000000e+00
1.249854660034179688e+01 6.219251155853271484e+00 0.000000000000000000e+00
1.430596542358398438e+01 1.006122779846191406e+01 0.000000000000000000e+00
8.192063331604003906e+00 -1.872234940528869629e+00 0.000000000000000000e+00
-1.267423343658447266e+01 3.954889297485351562e+00 0.000000000000000000e+00
6.284463882446289062e+00 -8.185056686401367188e+00 0.000000000000000000e+00
-2.558725357055664062e+00 1.431407451629638672e+01 0.000000000000000000e+00
-1.040091800689697266e+01 -9.710474967956542969e+00 0.000000000000000000e+00
7.053108215332031250e-01 -1.233940792083740234e+01 0.000000000000000000e+00
7.994478702545166016e+00 6.142591834068298340e-01 0.000000000000000000e+00
-1.840444922447204590e+00 4.449029922485351562e+00 0.000000000000000000e+00
-1.560619449615478516e+01 7.544617652893066406e+00 0.000000000000000000e+00
-1.008343124389648438e+01 -2.379267692565917969e+00 0.000000000000000000e+00
-9.238471031188964844e+00 1.796176910400390625e+00 0.000000000000000000e+00
2.878906726837158203e+00 -8.353057861328125000e+00 0.000000000000000000e+00
4.824330806732177734e+00 -3.290523290634155273e+00 0.000000000000000000e+00
1.146073818206787109e+01 3.393638432025909424e-01 0.000000000000000000e+00
5.296887397766113281e+00 7.434535503387451172e+00 0.000000000000000000e+00
-1.890780329704284668e+00 2.938197135925292969e+00 0.000000000000000000e+00
3.675615072250366211e+00 6.324247837066650391e+00 0.000000000000000000e+00
4.120683193206787109e+00 -1.193608283996582031e+01 0.000000000000000000e+00
9.273271560668945312e+00 -7.099389553070068359e+00 0.000000000000000000e+00
-1.325975704193115234e+01 -3.594645738601684570e+00 0.000000000000000000e+00
-3.459022760391235352e+00 1.700059700012207031e+01 0.000000000000000000e+00
3.672394037246704102e+00 -1.370355415344238281e+01 0.000000000000000000e+00
3.485792160034179688e+00 1.271064472198486328e+01 0.000000000000000000e+00
1.321203804016113281e+01 -1.145645618438720703e+01 0.000000000000000000e+00
-8.029757142066955566e-01 7.038764953613281250e+00 0.000000000000000000e+00
-1.463304424285888672e+01 5.292297840118408203e+00 0.000000000000000000e+00
1.374994850158691406e+01 5.126886367797851562e+00 0.000000000000000000e+00
1.716058731079101562e+01 -3.355880260467529297e+00 0.000000000000000000e+00
-1.039402866363525391e+01 1.092463397979736328e+01 0.000000000000000000e+00
1.374719429016113281e+01 -7.429938793182373047e+00 0.000000000000000000e+00
-4.675763130187988281e+00 4.043916225433349609e+00 0.000000000000000000e+00
-1.260320377349853516e+01 -2.222885131835937500e+00 0.000000000000000000e+00
1.226221275329589844e+01 -5.470128059387207031e+00 0.000000000000000000e+00
1.732823944091796875e+01 -1.412735581398010254e+00 0.000000000000000000e+00
1.499904155731201172e+01 2.131755352020263672e+00 0.000000000000000000e+00
1.068924903869628906e+01 -7.701457023620605469e+00 0.000000000000000000e+00
1.025899219512939453e+01 -1.985763788223266602e+00 0.000000000000000000e+00
2.364069938659667969e+00 1.402861690521240234e+01 0.000000000000000000e+00
4.085279941558837891e+00 -1.699228668212890625e+01 0.000000000000000000e+00
1.157264614105224609e+01 -1.172282981872558594e+01 0.000000000000000000e+00
1.517073726654052734e+01 -4.634107112884521484e+00 0.000000000000000000e+00
-1.621987533569335938e+01 6.085732936859130859e+00 0.000000000000000000e+00
4.656660079956054688e+00 -8.839127540588378906e+00 0.000000000000000000e+00
-1.959047436714172363e+00 -1.385494041442871094e+01 0.000000000000000000e+00
-6.086209297180175781e+00 -6.163180351257324219e+00 0.000000000000000000e+00
-5.076379776000976562e+00 -1.651705932617187500e+01 0.000000000000000000e+00
-1.130922698974609375e+01 -3.265140295028686523e+00 0.000000000000000000e+00
8.908364295959472656e+00 1.009475612640380859e+01 0.000000000000000000e+00
1.239704799652099609e+01 8.689864158630371094e+00 0.000000000000000000e+00
7.470057010650634766e+00 -7.191643714904785156e+00 0.000000000000000000e+00
1.640358161926269531e+01 -9.155738353729248047e-02 0.000000000000000000e+00
-1.480043888092041016e+01 9.104681968688964844e+00 0.000000000000000000e+00
-8.344242572784423828e-01 9.536468505859375000e+00 0.000000000000000000e+00
-5.009750366210937500e+00 -7.358136177062988281e-01 0.000000000000000000e+00
1.493471527099609375e+01 3.895277976989746094e+00 0.000000000000000000e+00
8.413422584533691406e+00 -1.116418361663818359e+01 0.000000000000000000e+00
-7.611318588256835938e+00 -4.549344062805175781e+00 0.000000000000000000e+00
7.851106166839599609e+00 2.726495027542114258e+00 0.000000000000000000e+00
-9.034354209899902344e+00 -1.166857719421386719e+01 0.000000000000000000e+00
6.525900840759277344e+00 3.706368923187255859e+00 0.000000000000000000e+00
-1.173538494110107422e+01 7.258679389953613281e+00 0.000000000000000000e+00
2.451657295227050781e+00 -6.867955684661865234e+00 0.000000000000000000e+00
