-2.631891804985560412e+00 3.231029663278357500e-01
-1.646893547881095099e+00 1.092699245880410786e+00
-6.618952907766296745e-01 1.862295525432985599e+00
3.231029663278357500e-01 2.631891804985560412e+00
-1.862295525432985599e+00 -6.618952907766296745e-01
-8.772972683285202855e-01 1.077009887759452500e-01
1.077009887759452500e-01 8.772972683285202855e-01
1.092699245880410786e+00 1.646893547881095099e+00
-1.092699245880410786e+00 -1.646893547881095099e+00
-1.077009887759452500e-01 -8.772972683285202855e-01
8.772972683285202855e-01 -1.077009887759452500e-01
1.862295525432985599e+00 6.618952907766296745e-01
-3.231029663278357500e-01 -2.631891804985560412e+00
6.618952907766296745e-01 -1.862295525432985599e+00
1.646893547881095099e+00 -1.092699245880410786e+00
2.631891804985560412e+00 -3.231029663278357500e-01
