6.893929481506347656e+00 -1.411236572265625000e+01 0.000000000000000000e+00
1.462716579437255859e+01 8.286882042884826660e-01 0.000000000000000000e+00
-1.185803127288818359e+01 -1.076526260375976562e+01 0.000000000000000000e+00
-4.889084815979003906e+00 1.114790534973144531e+01 0.000000000000000000e+00
-9.082435607910156250e+00 7.655011653900146484e+00 0.000000000000000000e+00
-4.547721147537231445e-01 -3.219250917434692383e+00 0.000000000000000000e+00
1.379914760589599609e+01 7.471377849578857422e+00 0.000000000000000000e+00
-1.467711162567138672e+01 6.539712429046630859e+00 0.000000000000000000e+00
1.698573684692382812e+01 -1.486538171768188477e+00 0.000000000000000000e+00
1.287632751464843750e+01 1.066417121887207031e+01 0.000000000000000000e+00
1.618001747131347656e+01 5.054659366607666016e+00 0.000000000000000000e+00
-3.072142601013183594e+00 1.488410854339599609e+01 0.000000000000000000e+00
7.577126026153564453e-01 1.213748359680175781e+01 0.000000000000000000e+00
3.303595304489135742e+00 5.680287837982177734e+00 0.000000000000000000e+00
2.488735675811767578e+00 -1.838890433311462402e+00 0.000000000000000000e+00
-9.011214256286621094e+00 -1.041573905944824219e+01 0.000000000000000000e+00
6.840243339538574219e+00 -8.561769485473632812e+00 0.000000000000000000e+00
-1.649038696289062500e+01 -1.169620454311370850e-02 0.000000000000000000e+00
2.047322034835815430e+00 -6.299159049987792969e+00 0.000000000000000000e+00
9.837001800537109375e+00 6.138434410095214844e+00 0.000000000000000000e+00
-1.366653800010681152e+00 1.217389464378356934e+00 0.000000000000000000e+00
-8.723333358764648438e+00 -1.195119380950927734e+00 0.000000000000000000e+00
-1.159179687500000000e+01 1.139661884307861328e+01 0.000000000000000000e+00
-1.101571559906005859e+01 -1.281407260894775391e+01 0.000000000000000000e+00
-7.431105136871337891e+00 -9.564989089965820312e+00 0.000000000000000000e+00
4.749720096588134766e+00 -8.711734771728515625e+00 0.000000000000000000e+00
-1.094882965087890625e+00 1.363166999816894531e+01 0.000000000000000000e+00
-3.453328609466552734e+00 -1.177053260803222656e+01 0.000000000000000000e+00
9.953824996948242188e+00 1.080453014373779297e+01 0.000000000000000000e+00
4.778462409973144531e+00 1.457476520538330078e+01 0.000000000000000000e+00
6.175670146942138672e+00 -1.220451259613037109e+01 0.000000000000000000e+00
-1.005115699768066406e+01 1.306569576263427734e+01 0.000000000000000000e+00
1.300376033782958984e+01 2.070432662963867188e+00 0.000000000000000000e+00
-1.166237449645996094e+01 -3.643059492111206055e+00 0.000000000000000000e+00
1.199355030059814453e+01 -5.619556427001953125e+00 0.000000000000000000e+00
5.863461971282958984e+00 1.318982791900634766e+01 0.000000000000000000e+00
-5.139262676239013672e+00 -1.351139068603515625e+01 0.000000000000000000e+00
7.587944507598876953e+00 -3.790072202682495117e+00 0.000000000000000000e+00
8.776103973388671875e+00 4.910286903381347656e+00 0.000000000000000000e+00
1.406290054321289062e+01 4.227630615234375000e+00 0.000000000000000000e+00
2.764792680740356445e+00 2.026543617248535156e+00 0.000000000000000000e+00
4.786293029785156250e+00 1.069474792480468750e+01 0.000000000000000000e+00
1.162268829345703125e+01 -4.458530843257904053e-01 0.000000000000000000e+00
5.867617607116699219e+00 7.366366386413574219e+00 0.000000000000000000e+00
-9.381864547729492188e+00 -4.716564655303955078e+00 0.000000000000000000e+00
-4.313840389251708984e+00 8.552558898925781250e+00 0.000000000000000000e+00
7.236228942871093750e+00 1.446151161193847656e+01 0.000000000000000000e+00
-1.472565460205078125e+01 4.862395763397216797e+00 0.000000000000000000e+00
8.777336120605468750e+00 1.362266826629638672e+01 0.000000000000000000e+00
8.635516166687011719e+00 2.412910699844360352e+00 0.000000000000000000e+00
-8.508172988891601562e+00 1.092334842681884766e+01 0.000000000000000000e+00
-6.085668087005615234e+00 7.307600498199462891e+00 0.000000000000000000e+00
1.167559623718261719e+01 -8.147485733032226562e+00 0.000000000000000000e+00
7.372665882110595703e+00 -5.343009948730468750e+00 0.000000000000000000e+00
5.370706081390380859e+00 1.140973687171936035e+00 0.000000000000000000e+00
-1.500086879730224609e+01 -2.963208675384521484e+00 0.000000000000000000e+00
-1.037126779556274414e+00 -1.604171180725097656e+01 0.000000000000000000e+00
-1.070000362396240234e+01 9.091796875000000000e+00 0.000000000000000000e+00
-5.587353229522705078e+00 -2.972930192947387695e+00 0.000000000000000000e+00
3.718757867813110352e+00 -1.380026435852050781e+01 0.000000000000000000e+00
-2.986462593078613281e+00 -1.465092849731445312e+01 0.000000000000000000e+00
-1.584236240386962891e+01 -6.176727294921875000e+00 0.000000000000000000e+00
-4.858422279357910156e+00 -1.616243720054626465e+00 0.000000000000000000e+00
-3.859680891036987305e+00 1.960010886192321777e+00 0.000000000000000000e+00
1.374464416503906250e+01 -5.599078655242919922e+00 0.000000000000000000e+00
-5.689829349517822266e+00 2.721534967422485352e+00 0.000000000000000000e+00
-5.784120559692382812e-01 -1.093308067321777344e+01 0.000000000000000000e+00
8.230536460876464844e+00 -1.079257488250732422e+01 0.000000000000000000e+00
-6.604323387145996094e+00 1.607757186889648438e+01 0.000000000000000000e+00
-6.531965255737304688e+00 -7.645738124847412109e+00 0.000000000000000000e+00
-6.919538021087646484e+00 -1.523359298706054688e+01 0.000000000000000000e+00
1.089286231994628906e+01 8.946545600891113281e+00 0.000000000000000000e+00
-1.186139488220214844e+01 7.191314220428466797e+00 0.000000000000000000e+00
-1.185813617706298828e+01 -7.931163311004638672e+00 0.000000000000000000e+00
6.693922042846679688e+00 5.919277191162109375e+00 0.000000000000000000e+00
1.499891948699951172e+01 -1.729735851287841797e+00 0.000000000000000000e+00
1.158648252487182617e+00 9.306746482849121094e+00 0.000000000000000000e+00
-3.887334585189819336e+00 -5.649627208709716797e+00 0.000000000000000000e+00
3.938357114791870117e+00 -1.659532737731933594e+01 0.000000000000000000e+00
-6.871017813682556152e-01 -7.142527103424072266e-01 0.000000000000000000e+00
1.456374263763427734e+01 -8.229179382324218750e+00 0.000000000000000000e+00
1.397013902664184570e+00 3.103320837020874023e+00 0.000000000000000000e+00
-1.075040817260742188e+01 4.879762172698974609e+00 0.000000000000000000e+00
-1.298467826843261719e+01 1.937412023544311523e+00 0.000000000000000000e+00
1.010743904113769531e+01 -6.194323539733886719e+00 0.000000000000000000e+00
3.853446960449218750e+00 -1.216013431549072266e+01 0.000000000000000000e+00
6.649518013000488281e+00 4.026182174682617188e+00 0.000000000000000000e+00
1.560606360435485840e+00 1.576161479949951172e+01 0.000000000000000000e+00
-5.905011653900146484e+00 -1.068836975097656250e+01 0.000000000000000000e+00
-1.091112995147705078e+01 -1.011745780706405640e-01 0.000000000000000000e+00
9.387385845184326172e-01 -9.206290245056152344e+00 0.000000000000000000e+00
1.635969543457031250e+01 -4.146482944488525391e+00 0.000000000000000000e+00
1.618799972534179688e+01 -6.611166477203369141e+00 0.000000000000000000e+00
6.227743625640869141e-01 4.921185493469238281e+00 0.000000000000000000e+00
3.007544994354248047e+00 -1.077967929840087891e+01 0.000000000000000000e+00
1.356187343597412109e+01 -3.678119182586669922e+00 0.000000000000000000e+00
-1.515621471405029297e+01 2.500199794769287109e+00 0.000000000000000000e+00
-1.315456295013427734e+01 1.074895763397216797e+01 0.000000000000000000e+00
-6.975115299224853516e+00 1.052588939666748047e+01 0.000000000000000000e+00
-2.385184288024902344e+00 -9.346779823303222656e+00 0.000000000000000000e+00
-9.277083873748779297e-01 6.751539230346679688e+00 0.000000000000000000e+00
-1.615321922302246094e+01 5.544590950012207031e+00 0.000000000000000000e+00
9.688125252723693848e-01 -5.043312549591064453e+00 0.000000000000000000e+00
1.411243796348571777e+00 -1.373915767669677734e+01 0.000000000000000000e+00
7.690494060516357422e+00 -1.235599803924560547e+01 0.000000000000000000e+00
1.112544760107994080e-01 1.694489097595214844e+01 0.000000000000000000e+00
-4.732396006584167480e-01 -1.397694492340087891e+01 0.000000000000000000e+00
-2.068260669708251953e+00 -3.347977876663208008e+00 0.000000000000000000e+00
-1.306639289855957031e+01 4.304952144622802734e+00 0.000000000000000000e+00
-9.492314338684082031e+00 2.876342773437500000e+00 0.000000000000000000e+00
-7.298291206359863281e+00 1.255664443969726562e+01 0.000000000000000000e+00
-9.186139106750488281e+00 1.448634624481201172e+01 0.000000000000000000e+00
-4.066282749176025391e+00 1.334209728240966797e+01 0.000000000000000000e+00
8.071644783020019531e+00 8.789380073547363281e+00 0.000000000000000000e+00
1.913478255271911621e+00 1.369478130340576172e+01 0.000000000000000000e+00
-3.685348033905029297e+00 1.670046615600585938e+01 0.000000000000000000e+00
-7.940171718597412109e+00 -3.318693876266479492e+00 0.000000000000000000e+00
-5.556877613067626953e+00 9.149088859558105469e-01 0.000000000000000000e+00
-1.121804904937744141e+01 -2.122688770294189453e+00 0.000000000000000000e+00
8.979038238525390625e+00 -1.331826591491699219e+01 0.000000000000000000e+00
1.213242053985595703e+01 -2.291818380355834961e+00 0.000000000000000000e+00
-8.377253532409667969e+00 -6.737817764282226562e+00 0.000000000000000000e+00
-1.056946182250976562e+01 -8.895146369934082031e+00 0.000000000000000000e+00
-7.259136676788330078e+00 -2.022269070148468018e-01 0.000000000000000000e+00
-1.333256363868713379e+00 -6.253918170928955078e+00 0.000000000000000000e+00
1.143132400512695312e+01 4.579471588134765625e+00 0.000000000000000000e+00
1.086903572082519531e+01 -3.463687181472778320e+00 0.000000000000000000e+00
4.122760772705078125e+00 1.699645233154296875e+01 0.000000000000000000e+00
1.618151855468750000e+01 3.532700240612030029e-01 0.000000000000000000e+00
-5.209951400756835938e+00 4.809761524200439453e+00 0.000000000000000000e+00
4.224853515625000000e+00 -6.870327472686767578e+00 0.000000000000000000e+00
1.065202426910400391e+01 -1.199459266662597656e+01 0.000000000000000000e+00
-7.250587940216064453e+00 2.616679430007934570e+00 0.000000000000000000e+00
-2.793324708938598633e+00 7.065756320953369141e+00 0.000000000000000000e+00
9.035882949829101562e+00 -4.842622280120849609e+00 0.000000000000000000e+00
-7.094477176666259766e+00 -1.295588588714599609e+01 0.000000000000000000e+00
1.356292366981506348e+00 -1.215326118469238281e+01 0.000000000000000000e+00
7.051281929016113281e+00 -8.246520161628723145e-01 0.000000000000000000e+00
6.672646999359130859e+00 -6.690627098083496094e+00 0.000000000000000000e+00
-1.149737071990966797e+01 1.315588831901550293e+00 0.000000000000000000e+00
-1.299491500854492188e+01 8.406257629394531250e+00 0.000000000000000000e+00
7.822399616241455078e+00 1.084562301635742188e+01 0.000000000000000000e+00
5.272041320800781250e+00 -2.671332597732543945e+00 0.000000000000000000e+00
-1.414427375793457031e+01 -8.785142898559570312e+00 0.000000000000000000e+00
2.719696760177612305e+00 -3.109627068042755127e-01 0.000000000000000000e+00
-1.294036388397216797e+01 -2.802841663360595703e+00 0.000000000000000000e+00
-1.087695121765136719e+01 -5.248135566711425781e+00 0.000000000000000000e+00
2.235634803771972656e+00 -4.110786437988281250e+00 0.000000000000000000e+00
-1.267520427703857422e+01 -6.260795593261718750e+00 0.000000000000000000e+00
-8.935353279113769531e+00 9.443171501159667969e+00 0.000000000000000000e+00
7.981647014617919922e+00 6.840218544006347656e+00 0.000000000000000000e+00
2.269010066986083984e+00 8.203322410583496094e+00 0.000000000000000000e+00
-1.666010141372680664e+00 1.741053390502929688e+01 0.000000000000000000e+00
1.106017827987670898e+00 -1.724999046325683594e+01 0.000000000000000000e+00
-1.316524887084960938e+01 2.763661444187164307e-01 0.000000000000000000e+00
6.190909862518310547e+00 -1.011231136322021484e+01 0.000000000000000000e+00
-2.379228770732879639e-01 1.007926273345947266e+01 0.000000000000000000e+00
-3.013479471206665039e+00 4.909940242767333984e+00 0.000000000000000000e+00
6.811101913452148438e+00 -1.572096347808837891e+01 0.000000000000000000e+00
-7.513236045837402344e+00 7.931860923767089844e+00 0.000000000000000000e+00
4.891489505767822266e+00 4.984281063079833984e+00 0.000000000000000000e+00
-2.591140747070312500e+00 1.124162101745605469e+01 0.000000000000000000e+00
-8.055624961853027344e+00 4.195066452026367188e+00 0.000000000000000000e+00
-5.136094093322753906e+00 -9.133987426757812500e+00 0.000000000000000000e+00
-3.989432334899902344e+00 -1.645557975769042969e+01 0.000000000000000000e+00
-1.145914345979690552e-01 1.488786411285400391e+01 0.000000000000000000e+00
-2.607792615890502930e+00 -1.137846335768699646e-02 0.000000000000000000e+00
5.881618857383728027e-01 1.216582775115966797e+00 0.000000000000000000e+00
3.614121675491333008e+00 4.017357349395751953e+00 0.000000000000000000e+00
1.018955039978027344e+01 -9.352215766906738281e+00 0.000000000000000000e+00
8.103033065795898438e+00 9.440557956695556641e-01 0.000000000000000000e+00
-5.707581996917724609e+00 -6.287146091461181641e+00 0.000000000000000000e+00
1.625694465637207031e+01 3.035185575485229492e+00 0.000000000000000000e+00
-1.652956962585449219e+01 -2.147115945816040039e+00 0.000000000000000000e+00
-1.651358222961425781e+01 -4.792336463928222656e+00 0.000000000000000000e+00
1.174643135070800781e+01 -9.727328300476074219e+00 0.000000000000000000e+00
3.604560613632202148e+00 7.438495635986328125e+00 0.000000000000000000e+00
1.048846626281738281e+01 -1.398502445220947266e+01 0.000000000000000000e+00
1.478061079978942871e+00 -1.065482234954833984e+01 0.000000000000000000e+00
9.364168167114257812e+00 -5.994424819946289062e-01 0.000000000000000000e+00
-1.304326725006103516e+01 5.904263973236083984e+00 0.000000000000000000e+00
5.896076679229736328e+00 -4.304759025573730469e+00 0.000000000000000000e+00
-2.910989999771118164e+00 -1.520921587944030762e+00 0.000000000000000000e+00
-1.362894630432128906e+01 -4.431323051452636719e+00 0.000000000000000000e+00
5.098160743713378906e+00 -1.539866638183593750e+01 0.000000000000000000e+00
3.125838518142700195e+00 1.237945652008056641e+01 0.000000000000000000e+00
1.018863773345947266e+01 1.024707555770874023e+00 0.000000000000000000e+00
1.139741134643554688e+01 6.112048625946044922e+00 0.000000000000000000e+00
-3.521252155303955078e+00 9.967593193054199219e+00 0.000000000000000000e+00
-6.307312011718750000e+00 1.439238739013671875e+01 0.000000000000000000e+00
1.042526435852050781e+01 1.399859619140625000e+01 0.000000000000000000e+00
2.305299043655395508e+00 -8.539214134216308594e+00 0.000000000000000000e+00
-5.895849704742431641e+00 -4.741911888122558594e+00 0.000000000000000000e+00
2.721335887908935547e+00 -1.501801013946533203e+01 0.000000000000000000e+00
2.983433961868286133e+00 1.054689502716064453e+01 0.000000000000000000e+00
-8.560257911682128906e+00 1.319467425346374512e+00 0.000000000000000000e+00
-8.584355115890502930e-01 8.401813507080078125e+00 0.000000000000000000e+00
-1.402763938903808594e+01 -1.077464938163757324e+00 0.000000000000000000e+00
-9.665637016296386719e+00 -1.348918628692626953e+01 0.000000000000000000e+00
9.963638305664062500e+00 7.749903202056884766e+00 0.000000000000000000e+00
-7.838681221008300781e+00 1.515701007843017578e+01 0.000000000000000000e+00
-1.679132652282714844e+01 4.019789695739746094e+00 0.000000000000000000e+00
1.332543849945068359e+01 -9.113265991210937500e+00 0.000000000000000000e+00
-9.782909393310546875e+00 6.257762432098388672e+00 0.000000000000000000e+00
-1.496714115142822266e+01 8.751752853393554688e+00 0.000000000000000000e+00
1.186306858062744141e+01 1.240081405639648438e+01 0.000000000000000000e+00
5.660699844360351562e+00 2.717207431793212891e+00 0.000000000000000000e+00
-9.772752523422241211e-01 4.130431175231933594e+00 0.000000000000000000e+00
1.392813873291015625e+01 -1.057990646362304688e+01 0.000000000000000000e+00
8.859977722167968750e+00 -8.044669151306152344e+00 0.000000000000000000e+00
-1.009770774841308594e+01 1.061356353759765625e+01 0.000000000000000000e+00
-1.926045417785644531e+00 2.711172580718994141e+00 0.000000000000000000e+00
3.373599767684936523e+00 -5.562019824981689453e+00 0.000000000000000000e+00
1.457244396209716797e+01 9.638755798339843750e+00 0.000000000000000000e+00
1.557186126708984375e+01 6.637723922729492188e+00 0.000000000000000000e+00
5.636102676391601562e+00 8.942623138427734375e+00 0.000000000000000000e+00
9.158842563629150391e-01 -1.966608166694641113e+00 0.000000000000000000e+00
-1.719596982002258301e+00 -1.255228137969970703e+01 0.000000000000000000e+00
-7.516962051391601562e+00 -1.139992141723632812e+01 0.000000000000000000e+00
4.318174839019775391e+00 -4.128943443298339844e+00 0.000000000000000000e+00
1.320350646972656250e+01 -7.208958268165588379e-01 0.000000000000000000e+00
-1.647601890563964844e+01 1.604769229888916016e+00 0.000000000000000000e+00
-1.024872398376464844e+01 -6.991082191467285156e+00 0.000000000000000000e+00
-1.492899608612060547e+01 7.198020219802856445e-01 0.000000000000000000e+00
-5.896616935729980469e+00 8.841135978698730469e+00 0.000000000000000000e+00
-5.389667510986328125e+00 -1.565950107574462891e+01 0.000000000000000000e+00
1.215061855316162109e+01 -1.141141605377197266e+01 0.000000000000000000e+00
-2.513273715972900391e+00 -4.993362426757812500e+00 0.000000000000000000e+00
-2.418843507766723633e+00 -7.301752090454101562e+00 0.000000000000000000e+00
1.265759944915771484e+00 -1.553595352172851562e+01 0.000000000000000000e+00
1.120221257209777832e+00 6.830739498138427734e+00 0.000000000000000000e+00
-6.754607558250427246e-01 -4.860870838165283203e+00 0.000000000000000000e+00
-4.259628772735595703e+00 6.289475917816162109e+00 0.000000000000000000e+00
-4.062371730804443359e+00 -3.883973836898803711e+00 0.000000000000000000e+00
-1.089909672737121582e+00 1.164894485473632812e+01 0.000000000000000000e+00
-3.769106864929199219e-01 -7.521912574768066406e+00 0.000000000000000000e+00
1.284871006011962891e+01 5.497421741485595703e+00 0.000000000000000000e+00
-8.710983276367187500e+00 -8.394938468933105469e+00 0.000000000000000000e+00
9.343247413635253906e+00 -2.423409223556518555e+00 0.000000000000000000e+00
4.693133831024169922e+00 1.221115303039550781e+01 0.000000000000000000e+00
5.157645702362060547e+00 -7.037555575370788574e-01 0.000000000000000000e+00
-5.750470161437988281e+00 1.274168395996093750e+01 0.000000000000000000e+00
4.598148822784423828e+00 -1.057052707672119141e+01 0.000000000000000000e+00
-2.448602676391601562e+00 8.756048202514648438e+00 0.000000000000000000e+00
1.107642555236816406e+01 2.272589445114135742e+00 0.000000000000000000e+00
-4.611872673034667969e+00 1.530337905883789062e+01 0.000000000000000000e+00
-4.603405952453613281e+00 -7.441020965576171875e+00 0.000000000000000000e+00
-1.440474700927734375e+01 -6.766832351684570312e+00 0.000000000000000000e+00
1.251458644866943359e+01 8.358801841735839844e+00 0.000000000000000000e+00
6.405553340911865234e+00 1.164618968963623047e+01 0.000000000000000000e+00
-7.693481445312500000e+00 5.822071075439453125e+00 0.000000000000000000e+00
-7.493692874908447266e+00 -4.896783828735351562e+00 0.000000000000000000e+00
-4.224686622619628906e+00 -7.098767906427383423e-02 0.000000000000000000e+00
-1.030067443847656250e+01 -1.134283638000488281e+01 0.000000000000000000e+00
3.655329227447509766e+00 9.194873809814453125e+00 0.000000000000000000e+00
-6.837307453155517578e+00 -1.762157082557678223e+00 0.000000000000000000e+00
