-2.475403677060555641e+00 9.505927811608286815e-01
-1.333404857653427644e+00 1.458863079794070927e+00
-1.914060382462994259e-01 1.967133378427313506e+00
9.505927811608286815e-01 2.475403677060555641e+00
-1.967133378427313506e+00 -1.914060382462994259e-01
-8.251345590201852875e-01 3.168642603869429308e-01
3.168642603869429308e-01 8.251345590201852875e-01
1.458863079794070927e+00 1.333404857653427644e+00
-1.458863079794070927e+00 -1.333404857653427644e+00
-3.168642603869429308e-01 -8.251345590201852875e-01
8.251345590201852875e-01 -3.168642603869429308e-01
1.967133378427313506e+00 1.914060382462994259e-01
-9.505927811608286815e-01 -2.475403677060555641e+00
1.914060382462994259e-01 -1.967133378427313506e+00
1.333404857653427644e+00 -1.458863079794070927e+00
2.475403677060555641e+00 -9.505927811608286815e-01
