-6.128787040710449219e+00 -1.225538444519042969e+01 0.000000000000000000e+00
1.104383468627929688e+01 -1.232152462005615234e+01 0.000000000000000000e+00
-3.669922426342964172e-02 -3.546866893768310547e+00 0.000000000000000000e+00
4.987745285034179688e+00 9.445013999938964844e+00 0.000000000000000000e+00
1.744591593742370605e+00 -1.610936284065246582e+00 0.000000000000000000e+00
1.551638221740722656e+01 -3.707076072692871094e+00 0.000000000000000000e+00
-4.508966922760009766e+00 6.336496829986572266e+00 0.000000000000000000e+00
8.714402198791503906e+00 9.182229995727539062e+00 0.000000000000000000e+00
1.115901374816894531e+01 -2.794953286647796631e-01 0.000000000000000000e+00
-3.200308799743652344e+00 1.502407264709472656e+01 0.000000000000000000e+00
6.317309379577636719e+00 -1.353396606445312500e+01 0.000000000000000000e+00
5.776904582977294922e+00 1.364519119262695312e+01 0.000000000000000000e+00
4.942467689514160156e+00 4.746036529541015625e+00 0.000000000000000000e+00
1.520653343200683594e+01 -7.038026332855224609e+00 0.000000000000000000e+00
-4.986173152923583984e+00 -2.900044322013854980e-01 0.000000000000000000e+00
-7.532110691070556641e+00 -1.560286712646484375e+01 0.000000000000000000e+00
1.042411518096923828e+01 3.963826179504394531e+00 0.000000000000000000e+00
8.565177321434020996e-01 1.885226845741271973e+00 0.000000000000000000e+00
7.504025459289550781e+00 -9.744373321533203125e+00 0.000000000000000000e+00
1.229014396667480469e+01 -1.097193050384521484e+01 0.000000000000000000e+00
-8.175529479980468750e+00 1.001188182830810547e+01 0.000000000000000000e+00
-1.317756652832031250e+01 9.940408706665039062e+00 0.000000000000000000e+00
2.936742067337036133e+00 1.131995487213134766e+01 0.000000000000000000e+00
-8.034832000732421875e+00 1.498439884185791016e+01 0.000000000000000000e+00
1.183836936950683594e+01 6.063954830169677734e+00 0.000000000000000000e+00
-1.503559589385986328e+01 -7.799253463745117188e+00 0.000000000000000000e+00
6.660166740417480469e+00 -3.137293338775634766e+00 0.000000000000000000e+00
-9.103858947753906250e+00 -7.343010425567626953e+00 0.000000000000000000e+00
-1.457153320312500000e+01 -8.071162700653076172e-01 0.000000000000000000e+00
-4.906686782836914062e+00 -3.270715951919555664e+00 0.000000000000000000e+00
9.886493682861328125e+00 1.312569427490234375e+01 0.000000000000000000e+00
-1.026630878448486328e+01 7.582461833953857422e-01 0.000000000000000000e+00
-5.447213172912597656e+00 -6.826450347900390625e+00 0.000000000000000000e+00
7.854020118713378906e+00 6.679803371429443359e+00 0.000000000000000000e+00
1.444263744354248047e+01 4.150156974792480469e+00 0.000000000000000000e+00
-1.382423877716064453e+01 2.796145200729370117e+00 0.000000000000000000e+00
5.418969631195068359e+00 1.109830379486083984e+01 0.000000000000000000e+00
-1.549039483070373535e+00 -1.399721503257751465e-01 0.000000000000000000e+00
-4.690128803253173828e+00 -1.395699596405029297e+01 0.000000000000000000e+00
-6.428226947784423828e+00 1.451899051666259766e+01 0.000000000000000000e+00
-1.180873775482177734e+01 4.811414241790771484e+00 0.000000000000000000e+00
1.260421276092529297e+01 8.998128890991210938e+00 0.000000000000000000e+00
4.509402751922607422e+00 -6.359202265739440918e-01 0.000000000000000000e+00
3.804632902145385742e+00 -1.001497364044189453e+01 0.000000000000000000e+00
8.686678886413574219e+00 -1.444815444946289062e+01 0.000000000000000000e+00
1.683266067504882812e+01 -7.883931398391723633e-01 0.000000000000000000e+00
-1.013335037231445312e+01 1.269356822967529297e+01 0.000000000000000000e+00
1.130072689056396484e+01 1.912611484527587891e+00 0.000000000000000000e+00
4.328214168548583984e+00 -2.308123350143432617e+00 0.000000000000000000e+00
-1.187022209167480469e+01 2.206729203462600708e-01 0.000000000000000000e+00
-1.459076786041259766e+01 -9.651524543762207031e+00 0.000000000000000000e+00
1.000550460815429688e+01 -3.181778192520141602e+00 0.000000000000000000e+00
-3.025937795639038086e+00 -4.448818683624267578e+00 0.000000000000000000e+00
6.642094612121582031e+00 2.512661933898925781e+00 0.000000000000000000e+00
1.065048217773437500e+01 -6.043083190917968750e+00 0.000000000000000000e+00
3.410949945449829102e+00 1.480407333374023438e+01 0.000000000000000000e+00
7.467300415039062500e+00 -6.031790733337402344e+00 0.000000000000000000e+00
-9.099189758300781250e+00 -1.329999446868896484e+01 0.000000000000000000e+00
-1.442568874359130859e+01 6.312818527221679688e+00 0.000000000000000000e+00
-1.184422206878662109e+01 -3.178808212280273438e+00 0.000000000000000000e+00
-1.996847629547119141e+00 -1.416689205169677734e+01 0.000000000000000000e+00
1.306799602508544922e+01 -4.986226558685302734e+00 0.000000000000000000e+00
-8.946115493774414062e+00 7.210475921630859375e+00 0.000000000000000000e+00
2.596093416213989258e+00 -8.844819068908691406e+00 0.000000000000000000e+00
2.270952224731445312e+00 9.303113937377929688e+00 0.000000000000000000e+00
5.677794456481933594e+00 -5.387042045593261719e+00 0.000000000000000000e+00
-1.642606925964355469e+01 -2.651236534118652344e+00 0.000000000000000000e+00
-9.419965147972106934e-01 1.159582233428955078e+01 0.000000000000000000e+00
1.358980655670166016e+01 1.158237099647521973e+00 0.000000000000000000e+00
-2.972149848937988281e+00 -2.544601440429687500e+00 0.000000000000000000e+00
6.982920646667480469e+00 -1.513315296173095703e+01 0.000000000000000000e+00
6.485317707061767578e+00 4.634022235870361328e+00 0.000000000000000000e+00
-1.592524433135986328e+01 1.526703238487243652e-01 0.000000000000000000e+00
1.214027690887451172e+01 -8.832335472106933594e+00 0.000000000000000000e+00
-1.637212753295898438e+00 1.595744705200195312e+01 0.000000000000000000e+00
-9.090413093566894531e+00 3.550363063812255859e+00 0.000000000000000000e+00
-1.351430797576904297e+01 7.757934570312500000e+00 0.000000000000000000e+00
-5.302970409393310547e+00 4.397469520568847656e+00 0.000000000000000000e+00
-1.302379727363586426e+00 -8.212130546569824219e+00 0.000000000000000000e+00
-1.169843673706054688e+01 2.358471393585205078e+00 0.000000000000000000e+00
9.099394798278808594e+00 -6.768894195556640625e+00 0.000000000000000000e+00
-3.057446479797363281e+00 9.637372016906738281e+00 0.000000000000000000e+00
4.439915657043457031e+00 -8.624316215515136719e+00 0.000000000000000000e+00
-1.492844676971435547e+01 1.728432416915893555e+00 0.000000000000000000e+00
1.046587944030761719e+00 -5.925755977630615234e+00 0.000000000000000000e+00
-5.890687942504882812e+00 2.354813575744628906e+00 0.000000000000000000e+00
2.937807321548461914e+00 2.118717432022094727e+00 0.000000000000000000e+00
-2.907636165618896484e+00 -7.592000007629394531e+00 0.000000000000000000e+00
6.159110546112060547e+00 -1.109069633483886719e+01 0.000000000000000000e+00
-1.570229172706604004e+00 1.397152519226074219e+01 0.000000000000000000e+00
1.608165740966796875e+01 1.837097883224487305e+00 0.000000000000000000e+00
-1.050426197052001953e+01 9.211677551269531250e+00 0.000000000000000000e+00
1.429177570343017578e+01 -1.818408489227294922e+00 0.000000000000000000e+00
4.367080211639404297e+00 -6.974243640899658203e+00 0.000000000000000000e+00
-7.531038761138916016e+00 -1.329233455657958984e+01 0.000000000000000000e+00
9.425244927406311035e-01 -1.655203628540039062e+01 0.000000000000000000e+00
-2.609678745269775391e+00 -5.980218410491943359e+00 0.000000000000000000e+00
-1.267064571380615234e+01 -6.538846492767333984e+00 0.000000000000000000e+00
-1.675439715385437012e+00 -1.603885269165039062e+01 0.000000000000000000e+00
8.438613891601562500e+00 1.599828362464904785e+00 0.000000000000000000e+00
8.775735855102539062e+00 -1.161860752105712891e+01 0.000000000000000000e+00
-1.136860466003417969e+01 6.316330432891845703e+00 0.000000000000000000e+00
1.511555099487304688e+01 6.981791496276855469e+00 0.000000000000000000e+00
6.006085395812988281e+00 8.103626251220703125e+00 0.000000000000000000e+00
-1.517050504684448242e+00 7.631096363067626953e+00 0.000000000000000000e+00
-1.057292366027832031e+01 -4.373337268829345703e+00 0.000000000000000000e+00
1.023511028289794922e+01 1.131699275970458984e+01 0.000000000000000000e+00
4.312195777893066406e+00 6.371942520141601562e+00 0.000000000000000000e+00
-1.080915260314941406e+01 -1.052376079559326172e+01 0.000000000000000000e+00
5.613381862640380859e+00 1.619380569458007812e+01 0.000000000000000000e+00
-3.647334098815917969e+00 -9.666963577270507812e+00 0.000000000000000000e+00
1.252498030662536621e+00 1.439722061157226562e+01 0.000000000000000000e+00
-7.101566314697265625e+00 7.004922866821289062e+00 0.000000000000000000e+00
1.994249582290649414e+00 -4.497937202453613281e+00 0.000000000000000000e+00
-3.184836626052856445e+00 2.048874460160732269e-02 0.000000000000000000e+00
-1.079728889465332031e+01 -1.061698555946350098e+00 0.000000000000000000e+00
-4.213983058929443359e+00 1.381055259704589844e+01 0.000000000000000000e+00
2.584082365036010742e+00 1.454926878213882446e-01 0.000000000000000000e+00
2.197445154190063477e+00 1.613166809082031250e+01 0.000000000000000000e+00
1.103077793121337891e+01 9.717399597167968750e+00 0.000000000000000000e+00
1.036767196655273438e+01 6.472568511962890625e+00 0.000000000000000000e+00
1.409929275512695312e+01 1.031633090972900391e+01 0.000000000000000000e+00
-1.570655059814453125e+01 3.389748096466064453e+00 0.000000000000000000e+00
-5.579922795295715332e-01 2.879894733428955078e+00 0.000000000000000000e+00
-9.697244763374328613e-01 -1.607089281082153320e+00 0.000000000000000000e+00
9.851626396179199219e+00 1.009452342987060547e+00 0.000000000000000000e+00
8.030648529529571533e-02 1.275492000579833984e+01 0.000000000000000000e+00
-1.176666355133056641e+01 1.228596401214599609e+01 0.000000000000000000e+00
-9.665878295898437500e+00 -2.545292854309082031e+00 0.000000000000000000e+00
-1.195732712745666504e+00 5.432376861572265625e+00 0.000000000000000000e+00
-5.405678600072860718e-02 1.692049026489257812e+01 0.000000000000000000e+00
2.743107318878173828e+00 -7.112802028656005859e+00 0.000000000000000000e+00
-1.443197059631347656e+01 -5.171728134155273438e+00 0.000000000000000000e+00
1.398900747299194336e+00 7.851398468017578125e+00 0.000000000000000000e+00
-6.628164768218994141e+00 1.109768676757812500e+01 0.000000000000000000e+00
-2.593205690383911133e+00 1.761877536773681641e+00 0.000000000000000000e+00
5.195356011390686035e-01 4.352364063262939453e+00 0.000000000000000000e+00
-1.390427589416503906e+01 -2.858246803283691406e+00 0.000000000000000000e+00
1.632499313354492188e+01 -4.983677864074707031e+00 0.000000000000000000e+00
-6.689152717590332031e+00 -1.355773806571960449e-01 0.000000000000000000e+00
1.023293495178222656e+01 -1.460134983062744141e+00 0.000000000000000000e+00
7.017958641052246094e+00 1.693499237298965454e-01 0.000000000000000000e+00
6.650627613067626953e+00 -1.413104653358459473e+00 0.000000000000000000e+00
1.051351833343505859e+01 -1.378945827484130859e+01 0.000000000000000000e+00
7.919464111328125000e+00 1.237736225128173828e+01 0.000000000000000000e+00
-6.385279655456542969e+00 -5.557650566101074219e+00 0.000000000000000000e+00
6.527436733245849609e+00 1.006167507171630859e+01 0.000000000000000000e+00
-2.281487941741943359e+00 4.240260601043701172e+00 0.000000000000000000e+00
-7.044133186340332031e+00 8.523694038391113281e+00 0.000000000000000000e+00
1.227922439575195312e+01 1.198684406280517578e+01 0.000000000000000000e+00
-6.629164695739746094e+00 -3.589216709136962891e+00 0.000000000000000000e+00
1.246140289306640625e+01 -1.369814276695251465e+00 0.000000000000000000e+00
-8.548945426940917969e+00 1.260573577880859375e+01 0.000000000000000000e+00
4.016880035400390625e+00 -1.442289257049560547e+01 0.000000000000000000e+00
-8.762032508850097656e+00 3.035205304622650146e-01 0.000000000000000000e+00
-7.570119857788085938e+00 -1.119590282440185547e+01 0.000000000000000000e+00
-7.961755275726318359e+00 -5.299556732177734375e+00 0.000000000000000000e+00
1.184432220458984375e+01 -3.613521337509155273e+00 0.000000000000000000e+00
-3.806069374084472656e+00 1.218393707275390625e+01 0.000000000000000000e+00
5.534400463104248047e+00 -1.624357032775878906e+01 0.000000000000000000e+00
-1.606155014038085938e+01 -6.046346664428710938e+00 0.000000000000000000e+00
-1.266431522369384766e+01 -1.074744701385498047e+01 0.000000000000000000e+00
4.139105319976806641e+00 1.256620693206787109e+01 0.000000000000000000e+00
-4.465116500854492188e+00 8.376567840576171875e+00 0.000000000000000000e+00
-8.890884399414062500e+00 -1.034532451629638672e+01 0.000000000000000000e+00
2.966992378234863281e+00 7.360428333282470703e+00 0.000000000000000000e+00
-1.139107799530029297e+01 -8.580518722534179688e+00 0.000000000000000000e+00
-7.191251277923583984e+00 4.679287910461425781e+00 0.000000000000000000e+00
3.288556337356567383e+00 -5.411043167114257812e+00 0.000000000000000000e+00
6.315861344337463379e-01 -7.972357273101806641e+00 0.000000000000000000e+00
8.431680500507354736e-02 -9.634461402893066406e+00 0.000000000000000000e+00
-1.528100109100341797e+01 7.803024291992187500e+00 0.000000000000000000e+00
-1.606001281738281250e+01 6.337134838104248047e+00 0.000000000000000000e+00
1.947978138923645020e-01 -3.081871867179870605e-01 0.000000000000000000e+00
4.617450714111328125e+00 -1.248090267181396484e+01 0.000000000000000000e+00
-1.914529681205749512e+00 -1.192556953430175781e+01 0.000000000000000000e+00
9.045500755310058594e+00 -1.011915969848632812e+01 0.000000000000000000e+00
1.205966472625732422e+01 -6.613501071929931641e+00 0.000000000000000000e+00
-1.069853401184082031e+01 -1.261274051666259766e+01 0.000000000000000000e+00
-7.453082084655761719e+00 -1.625296235084533691e+00 0.000000000000000000e+00
-3.643959760665893555e+00 -1.701214027404785156e+01 0.000000000000000000e+00
-7.644130229949951172e+00 -8.682260513305664062e+00 0.000000000000000000e+00
-6.227540969848632812e+00 1.627857017517089844e+01 0.000000000000000000e+00
-4.251674175262451172e+00 2.931127786636352539e+00 0.000000000000000000e+00
-1.296442127227783203e+01 -9.218264222145080566e-01 0.000000000000000000e+00
1.687889099121093750e+01 3.348657369613647461e+00 0.000000000000000000e+00
-7.406274318695068359e+00 2.396645784378051758e+00 0.000000000000000000e+00
8.048163354396820068e-02 -1.343719673156738281e+01 0.000000000000000000e+00
1.920382976531982422e+00 -1.472245407104492188e+01 0.000000000000000000e+00
1.146312117576599121e+00 6.056505680084228516e+00 0.000000000000000000e+00
5.770028382539749146e-02 1.020850181579589844e+01 0.000000000000000000e+00
-5.276741504669189453e+00 -1.008016395568847656e+01 0.000000000000000000e+00
-3.677181959152221680e+00 -1.279959106445312500e+01 0.000000000000000000e+00
1.886534452438354492e+00 -1.176671791076660156e+01 0.000000000000000000e+00
-2.914379119873046875e+00 6.107439994812011719e+00 0.000000000000000000e+00
9.308165550231933594e+00 -4.655406475067138672e+00 0.000000000000000000e+00
1.201570701599121094e+01 3.912247657775878906e+00 0.000000000000000000e+00
7.015993595123291016e+00 1.463337135314941406e+01 0.000000000000000000e+00
9.791007995605468750e+00 -8.504481315612792969e+00 0.000000000000000000e+00
2.526523351669311523e+00 1.301597309112548828e+01 0.000000000000000000e+00
-5.842516899108886719e+00 -1.700460910797119141e+00 0.000000000000000000e+00
2.965235710144042969e+00 -3.232110977172851562e+00 0.000000000000000000e+00
2.455572843551635742e+00 4.204350471496582031e+00 0.000000000000000000e+00
1.445072174072265625e+01 -9.654977798461914062e+00 0.000000000000000000e+00
4.277569770812988281e+00 1.193598151206970215e+00 0.000000000000000000e+00
1.499240398406982422e+01 -7.606758177280426025e-02 0.000000000000000000e+00
1.152445983886718750e+01 7.923808574676513672e+00 0.000000000000000000e+00
1.478494930267333984e+01 8.640737533569335938e+00 0.000000000000000000e+00
-1.619069099426269531e+01 4.821336746215820312e+00 0.000000000000000000e+00
-4.617886543273925781e+00 1.627553367614746094e+01 0.000000000000000000e+00
-1.353533458709716797e+01 7.563885450363159180e-01 0.000000000000000000e+00
1.371531200408935547e+01 5.909476280212402344e+00 0.000000000000000000e+00
6.304373741149902344e+00 -7.231784343719482422e+00 0.000000000000000000e+00
-9.818593978881835938e+00 1.422762870788574219e+01 0.000000000000000000e+00
8.869099617004394531e+00 -2.162833452224731445e+00 0.000000000000000000e+00
-1.065214252471923828e+01 -5.998478889465332031e+00 0.000000000000000000e+00
2.988373517990112305e+00 -1.617714118957519531e+01 0.000000000000000000e+00
-4.830509662628173828e+00 -8.330648422241210938e+00 0.000000000000000000e+00
-1.595585495233535767e-01 -1.151988410949707031e+01 0.000000000000000000e+00
-1.314929580688476562e+01 -8.142939567565917969e+00 0.000000000000000000e+00
4.272827625274658203e+00 2.841897010803222656e+00 0.000000000000000000e+00
-4.326713085174560547e+00 1.232761144638061523e+00 0.000000000000000000e+00
3.085265636444091797e+00 -1.307716464996337891e+01 0.000000000000000000e+00
-5.251436233520507812e+00 -1.537780570983886719e+01 0.000000000000000000e+00
-1.346244049072265625e+01 4.743744850158691406e+00 0.000000000000000000e+00
7.915307998657226562e+00 -1.295934391021728516e+01 0.000000000000000000e+00
1.065526771545410156e+01 -9.785123825073242188e+00 0.000000000000000000e+00
-6.014645576477050781e+00 9.643066406250000000e+00 0.000000000000000000e+00
7.547419071197509766e+00 -8.139670372009277344e+00 0.000000000000000000e+00
8.923543930053710938e+00 1.449356174468994141e+01 0.000000000000000000e+00
-9.402481079101562500e+00 5.486106395721435547e+00 0.000000000000000000e+00
3.563437461853027344e+00 1.712605285644531250e+01 0.000000000000000000e+00
-1.659145927429199219e+01 2.114641427993774414e+00 0.000000000000000000e+00
-3.248105049133300781e+00 1.700617408752441406e+01 0.000000000000000000e+00
7.980704784393310547e+00 1.053023624420166016e+01 0.000000000000000000e+00
-5.893957614898681641e-01 1.041450500488281250e+00 0.000000000000000000e+00
1.599860000610351562e+01 5.210018634796142578e+00 0.000000000000000000e+00
1.719614410400390625e+01 -2.942918062210083008e+00 0.000000000000000000e+00
5.991953372955322266e+00 -8.979236602783203125e+00 0.000000000000000000e+00
-1.245062112808227539e+00 9.411530494689941406e+00 0.000000000000000000e+00
-4.744510173797607422e+00 1.100882053375244141e+01 0.000000000000000000e+00
-1.556617450714111328e+01 -3.943868875503540039e+00 0.000000000000000000e+00
-8.094195365905761719e+00 -3.130448579788208008e+00 0.000000000000000000e+00
1.270580959320068359e+01 2.559648275375366211e+00 0.000000000000000000e+00
-1.743363952636718750e+01 -3.570789992809295654e-01 0.000000000000000000e+00
-4.726959705352783203e+00 -5.001175880432128906e+00 0.000000000000000000e+00
6.063010692596435547e+00 6.126644134521484375e+00 0.000000000000000000e+00
-1.131488800048828125e+01 1.049715232849121094e+01 0.000000000000000000e+00
-6.220824241638183594e+00 1.258403587341308594e+01 0.000000000000000000e+00
-5.942218303680419922e+00 5.887199878692626953e+00 0.000000000000000000e+00
8.256352424621582031e+00 -7.110082507133483887e-01 0.000000000000000000e+00
1.328546333312988281e+01 -7.860171794891357422e+00 0.000000000000000000e+00
8.220323562622070312e+00 4.514908790588378906e+00 0.000000000000000000e+00
-1.084196805953979492e+00 -5.859754562377929688e+00 0.000000000000000000e+00
-2.106487512588500977e+00 -9.519502639770507812e+00 0.000000000000000000e+00
4.426888465881347656e+00 -4.165593147277832031e+00 0.000000000000000000e+00
