9.862852898994788120e+00 8.667938424693309329e+00 2.798982137797167979e-04
1.243766844000169769e+01 4.207067496932348938e+00 4.929616868754038705e-04
2.828281362146774836e+00 1.055297085189319617e+01 -4.576137942837732453e-04
5.403217524003821381e+00 6.093494860379513156e+00 -4.554993193073286761e-05
7.978033031952936227e+00 1.632020854525254361e+00 -6.301685937816214889e-04
1.055284860601551067e+01 -2.828246995329730673e+00 3.805759883492854101e-04
-4.207401566823952166e+00 1.243790972701015640e+01 1.292822480527533457e-04
-1.632465438024669702e+00 7.977830657964835481e+00 -2.563352816431496706e-04
9.434625539911839498e-01 3.518259342871901563e+00 2.277554803886694401e-04
3.518278061998056927e+00 -9.432146635495703979e-01 -3.568639201646517378e-04
6.093213230966785687e+00 -5.402690559076312127e+00 5.512858134126830123e-05
8.668149359823827282e+00 -9.862769628688848655e+00 -3.304896870561790934e-04
-8.668148366995428233e+00 9.862769532520136551e+00 3.305600177938572415e-04
-6.093213230968915539e+00 5.402690558888989081e+00 -5.512960725351234714e-05
-3.518278062000218309e+00 9.432146628005866340e-01 3.568621513533321021e-04
-9.434625539933138016e-01 -3.518259343059225497e+00 -2.277565063009134860e-04
1.632466430853100281e+00 -7.977830753571886646e+00 2.564063552799034085e-04
4.207401566821792116e+00 -1.243790972775914128e+01 -1.292840168636288922e-04
-1.055284860601767249e+01 2.828246994580746687e+00 -3.805777571608270904e-04
-7.978033032010786840e+00 -1.632020855643020685e+00 6.301671037863831870e-04
-5.403216531175422332e+00 -6.093494956548223485e+00 4.562026266796692653e-05
-2.828281362204625893e+00 -1.055297085301096160e+01 4.576123042880908542e-04
-1.243766744717326844e+01 -4.207067592539399215e+00 -4.928906132390942219e-04
-9.862851906166389071e+00 -8.667938520862019658e+00 -2.798278830420386498e-04
