-2.403208759684067886e+00 -1.120641627541010710e+00
-1.975686382303048827e+00 5.397516820068215537e-02
-1.548164004922029768e+00 1.228591963942375020e+00
-1.120641627541010710e+00 2.403208759684067886e+00
-1.228591963942375020e+00 -1.548164004922029768e+00
-8.010695865613559619e-01 -3.735472091803369032e-01
-3.735472091803369032e-01 8.010695865613559619e-01
5.397516820068215537e-02 1.975686382303048827e+00
-5.397516820068215537e-02 -1.975686382303048827e+00
3.735472091803369032e-01 -8.010695865613559619e-01
8.010695865613559619e-01 3.735472091803369032e-01
1.228591963942375020e+00 1.548164004922029768e+00
1.120641627541010710e+00 -2.403208759684067886e+00
1.548164004922029768e+00 -1.228591963942375020e+00
1.975686382303048827e+00 -5.397516820068215537e-02
2.403208759684067886e+00 1.120641627541010710e+00
