-2.602976283951138115e+00 -5.057316137912724052e-01
-1.903894727231183026e+00 5.305043521228645087e-01
-1.204813170511227494e+00 1.566740318037001201e+00
-5.057316137912724052e-01 2.602976283951138115e+00
-1.566740318037001201e+00 -1.204813170511227494e+00
-8.676587613170460012e-01 -1.685772045970906907e-01
-1.685772045970906907e-01 8.676587613170460012e-01
5.305043521228645087e-01 1.903894727231183026e+00
-5.305043521228645087e-01 -1.903894727231183026e+00
1.685772045970906907e-01 -8.676587613170460012e-01
8.676587613170460012e-01 1.685772045970906907e-01
1.566740318037001201e+00 1.204813170511227494e+00
5.057316137912724052e-01 -2.602976283951138115e+00
1.204813170511227494e+00 -1.566740318037001201e+00
1.903894727231183026e+00 -5.305043521228645087e-01
2.602976283951138115e+00 5.057316137912724052e-01
