3.401832818984985352e+00 7.726948738098144531e+00 0.000000000000000000e+00
1.085816287994384766e+01 5.203613758087158203e+00 0.000000000000000000e+00
-8.012675642967224121e-01 -9.536575317382812500e+00 0.000000000000000000e+00
-1.575075912475585938e+01 -7.226242542266845703e+00 0.000000000000000000e+00
9.088127136230468750e+00 7.577277183532714844e+00 0.000000000000000000e+00
-2.218846559524536133e+00 -1.300618553161621094e+01 0.000000000000000000e+00
8.095692634582519531e+00 -7.976402759552001953e+00 0.000000000000000000e+00
-1.055353450775146484e+01 -4.303796768188476562e+00 0.000000000000000000e+00
-1.654674148559570312e+01 -1.867855906486511230e+00 0.000000000000000000e+00
-1.344901275634765625e+01 -1.141436457633972168e+00 0.000000000000000000e+00
4.676191329956054688e+00 -9.001129150390625000e+00 0.000000000000000000e+00
-9.298952102661132812e+00 -1.097053527832031250e+01 0.000000000000000000e+00
1.354733848571777344e+01 -1.009537982940673828e+01 0.000000000000000000e+00
-4.448028087615966797e+00 -9.179839134216308594e+00 0.000000000000000000e+00
1.639728248119354248e-02 1.654927444458007812e+01 0.000000000000000000e+00
-7.131000995635986328e+00 5.224806308746337891e+00 0.000000000000000000e+00
1.303772735595703125e+01 -5.898955821990966797e+00 0.000000000000000000e+00
-1.181255578994750977e+00 8.062136650085449219e+00 0.000000000000000000e+00
1.310974693298339844e+01 4.929577350616455078e+00 0.000000000000000000e+00
-1.961053349077701569e-02 1.439503288269042969e+01 0.000000000000000000e+00
-4.954948425292968750e+00 1.061052322387695312e+01 0.000000000000000000e+00
1.474958896636962891e+01 5.441390514373779297e+00 0.000000000000000000e+00
5.354727506637573242e-01 -1.666558647155761719e+01 0.000000000000000000e+00
-3.095124959945678711e+00 -1.522350120544433594e+01 0.000000000000000000e+00
-1.075337696075439453e+01 -7.918817520141601562e+00 0.000000000000000000e+00
-1.190570592880249023e+00 -1.153554916381835938e+01 0.000000000000000000e+00
2.224762916564941406e+00 -2.515186071395874023e-01 0.000000000000000000e+00
4.997781276702880859e+00 -1.208405852317810059e+00 0.000000000000000000e+00
-1.405611133575439453e+01 1.501222372055053711e+00 0.000000000000000000e+00
-1.219411754608154297e+01 -4.537250041961669922e+00 0.000000000000000000e+00
7.950790882110595703e+00 8.948890686035156250e+00 0.000000000000000000e+00
-1.450994491577148438e+01 5.994422912597656250e+00 0.000000000000000000e+00
1.241052818298339844e+01 9.521733283996582031e+00 0.000000000000000000e+00
1.068406295776367188e+01 9.910388946533203125e+00 0.000000000000000000e+00
5.558510780334472656e+00 1.321537208557128906e+01 0.000000000000000000e+00
-3.237356662750244141e+00 3.764470100402832031e+00 0.000000000000000000e+00
6.369253635406494141e+00 1.558013796806335449e+00 0.000000000000000000e+00
-1.045644664764404297e+01 6.597174167633056641e+00 0.000000000000000000e+00
-1.595556545257568359e+01 1.627760678529739380e-01 0.000000000000000000e+00
1.404630756378173828e+01 -1.903522014617919922e-01 0.000000000000000000e+00
-1.192293357849121094e+01 7.381081581115722656e+00 0.000000000000000000e+00
1.421963214874267578e+00 -4.303256034851074219e+00 0.000000000000000000e+00
-1.174662494659423828e+01 -1.211387157440185547e+01 0.000000000000000000e+00
-1.043927288055419922e+01 2.301308870315551758e+00 0.000000000000000000e+00
-1.433315467834472656e+01 9.174690246582031250e+00 0.000000000000000000e+00
-1.292928504943847656e+01 -1.115110778808593750e+01 0.000000000000000000e+00
7.796068191528320312e-01 1.268941783905029297e+01 0.000000000000000000e+00
1.628953361511230469e+01 -2.581213235855102539e+00 0.000000000000000000e+00
1.117691636085510254e+00 3.740445613861083984e+00 0.000000000000000000e+00
1.471775722503662109e+01 1.370538234710693359e+00 0.000000000000000000e+00
3.602676987648010254e-01 7.640109539031982422e+00 0.000000000000000000e+00
-6.909577369689941406e+00 -3.988676786422729492e+00 0.000000000000000000e+00
8.935382843017578125e+00 -9.691471099853515625e+00 0.000000000000000000e+00
-1.084852123260498047e+01 1.248985862731933594e+01 0.000000000000000000e+00
1.368763828277587891e+01 3.447030544281005859e+00 0.000000000000000000e+00
7.705334663391113281e+00 -1.303334331512451172e+01 0.000000000000000000e+00
1.237795162200927734e+01 7.165695667266845703e+00 0.000000000000000000e+00
-9.062972068786621094e+00 5.357997417449951172e-01 0.000000000000000000e+00
-6.868535518646240234e+00 -7.884888172149658203e+00 0.000000000000000000e+00
6.529288291931152344e+00 6.748618602752685547e+00 0.000000000000000000e+00
-7.246591091156005859e+00 -1.154272556304931641e+01 0.000000000000000000e+00
3.572746753692626953e+00 4.330521106719970703e+00 0.000000000000000000e+00
-5.215411663055419922e+00 -4.254646778106689453e+00 0.000000000000000000e+00
-6.984662532806396484e+00 1.409206676483154297e+01 0.000000000000000000e+00
-5.287199020385742188e+00 1.552874743938446045e-01 0.000000000000000000e+00
-6.158676147460937500e+00 1.182824325561523438e+01 0.000000000000000000e+00
6.579738616943359375e+00 -3.729165196418762207e-01 0.000000000000000000e+00
-1.225007343292236328e+01 3.405642271041870117e+00 0.000000000000000000e+00
-5.558641910552978516e+00 -1.623436355590820312e+01 0.000000000000000000e+00
-1.113964176177978516e+01 -1.060749721527099609e+01 0.000000000000000000e+00
1.073219585418701172e+01 -7.367410659790039062e+00 0.000000000000000000e+00
-3.729555845260620117e+00 9.097395896911621094e+00 0.000000000000000000e+00
-4.518441677093505859e+00 -5.832274913787841797e+00 0.000000000000000000e+00
6.975924491882324219e+00 -4.622876167297363281e+00 0.000000000000000000e+00
-7.631089210510253906e+00 -1.569988441467285156e+01 0.000000000000000000e+00
-1.573348712921142578e+01 4.180880546569824219e+00 0.000000000000000000e+00
-1.643851089477539062e+01 -5.568470001220703125e+00 0.000000000000000000e+00
8.640662193298339844e+00 -3.907958030700683594e+00 0.000000000000000000e+00
-1.274149036407470703e+01 -9.579743385314941406e+00 0.000000000000000000e+00
-2.266536474227905273e+00 3.575566709041595459e-01 0.000000000000000000e+00
-5.047690391540527344e+00 -7.312934398651123047e+00 0.000000000000000000e+00
5.005986690521240234e+00 6.838324546813964844e+00 0.000000000000000000e+00
8.583812713623046875e+00 1.501603317260742188e+01 0.000000000000000000e+00
1.194942378997802734e+01 -3.475928068161010742e+00 0.000000000000000000e+00
3.025988340377807617e+00 -7.103888034820556641e+00 0.000000000000000000e+00
-7.328264713287353516e+00 -1.617728352546691895e+00 0.000000000000000000e+00
-3.706553936004638672e+00 2.293977499008178711e+00 0.000000000000000000e+00
-7.569787025451660156e+00 9.813460350036621094e+00 0.000000000000000000e+00
7.149216175079345703e+00 -1.540931701660156250e+01 0.000000000000000000e+00
1.262357902526855469e+01 1.184393024444580078e+01 0.000000000000000000e+00
4.825028419494628906e+00 1.465467548370361328e+01 0.000000000000000000e+00
4.452238559722900391e+00 -1.076173877716064453e+01 0.000000000000000000e+00
1.613437652587890625e+01 1.922260999679565430e+00 0.000000000000000000e+00
1.084419250488281250e+01 -9.421401977539062500e+00 0.000000000000000000e+00
1.013978004455566406e+00 -1.354866981506347656e+01 0.000000000000000000e+00
-1.520442008972167969e+01 2.563476324081420898e+00 0.000000000000000000e+00
-1.328212356567382812e+01 1.075408935546875000e+01 0.000000000000000000e+00
-1.471599102020263672e+01 -4.235953330993652344e+00 0.000000000000000000e+00
-9.145587921142578125e+00 -1.368660163879394531e+01 0.000000000000000000e+00
-1.660779953002929688e+00 1.150104141235351562e+01 0.000000000000000000e+00
4.040231227874755859e+00 -1.400899124145507812e+01 0.000000000000000000e+00
9.674332618713378906e+00 1.275886249542236328e+01 0.000000000000000000e+00
1.986143179237842560e-02 2.170883178710937500e+00 0.000000000000000000e+00
1.072149276733398438e+01 -5.728187561035156250e+00 0.000000000000000000e+00
-8.901219367980957031e+00 5.259013175964355469e+00 0.000000000000000000e+00
2.383524417877197266e+00 9.325043678283691406e+00 0.000000000000000000e+00
2.237843990325927734e+00 1.207691669464111328e+01 0.000000000000000000e+00
1.368535518646240234e+00 -1.091081333160400391e+01 0.000000000000000000e+00
9.400021553039550781e+00 -1.290512752532958984e+01 0.000000000000000000e+00
8.231603354215621948e-02 -4.400603771209716797e-01 0.000000000000000000e+00
1.147513961791992188e+01 1.316816711425781250e+01 0.000000000000000000e+00
-3.297298192977905273e+00 -3.929448843002319336e+00 0.000000000000000000e+00
-7.193345546722412109e+00 1.350849390029907227e+00 0.000000000000000000e+00
9.286704063415527344e+00 8.101412057876586914e-01 0.000000000000000000e+00
9.508048057556152344e+00 2.825314760208129883e+00 0.000000000000000000e+00
-9.017507433891296387e-01 -5.789545059204101562e+00 0.000000000000000000e+00
1.778456717729568481e-01 -2.895971536636352539e+00 0.000000000000000000e+00
6.332965850830078125e+00 -2.279387950897216797e+00 0.000000000000000000e+00
-1.203609466552734375e+01 9.460567474365234375e+00 0.000000000000000000e+00
-3.394621908664703369e-01 1.052559661865234375e+01 0.000000000000000000e+00
1.551903438568115234e+01 -6.894212722778320312e+00 0.000000000000000000e+00
9.095965385437011719e+00 4.688885211944580078e+00 0.000000000000000000e+00
-2.149323463439941406e+00 -7.109890937805175781e+00 0.000000000000000000e+00
1.026365375518798828e+01 -2.577100038528442383e+00 0.000000000000000000e+00
-9.414463043212890625e+00 1.140791225433349609e+01 0.000000000000000000e+00
5.565708637237548828e+00 4.145740985870361328e+00 0.000000000000000000e+00
1.555684089660644531e+00 -9.063732147216796875e+00 0.000000000000000000e+00
-6.062158107757568359e+00 7.328702926635742188e+00 0.000000000000000000e+00
-9.172593116760253906e+00 1.409220218658447266e+01 0.000000000000000000e+00
3.910352706909179688e+00 1.552977681159973145e+00 0.000000000000000000e+00
-1.378841495513916016e+01 4.678527832031250000e+00 0.000000000000000000e+00
7.640316486358642578e+00 1.175151443481445312e+01 0.000000000000000000e+00
-8.614563941955566406e+00 -4.628048419952392578e+00 0.000000000000000000e+00
7.514704465866088867e-01 -6.718581676483154297e+00 0.000000000000000000e+00
-6.210292339324951172e+00 -1.335069561004638672e+01 0.000000000000000000e+00
-1.050021076202392578e+01 3.954992532730102539e+00 0.000000000000000000e+00
3.680495262145996094e+00 -3.405700683593750000e+00 0.000000000000000000e+00
-8.773925781250000000e+00 -6.204808712005615234e+00 0.000000000000000000e+00
1.676651000976562500e+01 4.186841964721679688e+00 0.000000000000000000e+00
1.366658568382263184e+00 1.427786469459533691e+00 0.000000000000000000e+00
3.328013420104980469e+00 -1.180734062194824219e+01 0.000000000000000000e+00
-5.359844684600830078e+00 5.257165908813476562e+00 0.000000000000000000e+00
-3.828089237213134766e+00 -6.977852582931518555e-01 0.000000000000000000e+00
8.854726791381835938e+00 -1.125712299346923828e+01 0.000000000000000000e+00
-1.423027229309082031e+01 -7.264099121093750000e+00 0.000000000000000000e+00
1.752100825309753418e+00 6.463209629058837891e+00 0.000000000000000000e+00
-3.777827501296997070e+00 5.731417179107666016e+00 0.000000000000000000e+00
-2.957399368286132812e+00 1.040815925598144531e+01 0.000000000000000000e+00
-7.569361329078674316e-01 -1.366226482391357422e+01 0.000000000000000000e+00
1.169451141357421875e+01 2.977355241775512695e+00 0.000000000000000000e+00
1.519028759002685547e+01 7.826916217803955078e+00 0.000000000000000000e+00
6.460550308227539062e+00 8.395597457885742188e+00 0.000000000000000000e+00
-6.546867847442626953e+00 3.705766201019287109e+00 0.000000000000000000e+00
-4.340642929077148438e+00 -1.386768150329589844e+01 0.000000000000000000e+00
1.350201606750488281e+01 -1.885014653205871582e+00 0.000000000000000000e+00
-7.872637748718261719e+00 1.153181266784667969e+01 0.000000000000000000e+00
7.019173145294189453e+00 1.463341999053955078e+01 0.000000000000000000e+00
5.543268203735351562e+00 -6.737782478332519531e+00 0.000000000000000000e+00
1.588595867156982422e+01 -4.179754734039306641e+00 0.000000000000000000e+00
6.159931421279907227e-02 5.605658531188964844e+00 0.000000000000000000e+00
-1.650350451469421387e+00 5.396123409271240234e+00 0.000000000000000000e+00
-8.765786170959472656e+00 -3.008870601654052734e+00 0.000000000000000000e+00
1.204850769042968750e+01 -2.211840003728866577e-01 0.000000000000000000e+00
-1.322659397125244141e+01 -5.938322067260742188e+00 0.000000000000000000e+00
-1.581898927688598633e+00 2.803506612777709961e+00 0.000000000000000000e+00
-5.237773895263671875e+00 1.308487510681152344e+01 0.000000000000000000e+00
1.425916099548339844e+01 -4.101029396057128906e+00 0.000000000000000000e+00
8.453787565231323242e-01 9.488460540771484375e+00 0.000000000000000000e+00
-1.099565601348876953e+01 3.046973645687103271e-01 0.000000000000000000e+00
-4.486467838287353516e+00 -1.230978679656982422e+01 0.000000000000000000e+00
1.445338630676269531e+01 9.526542663574218750e+00 0.000000000000000000e+00
6.295518398284912109e+00 -1.048590850830078125e+01 0.000000000000000000e+00
1.579057025909423828e+01 -3.544613122940063477e-01 0.000000000000000000e+00
-1.697877168655395508e+00 -2.930927038192749023e+00 0.000000000000000000e+00
-1.277125167846679688e+01 -2.830668687820434570e+00 0.000000000000000000e+00
-1.689077186584472656e+01 1.726323366165161133e+00 0.000000000000000000e+00
-7.884366989135742188e+00 -1.005912208557128906e+01 0.000000000000000000e+00
-1.029650497436523438e+01 -1.696205496788024902e+00 0.000000000000000000e+00
7.574658870697021484e+00 3.911959886550903320e+00 0.000000000000000000e+00
5.005028247833251953e+00 1.164610767364501953e+01 0.000000000000000000e+00
-8.573628425598144531e+00 6.770953178405761719e+00 0.000000000000000000e+00
3.071464538574218750e+00 1.452229881286621094e+01 0.000000000000000000e+00
-3.617562532424926758e+00 1.693460845947265625e+01 0.000000000000000000e+00
-1.132942962646484375e+01 -5.811856269836425781e+00 0.000000000000000000e+00
1.609367132186889648e+00 1.401656246185302734e+01 0.000000000000000000e+00
-3.721895456314086914e+00 -1.659829902648925781e+01 0.000000000000000000e+00
-1.636279678344726562e+01 6.125485420227050781e+00 0.000000000000000000e+00
3.788432598114013672e+00 -5.289217948913574219e+00 0.000000000000000000e+00
1.767089486122131348e+00 -2.679221868515014648e+00 0.000000000000000000e+00
1.351495456695556641e+01 -8.419599533081054688e+00 0.000000000000000000e+00
-2.786015748977661133e+00 1.519534015655517578e+01 0.000000000000000000e+00
7.926671981811523438e+00 6.138128757476806641e+00 0.000000000000000000e+00
6.304938793182373047e+00 -8.778951644897460938e+00 0.000000000000000000e+00
6.702528476715087891e+00 9.890203475952148438e+00 0.000000000000000000e+00
-1.035504627227783203e+01 8.788798332214355469e+00 0.000000000000000000e+00
-1.165615797042846680e+00 -1.656168746948242188e+01 0.000000000000000000e+00
5.753769874572753906e+00 -1.630281639099121094e+01 0.000000000000000000e+00
-6.206076145172119141e+00 -6.226187705993652344e+00 0.000000000000000000e+00
-9.521083831787109375e+00 -9.128204345703125000e+00 0.000000000000000000e+00
-6.021954059600830078e+00 -2.387697219848632812e+00 0.000000000000000000e+00
-4.930645465850830078e+00 1.508920764923095703e+01 0.000000000000000000e+00
-2.438030004501342773e+00 1.281749248504638672e+01 0.000000000000000000e+00
1.533299255371093750e+01 3.519824981689453125e+00 0.000000000000000000e+00
1.056491088867187500e+01 -1.186972045898437500e+01 0.000000000000000000e+00
8.636439323425292969e+00 -7.435335516929626465e-01 0.000000000000000000e+00
3.411439418792724609e+00 -1.676202583312988281e+01 0.000000000000000000e+00
5.619884014129638672e+00 -3.848477840423583984e+00 0.000000000000000000e+00
9.098194122314453125e+00 -1.459793186187744141e+01 0.000000000000000000e+00
-3.843810558319091797e+00 -2.405659437179565430e+00 0.000000000000000000e+00
2.275048017501831055e+00 1.661849212646484375e+01 0.000000000000000000e+00
8.822199821472167969e+00 -5.845985412597656250e+00 0.000000000000000000e+00
8.003128051757812500e+00 2.420184850692749023e+00 0.000000000000000000e+00
-8.879168510437011719e+00 2.490093231201171875e+00 0.000000000000000000e+00
5.787635803222656250e+00 -1.257692432403564453e+01 0.000000000000000000e+00
-2.113175153732299805e+00 -1.298145890235900879e+00 0.000000000000000000e+00
2.147900581359863281e+00 -1.578430461883544922e+01 0.000000000000000000e+00
-7.311720252037048340e-01 1.284251308441162109e+01 0.000000000000000000e+00
-3.152266979217529297e+00 -1.039642715454101562e+01 0.000000000000000000e+00
7.975334644317626953e+00 -2.475485563278198242e+00 0.000000000000000000e+00
3.151310682296752930e+00 -1.782528400421142578e+00 0.000000000000000000e+00
-5.707577705383300781e+00 9.267317771911621094e+00 0.000000000000000000e+00
1.642619323730468750e+01 -5.672342300415039062e+00 0.000000000000000000e+00
4.028104305267333984e+00 1.033218383789062500e+01 0.000000000000000000e+00
-5.555492043495178223e-01 -8.013998985290527344e+00 0.000000000000000000e+00
-3.741075694561004639e-01 -1.523119354248046875e+01 0.000000000000000000e+00
1.044362831115722656e+01 -2.890820801258087158e-01 0.000000000000000000e+00
5.804420471191406250e+00 1.624118423461914062e+01 0.000000000000000000e+00
-5.592328071594238281e+00 2.442870855331420898e+00 0.000000000000000000e+00
-8.340901374816894531e+00 8.366104125976562500e+00 0.000000000000000000e+00
-5.784901142120361328e+00 -9.953011512756347656e+00 0.000000000000000000e+00
-1.185550498962402344e+01 5.461700916290283203e+00 0.000000000000000000e+00
7.790653228759765625e+00 5.844306945800781250e-01 0.000000000000000000e+00
3.357478618621826172e+00 5.913548469543457031e+00 0.000000000000000000e+00
-1.663459420204162598e+00 1.626531791687011719e+01 0.000000000000000000e+00
-6.463212490081787109e+00 1.589037799835205078e+01 0.000000000000000000e+00
1.129851531982421875e+01 8.427268981933593750e+00 0.000000000000000000e+00
1.176771354675292969e+01 1.262628197669982910e+00 0.000000000000000000e+00
-4.395008563995361328e+00 7.391694545745849609e+00 0.000000000000000000e+00
3.988598108291625977e+00 1.606969070434570312e+01 0.000000000000000000e+00
1.052862644195556641e+01 6.862978458404541016e+00 0.000000000000000000e+00
-2.766361951828002930e+00 7.522983551025390625e+00 0.000000000000000000e+00
2.639728069305419922e+00 2.603572845458984375e+00 0.000000000000000000e+00
1.735727119445800781e+01 -3.004878461360931396e-01 0.000000000000000000e+00
4.558485507965087891e+00 8.856294631958007812e+00 0.000000000000000000e+00
-1.239783382415771484e+01 1.063055753707885742e+00 0.000000000000000000e+00
-1.184374141693115234e+01 -1.578691959381103516e+00 0.000000000000000000e+00
-1.505293464660644531e+01 -2.122338294982910156e+00 0.000000000000000000e+00
-1.643868637084960938e+01 -3.600704669952392578e+00 0.000000000000000000e+00
-3.820637941360473633e+00 1.177196216583251953e+01 0.000000000000000000e+00
-1.111293697357177734e+01 1.081477165222167969e+01 0.000000000000000000e+00
4.493431091308593750e+00 -1.547005748748779297e+01 0.000000000000000000e+00
-2.262985944747924805e+00 -8.616630554199218750e+00 0.000000000000000000e+00
-2.941116809844970703e+00 -5.477083683013916016e+00 0.000000000000000000e+00
1.226756381988525391e+01 -1.184729385375976562e+01 0.000000000000000000e+00
2.504613161087036133e+00 -1.410588932037353516e+01 0.000000000000000000e+00
1.317426776885986328e+01 1.897257447242736816e+00 0.000000000000000000e+00
