-1.200778579711914062e+01 -6.340909481048583984e+00 0.000000000000000000e+00
4.761971950531005859e+00 1.225395488739013672e+01 0.000000000000000000e+00
-6.523494243621826172e+00 -5.152849674224853516e+00 0.000000000000000000e+00
-3.542466402053833008e+00 1.511362552642822266e+00 0.000000000000000000e+00
1.197464275360107422e+01 -5.336604118347167969e-01 0.000000000000000000e+00
-2.925436019897460938e+00 -2.279043436050415039e+00 0.000000000000000000e+00
4.138697087764739990e-01 1.066334342956542969e+01 0.000000000000000000e+00
-1.176789760589599609e+01 -1.291726589202880859e+01 0.000000000000000000e+00
1.536658096313476562e+01 -4.431917190551757812e+00 0.000000000000000000e+00
-1.347907161712646484e+01 -8.997373580932617188e+00 0.000000000000000000e+00
-8.987620353698730469e+00 1.500245857238769531e+01 0.000000000000000000e+00
-4.116714954376220703e+00 -4.418580532073974609e+00 0.000000000000000000e+00
-9.358849525451660156e+00 -2.001065909862518311e-01 0.000000000000000000e+00
-9.922615051269531250e+00 -1.095944118499755859e+01 0.000000000000000000e+00
-1.358238309621810913e-01 5.336884021759033203e+00 0.000000000000000000e+00
1.068288326263427734e+01 -2.688086509704589844e+00 0.000000000000000000e+00
-4.254880249500274658e-01 -1.950752258300781250e+00 0.000000000000000000e+00
-7.838024139404296875e+00 -8.356262207031250000e+00 0.000000000000000000e+00
-1.023222255706787109e+01 -7.073488235473632812e+00 0.000000000000000000e+00
-1.764676690101623535e+00 7.717483997344970703e+00 0.000000000000000000e+00
-5.140846729278564453e+00 1.230199623107910156e+01 0.000000000000000000e+00
2.142819643020629883e+00 1.233328914642333984e+01 0.000000000000000000e+00
-4.196067333221435547e+00 -1.631308937072753906e+01 0.000000000000000000e+00
1.475157737731933594e+00 9.595420837402343750e+00 0.000000000000000000e+00
3.759589433670043945e+00 -1.304377841949462891e+01 0.000000000000000000e+00
-9.235697746276855469e+00 1.151665496826171875e+01 0.000000000000000000e+00
6.179433822631835938e+00 -1.300235843658447266e+01 0.000000000000000000e+00
-3.753650903701782227e+00 1.427409744262695312e+01 0.000000000000000000e+00
-6.020959377288818359e+00 1.427358913421630859e+01 0.000000000000000000e+00
3.431929588317871094e+00 -9.373102188110351562e-01 0.000000000000000000e+00
1.329616165161132812e+01 -1.041653728485107422e+01 0.000000000000000000e+00
-6.090152263641357422e+00 -1.450697517395019531e+01 0.000000000000000000e+00
-1.166113948822021484e+01 1.151487922668457031e+01 0.000000000000000000e+00
6.328740596771240234e+00 -5.783174037933349609e+00 0.000000000000000000e+00
1.491638660430908203e+00 1.577785491943359375e+01 0.000000000000000000e+00
-8.355847358703613281e+00 -4.067502975463867188e+00 0.000000000000000000e+00
1.611321449279785156e+00 -1.018380928039550781e+01 0.000000000000000000e+00
-5.422426223754882812e+00 5.363265514373779297e+00 0.000000000000000000e+00
5.313930034637451172e+00 -2.038621664047241211e+00 0.000000000000000000e+00
-1.717629313468933105e+00 -1.048486995697021484e+01 0.000000000000000000e+00
1.096025562286376953e+01 4.226751327514648438e+00 0.000000000000000000e+00
1.040927028656005859e+01 7.492310047149658203e+00 0.000000000000000000e+00
1.181572326458990574e-03 3.306720018386840820e+00 0.000000000000000000e+00
1.471208000183105469e+01 -2.947496891021728516e+00 0.000000000000000000e+00
1.776553869247436523e+00 -7.357446670532226562e+00 0.000000000000000000e+00
1.003017425537109375e+01 -6.751468181610107422e+00 0.000000000000000000e+00
5.337092876434326172e+00 7.650956153869628906e+00 0.000000000000000000e+00
4.661424160003662109e+00 -8.303733825683593750e+00 0.000000000000000000e+00
4.867896556854248047e+00 1.652713012695312500e+01 0.000000000000000000e+00
1.183931946754455566e+00 -1.223869514465332031e+01 0.000000000000000000e+00
1.269244766235351562e+01 -3.577091693878173828e+00 0.000000000000000000e+00
-8.631420135498046875e-01 1.521665573120117188e+01 0.000000000000000000e+00
7.130599498748779297e+00 -5.982196331024169922e-01 0.000000000000000000e+00
1.546619319915771484e+01 7.237752914428710938e+00 0.000000000000000000e+00
2.762065887451171875e+00 7.358260631561279297e+00 0.000000000000000000e+00
-1.210953950881958008e+00 -9.033501625061035156e+00 0.000000000000000000e+00
-1.347360038757324219e+01 -1.795929312705993652e+00 0.000000000000000000e+00
-1.519908905029296875e+01 -8.259262084960937500e+00 0.000000000000000000e+00
8.900926589965820312e+00 1.259802150726318359e+01 0.000000000000000000e+00
1.087245273590087891e+01 1.194298171997070312e+01 0.000000000000000000e+00
-5.053520679473876953e+00 -7.156368732452392578e+00 0.000000000000000000e+00
1.135737800598144531e+01 9.962948799133300781e+00 0.000000000000000000e+00
-1.389259052276611328e+01 4.014970302581787109e+00 0.000000000000000000e+00
1.042062091827392578e+01 5.854130744934082031e+00 0.000000000000000000e+00
8.331054687500000000e+00 6.216013908386230469e+00 0.000000000000000000e+00
-7.395622730255126953e+00 1.147142410278320312e+01 0.000000000000000000e+00
7.253355979919433594e+00 -1.079974937438964844e+01 0.000000000000000000e+00
-4.738067626953125000e+00 6.767410278320312500e+00 0.000000000000000000e+00
1.154311370849609375e+01 -9.812836647033691406e+00 0.000000000000000000e+00
6.341647148132324219e+00 9.194055557250976562e+00 0.000000000000000000e+00
2.661290168762207031e+00 -2.792836189270019531e+00 0.000000000000000000e+00
1.416349291801452637e+00 -1.732537841796875000e+01 0.000000000000000000e+00
2.031942158937454224e-01 1.217483806610107422e+01 0.000000000000000000e+00
-1.942282795906066895e+00 1.707534599304199219e+01 0.000000000000000000e+00
1.364184093475341797e+01 2.112241685390472412e-01 0.000000000000000000e+00
-1.156844806671142578e+01 7.669075489044189453e+00 0.000000000000000000e+00
-2.399551153182983398e+00 -1.645617485046386719e+01 0.000000000000000000e+00
-1.390357494354248047e+01 1.006653118133544922e+01 0.000000000000000000e+00
-6.359244346618652344e+00 7.235989570617675781e+00 0.000000000000000000e+00
-8.947548866271972656e+00 -1.291710472106933594e+01 0.000000000000000000e+00
-1.668131637573242188e+01 -2.132802009582519531e+00 0.000000000000000000e+00
1.902925372123718262e-01 8.591987609863281250e+00 0.000000000000000000e+00
7.104472160339355469e+00 2.034082412719726562e+00 0.000000000000000000e+00
-5.737042427062988281e+00 -2.636679172515869141e+00 0.000000000000000000e+00
-8.562106132507324219e+00 -6.074763298034667969e+00 0.000000000000000000e+00
-1.156190299987792969e+01 3.341852426528930664e+00 0.000000000000000000e+00
3.788160085678100586e+00 5.254064083099365234e+00 0.000000000000000000e+00
1.279442787170410156e+01 5.861550331115722656e+00 0.000000000000000000e+00
3.246319055557250977e+00 -7.771882057189941406e+00 0.000000000000000000e+00
1.076136493682861328e+01 -1.304581642150878906e+01 0.000000000000000000e+00
-1.619077110290527344e+01 4.790763378143310547e+00 0.000000000000000000e+00
-3.899020671844482422e+00 -6.013375759124755859e+00 0.000000000000000000e+00
1.508673667907714844e+01 3.250051021575927734e+00 0.000000000000000000e+00
-9.407489776611328125e+00 -2.727253198623657227e+00 0.000000000000000000e+00
-2.878248095512390137e-01 -5.780913829803466797e+00 0.000000000000000000e+00
-1.698806285858154297e+00 -1.239356136322021484e+01 0.000000000000000000e+00
1.227414608001708984e+01 -1.155168914794921875e+01 0.000000000000000000e+00
-2.610455513000488281e+00 -8.434087753295898438e+00 0.000000000000000000e+00
8.231578826904296875e+00 1.061032962799072266e+01 0.000000000000000000e+00
6.493458747863769531e+00 4.008249282836914062e+00 0.000000000000000000e+00
-1.507201480865478516e+01 -5.101025104522705078e-01 0.000000000000000000e+00
1.934411644935607910e+00 -1.539092636108398438e+01 0.000000000000000000e+00
-3.627517938613891602e+00 4.148374080657958984e+00 0.000000000000000000e+00
4.140357494354248047e+00 -1.034217453002929688e+01 0.000000000000000000e+00
-4.983801841735839844e+00 3.063890218734741211e+00 0.000000000000000000e+00
6.267658710479736328e+00 1.370108222961425781e+01 0.000000000000000000e+00
-2.495712757110595703e+00 -5.449081897735595703e+00 0.000000000000000000e+00
3.332665920257568359e+00 1.674255943298339844e+01 0.000000000000000000e+00
1.192324924468994141e+01 -8.316204071044921875e+00 0.000000000000000000e+00
-3.008810758590698242e+00 8.578330039978027344e+00 0.000000000000000000e+00
-1.766419291496276855e+00 8.024817705154418945e-01 0.000000000000000000e+00
3.331226587295532227e+00 1.346571254730224609e+01 0.000000000000000000e+00
-1.845415472984313965e+00 1.165660762786865234e+01 0.000000000000000000e+00
-3.489392518997192383e+00 -1.482314300537109375e+01 0.000000000000000000e+00
-1.372589588165283203e+01 1.735623955726623535e+00 0.000000000000000000e+00
8.761079788208007812e+00 -4.213998794555664062e+00 0.000000000000000000e+00
-1.198089790344238281e+01 -1.191892743110656738e+00 0.000000000000000000e+00
-1.177766609191894531e+01 -9.783473014831542969e+00 0.000000000000000000e+00
-5.076943874359130859e+00 -9.700683355331420898e-01 0.000000000000000000e+00
-1.239964294433593750e+01 5.945036888122558594e+00 0.000000000000000000e+00
1.748081564903259277e+00 3.902491927146911621e-01 0.000000000000000000e+00
-5.300498381257057190e-02 -1.567396354675292969e+01 0.000000000000000000e+00
-6.105039119720458984e+00 -1.165976619720458984e+01 0.000000000000000000e+00
1.193994712829589844e+01 1.565245151519775391e+00 0.000000000000000000e+00
-1.057758235931396484e+01 5.141809463500976562e+00 0.000000000000000000e+00
1.217833805084228516e+01 -6.014956951141357422e+00 0.000000000000000000e+00
-1.425229072570800781e+01 -3.706963539123535156e+00 0.000000000000000000e+00
1.611359834671020508e+00 2.382571697235107422e+00 0.000000000000000000e+00
4.398160457611083984e+00 -3.278367757797241211e+00 0.000000000000000000e+00
3.629434347152709961e+00 -5.297732830047607422e+00 0.000000000000000000e+00
-8.342415809631347656e+00 3.729744911193847656e+00 0.000000000000000000e+00
6.743429660797119141e+00 6.999486446380615234e+00 0.000000000000000000e+00
1.283943367004394531e+01 3.584576845169067383e+00 0.000000000000000000e+00
1.678798484802246094e+01 -2.962934017181396484e+00 0.000000000000000000e+00
-7.124276459217071533e-02 -1.313510799407958984e+01 0.000000000000000000e+00
5.903275966644287109e+00 3.841843307018280029e-01 0.000000000000000000e+00
-6.038843989372253418e-01 -7.458148479461669922e+00 0.000000000000000000e+00
-5.658645629882812500e+00 8.672172546386718750e+00 0.000000000000000000e+00
3.793514013290405273e+00 2.894343376159667969e+00 0.000000000000000000e+00
1.427865695953369141e+01 5.519351005554199219e+00 0.000000000000000000e+00
-7.389088630676269531e+00 8.592355728149414062e+00 0.000000000000000000e+00
1.384234142303466797e+01 -6.002578735351562500e+00 0.000000000000000000e+00
1.284722709655761719e+01 8.436285018920898438e+00 0.000000000000000000e+00
4.692620038986206055e-01 1.711041069030761719e+01 0.000000000000000000e+00
1.620727348327636719e+01 -6.106492996215820312e+00 0.000000000000000000e+00
8.734579086303710938e+00 2.121813535690307617e+00 0.000000000000000000e+00
-1.535915851593017578e+01 2.085078239440917969e+00 0.000000000000000000e+00
-1.219726848602294922e+01 5.597261190414428711e-01 0.000000000000000000e+00
7.242868423461914062e+00 -1.410251522064208984e+01 0.000000000000000000e+00
3.154288530349731445e+00 -1.682258605957031250e+01 0.000000000000000000e+00
-1.475771331787109375e+01 8.582577705383300781e+00 0.000000000000000000e+00
-9.497753143310546875e+00 6.443496227264404297e+00 0.000000000000000000e+00
-9.826456069946289062e+00 1.002150249481201172e+01 0.000000000000000000e+00
1.640303611755371094e+00 -5.367919445037841797e+00 0.000000000000000000e+00
-9.726685523986816406e+00 2.251458883285522461e+00 0.000000000000000000e+00
1.526241397857666016e+01 -7.326272964477539062e+00 0.000000000000000000e+00
8.499745368957519531e+00 -1.347057700157165527e+00 0.000000000000000000e+00
-5.226616382598876953e+00 -8.975387573242187500e+00 0.000000000000000000e+00
1.382682895660400391e+01 1.049195480346679688e+01 0.000000000000000000e+00
1.544973182678222656e+01 -1.022800087928771973e+00 0.000000000000000000e+00
1.351348590850830078e+01 -8.525222778320312500e+00 0.000000000000000000e+00
9.483157157897949219e+00 -1.161989021301269531e+01 0.000000000000000000e+00
-9.107239723205566406e+00 1.302279281616210938e+01 0.000000000000000000e+00
-5.371473431587219238e-01 -1.728044319152832031e+01 0.000000000000000000e+00
8.233905792236328125e+00 4.623750686645507812e+00 0.000000000000000000e+00
-7.511930942535400391e+00 -1.527380561828613281e+01 0.000000000000000000e+00
-1.364931869506835938e+01 -7.219040393829345703e+00 0.000000000000000000e+00
8.686904907226562500e+00 -1.468810462951660156e+01 0.000000000000000000e+00
8.297860145568847656e+00 -7.201887130737304688e+00 0.000000000000000000e+00
-1.189179611206054688e+01 -3.157320261001586914e+00 0.000000000000000000e+00
3.262837171554565430e+00 1.094337368011474609e+01 0.000000000000000000e+00
-4.847062587738037109e+00 1.601547050476074219e+01 0.000000000000000000e+00
3.801199913024902344e+00 6.464792490005493164e-01 0.000000000000000000e+00
-1.583445644378662109e+01 -3.639555215835571289e+00 0.000000000000000000e+00
-6.728845119476318359e+00 1.900997281074523926e+00 0.000000000000000000e+00
1.978359520435333252e-01 7.049213409423828125e+00 0.000000000000000000e+00
-1.030910015106201172e+01 -9.118241310119628906e+00 0.000000000000000000e+00
1.559058666229248047e+01 9.102152585983276367e-01 0.000000000000000000e+00
-1.605448722839355469e+01 6.914310932159423828e+00 0.000000000000000000e+00
-3.411209583282470703e-01 1.403312444686889648e+00 0.000000000000000000e+00
-1.094146823883056641e+01 1.295121765136718750e+01 0.000000000000000000e+00
6.093143939971923828e+00 -3.867900133132934570e+00 0.000000000000000000e+00
-1.426157951354980469e+01 5.602260112762451172e+00 0.000000000000000000e+00
1.355268096923828125e+01 -1.902847051620483398e+00 0.000000000000000000e+00
-4.252490043640136719e+00 -1.154533672332763672e+01 0.000000000000000000e+00
-1.206868076324462891e+01 -8.251168251037597656e+00 0.000000000000000000e+00
-1.644869613647460938e+01 2.799654006958007812e-01 0.000000000000000000e+00
1.714559316635131836e+00 5.575296401977539062e+00 0.000000000000000000e+00
-6.303037166595458984e+00 7.150931656360626221e-02 0.000000000000000000e+00
1.051471614837646484e+01 2.411196708679199219e+00 0.000000000000000000e+00
8.808269500732421875e+00 8.580158233642578125e+00 0.000000000000000000e+00
1.134933185577392578e+01 -4.727416992187500000e+00 0.000000000000000000e+00
-1.438294029235839844e+01 -5.649275302886962891e+00 0.000000000000000000e+00
-9.818686485290527344e+00 -5.220586776733398438e+00 0.000000000000000000e+00
4.317139148712158203e+00 1.480372810363769531e+01 0.000000000000000000e+00
-1.146688461303710938e+00 -1.462375354766845703e+01 0.000000000000000000e+00
-7.071087360382080078e+00 -1.555696606636047363e+00 0.000000000000000000e+00
5.442814826965332031e-01 1.449815654754638672e+01 0.000000000000000000e+00
1.616803741455078125e+01 5.529253482818603516e+00 0.000000000000000000e+00
5.589747428894042969e+00 -1.632014274597167969e+01 0.000000000000000000e+00
7.179471015930175781e+00 1.515665245056152344e+01 0.000000000000000000e+00
1.704214859008789062e+01 1.784255385398864746e+00 0.000000000000000000e+00
-2.019699573516845703e+00 1.336181163787841797e+01 0.000000000000000000e+00
-6.411212444305419922e+00 4.073821067810058594e+00 0.000000000000000000e+00
-6.627961635589599609e+00 -9.767814636230468750e+00 0.000000000000000000e+00
-5.958136081695556641e+00 -1.642741775512695312e+01 0.000000000000000000e+00
-7.932334423065185547e+00 9.999185562133789062e+00 0.000000000000000000e+00
-2.732136249542236328e+00 1.569073104858398438e+01 0.000000000000000000e+00
7.030490398406982422e+00 -2.194944858551025391e+00 0.000000000000000000e+00
-1.607675170898437500e+01 -6.546305179595947266e+00 0.000000000000000000e+00
-3.435688972473144531e+00 -5.072290897369384766e-01 0.000000000000000000e+00
-7.469130039215087891e+00 6.072219848632812500e+00 0.000000000000000000e+00
-1.576360225677490234e+00 -4.134366035461425781e+00 0.000000000000000000e+00
9.178743362426757812e+00 2.718130350112915039e-01 0.000000000000000000e+00
4.675314903259277344e+00 1.031751537322998047e+01 0.000000000000000000e+00
1.127617597579956055e+00 -1.193594574928283691e+00 0.000000000000000000e+00
7.737607955932617188e+00 -8.595789909362792969e+00 0.000000000000000000e+00
-3.453710079193115234e+00 1.063848114013671875e+01 0.000000000000000000e+00
1.433000373840332031e+01 8.798974990844726562e+00 0.000000000000000000e+00
-1.333308506011962891e+01 -1.061911678314208984e+01 0.000000000000000000e+00
1.109876036643981934e+00 -3.019052982330322266e+00 0.000000000000000000e+00
1.029733562469482422e+01 -8.495012283325195312e+00 0.000000000000000000e+00
-1.783927440643310547e+00 5.200388431549072266e+00 0.000000000000000000e+00
-8.439465522766113281e+00 1.093628644943237305e+00 0.000000000000000000e+00
7.248206138610839844e+00 -1.560805320739746094e+01 0.000000000000000000e+00
8.083532333374023438e+00 -1.265126800537109375e+01 0.000000000000000000e+00
1.346518421173095703e+01 1.990129590034484863e+00 0.000000000000000000e+00
-7.435285091400146484e+00 1.362619400024414062e+01 0.000000000000000000e+00
4.496085643768310547e+00 -1.447482490539550781e+01 0.000000000000000000e+00
5.323927402496337891e+00 5.676259994506835938e+00 0.000000000000000000e+00
-5.007246017456054688e+00 8.578656315803527832e-01 0.000000000000000000e+00
6.329215049743652344e+00 1.073942565917968750e+01 0.000000000000000000e+00
5.121944427490234375e+00 1.688379287719726562e+00 0.000000000000000000e+00
-1.175869369506835938e+01 9.207067489624023438e+00 0.000000000000000000e+00
-1.674867272377014160e+00 9.487746238708496094e+00 0.000000000000000000e+00
3.189391374588012695e+00 9.387971878051757812e+00 0.000000000000000000e+00
-3.466771841049194336e+00 5.666880130767822266e+00 0.000000000000000000e+00
9.588275909423828125e+00 1.450275707244873047e+01 0.000000000000000000e+00
1.682495307922363281e+01 3.588800668716430664e+00 0.000000000000000000e+00
-1.386471271514892578e+01 7.299954891204833984e+00 0.000000000000000000e+00
6.059873580932617188e+00 -9.204694747924804688e+00 0.000000000000000000e+00
-1.120618534088134766e+01 1.733244180679321289e+00 0.000000000000000000e+00
1.633590102195739746e+00 -1.388194370269775391e+01 0.000000000000000000e+00
-1.042947387695312500e+01 -1.627131223678588867e+00 0.000000000000000000e+00
2.611824750900268555e+00 4.251839160919189453e+00 0.000000000000000000e+00
1.697816085815429688e+01 -5.776499509811401367e-01 0.000000000000000000e+00
-7.260899066925048828e+00 -1.269469547271728516e+01 0.000000000000000000e+00
3.156181812286376953e+00 -1.163866806030273438e+01 0.000000000000000000e+00
-9.267526626586914062e+00 8.386774063110351562e+00 0.000000000000000000e+00
-1.798037886619567871e+00 2.384611606597900391e+00 0.000000000000000000e+00
-3.257126331329345703e+00 -1.293081855773925781e+01 0.000000000000000000e+00
-1.717826652526855469e+01 2.875540256500244141e+00 0.000000000000000000e+00
-3.417374610900878906e+00 1.241537857055664062e+01 0.000000000000000000e+00
-1.497953653335571289e+00 -6.897145509719848633e-01 0.000000000000000000e+00
-6.739454269409179688e+00 -7.120045661926269531e+00 0.000000000000000000e+00
9.740420341491699219e+00 -1.000068092346191406e+01 0.000000000000000000e+00
