2.846919536590576172e+00 6.167072772979736328e+00 0.000000000000000000e+00
-6.437337875366210938e+00 1.563607692718505859e+01 0.000000000000000000e+00
-1.202489471435546875e+01 -3.445631980895996094e+00 0.000000000000000000e+00
-6.847975254058837891e+00 1.386586475372314453e+01 0.000000000000000000e+00
8.366171836853027344e+00 -3.281900405883789062e+00 0.000000000000000000e+00
-1.660185432434082031e+01 -9.160757660865783691e-01 0.000000000000000000e+00
8.720959663391113281e+00 1.966428875923156738e+00 0.000000000000000000e+00
1.330143547058105469e+01 2.088289976119995117e+00 0.000000000000000000e+00
-1.470336914062500000e+01 -7.813127040863037109e+00 0.000000000000000000e+00
7.788084983825683594e+00 1.042717456817626953e+01 0.000000000000000000e+00
2.869561910629272461e+00 -9.942836761474609375e+00 0.000000000000000000e+00
3.039565563201904297e+00 1.164261531829833984e+01 0.000000000000000000e+00
-8.421322822570800781e+00 1.201562404632568359e+01 0.000000000000000000e+00
-1.052302360534667969e+01 8.083051681518554688e+00 0.000000000000000000e+00
-4.477005004882812500e+00 1.432667064666748047e+01 0.000000000000000000e+00
-5.548172473907470703e+00 -1.152746200561523438e+01 0.000000000000000000e+00
1.223561882972717285e+00 1.745655250549316406e+01 0.000000000000000000e+00
1.019680213928222656e+01 -1.449957251548767090e+00 0.000000000000000000e+00
-8.125847816467285156e+00 -1.302938222885131836e+00 0.000000000000000000e+00
5.337933540344238281e+00 8.496544837951660156e+00 0.000000000000000000e+00
-8.500832557678222656e+00 2.747844934463500977e+00 0.000000000000000000e+00
-4.015584945678710938e+00 2.210838496685028076e-01 0.000000000000000000e+00
3.243512868881225586e+00 -5.358006000518798828e+00 0.000000000000000000e+00
6.340376138687133789e-01 -9.788038253784179688e+00 0.000000000000000000e+00
5.788616180419921875e+00 -1.302529621124267578e+01 0.000000000000000000e+00
1.048517346382141113e+00 8.259196281433105469e+00 0.000000000000000000e+00
7.535899877548217773e-01 -1.298662090301513672e+01 0.000000000000000000e+00
8.904252052307128906e+00 7.300787448883056641e+00 0.000000000000000000e+00
1.094806861877441406e+01 1.233994865417480469e+01 0.000000000000000000e+00
1.596956634521484375e+01 -6.646542072296142578e+00 0.000000000000000000e+00
8.746219635009765625e+00 -5.178564071655273438e+00 0.000000000000000000e+00
-1.139626407623291016e+01 6.661084294319152832e-01 0.000000000000000000e+00
6.053301334381103516e+00 8.692046999931335449e-01 0.000000000000000000e+00
2.115036487579345703e+00 -9.573455452919006348e-01 0.000000000000000000e+00
-3.609211444854736328e+00 1.014194297790527344e+01 0.000000000000000000e+00
1.017059993743896484e+01 -9.301552772521972656e+00 0.000000000000000000e+00
-1.153313827514648438e+01 9.843238830566406250e+00 0.000000000000000000e+00
-1.958815574645996094e+00 -4.946301937103271484e+00 0.000000000000000000e+00
-5.080057621002197266e+00 -4.880385398864746094e+00 0.000000000000000000e+00
-6.516682624816894531e+00 3.200007438659667969e+00 0.000000000000000000e+00
-1.003369235992431641e+01 1.186997032165527344e+01 0.000000000000000000e+00
-2.690395355224609375e+00 -9.044929504394531250e+00 0.000000000000000000e+00
1.480007266998291016e+01 6.909703254699707031e+00 0.000000000000000000e+00
-9.662787914276123047e-01 -8.589103817939758301e-01 0.000000000000000000e+00
1.663637351989746094e+01 2.020072698593139648e+00 0.000000000000000000e+00
3.815751552581787109e+00 -1.608758735656738281e+01 0.000000000000000000e+00
-1.526824760437011719e+01 1.421472549438476562e+00 0.000000000000000000e+00
-6.420360565185546875e+00 8.202267646789550781e+00 0.000000000000000000e+00
9.454163551330566406e+00 -1.267196941375732422e+01 0.000000000000000000e+00
-9.183699607849121094e+00 -7.918374538421630859e+00 0.000000000000000000e+00
4.319027900695800781e+00 4.672186374664306641e+00 0.000000000000000000e+00
4.989307224750518799e-01 -2.129847764968872070e+00 0.000000000000000000e+00
1.119445443153381348e+00 1.261258792877197266e+01 0.000000000000000000e+00
1.227487468719482422e+01 1.065131664276123047e+01 0.000000000000000000e+00
1.761599779129028320e+00 -1.146648120880126953e+01 0.000000000000000000e+00
1.010638999938964844e+01 9.093133926391601562e+00 0.000000000000000000e+00
-1.297258496284484863e+00 -1.017020606994628906e+01 0.000000000000000000e+00
5.351523399353027344e+00 -6.372146129608154297e+00 0.000000000000000000e+00
-1.486202001571655273e+00 4.345528125762939453e+00 0.000000000000000000e+00
1.036841392517089844e+01 5.222420692443847656e+00 0.000000000000000000e+00
3.138029575347900391e+00 3.223838090896606445e+00 0.000000000000000000e+00
-9.408676147460937500e+00 -1.387779712677001953e+01 0.000000000000000000e+00
7.466692447662353516e+00 1.485534954071044922e+01 0.000000000000000000e+00
3.506212949752807617e+00 -2.014809131622314453e+00 0.000000000000000000e+00
-5.554110527038574219e+00 -1.388145065307617188e+01 0.000000000000000000e+00
-1.462382602691650391e+01 -7.018200755119323730e-01 0.000000000000000000e+00
-1.103142929077148438e+01 -1.067052364349365234e+01 0.000000000000000000e+00
-3.162931442260742188e+00 8.027465820312500000e+00 0.000000000000000000e+00
-1.290525722503662109e+01 -8.993878364562988281e+00 0.000000000000000000e+00
-1.253865623474121094e+01 -6.262199878692626953e+00 0.000000000000000000e+00
1.126692008972167969e+01 2.083785057067871094e+00 0.000000000000000000e+00
-1.792878866195678711e+00 -1.490746212005615234e+01 0.000000000000000000e+00
1.265553474426269531e+01 -3.883841514587402344e+00 0.000000000000000000e+00
-5.256956100463867188e+00 -2.352786064147949219e+00 0.000000000000000000e+00
8.073497772216796875e+00 -1.087543678283691406e+01 0.000000000000000000e+00
1.268701171875000000e+01 -1.125133228302001953e+01 0.000000000000000000e+00
-6.445261955261230469e+00 1.192420768737792969e+01 0.000000000000000000e+00
-3.592346191406250000e+00 -1.294562721252441406e+01 0.000000000000000000e+00
-4.213682651519775391e+00 5.340981483459472656e+00 0.000000000000000000e+00
-9.178679466247558594e+00 4.730808734893798828e+00 0.000000000000000000e+00
-1.122410297393798828e+01 6.048895835876464844e+00 0.000000000000000000e+00
1.417451763153076172e+01 9.672180175781250000e+00 0.000000000000000000e+00
-6.165863990783691406e+00 -7.785915732383728027e-01 0.000000000000000000e+00
-9.742074012756347656e+00 1.402362585067749023e+00 0.000000000000000000e+00
-9.458521842956542969e+00 -5.081793308258056641e+00 0.000000000000000000e+00
6.408474445343017578e+00 -1.075922107696533203e+01 0.000000000000000000e+00
-2.713526725769042969e+00 1.540952682495117188e+01 0.000000000000000000e+00
1.186467170715332031e+01 -1.858936071395874023e+00 0.000000000000000000e+00
1.229754829406738281e+01 -5.549538612365722656e+00 0.000000000000000000e+00
6.251818180084228516e+00 -1.801921248435974121e+00 0.000000000000000000e+00
1.446913146972656250e+01 -9.767198562622070312e+00 0.000000000000000000e+00
-7.003899812698364258e-01 -1.625140190124511719e+01 0.000000000000000000e+00
1.493122386932373047e+01 2.300503730773925781e+00 0.000000000000000000e+00
-8.645955085754394531e+00 8.474681854248046875e+00 0.000000000000000000e+00
8.354933738708496094e+00 -1.374234008789062500e+01 0.000000000000000000e+00
-7.964133739471435547e+00 -4.647588729858398438e+00 0.000000000000000000e+00
-1.579509139060974121e+00 -1.294914531707763672e+01 0.000000000000000000e+00
-4.271207809448242188e+00 -1.509105110168457031e+01 0.000000000000000000e+00
-5.129305362701416016e+00 1.007071399688720703e+01 0.000000000000000000e+00
2.913220643997192383e+00 1.649935531616210938e+01 0.000000000000000000e+00
6.913558959960937500e+00 3.271403551101684570e+00 0.000000000000000000e+00
-7.756352424621582031e+00 6.844472408294677734e+00 0.000000000000000000e+00
-1.526443958282470703e+01 -6.156296253204345703e+00 0.000000000000000000e+00
8.450285911560058594e+00 4.458881914615631104e-01 0.000000000000000000e+00
1.750366330146789551e+00 1.544715881347656250e+01 0.000000000000000000e+00
5.888916015625000000e+00 1.070993804931640625e+01 0.000000000000000000e+00
7.946416854858398438e+00 -1.789389252662658691e+00 0.000000000000000000e+00
1.435457611083984375e+01 -6.401811599731445312e+00 0.000000000000000000e+00
1.235731792449951172e+01 6.463379859924316406e+00 0.000000000000000000e+00
9.498429298400878906e+00 1.462853813171386719e+01 0.000000000000000000e+00
3.761899232864379883e+00 1.493233299255371094e+01 0.000000000000000000e+00
1.234089374542236328e+01 3.492365121841430664e+00 0.000000000000000000e+00
-9.056592941284179688e+00 -1.123201847076416016e+01 0.000000000000000000e+00
-3.430992662906646729e-01 1.723977327346801758e+00 0.000000000000000000e+00
6.763592720031738281e+00 -5.299633502960205078e+00 0.000000000000000000e+00
1.433521080017089844e+01 -4.735417366027832031e+00 0.000000000000000000e+00
-1.584998226165771484e+01 -4.274535655975341797e+00 0.000000000000000000e+00
6.891894340515136719e+00 -1.495300674438476562e+01 0.000000000000000000e+00
7.202656745910644531e+00 -1.230379199981689453e+01 0.000000000000000000e+00
9.925519943237304688e+00 -3.835718631744384766e+00 0.000000000000000000e+00
-1.332608413696289062e+01 7.895034551620483398e-01 0.000000000000000000e+00
-1.455821323394775391e+01 8.344218254089355469e+00 0.000000000000000000e+00
-3.072488546371459961e+00 3.576272010803222656e+00 0.000000000000000000e+00
-1.204952907562255859e+01 -7.613214254379272461e-01 0.000000000000000000e+00
5.012449264526367188e+00 -9.439372062683105469e+00 0.000000000000000000e+00
-1.078134250640869141e+01 3.837423086166381836e+00 0.000000000000000000e+00
1.103025150299072266e+01 -1.337080669403076172e+01 0.000000000000000000e+00
-1.630874061584472656e+01 3.403453350067138672e+00 0.000000000000000000e+00
7.845812797546386719e+00 5.744950294494628906e+00 0.000000000000000000e+00
-9.096513748168945312e+00 -2.541489601135253906e+00 0.000000000000000000e+00
-6.468902111053466797e+00 -8.294914245605468750e+00 0.000000000000000000e+00
-8.175279617309570312e+00 -6.319198131561279297e+00 0.000000000000000000e+00
1.000489711761474609e+01 3.330643177032470703e+00 0.000000000000000000e+00
9.390767812728881836e-01 3.839532375335693359e+00 0.000000000000000000e+00
-1.106215476989746094e+01 -7.276655673980712891e+00 0.000000000000000000e+00
1.584395885467529297e+01 -9.982650279998779297e-01 0.000000000000000000e+00
-7.432232856750488281e+00 -1.186971378326416016e+01 0.000000000000000000e+00
-1.474358367919921875e+01 5.763896942138671875e+00 0.000000000000000000e+00
-1.347059726715087891e+01 2.599446535110473633e+00 0.000000000000000000e+00
1.367305219173431396e-01 -6.213013172149658203e+00 0.000000000000000000e+00
-6.716407299041748047e+00 -1.035809898376464844e+01 0.000000000000000000e+00
-2.743648767471313477e+00 -2.641254425048828125e+00 0.000000000000000000e+00
7.993798255920410156e+00 -8.701606750488281250e+00 0.000000000000000000e+00
-1.522132015228271484e+01 -2.426909446716308594e+00 0.000000000000000000e+00
-2.975920438766479492e+00 1.523223519325256348e+00 0.000000000000000000e+00
1.442218399047851562e+01 4.625543355941772461e-01 0.000000000000000000e+00
-1.528024911880493164e+00 6.022737026214599609e+00 0.000000000000000000e+00
1.034004592895507812e+01 5.997025966644287109e-01 0.000000000000000000e+00
6.910574436187744141e-01 -1.475812435150146484e+01 0.000000000000000000e+00
1.665551543235778809e+00 -7.960854530334472656e+00 0.000000000000000000e+00
-5.091664791107177734e+00 -6.902721881866455078e+00 0.000000000000000000e+00
-9.130260348320007324e-01 1.542711639404296875e+01 0.000000000000000000e+00
5.006110072135925293e-01 -3.633487701416015625e+00 0.000000000000000000e+00
1.166715526580810547e+01 -8.120015144348144531e+00 0.000000000000000000e+00
1.872498154640197754e+00 -1.676000785827636719e+01 0.000000000000000000e+00
-1.332912743091583252e-01 1.099432754516601562e+01 0.000000000000000000e+00
-1.129646587371826172e+01 1.278138065338134766e+01 0.000000000000000000e+00
4.523512840270996094e+00 -3.228563785552978516e+00 0.000000000000000000e+00
-2.003025531768798828e+00 1.362138557434082031e+01 0.000000000000000000e+00
5.409027099609375000e+00 1.268998718261718750e+01 0.000000000000000000e+00
-1.118970298767089844e+01 -5.081961631774902344e+00 0.000000000000000000e+00
8.732803344726562500e+00 -7.358054161071777344e+00 0.000000000000000000e+00
-9.825482368469238281e+00 1.339387893676757812e+01 0.000000000000000000e+00
5.249155998229980469e+00 6.695791721343994141e+00 0.000000000000000000e+00
1.439305019378662109e+01 4.238059997558593750e+00 0.000000000000000000e+00
-1.711248016357421875e+01 7.532660365104675293e-01 0.000000000000000000e+00
7.750268936157226562e+00 1.219316196441650391e+01 0.000000000000000000e+00
-1.529322743415832520e+00 1.170614719390869141e+01 0.000000000000000000e+00
-4.790690422058105469e+00 2.398230314254760742e+00 0.000000000000000000e+00
4.686588287353515625e+00 1.559933543205261230e+00 0.000000000000000000e+00
-1.976361989974975586e+00 1.719419860839843750e+01 0.000000000000000000e+00
5.895409107208251953e+00 1.561176967620849609e+01 0.000000000000000000e+00
-6.902724266052246094e+00 -1.563270854949951172e+01 0.000000000000000000e+00
1.356547546386718750e+01 -2.142133712768554688e+00 0.000000000000000000e+00
-8.643005371093750000e+00 -9.372503280639648438e+00 0.000000000000000000e+00
-1.348165416717529297e+01 -2.301082372665405273e+00 0.000000000000000000e+00
9.525570869445800781e+00 1.074511718750000000e+01 0.000000000000000000e+00
7.435898303985595703e+00 8.795048713684082031e+00 0.000000000000000000e+00
-1.207154083251953125e+01 7.910385131835937500e+00 0.000000000000000000e+00
-9.682409286499023438e+00 6.338984012603759766e+00 0.000000000000000000e+00
1.048818302154541016e+01 -5.885513305664062500e+00 0.000000000000000000e+00
1.595311069488525391e+01 5.694800853729248047e+00 0.000000000000000000e+00
-3.331086039543151855e-01 1.734207344055175781e+01 0.000000000000000000e+00
4.313551425933837891e+00 -7.453244328498840332e-01 0.000000000000000000e+00
-4.400269031524658203e+00 -8.891379356384277344e+00 0.000000000000000000e+00
-2.686745524406433105e-01 1.337028789520263672e+01 0.000000000000000000e+00
1.186693572998046875e+01 -9.631469726562500000e+00 0.000000000000000000e+00
-1.061706924438476562e+01 -1.328267812728881836e+00 0.000000000000000000e+00
-2.311303466558456421e-01 -7.733099937438964844e+00 0.000000000000000000e+00
4.312265515327453613e-01 6.032008647918701172e+00 0.000000000000000000e+00
-3.748340845108032227e+00 -3.887725353240966797e+00 0.000000000000000000e+00
-9.809302091598510742e-01 7.731603145599365234e+00 0.000000000000000000e+00
-7.542452812194824219e+00 2.084042578935623169e-01 0.000000000000000000e+00
1.910712480545043945e+00 1.259854078292846680e+00 0.000000000000000000e+00
1.705303955078125000e+01 -2.766002893447875977e+00 0.000000000000000000e+00
-5.987358570098876953e+00 1.428251981735229492e+00 0.000000000000000000e+00
-1.349553203582763672e+01 4.322528839111328125e+00 0.000000000000000000e+00
2.588305473327636719e+00 -1.486497306823730469e+01 0.000000000000000000e+00
3.052103042602539062e+00 -1.270978069305419922e+01 0.000000000000000000e+00
1.222965621948242188e+01 6.382569670677185059e-01 0.000000000000000000e+00
-3.064540624618530273e+00 -1.150379085540771484e+01 0.000000000000000000e+00
-1.422282981872558594e+01 1.003592205047607422e+01 0.000000000000000000e+00
-2.377573966979980469e+00 -7.279458999633789062e+00 0.000000000000000000e+00
-4.617832660675048828e+00 1.592620372772216797e+01 0.000000000000000000e+00
-4.846069335937500000e+00 7.577917575836181641e+00 0.000000000000000000e+00
3.578223228454589844e+00 -7.969861984252929688e+00 0.000000000000000000e+00
-7.741522312164306641e+00 5.199509143829345703e+00 0.000000000000000000e+00
-1.709241104125976562e+01 -2.889701366424560547e+00 0.000000000000000000e+00
-1.068425846099853516e+01 -1.300819206237792969e+01 0.000000000000000000e+00
-5.888479709625244141e+00 5.374721527099609375e+00 0.000000000000000000e+00
1.436766338348388672e+01 -8.048076629638671875e+00 0.000000000000000000e+00
-3.003158569335937500e+00 1.227785587310791016e+01 0.000000000000000000e+00
8.768157958984375000e-01 1.661882847547531128e-01 0.000000000000000000e+00
-1.318012142181396484e+01 1.120031833648681641e+01 0.000000000000000000e+00
-1.602787971496582031e+01 6.964586257934570312e+00 0.000000000000000000e+00
-7.566649913787841797e+00 9.787664413452148438e+00 0.000000000000000000e+00
-9.384968757629394531e+00 -1.863027215003967285e-01 0.000000000000000000e+00
-7.133459091186523438e+00 -3.006855487823486328e+00 0.000000000000000000e+00
1.526982307434082031e+01 -2.955145597457885742e+00 0.000000000000000000e+00
-1.416317844390869141e+01 -9.997703552246093750e+00 0.000000000000000000e+00
3.335886478424072266e+00 4.475470185279846191e-01 0.000000000000000000e+00
3.642421007156372070e+00 7.856246471405029297e+00 0.000000000000000000e+00
-6.667955398559570312e+00 -5.551558017730712891e+00 0.000000000000000000e+00
-3.666923522949218750e+00 -5.959640502929687500e+00 0.000000000000000000e+00
6.655875682830810547e+00 -8.002566337585449219e+00 0.000000000000000000e+00
3.766018152236938477e+00 -1.117756557464599609e+01 0.000000000000000000e+00
-1.216697883605957031e+01 -1.184274291992187500e+01 0.000000000000000000e+00
1.292992973327636719e+01 -7.213859558105468750e+00 0.000000000000000000e+00
1.365748763084411621e+00 9.854120254516601562e+00 0.000000000000000000e+00
2.493565559387207031e+00 -3.888797760009765625e+00 0.000000000000000000e+00
-3.117240667343139648e+00 -1.646731948852539062e+01 0.000000000000000000e+00
4.372693538665771484e+00 -1.376055431365966797e+01 0.000000000000000000e+00
-1.188457965850830078e+01 2.173765897750854492e+00 0.000000000000000000e+00
5.804291725158691406e+00 4.312855243682861328e+00 0.000000000000000000e+00
6.238723278045654297e+00 -1.633194923400878906e+01 0.000000000000000000e+00
-2.699648380279541016e+00 -8.492491245269775391e-01 0.000000000000000000e+00
1.743760108947753906e+01 -1.157633662223815918e+00 0.000000000000000000e+00
-7.881772041320800781e+00 -1.347269821166992188e+01 0.000000000000000000e+00
4.061493396759033203e+00 9.784852981567382812e+00 0.000000000000000000e+00
1.025277709960937500e+01 -7.530636787414550781e+00 0.000000000000000000e+00
-1.419259929656982422e+01 -3.840115547180175781e+00 0.000000000000000000e+00
2.166370391845703125e+00 4.702713966369628906e+00 0.000000000000000000e+00
1.297521781921386719e+01 8.207976341247558594e+00 0.000000000000000000e+00
3.282651185989379883e+00 1.318525123596191406e+01 0.000000000000000000e+00
-1.339504241943359375e+01 6.838029384613037109e+00 0.000000000000000000e+00
-9.033875465393066406e+00 1.493898963928222656e+01 0.000000000000000000e+00
-3.940282464027404785e-01 -1.142736530303955078e+01 0.000000000000000000e+00
6.586289405822753906e+00 7.445261001586914062e+00 0.000000000000000000e+00
-1.219065427780151367e+00 9.506011962890625000e+00 0.000000000000000000e+00
1.597208881378173828e+01 3.776854753494262695e+00 0.000000000000000000e+00
1.609452056884765625e+01 -4.762604236602783203e+00 0.000000000000000000e+00
-1.127550220489501953e+01 -9.024842262268066406e+00 0.000000000000000000e+00
-1.773346424102783203e+00 5.017436742782592773e-01 0.000000000000000000e+00
8.435580253601074219e+00 4.178085327148437500e+00 0.000000000000000000e+00
3.737515807151794434e-01 -1.731598472595214844e+01 0.000000000000000000e+00
1.742506408691406250e+01 3.925785124301910400e-01 0.000000000000000000e+00
