-2.123948900504774695e+00 1.295671785128709885e+01 2.026264743131278578e-04
3.022819458503705370e+00 1.277636337855603799e+01 -3.033067763045238507e-04
-7.451158265676060211e+00 7.989316819265953384e+00 9.070509446562624589e-05
-2.303397050678237523e+00 7.809470005073106513e+00 4.545522309253868798e-04
2.843371308328112690e+00 7.629115532154720825e+00 -5.138204560539705312e-05
7.990259295356170632e+00 7.450156091090662791e+00 -3.583870065155814189e-04
-1.277626457863660647e+01 3.022509078260090742e+00 -4.698563689145007771e-04
-7.629496186630250421e+00 2.842757683440557237e+00 -1.781085146950189824e-04
-2.483719421709845054e+00 2.663109626851523082e+00 3.555304352120813860e-05
2.663048970354300771e+00 2.483358232026435353e+00 3.273009019373329664e-04
7.809817329304959088e+00 2.303003758739267770e+00 -1.786330957769255434e-04
1.295757854430068079e+01 2.123156944920756573e+00 1.852137576703327682e-04
-1.295670555180156569e+01 -2.124643349142248727e+00 -2.900306374422623179e-04
-7.809938152681460188e+00 -2.304394648910837340e+00 1.645396044303026883e-06
-2.663168564658207504e+00 -2.484138124135621517e+00 2.874056788686463193e-04
2.484712245301426758e+00 -2.663192984193104351e+00 5.249971298870725889e-05
7.630487781320509200e+00 -2.843452038486848021e+00 -5.255332797569067793e-04
1.277725617332686525e+01 -3.023203433306381527e+00 -2.337854255372029399e-04
-7.989386302799232453e+00 -7.451642494756049118e+00 2.535708738404807150e-04
-2.842498315828964728e+00 -7.630601935814553372e+00 -5.343409126723486224e-05
2.304271272138596949e+00 -7.810345411408119887e+00 2.323264703729677194e-04
7.451039631144947606e+00 -7.990699884326504687e+00 -2.736078061578162135e-04
-3.022940281766693715e+00 -1.277775426780272028e+01 1.263195448526488462e-04
2.123829306143077300e+00 -1.295749774339073213e+01 4.120801022953202164e-04
