-9.809771537780761719e+00 2.867159605026245117e+00 0.000000000000000000e+00
9.757117271423339844e+00 1.358951926231384277e+00 0.000000000000000000e+00
-5.944826126098632812e+00 -9.326024055480957031e+00 0.000000000000000000e+00
-9.428957939147949219e+00 -3.532742261886596680e+00 0.000000000000000000e+00
-1.304677963256835938e+01 -2.367707729339599609e+00 0.000000000000000000e+00
4.745901584625244141e+00 1.501160812377929688e+01 0.000000000000000000e+00
2.388517856597900391e+00 1.112826251983642578e+01 0.000000000000000000e+00
1.162885069847106934e+00 3.534301817417144775e-01 0.000000000000000000e+00
4.649363756179809570e-01 -1.583869457244873047e+01 0.000000000000000000e+00
-3.052415847778320312e+00 -9.163734436035156250e+00 0.000000000000000000e+00
-8.607149124145507812e+00 7.842921733856201172e+00 0.000000000000000000e+00
2.215536832809448242e+00 1.641437149047851562e+01 0.000000000000000000e+00
-6.254445552825927734e+00 -1.547906398773193359e+01 0.000000000000000000e+00
2.325995445251464844e+00 1.427692699432373047e+01 0.000000000000000000e+00
1.492612648010253906e+01 1.435325026512145996e+00 0.000000000000000000e+00
5.727291584014892578e+00 8.163263320922851562e+00 0.000000000000000000e+00
-1.186030769348144531e+01 1.208865642547607422e+01 0.000000000000000000e+00
1.083481121063232422e+01 -1.306664371490478516e+01 0.000000000000000000e+00
1.145416355133056641e+01 9.334641456604003906e+00 0.000000000000000000e+00
-1.828241586685180664e+00 1.580109596252441406e+00 0.000000000000000000e+00
-1.511940574645996094e+01 7.986899852752685547e+00 0.000000000000000000e+00
1.127020263671875000e+01 9.927741289138793945e-01 0.000000000000000000e+00
-3.746665239334106445e+00 -4.794554710388183594e+00 0.000000000000000000e+00
4.194243431091308594e+00 -7.964284896850585938e+00 0.000000000000000000e+00
-5.082386493682861328e+00 -1.267444992065429688e+01 0.000000000000000000e+00
-1.455939579010009766e+01 6.042662143707275391e+00 0.000000000000000000e+00
-7.142417430877685547e+00 4.348613262176513672e+00 0.000000000000000000e+00
-1.511832904815673828e+01 6.732669472694396973e-01 0.000000000000000000e+00
-3.988843441009521484e+00 -1.613352203369140625e+01 0.000000000000000000e+00
6.849810123443603516e+00 -2.601967096328735352e+00 0.000000000000000000e+00
-1.133496665954589844e+01 3.808089017868041992e+00 0.000000000000000000e+00
1.433098602294921875e+01 6.674459934234619141e+00 0.000000000000000000e+00
1.328319358825683594e+01 1.081366634368896484e+01 0.000000000000000000e+00
1.379875373840332031e+01 -4.884519100189208984e+00 0.000000000000000000e+00
-5.815208435058593750e+00 -3.942110061645507812e+00 0.000000000000000000e+00
5.499363899230957031e+00 -1.151405811309814453e+01 0.000000000000000000e+00
-2.242988348007202148e+00 3.331723690032958984e+00 0.000000000000000000e+00
-4.226598739624023438e+00 4.305312633514404297e+00 0.000000000000000000e+00
3.555047273635864258e+00 1.226271986961364746e+00 0.000000000000000000e+00
1.712528610229492188e+01 1.030871033668518066e+00 0.000000000000000000e+00
-7.712510108947753906e+00 -1.418088436126708984e+01 0.000000000000000000e+00
-7.402229309082031250e+00 -3.590694189071655273e+00 0.000000000000000000e+00
-2.974971532821655273e+00 8.408404350280761719e+00 0.000000000000000000e+00
1.109715938568115234e+01 4.318971633911132812e+00 0.000000000000000000e+00
-8.767758369445800781e+00 1.038992691040039062e+01 0.000000000000000000e+00
-1.122942256927490234e+01 1.009803676605224609e+01 0.000000000000000000e+00
1.093860507011413574e+00 6.518448829650878906e+00 0.000000000000000000e+00
1.204391670227050781e+01 -1.148433113098144531e+01 0.000000000000000000e+00
-1.523868560791015625e+01 2.394482374191284180e+00 0.000000000000000000e+00
7.688893795013427734e+00 -1.422802448272705078e+01 0.000000000000000000e+00
9.684379577636718750e+00 -1.153838253021240234e+01 0.000000000000000000e+00
-3.932547569274902344e+00 6.102492332458496094e+00 0.000000000000000000e+00
-1.026303672790527344e+01 -1.319596481323242188e+01 0.000000000000000000e+00
3.435061454772949219e+00 -1.453042125701904297e+01 0.000000000000000000e+00
-3.960073232650756836e+00 1.324134922027587891e+01 0.000000000000000000e+00
1.225204467773437500e+01 7.322358131408691406e+00 0.000000000000000000e+00
-9.720739364624023438e+00 -6.007573127746582031e+00 0.000000000000000000e+00
-1.774688363075256348e+00 -2.747848272323608398e+00 0.000000000000000000e+00
1.488667964935302734e+01 -3.137711524963378906e+00 0.000000000000000000e+00
-1.395066547393798828e+01 -4.434300661087036133e-01 0.000000000000000000e+00
9.288441658020019531e+00 5.786944389343261719e+00 0.000000000000000000e+00
5.809463024139404297e+00 6.441811084747314453e+00 0.000000000000000000e+00
1.320579338073730469e+01 2.698102712631225586e+00 0.000000000000000000e+00
-7.648290395736694336e-01 3.669888257980346680e+00 0.000000000000000000e+00
-1.458613681793212891e+01 -5.379340171813964844e+00 0.000000000000000000e+00
9.574169158935546875e+00 1.014709186553955078e+01 0.000000000000000000e+00
-9.115700721740722656e+00 4.306755542755126953e+00 0.000000000000000000e+00
-1.602616548538208008e+00 1.081049919128417969e+01 0.000000000000000000e+00
2.999487400054931641e+00 -9.100608825683593750e-01 0.000000000000000000e+00
1.167781925201416016e+01 -7.598334312438964844e+00 0.000000000000000000e+00
3.210608005523681641e+00 -1.261923980712890625e+01 0.000000000000000000e+00
-5.683905601501464844e+00 6.453352451324462891e+00 0.000000000000000000e+00
-5.668546199798583984e+00 3.443396091461181641e+00 0.000000000000000000e+00
8.617835044860839844e+00 -4.773730278015136719e+00 0.000000000000000000e+00
-2.430725574493408203e+00 -1.729432487487792969e+01 0.000000000000000000e+00
-1.167433166503906250e+01 -7.989798069000244141e+00 0.000000000000000000e+00
-3.857894420623779297e+00 4.609248340129852295e-01 0.000000000000000000e+00
4.632794857025146484e+00 -1.589029788970947266e+01 0.000000000000000000e+00
-3.475367546081542969e+00 1.485311985015869141e+01 0.000000000000000000e+00
-1.126742744445800781e+01 2.051897048950195312e+00 0.000000000000000000e+00
-7.591203689575195312e+00 -6.951507091522216797e+00 0.000000000000000000e+00
6.417377471923828125e+00 -9.583484649658203125e+00 0.000000000000000000e+00
1.067956542968750000e+01 -3.351256132125854492e+00 0.000000000000000000e+00
-1.478592491149902344e+01 -2.085980415344238281e+00 0.000000000000000000e+00
8.354595184326171875e+00 2.914362192153930664e+00 0.000000000000000000e+00
6.200543880462646484e+00 -1.612474441528320312e+01 0.000000000000000000e+00
1.520316410064697266e+01 4.077370643615722656e+00 0.000000000000000000e+00
-8.789283752441406250e+00 -8.576512336730957031e+00 0.000000000000000000e+00
-5.830756187438964844e+00 1.326283454895019531e+00 0.000000000000000000e+00
6.854556083679199219e+00 -7.977469921112060547e+00 0.000000000000000000e+00
4.072514057159423828e+00 6.743108272552490234e+00 0.000000000000000000e+00
-1.213877487182617188e+01 -9.770864486694335938e+00 0.000000000000000000e+00
1.088079929351806641e+01 -1.022780227661132812e+01 0.000000000000000000e+00
5.888840675354003906e+00 -1.334922122955322266e+01 0.000000000000000000e+00
-4.302448332309722900e-01 -8.568394660949707031e+00 0.000000000000000000e+00
1.499959087371826172e+01 -6.201347351074218750e+00 0.000000000000000000e+00
1.692465400695800781e+01 -8.004812598228454590e-01 0.000000000000000000e+00
-1.304953765869140625e+01 2.143035411834716797e+00 0.000000000000000000e+00
8.906415939331054688e+00 1.407578468322753906e+01 0.000000000000000000e+00
-1.447425842285156250e+01 -9.460204124450683594e+00 0.000000000000000000e+00
-4.552355766296386719e+00 7.875833511352539062e+00 0.000000000000000000e+00
-1.624027252197265625e+01 -4.961121559143066406e+00 0.000000000000000000e+00
2.627462148666381836e+00 3.708285331726074219e+00 0.000000000000000000e+00
8.339485168457031250e+00 7.086224555969238281e+00 0.000000000000000000e+00
6.867955684661865234e+00 -2.214752286672592163e-01 0.000000000000000000e+00
1.270528697967529297e+01 -1.824328541755676270e+00 0.000000000000000000e+00
-5.069266796112060547e+00 1.116073417663574219e+01 0.000000000000000000e+00
4.196821212768554688e+00 -5.512831687927246094e+00 0.000000000000000000e+00
-6.791562080383300781e+00 -1.237582206726074219e+01 0.000000000000000000e+00
6.031304836273193359e+00 -5.366841316223144531e+00 0.000000000000000000e+00
3.836037635803222656e+00 1.214832401275634766e+01 0.000000000000000000e+00
-7.531265735626220703e+00 2.291918992996215820e+00 0.000000000000000000e+00
8.956086158752441406e+00 -1.044913291931152344e+00 0.000000000000000000e+00
-1.179363536834716797e+01 -3.473536252975463867e+00 0.000000000000000000e+00
3.428268671035766602e+00 5.126667976379394531e+00 0.000000000000000000e+00
1.000771522521972656e-01 -5.553137779235839844e+00 0.000000000000000000e+00
8.756053924560546875e+00 -3.084585666656494141e+00 0.000000000000000000e+00
-1.125962829589843750e+01 8.526341438293457031e+00 0.000000000000000000e+00
-2.740664407610893250e-02 1.339916586875915527e+00 0.000000000000000000e+00
-4.498060703277587891e+00 -1.469938635826110840e+00 0.000000000000000000e+00
-1.317248058319091797e+01 7.794667720794677734e+00 0.000000000000000000e+00
3.604640722274780273e+00 -1.060589218139648438e+01 0.000000000000000000e+00
6.840569496154785156e+00 1.482262134552001953e+01 0.000000000000000000e+00
-1.660877609252929688e+01 5.232738018035888672e+00 0.000000000000000000e+00
4.186580181121826172e+00 1.024097442626953125e+01 0.000000000000000000e+00
-8.505455017089843750e+00 1.403331089019775391e+01 0.000000000000000000e+00
1.105086231231689453e+01 -4.953392505645751953e+00 0.000000000000000000e+00
-2.530741691589355469e+00 -6.155331134796142578e+00 0.000000000000000000e+00
-1.732263565063476562e+00 1.474365901947021484e+01 0.000000000000000000e+00
6.352008819580078125e+00 3.884401798248291016e+00 0.000000000000000000e+00
1.365991950035095215e+00 -6.487015724182128906e+00 0.000000000000000000e+00
1.371046257019042969e+01 -1.014308738708496094e+01 0.000000000000000000e+00
-1.055684089660644531e+01 -2.380624532699584961e+00 0.000000000000000000e+00
1.225475907325744629e+00 -9.203640937805175781e+00 0.000000000000000000e+00
6.337407112121582031e+00 1.172091484069824219e+01 0.000000000000000000e+00
-2.021722644567489624e-01 -1.330500602722167969e+00 0.000000000000000000e+00
1.592409515380859375e+01 6.839525222778320312e+00 0.000000000000000000e+00
-1.494013118743896484e+01 -3.582154512405395508e+00 0.000000000000000000e+00
-2.872679710388183594e+00 -1.125046062469482422e+01 0.000000000000000000e+00
4.099445819854736328e+00 -3.743024110794067383e+00 0.000000000000000000e+00
-1.273508548736572266e+00 -7.075526237487792969e+00 0.000000000000000000e+00
-1.354942035675048828e+01 1.068968868255615234e+01 0.000000000000000000e+00
2.150885581970214844e+00 8.034244537353515625e+00 0.000000000000000000e+00
-9.980496406555175781e+00 6.911190986633300781e+00 0.000000000000000000e+00
-9.517921447753906250e+00 1.257600498199462891e+01 0.000000000000000000e+00
-7.145648956298828125e+00 -5.504338741302490234e+00 0.000000000000000000e+00
1.759798169136047363e+00 -2.534062385559082031e+00 0.000000000000000000e+00
7.809220314025878906e+00 -1.094218349456787109e+01 0.000000000000000000e+00
9.260621070861816406e+00 -7.940118789672851562e+00 0.000000000000000000e+00
7.201098918914794922e+00 5.724788188934326172e+00 0.000000000000000000e+00
3.762233734130859375e+00 2.714499711990356445e+00 0.000000000000000000e+00
5.795369148254394531e+00 -1.312040686607360840e+00 0.000000000000000000e+00
2.096359729766845703e+00 -1.550850200653076172e+01 0.000000000000000000e+00
1.700255155563354492e+00 -4.039710044860839844e+00 0.000000000000000000e+00
9.687944650650024414e-01 3.574570894241333008e+00 0.000000000000000000e+00
-9.226753234863281250e+00 -1.074882698059082031e+01 0.000000000000000000e+00
1.414602756500244141e+01 -2.125208228826522827e-01 0.000000000000000000e+00
-7.814586639404296875e+00 6.334126472473144531e+00 0.000000000000000000e+00
-2.084038972854614258e+00 -1.285151863098144531e+01 0.000000000000000000e+00
1.380094337463378906e+01 9.167043685913085938e+00 0.000000000000000000e+00
-2.445036023855209351e-01 -1.404082775115966797e+01 0.000000000000000000e+00
-1.151968383789062500e+01 -5.843029499053955078e+00 0.000000000000000000e+00
-2.275550842285156250e+00 1.320668315887451172e+01 0.000000000000000000e+00
-4.561549663543701172e+00 -6.695127964019775391e+00 0.000000000000000000e+00
-3.208188533782958984e+00 1.151079177856445312e+01 0.000000000000000000e+00
9.777695655822753906e+00 1.215302467346191406e+01 0.000000000000000000e+00
-7.083129405975341797e+00 1.328019428253173828e+01 0.000000000000000000e+00
-1.211544513702392578e+00 -1.595468711853027344e+01 0.000000000000000000e+00
-1.073717784881591797e+01 -1.093279361724853516e+01 0.000000000000000000e+00
-9.037559628486633301e-01 -1.071769809722900391e+01 0.000000000000000000e+00
-3.521688699722290039e+00 1.658464050292968750e+01 0.000000000000000000e+00
-9.464275360107421875e+00 2.812366187572479248e-02 0.000000000000000000e+00
-5.299526691436767578e+00 1.398953437805175781e+01 0.000000000000000000e+00
-1.146002864837646484e+01 -3.708595335483551025e-01 0.000000000000000000e+00
-1.509493350982666016e+00 1.711431312561035156e+01 0.000000000000000000e+00
1.454281902313232422e+01 -8.101842880249023438e+00 0.000000000000000000e+00
4.704988300800323486e-01 1.306167125701904297e+01 0.000000000000000000e+00
3.434718847274780273e-01 1.665758132934570312e+01 0.000000000000000000e+00
-1.564261054992675781e+01 -7.447094440460205078e+00 0.000000000000000000e+00
-1.680949211120605469e+01 2.275248765945434570e+00 0.000000000000000000e+00
5.205911636352539062e+00 2.214683532714843750e+00 0.000000000000000000e+00
8.131872117519378662e-02 9.926119804382324219e+00 0.000000000000000000e+00
1.975863128900527954e-01 -3.595641136169433594e+00 0.000000000000000000e+00
-6.973911762237548828e+00 7.838573932647705078e+00 0.000000000000000000e+00
1.172678661346435547e+01 1.098388004302978516e+01 0.000000000000000000e+00
2.687421560287475586e+00 -8.178668022155761719e+00 0.000000000000000000e+00
-3.997809648513793945e+00 -1.435443019866943359e+01 0.000000000000000000e+00
8.021368026733398438e+00 -9.216252326965332031e+00 0.000000000000000000e+00
-2.028995037078857422e+00 5.496504783630371094e+00 0.000000000000000000e+00
8.451201438903808594e+00 -6.329751014709472656e+00 0.000000000000000000e+00
-1.983251810073852539e+00 -4.632509708404541016e+00 0.000000000000000000e+00
6.711870670318603516e+00 9.595352172851562500e+00 0.000000000000000000e+00
1.286209392547607422e+01 4.556447029113769531e+00 0.000000000000000000e+00
-7.282890796661376953e+00 -1.369322061538696289e+00 0.000000000000000000e+00
-2.284833908081054688e+00 -5.603175759315490723e-01 0.000000000000000000e+00
-1.322224521636962891e+01 -6.942565917968750000e+00 0.000000000000000000e+00
-1.646426773071289062e+01 -1.753390073776245117e+00 0.000000000000000000e+00
1.033140659332275391e+01 -2.402808964252471924e-01 0.000000000000000000e+00
8.462803840637207031e+00 4.437699794769287109e+00 0.000000000000000000e+00
-6.669793128967285156e+00 1.516043472290039062e+01 0.000000000000000000e+00
-7.752913475036621094e+00 6.771898865699768066e-01 0.000000000000000000e+00
6.076438426971435547e+00 1.352605915069580078e+01 0.000000000000000000e+00
-1.713319778442382812e+01 -3.531979084014892578e+00 0.000000000000000000e+00
1.685447120666503906e+01 -2.311960935592651367e+00 0.000000000000000000e+00
1.261087512969970703e+01 -3.530702114105224609e+00 0.000000000000000000e+00
-1.334058380126953125e+01 -1.096170139312744141e+01 0.000000000000000000e+00
1.076756572723388672e+01 6.912412166595458984e+00 0.000000000000000000e+00
1.344808816909790039e+00 -1.349166870117187500e+01 0.000000000000000000e+00
1.277604389190673828e+01 6.499056816101074219e-01 0.000000000000000000e+00
9.113340377807617188e+00 -1.469971752166748047e+01 0.000000000000000000e+00
3.736896991729736328e+00 1.651748466491699219e+01 0.000000000000000000e+00
-1.300273513793945312e+01 5.432750225067138672e+00 0.000000000000000000e+00
-7.356426715850830078e-01 8.559949874877929688e+00 0.000000000000000000e+00
-4.923174381256103516e+00 -1.056583309173583984e+01 0.000000000000000000e+00
7.779899120330810547e+00 1.260070419311523438e+01 0.000000000000000000e+00
-5.470085144042968750e+00 9.148488998413085938e+00 0.000000000000000000e+00
-7.711843967437744141e+00 -1.074169445037841797e+01 0.000000000000000000e+00
-3.607517480850219727e+00 -3.005513668060302734e+00 0.000000000000000000e+00
1.942417979240417480e+00 -1.181415653228759766e+01 0.000000000000000000e+00
3.638188838958740234e+00 8.708932876586914062e+00 0.000000000000000000e+00
1.780683755874633789e+00 1.739226579666137695e+00 0.000000000000000000e+00
8.455649375915527344e+00 -1.252472019195556641e+01 0.000000000000000000e+00
-7.059209942817687988e-01 6.779211997985839844e+00 0.000000000000000000e+00
8.348543167114257812e+00 1.121155929565429688e+01 0.000000000000000000e+00
-5.848701953887939453e+00 -7.794660568237304688e+00 0.000000000000000000e+00
1.687273025512695312e+01 -4.625820159912109375e+00 0.000000000000000000e+00
-4.080112457275390625e+00 9.971111297607421875e+00 0.000000000000000000e+00
8.494597434997558594e+00 9.024240493774414062e+00 0.000000000000000000e+00
-1.055686855316162109e+01 -9.155950546264648438e+00 0.000000000000000000e+00
9.377791881561279297e-01 1.493137264251708984e+01 0.000000000000000000e+00
1.166608715057373047e+01 2.455180883407592773e+00 0.000000000000000000e+00
-6.652903079986572266e+00 1.013268375396728516e+01 0.000000000000000000e+00
-1.089782524108886719e+01 1.342275524139404297e+01 0.000000000000000000e+00
-1.448294544219970703e+01 4.153079509735107422e+00 0.000000000000000000e+00
1.019262313842773438e+01 8.369321823120117188e+00 0.000000000000000000e+00
-4.059677600860595703e+00 2.252444744110107422e+00 0.000000000000000000e+00
5.186049461364746094e+00 2.171303182840347290e-01 0.000000000000000000e+00
6.990773200988769531e+00 1.416287183761596680e+00 0.000000000000000000e+00
1.325648307800292969e+01 -6.674352169036865234e+00 0.000000000000000000e+00
2.578651666641235352e+00 -1.701718330383300781e+01 0.000000000000000000e+00
-5.660490036010742188e+00 -1.936134397983551025e-01 0.000000000000000000e+00
-6.403369903564453125e-01 1.199357509613037109e+01 0.000000000000000000e+00
-7.788712501525878906e+00 1.195072269439697266e+01 0.000000000000000000e+00
-1.344464206695556641e+01 -3.953076362609863281e+00 0.000000000000000000e+00
1.028475761413574219e+01 -1.864293932914733887e+00 0.000000000000000000e+00
-1.205851554870605469e+01 -1.228093814849853516e+01 0.000000000000000000e+00
-2.270797729492187500e+00 -1.454770755767822266e+01 0.000000000000000000e+00
7.361876368522644043e-01 -1.077320194244384766e+01 0.000000000000000000e+00
-4.449458122253417969e+00 -8.388772964477539062e+00 0.000000000000000000e+00
5.588296413421630859e+00 -3.493836879730224609e+00 0.000000000000000000e+00
4.814423084259033203e+00 3.999651908874511719e+00 0.000000000000000000e+00
1.036879062652587891e+01 -6.312911033630371094e+00 0.000000000000000000e+00
7.642162442207336426e-01 -1.748186302185058594e+01 0.000000000000000000e+00
8.830901235342025757e-02 5.205604076385498047e+00 0.000000000000000000e+00
5.781113624572753906e+00 -6.911537647247314453e+00 0.000000000000000000e+00
-9.021912574768066406e+00 -1.999294519424438477e+00 0.000000000000000000e+00
