1.071508500297781552e+01 7.589232608231357702e+00 -3.268755304333126332e-04
1.280913570599397389e+01 2.884248986222178068e+00 1.809901122336032842e-04
3.915228479980936260e+00 1.019872874226548909e+01 2.940834717826135147e-04
6.010391600950370616e+00 5.494441655018360571e+00 2.752952943505526662e-04
8.103569075996793103e+00 7.903454066996308258e-01 1.123095825466546849e-04
1.019861356177717937e+01 -3.915336808195887919e+00 -1.053355279427847790e-04
-2.884508447996341207e+00 1.280901683042943162e+01 3.162893758554830015e-04
-7.903381830162785615e-01 8.104222084082429944e+00 -5.722799315543980470e-04
1.304824970953192498e+00 3.400538075495813217e+00 2.066147646631044665e-04
3.399868464016500003e+00 -1.305144043616750515e+00 -1.110271999471557081e-05
5.493920159807524684e+00 -6.010127761414438829e+00 4.968353010381676427e-04
7.589083247776985175e+00 -1.071501792619875992e+01 -3.196342642448612992e-04
-7.589082255004184319e+00 1.071501783134624652e+01 3.197071024958475505e-04
-5.493919167034723827e+00 6.010127666561926318e+00 -4.967624627867373022e-04
-3.399868464016468916e+00 1.305144044178410567e+00 1.110346289390218288e-05
-1.304823978180391864e+00 -3.400538170348325728e+00 -2.065419264114520814e-04
7.903391757890791958e-01 -8.104222178934941567e+00 5.723527698062724767e-04
2.884509440769141619e+00 -1.280901692528194502e+01 -3.162165376027203934e-04
-1.019861256900438029e+01 3.915336713343375408e+00 1.054083661944371642e-04
-8.103568083223994023e+00 -7.903455015521431148e-01 -1.122367442950578109e-04
-6.010390608177570648e+00 -5.494441749870873082e+00 -2.752224560995664149e-04
-3.915227487208135848e+00 -1.019872883711800071e+01 -2.940106335307390850e-04
-1.280913471322117125e+01 -2.884249081074690579e+00 -1.809172739821729436e-04
-1.071508401020501644e+01 -7.589232703083869325e+00 3.269483686851870630e-04
