-9.532820701599121094e+00 -1.814215779304504395e+00 0.000000000000000000e+00
2.578578889369964600e-01 2.653252840042114258e+00 0.000000000000000000e+00
1.579660415649414062e+01 -2.751578092575073242e+00 0.000000000000000000e+00
-5.559396266937255859e+00 -1.394522476196289062e+01 0.000000000000000000e+00
9.653410911560058594e-01 -9.588657379150390625e+00 0.000000000000000000e+00
-5.297998428344726562e+00 -2.895383834838867188e+00 0.000000000000000000e+00
-1.202515029907226562e+01 1.121212291717529297e+01 0.000000000000000000e+00
5.816859722137451172e+00 1.217218494415283203e+01 0.000000000000000000e+00
-6.377138137817382812e+00 -1.085981488227844238e+00 0.000000000000000000e+00
-6.927018165588378906e+00 1.001708221435546875e+01 0.000000000000000000e+00
-1.270725536346435547e+01 5.078878879547119141e+00 0.000000000000000000e+00
8.094786643981933594e+00 6.391420364379882812e+00 0.000000000000000000e+00
-1.479174900054931641e+01 -2.065473794937133789e+00 0.000000000000000000e+00
-6.259085178375244141e+00 7.615559577941894531e+00 0.000000000000000000e+00
-1.351523494720458984e+01 -1.107746696472167969e+01 0.000000000000000000e+00
-9.223442077636718750e+00 -1.242067241668701172e+01 0.000000000000000000e+00
4.996824264526367188e+00 -1.455731010437011719e+01 0.000000000000000000e+00
5.815694332122802734e+00 4.453692436218261719e+00 0.000000000000000000e+00
-1.517735958099365234e+01 6.951966762542724609e+00 0.000000000000000000e+00
-2.287107944488525391e+00 -9.932799339294433594e+00 0.000000000000000000e+00
5.845882892608642578e+00 7.701019287109375000e+00 0.000000000000000000e+00
-9.092755317687988281e+00 1.767760038375854492e+00 0.000000000000000000e+00
-1.796806097030639648e+00 -1.699410080909729004e+00 0.000000000000000000e+00
-6.289368152618408203e+00 -4.965723514556884766e+00 0.000000000000000000e+00
1.626641464233398438e+01 8.140091896057128906e-01 0.000000000000000000e+00
-4.614447116851806641e+00 8.337564468383789062e+00 0.000000000000000000e+00
6.020003795623779297e+00 9.252215385437011719e+00 0.000000000000000000e+00
-1.242044067382812500e+01 2.898916006088256836e+00 0.000000000000000000e+00
-2.300783634185791016e+00 1.382372570037841797e+01 0.000000000000000000e+00
1.267988920211791992e+00 -7.649770259857177734e+00 0.000000000000000000e+00
-8.496978759765625000e+00 -8.730137825012207031e+00 0.000000000000000000e+00
-4.335912168025970459e-01 -8.065210342407226562e+00 0.000000000000000000e+00
1.363695526123046875e+01 -1.671600818634033203e+00 0.000000000000000000e+00
-1.056882572174072266e+01 7.288810729980468750e+00 0.000000000000000000e+00
-5.199400901794433594e+00 -9.815207481384277344e+00 0.000000000000000000e+00
-3.805899858474731445e+00 -8.433483123779296875e+00 0.000000000000000000e+00
1.411551761627197266e+01 2.288849353790283203e+00 0.000000000000000000e+00
6.825155735015869141e+00 -9.205774307250976562e+00 0.000000000000000000e+00
2.170619249343872070e+00 -1.068927955627441406e+01 0.000000000000000000e+00
-1.318458652496337891e+01 1.254198670387268066e+00 0.000000000000000000e+00
3.961263179779052734e+00 6.149784564971923828e+00 0.000000000000000000e+00
1.098837280273437500e+01 1.330222988128662109e+01 0.000000000000000000e+00
1.934469103813171387e+00 1.239987277984619141e+01 0.000000000000000000e+00
5.572473049163818359e+00 1.425490283966064453e+01 0.000000000000000000e+00
-3.369752645492553711e+00 5.257268428802490234e+00 0.000000000000000000e+00
5.189972400665283203e+00 -8.538982391357421875e+00 0.000000000000000000e+00
-9.380814552307128906e+00 -6.967258930206298828e+00 0.000000000000000000e+00
1.152946853637695312e+01 -4.163974285125732422e+00 0.000000000000000000e+00
1.220003890991210938e+01 9.340646743774414062e+00 0.000000000000000000e+00
4.009893894195556641e+00 1.329207134246826172e+01 0.000000000000000000e+00
9.095660209655761719e+00 1.219089412689208984e+01 0.000000000000000000e+00
4.813905239105224609e+00 -6.187104701995849609e+00 0.000000000000000000e+00
1.382791519165039062e+01 -7.096581161022186279e-02 0.000000000000000000e+00
-5.394916534423828125e+00 -1.582826137542724609e+01 0.000000000000000000e+00
8.563083648681640625e+00 3.821225166320800781e+00 0.000000000000000000e+00
-4.422480583190917969e+00 -8.410715460777282715e-01 0.000000000000000000e+00
-2.703817129135131836e+00 2.977939844131469727e+00 0.000000000000000000e+00
1.199212360382080078e+01 -1.190405178070068359e+01 0.000000000000000000e+00
1.189848423004150391e+01 9.564217925071716309e-01 0.000000000000000000e+00
-1.299398136138916016e+01 8.315881729125976562e+00 0.000000000000000000e+00
-8.085223197937011719e+00 -1.017672920227050781e+01 0.000000000000000000e+00
1.025368309020996094e+01 -1.224318599700927734e+01 0.000000000000000000e+00
3.133094072341918945e+00 -1.297628498077392578e+01 0.000000000000000000e+00
-7.274464607238769531e+00 -1.498203563690185547e+01 0.000000000000000000e+00
8.175755500793457031e+00 1.517956614494323730e+00 0.000000000000000000e+00
-5.576042652130126953e+00 1.098901081085205078e+01 0.000000000000000000e+00
-1.663863372802734375e+01 8.936002850532531738e-01 0.000000000000000000e+00
4.293485581874847412e-01 5.451368331909179688e+00 0.000000000000000000e+00
6.637413978576660156e+00 1.627940893173217773e+00 0.000000000000000000e+00
-9.036147117614746094e+00 4.344685554504394531e+00 0.000000000000000000e+00
1.126094222068786621e+00 1.067796802520751953e+01 0.000000000000000000e+00
2.266848087310791016e+00 -1.042702198028564453e+00 0.000000000000000000e+00
1.913792371749877930e+00 7.811017990112304688e+00 0.000000000000000000e+00
-6.052901744842529297e+00 -7.206582069396972656e+00 0.000000000000000000e+00
-1.361510086059570312e+01 1.013962745666503906e+01 0.000000000000000000e+00
-1.206005859375000000e+01 -1.153438282012939453e+01 0.000000000000000000e+00
-1.985334753990173340e+00 -8.223953247070312500e+00 0.000000000000000000e+00
6.415079593658447266e+00 -6.181581020355224609e-01 0.000000000000000000e+00
1.541514396667480469e+01 6.637341499328613281e+00 0.000000000000000000e+00
-1.251876831054687500e+00 -4.281923294067382812e+00 0.000000000000000000e+00
-1.533326625823974609e+01 -5.350756168365478516e+00 0.000000000000000000e+00
1.628779602050781250e+01 -4.709011554718017578e+00 0.000000000000000000e+00
6.195169925689697266e+00 -7.366206645965576172e+00 0.000000000000000000e+00
-8.585319519042968750e+00 1.191679954528808594e+01 0.000000000000000000e+00
-3.260176420211791992e+00 -1.208615779876708984e+01 0.000000000000000000e+00
-1.042853450775146484e+01 9.821613311767578125e+00 0.000000000000000000e+00
-2.051840066909790039e+00 -1.432842540740966797e+01 0.000000000000000000e+00
-2.202478170394897461e+00 1.203174591064453125e+01 0.000000000000000000e+00
2.930584669113159180e+00 -1.626168251037597656e+01 0.000000000000000000e+00
-1.163783359527587891e+01 -5.237945556640625000e+00 0.000000000000000000e+00
1.125004291534423828e+01 7.405642032623291016e+00 0.000000000000000000e+00
3.564582109451293945e+00 3.909818649291992188e+00 0.000000000000000000e+00
-6.260909080505371094e+00 1.419195175170898438e+01 0.000000000000000000e+00
-1.194235324859619141e+00 5.120596885681152344e+00 0.000000000000000000e+00
1.246178984642028809e+00 -2.823822021484375000e+00 0.000000000000000000e+00
-7.606245517730712891e+00 1.327318859100341797e+01 0.000000000000000000e+00
1.062118148803710938e+01 2.339198112487792969e+00 0.000000000000000000e+00
-1.183719873428344727e+00 -1.178172969818115234e+01 0.000000000000000000e+00
1.276278495788574219e+00 -6.136558055877685547e+00 0.000000000000000000e+00
1.152942276000976562e+01 1.096728134155273438e+01 0.000000000000000000e+00
-7.238845825195312500e+00 4.241887569427490234e+00 0.000000000000000000e+00
-5.100212097167968750e-01 1.602724075317382812e+01 0.000000000000000000e+00
9.822155952453613281e+00 6.244358539581298828e+00 0.000000000000000000e+00
9.985148429870605469e+00 -4.044466018676757812e+00 0.000000000000000000e+00
-8.789581298828125000e+00 9.848131179809570312e+00 0.000000000000000000e+00
-8.112728118896484375e+00 7.168000221252441406e+00 0.000000000000000000e+00
-1.083099079132080078e+01 4.756852626800537109e+00 0.000000000000000000e+00
-3.674492835998535156e+00 -1.385641479492187500e+01 0.000000000000000000e+00
2.894763231277465820e+00 2.163307189941406250e+00 0.000000000000000000e+00
9.301112174987792969e+00 -1.365373253822326660e+00 0.000000000000000000e+00
1.327009677886962891e+01 3.903316974639892578e+00 0.000000000000000000e+00
-3.574436902999877930e+00 -5.069537162780761719e+00 0.000000000000000000e+00
1.016670989990234375e+01 -9.516499519348144531e+00 0.000000000000000000e+00
-1.011876389384269714e-01 -1.655296707153320312e+01 0.000000000000000000e+00
1.436840152740478516e+01 -7.043760776519775391e+00 0.000000000000000000e+00
-1.182207965850830078e+01 -2.835012674331665039e+00 0.000000000000000000e+00
-9.416361808776855469e+00 -5.354319095611572266e+00 0.000000000000000000e+00
-2.881894826889038086e+00 -1.714457893371582031e+01 0.000000000000000000e+00
7.484884262084960938e+00 -2.758267641067504883e+00 0.000000000000000000e+00
3.206395506858825684e-01 -1.331183910369873047e+01 0.000000000000000000e+00
8.202782630920410156e+00 -8.054016113281250000e+00 0.000000000000000000e+00
-1.104269123077392578e+01 -1.010566616058349609e+01 0.000000000000000000e+00
1.116477870941162109e+01 -6.316151618957519531e+00 0.000000000000000000e+00
6.654902458190917969e+00 -1.550656127929687500e+01 0.000000000000000000e+00
-1.712771987915039062e+01 -2.491604804992675781e+00 0.000000000000000000e+00
1.082936406135559082e+00 1.684393692016601562e+01 0.000000000000000000e+00
-1.378945732116699219e+01 -7.308878898620605469e+00 0.000000000000000000e+00
8.302175521850585938e+00 -1.204533100128173828e+01 0.000000000000000000e+00
-1.252955055236816406e+01 6.596814632415771484e+00 0.000000000000000000e+00
-2.889590859413146973e-01 -2.867375135421752930e+00 0.000000000000000000e+00
8.072108268737792969e+00 8.432836532592773438e+00 0.000000000000000000e+00
-1.006708145141601562e+00 1.159431099891662598e+00 0.000000000000000000e+00
4.581857204437255859e+00 5.837649703025817871e-01 0.000000000000000000e+00
1.300861167907714844e+01 -5.630529880523681641e+00 0.000000000000000000e+00
-9.187098503112792969e+00 -7.680859416723251343e-02 0.000000000000000000e+00
-1.295109391212463379e-01 8.347160339355468750e+00 0.000000000000000000e+00
7.797636985778808594e+00 1.467387485504150391e+01 0.000000000000000000e+00
-1.672626113891601562e+01 3.728515625000000000e+00 0.000000000000000000e+00
1.286922740936279297e+01 7.535560131072998047e+00 0.000000000000000000e+00
9.420720100402832031e+00 1.377821826934814453e+01 0.000000000000000000e+00
-2.303183227777481079e-01 1.453520870208740234e+01 0.000000000000000000e+00
-3.609414100646972656e+00 1.130499243736267090e+00 0.000000000000000000e+00
8.331398963928222656e+00 1.083671951293945312e+01 0.000000000000000000e+00
-1.435970306396484375e+01 3.148703098297119141e+00 0.000000000000000000e+00
-3.575699567794799805e+00 9.984828948974609375e+00 0.000000000000000000e+00
1.226304721832275391e+01 -8.301163673400878906e+00 0.000000000000000000e+00
-1.069024205207824707e+00 1.060170555114746094e+01 0.000000000000000000e+00
6.805768489837646484e+00 -1.340147495269775391e+01 0.000000000000000000e+00
-3.723069429397583008e+00 1.683270454406738281e+01 0.000000000000000000e+00
-1.468490791320800781e+01 -8.778825759887695312e+00 0.000000000000000000e+00
2.541053771972656250e+00 9.719429016113281250e+00 0.000000000000000000e+00
1.429750251770019531e+01 -9.006984710693359375e+00 0.000000000000000000e+00
-8.202570915222167969e+00 1.503542709350585938e+01 0.000000000000000000e+00
-1.159099006652832031e+01 1.305398178100585938e+01 0.000000000000000000e+00
-1.617763137817382812e+01 5.662901878356933594e+00 0.000000000000000000e+00
-6.686164855957031250e+00 -9.005872726440429688e+00 0.000000000000000000e+00
2.738400220870971680e+00 -5.141219615936279297e+00 0.000000000000000000e+00
1.090235424041748047e+01 -8.851999044418334961e-01 0.000000000000000000e+00
-1.518625831604003906e+01 1.741063714027404785e+00 0.000000000000000000e+00
-7.884141921997070312e+00 -3.627076387405395508e+00 0.000000000000000000e+00
-4.982245445251464844e+00 -1.220082283020019531e+01 0.000000000000000000e+00
3.776545524597167969e-01 1.308062744140625000e+01 0.000000000000000000e+00
-3.677494525909423828e+00 1.446602821350097656e+01 0.000000000000000000e+00
-1.128503608703613281e+01 2.869719862937927246e-01 0.000000000000000000e+00
1.691858768463134766e+00 9.835126996040344238e-01 0.000000000000000000e+00
-1.318159580230712891e+01 -5.424179077148437500e+00 0.000000000000000000e+00
8.289551734924316406e+00 -9.690925598144531250e+00 0.000000000000000000e+00
-5.311821460723876953e+00 6.260910987854003906e+00 0.000000000000000000e+00
-1.652657699584960938e+01 -4.037933826446533203e+00 0.000000000000000000e+00
-1.462591266632080078e+01 3.204308748245239258e-01 0.000000000000000000e+00
-1.434269237518310547e+01 -4.053996562957763672e+00 0.000000000000000000e+00
-1.076417446136474609e+01 3.075790405273437500e+00 0.000000000000000000e+00
9.668146133422851562e+00 8.185965538024902344e+00 0.000000000000000000e+00
1.379492473602294922e+01 9.808601379394531250e+00 0.000000000000000000e+00
4.775799751281738281e+00 -1.605125045776367188e+01 0.000000000000000000e+00
3.162053823471069336e+00 1.453896427154541016e+01 0.000000000000000000e+00
4.741141319274902344e+00 -2.966296672821044922e+00 0.000000000000000000e+00
1.698012733459472656e+01 -1.267871737480163574e+00 0.000000000000000000e+00
7.317207813262939453e+00 1.292229270935058594e+01 0.000000000000000000e+00
-7.763908863067626953e+00 2.798733949661254883e+00 0.000000000000000000e+00
-2.068517684936523438e+00 7.642795085906982422e+00 0.000000000000000000e+00
-1.305021166801452637e+00 3.574175357818603516e+00 0.000000000000000000e+00
9.191337585449218750e+00 -5.481373310089111328e+00 0.000000000000000000e+00
6.112487792968750000e+00 5.995442390441894531e+00 0.000000000000000000e+00
1.418111896514892578e+01 -3.965556383132934570e+00 0.000000000000000000e+00
-1.114354705810546875e+01 -7.898866653442382812e+00 0.000000000000000000e+00
1.393826484680175781e+01 5.828286170959472656e+00 0.000000000000000000e+00
-5.036054611206054688e+00 1.523740196228027344e+01 0.000000000000000000e+00
1.149792957305908203e+01 -2.337172985076904297e+00 0.000000000000000000e+00
-4.195726394653320312e+00 1.278364753723144531e+01 0.000000000000000000e+00
6.742968082427978516e+00 1.097149372100830078e+01 0.000000000000000000e+00
-6.574848651885986328e+00 -1.168849754333496094e+01 0.000000000000000000e+00
-6.279090404510498047e+00 7.243363857269287109e-01 0.000000000000000000e+00
-1.679908370971679688e+01 -8.912556767463684082e-01 0.000000000000000000e+00
9.583938121795654297e-01 -4.617866039276123047e+00 0.000000000000000000e+00
-1.316731357574462891e+01 -2.154153585433959961e+00 0.000000000000000000e+00
1.068418788909912109e+01 4.697806358337402344e+00 0.000000000000000000e+00
7.082243442535400391e+00 -1.086204433441162109e+01 0.000000000000000000e+00
7.600775718688964844e+00 -6.443334579467773438e+00 0.000000000000000000e+00
9.647168159484863281e+00 -1.373615455627441406e+01 0.000000000000000000e+00
4.067694664001464844e+00 1.064668369293212891e+01 0.000000000000000000e+00
-4.957932472229003906e+00 4.556223392486572266e+00 0.000000000000000000e+00
3.169207572937011719e+00 1.716956520080566406e+01 0.000000000000000000e+00
1.496779441833496094e+01 8.357885360717773438e+00 0.000000000000000000e+00
2.102295637130737305e+00 6.047484874725341797e+00 0.000000000000000000e+00
-1.136779427528381348e+00 -6.377205848693847656e+00 0.000000000000000000e+00
1.557949352264404297e+01 4.938931465148925781e+00 0.000000000000000000e+00
6.951840400695800781e+00 1.601951408386230469e+01 0.000000000000000000e+00
-9.639883995056152344e+00 1.419656467437744141e+01 0.000000000000000000e+00
4.340212821960449219e+00 -1.039428424835205078e+01 0.000000000000000000e+00
1.004908370971679688e+01 9.637330055236816406e+00 0.000000000000000000e+00
-1.994379401206970215e+00 1.648176193237304688e+01 0.000000000000000000e+00
-4.549353122711181641e+00 2.476286172866821289e+00 0.000000000000000000e+00
2.840918302536010742e+00 -8.603930473327636719e+00 0.000000000000000000e+00
3.435876131057739258e+00 8.128946304321289062e+00 0.000000000000000000e+00
2.839015796780586243e-02 -1.022891253232955933e-01 0.000000000000000000e+00
1.544434165954589844e+01 -4.500665366649627686e-01 0.000000000000000000e+00
-6.279258728027343750e+00 1.608654785156250000e+01 0.000000000000000000e+00
1.565821170806884766e+00 3.857678890228271484e+00 0.000000000000000000e+00
4.779118537902832031e+00 -1.022950291633605957e+00 0.000000000000000000e+00
1.283442616462707520e+00 -1.728523063659667969e+01 0.000000000000000000e+00
-1.117365455627441406e+01 -1.303918170928955078e+01 0.000000000000000000e+00
-8.262439727783203125e+00 -1.362886333465576172e+01 0.000000000000000000e+00
-2.051921844482421875e+00 9.181308746337890625e+00 0.000000000000000000e+00
1.185305881500244141e+01 -9.802144050598144531e+00 0.000000000000000000e+00
-6.132231950759887695e-01 -1.496691703796386719e+01 0.000000000000000000e+00
1.198194026947021484e+01 5.604309082031250000e+00 0.000000000000000000e+00
5.671808719635009766e+00 -4.457832813262939453e+00 0.000000000000000000e+00
3.101139783859252930e+00 -1.449759864807128906e+01 0.000000000000000000e+00
1.331880950927734375e+01 -1.019657039642333984e+01 0.000000000000000000e+00
3.193957328796386719e+00 -2.648660182952880859e+00 0.000000000000000000e+00
-9.371673583984375000e+00 8.244761466979980469e+00 0.000000000000000000e+00
8.567306518554687500e+00 -1.522437286376953125e+01 0.000000000000000000e+00
-7.851681232452392578e+00 -1.363369822502136230e+00 0.000000000000000000e+00
-3.753445863723754883e+00 -1.052798175811767578e+01 0.000000000000000000e+00
-1.298692417144775391e+01 -9.593798637390136719e+00 0.000000000000000000e+00
4.700212478637695312e+00 -1.287790298461914062e+01 0.000000000000000000e+00
1.667918920516967773e+00 1.398892402648925781e+01 0.000000000000000000e+00
4.175966262817382812e+00 1.600828361511230469e+01 0.000000000000000000e+00
-9.982891082763671875e+00 -3.706569433212280273e+00 0.000000000000000000e+00
1.694009017944335938e+01 3.583217144012451172e+00 0.000000000000000000e+00
-7.818025112152099609e+00 -6.448731422424316406e+00 0.000000000000000000e+00
4.689552783966064453e+00 2.698531150817871094e+00 0.000000000000000000e+00
-3.678471803665161133e+00 -3.274381399154663086e+00 0.000000000000000000e+00
1.219422531127929688e+01 2.793085098266601562e+00 0.000000000000000000e+00
1.532534694671630859e+01 3.274554729461669922e+00 0.000000000000000000e+00
-9.046607971191406250e+00 5.860773086547851562e+00 0.000000000000000000e+00
3.240810155868530273e+00 -6.865037441253662109e+00 0.000000000000000000e+00
-1.147998332977294922e+01 8.566561698913574219e+00 0.000000000000000000e+00
-2.439480066299438477e+00 -2.312830984592437744e-01 0.000000000000000000e+00
-4.653044700622558594e+00 -6.240530967712402344e+00 0.000000000000000000e+00
1.600814056396484375e+01 -6.236524105072021484e+00 0.000000000000000000e+00
-1.254662036895751953e+01 -6.535706520080566406e-01 0.000000000000000000e+00
1.392478823661804199e+00 -1.560996341705322266e+01 0.000000000000000000e+00
9.633222579956054688e+00 -7.225374221801757812e+00 0.000000000000000000e+00
-6.229989051818847656e+00 1.238870143890380859e+01 0.000000000000000000e+00
