7.948410511016845703e+00 -9.832612991333007812e+00 0.000000000000000000e+00
8.817615509033203125e+00 3.687164783477783203e+00 0.000000000000000000e+00
2.327115684747695923e-01 -9.942811965942382812e+00 0.000000000000000000e+00
3.229731559753417969e+00 4.111022472381591797e+00 0.000000000000000000e+00
5.631683826446533203e+00 6.358616828918457031e+00 0.000000000000000000e+00
3.840759992599487305e-01 3.067992448806762695e+00 0.000000000000000000e+00
-1.040009975433349609e+01 -1.312031745910644531e+01 0.000000000000000000e+00
-1.492398548126220703e+01 -6.115989208221435547e+00 0.000000000000000000e+00
-8.370835304260253906e+00 1.419549083709716797e+01 0.000000000000000000e+00
1.095389556884765625e+01 1.025814437866210938e+01 0.000000000000000000e+00
1.071844863891601562e+01 -1.073344421386718750e+01 0.000000000000000000e+00
-1.679124474525451660e+00 4.744162082672119141e+00 0.000000000000000000e+00
-1.475444793701171875e+01 -8.046500205993652344e+00 0.000000000000000000e+00
3.127623200416564941e-01 1.495882797241210938e+01 0.000000000000000000e+00
-1.469235706329345703e+01 6.493033409118652344e+00 0.000000000000000000e+00
1.400462532043457031e+01 9.880651473999023438e+00 0.000000000000000000e+00
-1.472840404510498047e+01 -2.747916698455810547e+00 0.000000000000000000e+00
4.078111171722412109e+00 1.298462301492691040e-01 0.000000000000000000e+00
1.227968025207519531e+01 -1.096707534790039062e+01 0.000000000000000000e+00
1.440935134887695312e+00 1.161693859100341797e+01 0.000000000000000000e+00
-1.591209983825683594e+01 5.021470546722412109e+00 0.000000000000000000e+00
-1.716771697998046875e+01 -6.839561462402343750e-01 0.000000000000000000e+00
1.671943092346191406e+01 2.708679437637329102e+00 0.000000000000000000e+00
4.915238380432128906e+00 8.697749137878417969e+00 0.000000000000000000e+00
3.412534475326538086e+00 2.143931388854980469e+00 0.000000000000000000e+00
4.304823875427246094e-01 -1.713243675231933594e+01 0.000000000000000000e+00
-1.045475101470947266e+01 -1.010728955268859863e+00 0.000000000000000000e+00
-2.965727806091308594e+00 1.697831153869628906e-01 0.000000000000000000e+00
-7.347556203603744507e-02 -2.866915464401245117e+00 0.000000000000000000e+00
6.849218845367431641e+00 -2.872749567031860352e+00 0.000000000000000000e+00
1.005747890472412109e+01 -6.717622280120849609e+00 0.000000000000000000e+00
-9.640104293823242188e+00 -3.346392869949340820e+00 0.000000000000000000e+00
8.663163185119628906e+00 1.058673381805419922e+01 0.000000000000000000e+00
-8.610426187515258789e-01 -7.042495250701904297e+00 0.000000000000000000e+00
1.441044521331787109e+01 5.057876110076904297e+00 0.000000000000000000e+00
-6.998761177062988281e+00 -1.453365421295166016e+01 0.000000000000000000e+00
1.363004875183105469e+01 -6.991655826568603516e+00 0.000000000000000000e+00
1.071085357666015625e+01 -3.131067752838134766e+00 0.000000000000000000e+00
7.899545192718505859e+00 -7.189378261566162109e+00 0.000000000000000000e+00
-1.135259056091308594e+01 8.911254882812500000e+00 0.000000000000000000e+00
-8.019487380981445312e+00 -1.010608911514282227e+00 0.000000000000000000e+00
3.802684783935546875e+00 1.408159160614013672e+01 0.000000000000000000e+00
7.761666774749755859e+00 1.078020095825195312e+00 0.000000000000000000e+00
-1.849032640457153320e+00 -4.822469711303710938e+00 0.000000000000000000e+00
-1.030762672424316406e+01 7.795741558074951172e+00 0.000000000000000000e+00
-1.653788948059082031e+01 2.530651330947875977e+00 0.000000000000000000e+00
3.739637613296508789e+00 -3.410290956497192383e+00 0.000000000000000000e+00
8.174825668334960938e+00 -6.856273412704467773e-01 0.000000000000000000e+00
-1.159906578063964844e+01 1.137288188934326172e+01 0.000000000000000000e+00
-4.587006092071533203e+00 1.676270103454589844e+01 0.000000000000000000e+00
9.174214363098144531e+00 8.660968780517578125e+00 0.000000000000000000e+00
1.278526973724365234e+01 5.589952945709228516e+00 0.000000000000000000e+00
-5.222585201263427734e+00 2.268676042556762695e+00 0.000000000000000000e+00
-1.190745830535888672e+01 -1.055733108520507812e+01 0.000000000000000000e+00
-1.214855003356933594e+01 -6.982903480529785156e+00 0.000000000000000000e+00
-1.153943634033203125e+01 6.375408172607421875e+00 0.000000000000000000e+00
6.041193485260009766e+00 -1.519754123687744141e+01 0.000000000000000000e+00
4.783528327941894531e+00 -1.301179409027099609e+01 0.000000000000000000e+00
3.869470119476318359e+00 1.699517822265625000e+01 0.000000000000000000e+00
-1.670742392539978027e+00 1.611116409301757812e+01 0.000000000000000000e+00
-5.716690540313720703e+00 -8.467552185058593750e+00 0.000000000000000000e+00
-4.004220008850097656e+00 -1.294851207733154297e+01 0.000000000000000000e+00
2.533655405044555664e+00 -1.338044738769531250e+01 0.000000000000000000e+00
1.042710399627685547e+01 7.742148399353027344e+00 0.000000000000000000e+00
-4.220378398895263672e+00 1.483482646942138672e+01 0.000000000000000000e+00
4.330034732818603516e+00 -1.089040660858154297e+01 0.000000000000000000e+00
-8.422268867492675781e+00 1.170383453369140625e+01 0.000000000000000000e+00
6.557720661163330078e+00 -1.071448707580566406e+01 0.000000000000000000e+00
-4.059832572937011719e+00 -1.668113327026367188e+01 0.000000000000000000e+00
8.121713638305664062e+00 5.917845249176025391e+00 0.000000000000000000e+00
-2.126559019088745117e+00 1.208975315093994141e+01 0.000000000000000000e+00
3.729800939559936523e+00 1.075649547576904297e+01 0.000000000000000000e+00
2.504022836685180664e+00 -4.444770336151123047e+00 0.000000000000000000e+00
1.247714328765869141e+01 7.712038040161132812e+00 0.000000000000000000e+00
1.154764056205749512e+00 9.480936050415039062e+00 0.000000000000000000e+00
-2.860104322433471680e+00 7.711679935455322266e+00 0.000000000000000000e+00
-1.010358142852783203e+01 5.481210231781005859e+00 0.000000000000000000e+00
2.763020992279052734e+00 8.475923538208007812e+00 0.000000000000000000e+00
-8.441604614257812500e+00 -6.596466541290283203e+00 0.000000000000000000e+00
8.123472213745117188e+00 1.385967636108398438e+01 0.000000000000000000e+00
1.194376373291015625e+01 -4.402009963989257812e+00 0.000000000000000000e+00
-1.210655021667480469e+01 3.936764240264892578e+00 0.000000000000000000e+00
-1.558540058135986328e+01 -4.626632213592529297e+00 0.000000000000000000e+00
-1.402695274353027344e+01 8.328338623046875000e+00 0.000000000000000000e+00
-1.099016070365905762e+00 -1.745620727539062500e+01 0.000000000000000000e+00
-2.113239765167236328e+00 -1.475840282440185547e+01 0.000000000000000000e+00
-4.080594539642333984e+00 -4.910032272338867188e+00 0.000000000000000000e+00
5.060537338256835938e+00 -5.018558025360107422e+00 0.000000000000000000e+00
-2.231858491897583008e+00 2.263638019561767578e+00 0.000000000000000000e+00
3.719156980514526367e+00 -1.450199890136718750e+01 0.000000000000000000e+00
1.322698783874511719e+01 3.004458427429199219e+00 0.000000000000000000e+00
2.590404748916625977e+00 -6.405419349670410156e+00 0.000000000000000000e+00
-8.249493598937988281e+00 4.374446868896484375e+00 0.000000000000000000e+00
-3.242454051971435547e+00 -1.835520505905151367e+00 0.000000000000000000e+00
-1.036877155303955078e+01 -7.418795108795166016e+00 0.000000000000000000e+00
-6.030377864837646484e+00 -2.096325397491455078e+00 0.000000000000000000e+00
2.538381338119506836e+00 -1.723037528991699219e+01 0.000000000000000000e+00
-1.301598167419433594e+01 -4.887501001358032227e-01 0.000000000000000000e+00
-6.052041053771972656e+00 1.088137626647949219e+01 0.000000000000000000e+00
1.340675449371337891e+01 1.425368309020996094e+00 0.000000000000000000e+00
-9.037384033203125000e+00 9.400705337524414062e+00 0.000000000000000000e+00
1.674050140380859375e+01 -4.172261953353881836e-01 0.000000000000000000e+00
-2.701123952865600586e+00 -6.972464561462402344e+00 0.000000000000000000e+00
-1.189642047882080078e+01 2.041376590728759766e+00 0.000000000000000000e+00
-4.840179920196533203e+00 1.235838127136230469e+01 0.000000000000000000e+00
-1.055328369140625000e+01 -5.224118232727050781e+00 0.000000000000000000e+00
-8.467045783996582031e+00 -1.056984806060791016e+01 0.000000000000000000e+00
-8.772804260253906250e+00 9.550122022628784180e-01 0.000000000000000000e+00
2.293352365493774414e+00 1.600337219238281250e+01 0.000000000000000000e+00
1.239858245849609375e+01 -7.683747261762619019e-02 0.000000000000000000e+00
-1.171427741646766663e-01 -1.238861274719238281e+01 0.000000000000000000e+00
9.617295265197753906e+00 5.213941097259521484e+00 0.000000000000000000e+00
6.521212577819824219e+00 7.871973514556884766e+00 0.000000000000000000e+00
-7.212086677551269531e+00 8.185299873352050781e+00 0.000000000000000000e+00
-2.856540918350219727e+00 -1.037387943267822266e+01 0.000000000000000000e+00
4.779201507568359375e+00 -1.607075500488281250e+01 0.000000000000000000e+00
-7.133813381195068359e+00 -1.147921371459960938e+01 0.000000000000000000e+00
-1.515252590179443359e-01 1.351097679138183594e+01 0.000000000000000000e+00
-1.309386062622070312e+01 6.221655368804931641e+00 0.000000000000000000e+00
-6.882180690765380859e+00 -7.334677696228027344e+00 0.000000000000000000e+00
-7.872163772583007812e+00 6.346104145050048828e+00 0.000000000000000000e+00
-3.639088392257690430e+00 9.940958976745605469e+00 0.000000000000000000e+00
-1.318383026123046875e+01 -9.738827705383300781e+00 0.000000000000000000e+00
5.459967613220214844e+00 -2.279888153076171875e+00 0.000000000000000000e+00
-1.529833507537841797e+01 -1.897713541984558105e-02 0.000000000000000000e+00
1.430075836181640625e+01 5.627228692173957825e-02 0.000000000000000000e+00
-1.635591983795166016e+00 1.437955379486083984e+01 0.000000000000000000e+00
1.446547889709472656e+01 -5.190180778503417969e+00 0.000000000000000000e+00
4.327481746673583984e+00 -6.940673351287841797e+00 0.000000000000000000e+00
2.750053405761718750e+00 5.704106807708740234e+00 0.000000000000000000e+00
-1.714703369140625000e+01 -3.046264410018920898e+00 0.000000000000000000e+00
9.381481170654296875e+00 -8.326501846313476562e+00 0.000000000000000000e+00
-2.576136827468872070e+00 -1.224828433990478516e+01 0.000000000000000000e+00
8.798620223999023438e+00 1.245089530944824219e+01 0.000000000000000000e+00
1.457574129104614258e+00 -2.681988716125488281e+00 0.000000000000000000e+00
5.300251007080078125e+00 3.883598089218139648e+00 0.000000000000000000e+00
-1.308378028869628906e+01 -3.954650878906250000e+00 0.000000000000000000e+00
1.383882331848144531e+01 -1.823740124702453613e+00 0.000000000000000000e+00
-4.328508853912353516e+00 -1.501501274108886719e+01 0.000000000000000000e+00
2.519199848175048828e+00 5.668150261044502258e-02 0.000000000000000000e+00
7.573999881744384766e+00 9.456180572509765625e+00 0.000000000000000000e+00
1.684293746948242188e+01 -2.419843912124633789e+00 0.000000000000000000e+00
-8.446152687072753906e+00 -1.390640735626220703e+01 0.000000000000000000e+00
1.803570985794067383e+00 -1.174693393707275391e+01 0.000000000000000000e+00
-7.651641368865966797e+00 -3.861627340316772461e+00 0.000000000000000000e+00
-6.951320171356201172e+00 1.564283084869384766e+01 0.000000000000000000e+00
1.225329160690307617e+00 -8.766088485717773438e+00 0.000000000000000000e+00
1.501501750946044922e+01 -8.154154777526855469e+00 0.000000000000000000e+00
1.352606964111328125e+01 -3.453400373458862305e+00 0.000000000000000000e+00
-7.323276519775390625e+00 3.149164676666259766e+00 0.000000000000000000e+00
1.016878485679626465e+00 -1.029361248016357422e+00 0.000000000000000000e+00
-6.254168510437011719e+00 -1.581385880708694458e-01 0.000000000000000000e+00
6.144933104515075684e-01 7.161895751953125000e+00 0.000000000000000000e+00
-1.289790344238281250e+01 -2.465871810913085938e+00 0.000000000000000000e+00
-2.125554800033569336e+00 -3.335772275924682617e+00 0.000000000000000000e+00
-1.289903450012207031e+01 1.036679553985595703e+01 0.000000000000000000e+00
-5.558407306671142578e+00 9.363440513610839844e+00 0.000000000000000000e+00
1.243863964080810547e+01 9.361964225769042969e+00 0.000000000000000000e+00
1.211155700683593750e+01 -6.591076374053955078e+00 0.000000000000000000e+00
2.110186100006103516e+00 1.408059310913085938e+01 0.000000000000000000e+00
-4.597395420074462891e+00 6.339483737945556641e+00 0.000000000000000000e+00
1.411833095550537109e+01 8.014379501342773438e+00 0.000000000000000000e+00
1.606611442565917969e+01 5.848878383636474609e+00 0.000000000000000000e+00
2.924969434738159180e+00 1.250011920928955078e+01 0.000000000000000000e+00
1.995744556188583374e-01 5.433745861053466797e+00 0.000000000000000000e+00
-4.807640552520751953e+00 7.875244617462158203e+00 0.000000000000000000e+00
5.342979907989501953e+00 1.334931945800781250e+01 0.000000000000000000e+00
6.173699855804443359e+00 1.111405372619628906e+01 0.000000000000000000e+00
-1.035420131683349609e+01 3.053794622421264648e+00 0.000000000000000000e+00
5.880321025848388672e+00 -7.946162700653076172e+00 0.000000000000000000e+00
-8.908146023750305176e-01 8.064115524291992188e+00 0.000000000000000000e+00
-1.022602939605712891e+01 1.394569015502929688e+01 0.000000000000000000e+00
-9.775058746337890625e+00 1.240252208709716797e+01 0.000000000000000000e+00
9.022112846374511719e+00 -3.951426744461059570e+00 0.000000000000000000e+00
-5.800462722778320312e+00 -1.288895606994628906e+01 0.000000000000000000e+00
1.267153263092041016e+01 -9.185675621032714844e+00 0.000000000000000000e+00
1.574250030517578125e+01 8.681591153144836426e-01 0.000000000000000000e+00
7.184589385986328125e+00 -1.376677322387695312e+01 0.000000000000000000e+00
1.520899868011474609e+01 3.558533906936645508e+00 0.000000000000000000e+00
1.103425979614257812e+01 2.680555343627929688e+00 0.000000000000000000e+00
-7.606455326080322266e+00 1.041443920135498047e+01 0.000000000000000000e+00
4.784377098083496094e+00 1.548435783386230469e+01 0.000000000000000000e+00
1.396571922302246094e+01 -1.026424407958984375e+01 0.000000000000000000e+00
-1.339303970336914062e+00 1.078735065460205078e+01 0.000000000000000000e+00
1.163679218292236328e+01 1.213240528106689453e+01 0.000000000000000000e+00
1.079058647155761719e+01 8.885079622268676758e-01 0.000000000000000000e+00
-1.388603925704956055e+00 -1.337670898437500000e+01 0.000000000000000000e+00
3.576279401779174805e+00 -1.846298336982727051e+00 0.000000000000000000e+00
-3.047565460205078125e+00 6.025393009185791016e+00 0.000000000000000000e+00
-3.847756862640380859e+00 3.047080755233764648e+00 0.000000000000000000e+00
-4.161371707916259766e+00 -7.500741481781005859e+00 0.000000000000000000e+00
8.210946321487426758e-01 1.731724357604980469e+01 0.000000000000000000e+00
6.401726722717285156e+00 1.540466690063476562e+01 0.000000000000000000e+00
3.969042301177978516e+00 -8.975281715393066406e+00 0.000000000000000000e+00
1.215900897979736328e+01 -1.255863857269287109e+01 0.000000000000000000e+00
-1.405071735382080078e+01 3.642309665679931641e+00 0.000000000000000000e+00
-7.911918163299560547e+00 -8.565993309020996094e+00 0.000000000000000000e+00
-9.628441929817199707e-01 -8.691052436828613281e+00 0.000000000000000000e+00
-4.855667591094970703e+00 4.235756874084472656e+00 0.000000000000000000e+00
6.795353889465332031e+00 -4.480000495910644531e+00 0.000000000000000000e+00
1.119963932037353516e+01 -1.584970116615295410e+00 0.000000000000000000e+00
1.412472367286682129e+00 -1.480065727233886719e+01 0.000000000000000000e+00
2.125571489334106445e+00 -9.987512588500976562e+00 0.000000000000000000e+00
8.453602790832519531e+00 -5.763465881347656250e+00 0.000000000000000000e+00
-6.415042281150817871e-01 -8.045586943626403809e-01 0.000000000000000000e+00
1.598094463348388672e+01 -5.297503948211669922e+00 0.000000000000000000e+00
-2.988554954528808594e+00 1.350685119628906250e+01 0.000000000000000000e+00
-6.199712276458740234e+00 -1.015092849731445312e+01 0.000000000000000000e+00
-1.122660732269287109e+01 4.179602563381195068e-01 0.000000000000000000e+00
5.352516651153564453e+00 1.011630415916442871e+00 0.000000000000000000e+00
8.401820063591003418e-01 -5.602056026458740234e+00 0.000000000000000000e+00
8.436043739318847656e+00 -2.355253219604492188e+00 0.000000000000000000e+00
-1.018458557128906250e+01 -1.043080234527587891e+01 0.000000000000000000e+00
8.153437614440917969e+00 -1.181323242187500000e+01 0.000000000000000000e+00
5.839163780212402344e+00 -6.974689960479736328e-01 0.000000000000000000e+00
-5.950835704803466797e+00 -3.787938117980957031e+00 0.000000000000000000e+00
1.076044750213623047e+01 -9.103899955749511719e+00 0.000000000000000000e+00
-3.368468999862670898e+00 -8.822258949279785156e+00 0.000000000000000000e+00
-1.608733558654785156e+01 -1.926223278045654297e+00 0.000000000000000000e+00
-6.533905982971191406e+00 5.216139793395996094e+00 0.000000000000000000e+00
-1.113896465301513672e+01 -8.724653244018554688e+00 0.000000000000000000e+00
-4.533425331115722656e+00 -1.136706829071044922e+01 0.000000000000000000e+00
-9.064986228942871094e+00 -1.213910770416259766e+01 0.000000000000000000e+00
9.883503913879394531e+00 -1.236305427551269531e+01 0.000000000000000000e+00
-1.408226585388183594e+01 1.759553909301757812e+00 0.000000000000000000e+00
6.542574882507324219e+00 2.494308710098266602e+00 0.000000000000000000e+00
7.765390396118164062e+00 -1.526303195953369141e+01 0.000000000000000000e+00
-2.511902093887329102e+00 -1.671511077880859375e+01 0.000000000000000000e+00
8.752553939819335938e+00 -1.374403667449951172e+01 0.000000000000000000e+00
-1.530354976654052734e+00 7.720395326614379883e-01 0.000000000000000000e+00
-6.302844524383544922e+00 -5.882400512695312500e+00 0.000000000000000000e+00
1.525343990325927734e+01 -2.747931241989135742e+00 0.000000000000000000e+00
-1.175788640975952148e+00 6.504168510437011719e+00 0.000000000000000000e+00
-6.510247230529785156e+00 1.392107105255126953e+01 0.000000000000000000e+00
-4.822519779205322266e+00 6.809387803077697754e-01 0.000000000000000000e+00
-1.216147422790527344e+01 -5.397641658782958984e+00 0.000000000000000000e+00
1.811320900917053223e+00 2.038478851318359375e+00 0.000000000000000000e+00
-9.850699424743652344e+00 1.069531726837158203e+01 0.000000000000000000e+00
1.113984203338623047e+01 4.270304679870605469e+00 0.000000000000000000e+00
6.512155532836914062e+00 4.911911487579345703e+00 0.000000000000000000e+00
2.762275218963623047e+00 -8.028884887695312500e+00 0.000000000000000000e+00
1.087790012359619141e+01 -1.363742256164550781e+01 0.000000000000000000e+00
-1.163998126983642578e+00 -1.123621463775634766e+01 0.000000000000000000e+00
9.657906532287597656e+00 1.405222034454345703e+01 0.000000000000000000e+00
-2.657979130744934082e-01 -4.361203670501708984e+00 0.000000000000000000e+00
-1.130313682556152344e+01 -2.541831016540527344e+00 0.000000000000000000e+00
-6.356683254241943359e+00 6.748985290527343750e+00 0.000000000000000000e+00
3.920524597167968750e+00 7.521420478820800781e+00 0.000000000000000000e+00
-5.962516069412231445e-01 -1.491278934478759766e+01 0.000000000000000000e+00
-4.710671424865722656e+00 -9.599630355834960938e+00 0.000000000000000000e+00
-4.226579189300537109e+00 -3.002195358276367188e+00 0.000000000000000000e+00
-6.650622844696044922e+00 -1.601377105712890625e+01 0.000000000000000000e+00
-7.131403923034667969e+00 1.155793786048889160e+00 0.000000000000000000e+00
7.060516834259033203e+00 1.234143638610839844e+01 0.000000000000000000e+00
-4.829521179199218750e+00 -1.149848461151123047e+00 0.000000000000000000e+00
1.045782184600830078e+01 -5.176857948303222656e+00 0.000000000000000000e+00
