5.665201663970947266e+00 -1.106759643554687500e+01 0.000000000000000000e+00
1.480761814117431641e+01 -8.072380423545837402e-01 0.000000000000000000e+00
-1.270602607727050781e+01 -8.483480453491210938e+00 0.000000000000000000e+00
-5.135277271270751953e+00 -9.496141433715820312e+00 0.000000000000000000e+00
3.282602787017822266e+00 1.758895516395568848e+00 0.000000000000000000e+00
4.112823486328125000e+00 5.407118797302246094e+00 0.000000000000000000e+00
7.180550098419189453e+00 -4.977061450481414795e-01 0.000000000000000000e+00
7.023222923278808594e+00 -1.385776710510253906e+01 0.000000000000000000e+00
-2.565400600433349609e+00 1.314201068878173828e+01 0.000000000000000000e+00
9.810049057006835938e+00 1.335732698440551758e+00 0.000000000000000000e+00
-1.091951206326484680e-01 -1.462004470825195312e+01 0.000000000000000000e+00
1.040702533721923828e+01 -6.849836826324462891e+00 0.000000000000000000e+00
-6.358006000518798828e+00 2.875144481658935547e+00 0.000000000000000000e+00
-1.036198139190673828e+01 -1.320404529571533203e+01 0.000000000000000000e+00
-8.960729598999023438e+00 -1.455616831779479980e+00 0.000000000000000000e+00
4.224998474121093750e+00 3.057189464569091797e+00 0.000000000000000000e+00
-1.479530525207519531e+01 2.359727144241333008e+00 0.000000000000000000e+00
3.282896041870117188e+00 -1.830940544605255127e-01 0.000000000000000000e+00
-1.717126607894897461e+00 -1.723267745971679688e+01 0.000000000000000000e+00
1.306178092956542969e+01 -1.138926792144775391e+01 0.000000000000000000e+00
-3.521482229232788086e+00 -8.772890090942382812e+00 0.000000000000000000e+00
-8.832099914550781250e+00 3.147507190704345703e+00 0.000000000000000000e+00
5.864335536956787109e+00 -4.606805324554443359e+00 0.000000000000000000e+00
1.499661827087402344e+01 -6.362752437591552734e+00 0.000000000000000000e+00
1.364091587066650391e+01 4.098186969757080078e+00 0.000000000000000000e+00
1.061744570732116699e+00 1.323024368286132812e+01 0.000000000000000000e+00
-1.175683856010437012e+00 1.681710433959960938e+01 0.000000000000000000e+00
1.247611618041992188e+01 1.131885409355163574e+00 0.000000000000000000e+00
1.006153678894042969e+01 -1.344988250732421875e+01 0.000000000000000000e+00
-5.199650764465332031e+00 -1.505344390869140625e+01 0.000000000000000000e+00
-3.782033920288085938e+00 -1.062583732604980469e+01 0.000000000000000000e+00
-1.246792030334472656e+01 5.181830406188964844e+00 0.000000000000000000e+00
8.706072807312011719e+00 1.496276473999023438e+01 0.000000000000000000e+00
-1.226854419708251953e+01 -1.245493125915527344e+01 0.000000000000000000e+00
-7.521071910858154297e+00 4.602779865264892578e+00 0.000000000000000000e+00
-3.632001638412475586e+00 5.072092056274414062e+00 0.000000000000000000e+00
1.279746890068054199e+00 -1.719067955017089844e+01 0.000000000000000000e+00
1.244127464294433594e+01 -4.200093269348144531e+00 0.000000000000000000e+00
7.618505001068115234e+00 3.223713159561157227e+00 0.000000000000000000e+00
-1.433799386024475098e+00 -5.732533931732177734e+00 0.000000000000000000e+00
8.009514808654785156e+00 -4.898705482482910156e+00 0.000000000000000000e+00
4.319562911987304688e+00 1.225476551055908203e+01 0.000000000000000000e+00
3.980188846588134766e+00 7.889819622039794922e+00 0.000000000000000000e+00
1.763447523117065430e+00 -9.785984039306640625e+00 0.000000000000000000e+00
-1.137491390109062195e-01 -7.191222667694091797e+00 0.000000000000000000e+00
9.166704177856445312e+00 -1.156920337677001953e+01 0.000000000000000000e+00
3.511346101760864258e+00 1.606293678283691406e+01 0.000000000000000000e+00
5.487014770507812500e+00 -1.576212215423583984e+01 0.000000000000000000e+00
-1.624556732177734375e+01 3.267739713191986084e-01 0.000000000000000000e+00
-6.299621582031250000e+00 1.128474521636962891e+01 0.000000000000000000e+00
1.459795188903808594e+01 6.951828479766845703e+00 0.000000000000000000e+00
-1.183555984497070312e+01 1.231938076019287109e+01 0.000000000000000000e+00
-7.630016803741455078e+00 6.798616886138916016e+00 0.000000000000000000e+00
-1.035838127136230469e+01 1.188238859176635742e+00 0.000000000000000000e+00
5.440189242362976074e-01 1.249774336814880371e+00 0.000000000000000000e+00
2.074934482574462891e+00 -5.843755722045898438e+00 0.000000000000000000e+00
-1.206310272216796875e+01 2.441610097885131836e+00 0.000000000000000000e+00
-1.114386558532714844e+01 -7.622800469398498535e-01 0.000000000000000000e+00
-2.662445306777954102e+00 1.483549213409423828e+01 0.000000000000000000e+00
-1.663872909545898438e+01 -1.809155344963073730e+00 0.000000000000000000e+00
3.850602626800537109e+00 -4.342084884643554688e+00 0.000000000000000000e+00
1.148294353485107422e+01 -1.022943305969238281e+01 0.000000000000000000e+00
1.344622230529785156e+01 8.458809852600097656e+00 0.000000000000000000e+00
-1.560108542442321777e+00 -1.000204181671142578e+01 0.000000000000000000e+00
-1.235507011413574219e+01 1.014983081817626953e+01 0.000000000000000000e+00
-2.088402271270751953e+00 -1.304802894592285156e+01 0.000000000000000000e+00
-6.915624618530273438e+00 -1.071223640441894531e+01 0.000000000000000000e+00
1.612993240356445312e+01 -2.775982856750488281e+00 0.000000000000000000e+00
2.897388458251953125e+00 -1.173433208465576172e+01 0.000000000000000000e+00
-6.556982517242431641e+00 -7.949719905853271484e+00 0.000000000000000000e+00
9.674223065376281738e-01 8.806877136230468750e+00 0.000000000000000000e+00
-7.953681468963623047e+00 1.235051345825195312e+01 0.000000000000000000e+00
-1.428843212127685547e+01 7.670357227325439453e+00 0.000000000000000000e+00
4.702217102050781250e+00 -1.283610916137695312e+01 0.000000000000000000e+00
5.828518867492675781e+00 1.131728649139404297e+01 0.000000000000000000e+00
-8.789443969726562500e+00 -1.035794448852539062e+01 0.000000000000000000e+00
-1.135648441314697266e+01 8.076284408569335938e+00 0.000000000000000000e+00
-2.980988502502441406e+00 -1.552592563629150391e+01 0.000000000000000000e+00
5.549173355102539062e+00 9.757183074951171875e+00 0.000000000000000000e+00
-8.589411735534667969e+00 -4.357761383056640625e+00 0.000000000000000000e+00
7.467619419097900391e+00 1.005685138702392578e+01 0.000000000000000000e+00
3.085059881210327148e+00 -8.559432983398437500e+00 0.000000000000000000e+00
7.244341850280761719e+00 8.052232742309570312e+00 0.000000000000000000e+00
6.935331821441650391e+00 -1.225215721130371094e+01 0.000000000000000000e+00
1.447455024719238281e+01 -4.589595794677734375e+00 0.000000000000000000e+00
1.508325767517089844e+01 1.410496592521667480e+00 0.000000000000000000e+00
-4.123984813690185547e+00 1.146251392364501953e+01 0.000000000000000000e+00
-3.902866542339324951e-01 -1.295971202850341797e+01 0.000000000000000000e+00
-5.575865507125854492e-01 3.652848958969116211e+00 0.000000000000000000e+00
1.260810756683349609e+01 1.065472126007080078e+01 0.000000000000000000e+00
-6.271198272705078125e+00 -1.362735080718994141e+01 0.000000000000000000e+00
1.303798675537109375e+01 -7.035585641860961914e-01 0.000000000000000000e+00
9.617646217346191406e+00 1.141495132446289062e+01 0.000000000000000000e+00
-7.524315834045410156e+00 1.033031749725341797e+01 0.000000000000000000e+00
-1.010224461555480957e+00 -8.775825500488281250e-01 0.000000000000000000e+00
-9.025692939758300781e+00 9.345035552978515625e+00 0.000000000000000000e+00
-2.467334747314453125e+00 3.304802656173706055e+00 0.000000000000000000e+00
1.185931491851806641e+01 -8.038208007812500000e+00 0.000000000000000000e+00
2.759563684463500977e+00 1.238850784301757812e+01 0.000000000000000000e+00
-3.586108922958374023e+00 1.727613568305969238e+00 0.000000000000000000e+00
-2.027165412902832031e+00 6.571327209472656250e+00 0.000000000000000000e+00
5.704274177551269531e+00 -9.538462758064270020e-01 0.000000000000000000e+00
1.709589004516601562e+00 -1.401234054565429688e+01 0.000000000000000000e+00
1.952527403831481934e+00 -2.378948688507080078e+00 0.000000000000000000e+00
1.019450783729553223e+00 3.990412950515747070e+00 0.000000000000000000e+00
-1.026914024353027344e+01 6.901698589324951172e+00 0.000000000000000000e+00
8.758462905883789062e+00 -8.590518951416015625e+00 0.000000000000000000e+00
-1.225418853759765625e+01 -1.025810241699218750e+01 0.000000000000000000e+00
-2.066615521907806396e-01 -1.685591125488281250e+01 0.000000000000000000e+00
6.654213666915893555e-01 1.598873805999755859e+01 0.000000000000000000e+00
6.523292541503906250e+00 1.920781373977661133e+00 0.000000000000000000e+00
1.046399021148681641e+01 -1.261445403099060059e+00 0.000000000000000000e+00
7.481162071228027344e+00 -1.535933399200439453e+01 0.000000000000000000e+00
1.218456649780273438e+01 -5.979084491729736328e+00 0.000000000000000000e+00
-9.862416267395019531e+00 1.259663200378417969e+01 0.000000000000000000e+00
-4.639410495758056641e+00 6.220361709594726562e+00 0.000000000000000000e+00
1.034797286987304688e+01 5.922545909881591797e+00 0.000000000000000000e+00
-6.651517868041992188e+00 -5.642307281494140625e+00 0.000000000000000000e+00
-5.534678459167480469e+00 9.509238243103027344e+00 0.000000000000000000e+00
1.681370544433593750e+01 1.364122629165649414e+00 0.000000000000000000e+00
-1.231305217742919922e+01 5.240679383277893066e-01 0.000000000000000000e+00
7.419048786163330078e+00 1.257190990447998047e+01 0.000000000000000000e+00
6.047195911407470703e+00 5.917043209075927734e+00 0.000000000000000000e+00
-4.515716075897216797e+00 -5.586528301239013672e+00 0.000000000000000000e+00
-1.567120838165283203e+01 -6.631621837615966797e+00 0.000000000000000000e+00
-4.902938365936279297e+00 -7.088613510131835938e+00 0.000000000000000000e+00
-1.398869705200195312e+01 -4.863709449768066406e+00 0.000000000000000000e+00
1.803095698356628418e+00 6.757619857788085938e+00 0.000000000000000000e+00
2.525654792785644531e+00 1.488413810729980469e+01 0.000000000000000000e+00
1.343794059753417969e+01 5.649755477905273438e+00 0.000000000000000000e+00
-1.092166137695312500e+01 -8.746384620666503906e+00 0.000000000000000000e+00
-1.539271545410156250e+01 4.050993442535400391e+00 0.000000000000000000e+00
-1.316067028045654297e+01 -1.266323804855346680e+00 0.000000000000000000e+00
-2.288879632949829102e+00 -7.606246948242187500e+00 0.000000000000000000e+00
-2.425466030836105347e-01 7.502102851867675781e+00 0.000000000000000000e+00
-1.440943908691406250e+01 -3.349673271179199219e+00 0.000000000000000000e+00
-5.191030025482177734e+00 -2.095311641693115234e+00 0.000000000000000000e+00
-1.462373638153076172e+01 9.392379760742187500e+00 0.000000000000000000e+00
1.113998889923095703e+01 8.110759735107421875e+00 0.000000000000000000e+00
-8.161835670471191406e+00 -8.134125709533691406e+00 0.000000000000000000e+00
1.657615470886230469e+01 -4.983378410339355469e+00 0.000000000000000000e+00
-1.484694194793701172e+01 -1.888521194458007812e+00 0.000000000000000000e+00
-3.261860609054565430e+00 -3.343167304992675781e-01 0.000000000000000000e+00
-3.039165973663330078e+00 9.524108886718750000e+00 0.000000000000000000e+00
1.494048690795898438e+01 -8.879165649414062500e+00 0.000000000000000000e+00
-6.146672248840332031e+00 1.474795627593994141e+01 0.000000000000000000e+00
1.699943161010742188e+01 3.042617321014404297e+00 0.000000000000000000e+00
-1.436082458496093750e+01 9.070621132850646973e-01 0.000000000000000000e+00
-2.294996976852416992e-01 1.114663600921630859e+01 0.000000000000000000e+00
1.090340232849121094e+01 4.423906326293945312e+00 0.000000000000000000e+00
8.056041598320007324e-01 -4.681937217712402344e+00 0.000000000000000000e+00
-4.137053966522216797e+00 1.372670364379882812e+01 0.000000000000000000e+00
-6.714858531951904297e+00 -1.117314696311950684e+00 0.000000000000000000e+00
4.172648191452026367e-01 6.019519805908203125e+00 0.000000000000000000e+00
-5.361037731170654297e+00 1.664261436462402344e+01 0.000000000000000000e+00
-1.042974233627319336e+00 1.470298099517822266e+01 0.000000000000000000e+00
6.936326026916503906e+00 -2.293962478637695312e+00 0.000000000000000000e+00
-3.073319435119628906e+00 -3.795976400375366211e+00 0.000000000000000000e+00
1.143019485473632812e+01 1.204220390319824219e+01 0.000000000000000000e+00
-6.762752532958984375e+00 1.347837686538696289e+00 0.000000000000000000e+00
-3.098892867565155029e-01 -8.954319000244140625e+00 0.000000000000000000e+00
4.779282569885253906e+00 1.088435888290405273e+00 0.000000000000000000e+00
-6.627086639404296875e+00 -2.983517885208129883e+00 0.000000000000000000e+00
-8.957833290100097656e+00 1.393057727813720703e+01 0.000000000000000000e+00
-2.906301259994506836e+00 7.939229965209960938e+00 0.000000000000000000e+00
-7.091439723968505859e+00 -1.542332649230957031e+01 0.000000000000000000e+00
1.498470664024353027e+00 1.047315597534179688e+01 0.000000000000000000e+00
3.536614418029785156e+00 -7.054471492767333984e+00 0.000000000000000000e+00
6.715522766113281250e+00 -8.237031936645507812e+00 0.000000000000000000e+00
1.739396286010742188e+01 -1.271691322326660156e+00 0.000000000000000000e+00
9.757918357849121094e+00 -4.181791305541992188e+00 0.000000000000000000e+00
2.498370967805385590e-02 -1.054623413085937500e+01 0.000000000000000000e+00
3.864493608474731445e+00 -1.412223339080810547e+01 0.000000000000000000e+00
-3.277502775192260742e+00 -2.285243511199951172e+00 0.000000000000000000e+00
5.365031242370605469e+00 1.433791732788085938e+01 0.000000000000000000e+00
-1.715520095825195312e+01 3.180461406707763672e+00 0.000000000000000000e+00
-9.839028358459472656e+00 -1.157552242279052734e+01 0.000000000000000000e+00
1.023901462554931641e+01 2.976147174835205078e+00 0.000000000000000000e+00
-1.280233192443847656e+01 -6.459388732910156250e+00 0.000000000000000000e+00
-1.453970050811767578e+01 -8.558593750000000000e+00 0.000000000000000000e+00
-1.130542850494384766e+01 -3.262910127639770508e+00 0.000000000000000000e+00
-1.502846622467041016e+01 5.535889625549316406e+00 0.000000000000000000e+00
-1.006456947326660156e+01 4.615134239196777344e+00 0.000000000000000000e+00
1.052184677124023438e+01 -8.753073692321777344e+00 0.000000000000000000e+00
4.247543334960937500e+00 -2.583549022674560547e+00 0.000000000000000000e+00
1.298303222656250000e+01 -2.561109304428100586e+00 0.000000000000000000e+00
1.043522715568542480e+00 -9.212253689765930176e-01 0.000000000000000000e+00
-1.610806846618652344e+01 -4.655377388000488281e+00 0.000000000000000000e+00
-3.591326475143432617e+00 1.606966781616210938e+01 0.000000000000000000e+00
7.353303909301757812e+00 -6.518487930297851562e+00 0.000000000000000000e+00
-8.397234916687011719e+00 -1.292954063415527344e+01 0.000000000000000000e+00
-1.010273933410644531e+01 1.096921157836914062e+01 0.000000000000000000e+00
1.609807205200195312e+01 5.644125938415527344e+00 0.000000000000000000e+00
5.556582450866699219e+00 -6.277142047882080078e+00 0.000000000000000000e+00
-4.947641372680664062e+00 -1.276368236541748047e+01 0.000000000000000000e+00
-8.367393493652343750e+00 -6.053311824798583984e+00 0.000000000000000000e+00
3.183895349502563477e-01 -2.435600042343139648e+00 0.000000000000000000e+00
1.109483432769775391e+01 -1.192807674407958984e+01 0.000000000000000000e+00
9.564300537109375000e+00 7.256322860717773438e+00 0.000000000000000000e+00
-4.809943675994873047e+00 4.100039482116699219e+00 0.000000000000000000e+00
-9.624046325683593750e+00 -7.098933219909667969e+00 0.000000000000000000e+00
5.896388530731201172e+00 3.858853816986083984e+00 0.000000000000000000e+00
3.090407848358154297e+00 9.454374313354492188e+00 0.000000000000000000e+00
7.289277553558349609e+00 -9.649480819702148438e+00 0.000000000000000000e+00
1.090346527099609375e+01 -3.081656455993652344e+00 0.000000000000000000e+00
9.850416183471679688e+00 9.444645881652832031e+00 0.000000000000000000e+00
-8.968266487121582031e+00 -1.495613574981689453e+01 0.000000000000000000e+00
-6.133214950561523438e+00 5.767429351806640625e+00 0.000000000000000000e+00
1.151142692565917969e+01 -1.056499108672142029e-01 0.000000000000000000e+00
-5.637660980224609375e+00 2.563125491142272949e-01 0.000000000000000000e+00
8.913477897644042969e+00 1.330966281890869141e+01 0.000000000000000000e+00
3.255158901214599609e+00 -1.592508411407470703e+01 0.000000000000000000e+00
-1.214946866035461426e+00 -1.571379661560058594e+01 0.000000000000000000e+00
-1.728086662292480469e+01 1.551957607269287109e+00 0.000000000000000000e+00
1.531084442138671875e+01 4.275124549865722656e+00 0.000000000000000000e+00
-1.181503868103027344e+01 6.603141784667968750e+00 0.000000000000000000e+00
1.334164619445800781e+01 -9.321751594543457031e+00 0.000000000000000000e+00
7.502431392669677734e+00 5.083817481994628906e+00 0.000000000000000000e+00
8.153940200805664062e+00 1.705056309700012207e+00 0.000000000000000000e+00
-1.043270301818847656e+01 -4.747972488403320312e+00 0.000000000000000000e+00
8.825222969055175781e+00 -1.969523549079895020e+00 0.000000000000000000e+00
-5.206620097160339355e-01 9.328800201416015625e+00 0.000000000000000000e+00
-6.845933437347412109e+00 8.753649711608886719e+00 0.000000000000000000e+00
-1.565328359603881836e+00 -3.002930402755737305e+00 0.000000000000000000e+00
-7.820708751678466797e+00 1.013051643967628479e-01 0.000000000000000000e+00
-1.498022794723510742e+00 1.145388603210449219e+00 0.000000000000000000e+00
-2.328431367874145508e+00 1.122091102600097656e+01 0.000000000000000000e+00
1.458797836303710938e+01 -2.328547477722167969e+00 0.000000000000000000e+00
-4.458345174789428711e-01 1.276126384735107422e+01 0.000000000000000000e+00
2.560949563980102539e+00 4.244474411010742188e+00 0.000000000000000000e+00
-1.050752830505371094e+01 3.100980758666992188e+00 0.000000000000000000e+00
-1.371463108062744141e+01 -9.820885658264160156e+00 0.000000000000000000e+00
5.272222995758056641e+00 1.641014289855957031e+01 0.000000000000000000e+00
-6.756927490234375000e+00 1.334071445465087891e+01 0.000000000000000000e+00
-4.507422924041748047e+00 -1.653677558898925781e+01 0.000000000000000000e+00
4.530236721038818359e+00 -9.264649391174316406e+00 0.000000000000000000e+00
-4.398627758026123047e+00 7.705042362213134766e+00 0.000000000000000000e+00
9.710174798965454102e-01 -1.175601577758789062e+01 0.000000000000000000e+00
1.553131580352783203e+00 1.728269386291503906e+01 0.000000000000000000e+00
1.330187034606933594e+01 -6.996940612792968750e+00 0.000000000000000000e+00
-1.288955307006835938e+01 8.449168205261230469e+00 0.000000000000000000e+00
7.019541263580322266e+00 1.487380123138427734e+01 0.000000000000000000e+00
-8.561552047729492188e+00 1.522553443908691406e+00 0.000000000000000000e+00
3.784540414810180664e+00 1.396624279022216797e+01 0.000000000000000000e+00
1.176965236663818359e+01 2.997900247573852539e+00 0.000000000000000000e+00
9.129987716674804688e+00 4.077265739440917969e+00 0.000000000000000000e+00
1.417315006256103516e+01 1.009126281738281250e+01 0.000000000000000000e+00
-1.208972740173339844e+01 -4.956207275390625000e+00 0.000000000000000000e+00
-5.232645511627197266e+00 -3.736034154891967773e+00 0.000000000000000000e+00
-7.044988632202148438e+00 1.599604320526123047e+01 0.000000000000000000e+00
-1.360380744934082031e+01 4.122219085693359375e+00 0.000000000000000000e+00
1.193533039093017578e+01 6.469719409942626953e+00 0.000000000000000000e+00
5.595989227294921875e+00 7.867366313934326172e+00 0.000000000000000000e+00
-3.564735889434814453e+00 -1.212901210784912109e+01 0.000000000000000000e+00
-1.653193473815917969e+01 5.365309715270996094e+00 0.000000000000000000e+00
8.138450622558593750e+00 6.466048717498779297e+00 0.000000000000000000e+00
