-7.541982173919677734e+00 2.877001762390136719e+00 0.000000000000000000e+00
5.266332626342773438e+00 -1.204652309417724609e+01 0.000000000000000000e+00
1.315649509429931641e+01 -1.302560687065124512e+00 0.000000000000000000e+00
-1.284776782989501953e+01 5.044665336608886719e+00 0.000000000000000000e+00
1.085967826843261719e+01 -8.167299270629882812e+00 0.000000000000000000e+00
5.842008590698242188e+00 4.349916934967041016e+00 0.000000000000000000e+00
4.930976390838623047e+00 5.633211135864257812e+00 0.000000000000000000e+00
6.215015888214111328e+00 1.096488094329833984e+01 0.000000000000000000e+00
-7.812829017639160156e+00 -3.671667098999023438e+00 0.000000000000000000e+00
-1.768409609794616699e-01 1.651420402526855469e+01 0.000000000000000000e+00
2.679972410202026367e+00 -3.660066843032836914e+00 0.000000000000000000e+00
1.478408336639404297e+01 5.541915893554687500e+00 0.000000000000000000e+00
8.920055389404296875e+00 1.318336772918701172e+01 0.000000000000000000e+00
4.740046501159667969e+00 -5.998839378356933594e+00 0.000000000000000000e+00
6.721677303314208984e+00 -8.805894851684570312e+00 0.000000000000000000e+00
-9.527051925659179688e+00 9.623373985290527344e+00 0.000000000000000000e+00
2.603257417678833008e+00 4.950564384460449219e+00 0.000000000000000000e+00
1.201889991760253906e+01 -1.178145313262939453e+01 0.000000000000000000e+00
2.705802679061889648e+00 1.012919044494628906e+01 0.000000000000000000e+00
-1.122260951995849609e+01 -7.651214599609375000e+00 0.000000000000000000e+00
-9.559901237487792969e+00 -4.603302478790283203e-01 0.000000000000000000e+00
-1.390452098846435547e+01 -1.056738471984863281e+01 0.000000000000000000e+00
1.238984489440917969e+01 4.724937915802001953e+00 0.000000000000000000e+00
-1.105787467956542969e+01 -1.067230606079101562e+01 0.000000000000000000e+00
7.624086856842041016e+00 -4.273998260498046875e+00 0.000000000000000000e+00
-6.561281204223632812e+00 -3.654628992080688477e-01 0.000000000000000000e+00
-1.615738105773925781e+01 1.879977822303771973e+00 0.000000000000000000e+00
2.177889347076416016e+00 -1.352942466735839844e+01 0.000000000000000000e+00
1.242531394958496094e+01 9.489707946777343750e+00 0.000000000000000000e+00
-4.243183612823486328e+00 7.895108222961425781e+00 0.000000000000000000e+00
9.560997962951660156e+00 -1.357744216918945312e+01 0.000000000000000000e+00
-5.345394134521484375e+00 -1.871341586112976074e+00 0.000000000000000000e+00
9.294110536575317383e-01 9.424984931945800781e+00 0.000000000000000000e+00
-9.074963569641113281e+00 -1.323112010955810547e+01 0.000000000000000000e+00
-2.584914922714233398e+00 -8.045134544372558594e+00 0.000000000000000000e+00
1.076161766052246094e+01 5.359122753143310547e+00 0.000000000000000000e+00
-1.229979133605957031e+01 1.098863220214843750e+01 0.000000000000000000e+00
-1.621045917272567749e-01 -1.223011016845703125e+01 0.000000000000000000e+00
6.708124160766601562e+00 1.533435916900634766e+01 0.000000000000000000e+00
-2.503335475921630859e+00 1.749786257743835449e+00 0.000000000000000000e+00
-4.243221759796142578e+00 -7.797858238220214844e+00 0.000000000000000000e+00
-7.573450088500976562e+00 -6.028296947479248047e+00 0.000000000000000000e+00
-6.068044185638427734e+00 -1.099765110015869141e+01 0.000000000000000000e+00
-1.611383438110351562e+00 -1.520549583435058594e+01 0.000000000000000000e+00
-1.113248538970947266e+01 4.618977069854736328e+00 0.000000000000000000e+00
-6.135374546051025391e+00 1.465332603454589844e+01 0.000000000000000000e+00
-8.610739707946777344e+00 -1.835741043090820312e+00 0.000000000000000000e+00
-3.603720188140869141e+00 1.198226165771484375e+01 0.000000000000000000e+00
1.611903572082519531e+01 -5.456179618835449219e+00 0.000000000000000000e+00
-1.417460346221923828e+01 -6.176454544067382812e+00 0.000000000000000000e+00
5.204601764678955078e+00 -9.566654205322265625e+00 0.000000000000000000e+00
-1.472805719822645187e-02 -5.310800552368164062e+00 0.000000000000000000e+00
1.464823055267333984e+01 -9.296510696411132812e+00 0.000000000000000000e+00
2.346285820007324219e+00 1.388254070281982422e+01 0.000000000000000000e+00
1.553665161132812500e+01 7.308370113372802734e+00 0.000000000000000000e+00
-5.649256706237792969e+00 -1.352445697784423828e+01 0.000000000000000000e+00
2.928584218025207520e-01 1.082133960723876953e+01 0.000000000000000000e+00
2.952086448669433594e+00 2.873626708984375000e+00 0.000000000000000000e+00
3.766401767730712891e+00 -1.540634536743164062e+01 0.000000000000000000e+00
-2.317821741104125977e+00 1.621749496459960938e+01 0.000000000000000000e+00
7.920921802520751953e+00 -1.973889589309692383e+00 0.000000000000000000e+00
1.083907032012939453e+01 9.099035263061523438e+00 0.000000000000000000e+00
-7.848394870758056641e+00 -1.097082996368408203e+01 0.000000000000000000e+00
1.316992092132568359e+01 -5.802557468414306641e+00 0.000000000000000000e+00
-9.819127082824707031e+00 6.071957588195800781e+00 0.000000000000000000e+00
3.592594623565673828e+00 1.486196994781494141e+01 0.000000000000000000e+00
-1.124522328376770020e+00 1.481379032135009766e+01 0.000000000000000000e+00
-1.942417979240417480e+00 1.175070571899414062e+01 0.000000000000000000e+00
-1.438444328308105469e+01 2.904249429702758789e+00 0.000000000000000000e+00
-5.829197883605957031e+00 3.124153614044189453e+00 0.000000000000000000e+00
6.142711162567138672e+00 -1.542784786224365234e+01 0.000000000000000000e+00
6.962852954864501953e+00 2.362716436386108398e+00 0.000000000000000000e+00
1.295080280303955078e+01 1.189623355865478516e+00 0.000000000000000000e+00
-3.364104032516479492e+00 1.446960258483886719e+01 0.000000000000000000e+00
7.111515998840332031e-01 7.493438720703125000e+00 0.000000000000000000e+00
1.062324810028076172e+01 -9.976895451545715332e-01 0.000000000000000000e+00
7.987086772918701172e+00 -1.167842483520507812e+01 0.000000000000000000e+00
-8.595909118652343750e+00 1.409767818450927734e+01 0.000000000000000000e+00
-1.037224650382995605e+00 2.908057689666748047e+00 0.000000000000000000e+00
-1.228900909423828125e+00 -2.520683705806732178e-01 0.000000000000000000e+00
9.568481445312500000e+00 -6.349204540252685547e+00 0.000000000000000000e+00
-3.632797241210937500e+00 -4.862466812133789062e+00 0.000000000000000000e+00
-1.272231292724609375e+01 -9.261506080627441406e+00 0.000000000000000000e+00
1.490803527832031250e+01 3.549316167831420898e+00 0.000000000000000000e+00
1.044082546234130859e+01 -3.083299160003662109e+00 0.000000000000000000e+00
-7.124690532684326172e+00 -1.573820972442626953e+01 0.000000000000000000e+00
-6.254498958587646484e-01 -7.605199337005615234e+00 0.000000000000000000e+00
3.420284032821655273e+00 7.759260654449462891e+00 0.000000000000000000e+00
-1.168560862541198730e+00 6.768343925476074219e+00 0.000000000000000000e+00
-1.051229286193847656e+01 1.278855323791503906e+01 0.000000000000000000e+00
1.499056053161621094e+01 -4.179724693298339844e+00 0.000000000000000000e+00
1.486024093627929688e+01 -1.649028539657592773e+00 0.000000000000000000e+00
3.077318191528320312e+00 -4.279870986938476562e-01 0.000000000000000000e+00
-2.507470846176147461e+00 5.314971446990966797e+00 0.000000000000000000e+00
1.598808914422988892e-01 -2.638375520706176758e+00 0.000000000000000000e+00
4.900364875793457031e+00 1.633513832092285156e+01 0.000000000000000000e+00
-1.284757804870605469e+01 8.044755935668945312e+00 0.000000000000000000e+00
8.823074340820312500e+00 1.487431716918945312e+01 0.000000000000000000e+00
-6.657196283340454102e-01 -1.399326992034912109e+01 0.000000000000000000e+00
-7.549345016479492188e+00 -1.247770023345947266e+01 0.000000000000000000e+00
7.842635631561279297e+00 8.938340187072753906e+00 0.000000000000000000e+00
-3.479143142700195312e+00 -2.678525686264038086e+00 0.000000000000000000e+00
-9.034553527832031250e+00 -9.837961196899414062e+00 0.000000000000000000e+00
-6.874835491180419922e+00 7.529205799102783203e+00 0.000000000000000000e+00
4.334214687347412109e+00 1.132330513000488281e+01 0.000000000000000000e+00
-3.802683591842651367e+00 4.253711223602294922e+00 0.000000000000000000e+00
9.883225440979003906e+00 7.521534919738769531e+00 0.000000000000000000e+00
1.051091861724853516e+01 1.161606979370117188e+01 0.000000000000000000e+00
-1.326832580566406250e+01 9.900119304656982422e-01 0.000000000000000000e+00
-1.665224456787109375e+01 -6.027529239654541016e-01 0.000000000000000000e+00
4.224165916442871094e+00 -1.365995693206787109e+01 0.000000000000000000e+00
1.165715885162353516e+01 -5.559234619140625000e+00 0.000000000000000000e+00
1.124408912658691406e+01 7.925589680671691895e-01 0.000000000000000000e+00
1.335778236389160156e+01 3.147186040878295898e+00 0.000000000000000000e+00
-1.246606826782226562e+01 -1.320528030395507812e+00 0.000000000000000000e+00
-7.376594066619873047e+00 9.470224380493164062e+00 0.000000000000000000e+00
3.910382747650146484e+00 -8.312849998474121094e+00 0.000000000000000000e+00
-4.259754657745361328e+00 -9.877869606018066406e+00 0.000000000000000000e+00
-4.919909477233886719e+00 -1.576504802703857422e+01 0.000000000000000000e+00
1.251364707946777344e+01 -2.691789388656616211e+00 0.000000000000000000e+00
4.599231183528900146e-01 1.267625999450683594e+01 0.000000000000000000e+00
-1.568726348876953125e+01 -3.810369253158569336e+00 0.000000000000000000e+00
-9.726804733276367188e+00 -2.913220405578613281e+00 0.000000000000000000e+00
-1.411903095245361328e+01 -3.781393051147460938e+00 0.000000000000000000e+00
1.623810648918151855e+00 -1.108020424842834473e+00 0.000000000000000000e+00
1.506601810455322266e+01 9.209828972816467285e-01 0.000000000000000000e+00
-1.580808734893798828e+01 -6.304268360137939453e+00 0.000000000000000000e+00
-1.544619750976562500e+01 4.379565715789794922e+00 0.000000000000000000e+00
8.559105873107910156e+00 -1.496277618408203125e+01 0.000000000000000000e+00
2.009708583354949951e-01 5.648281097412109375e+00 0.000000000000000000e+00
-1.497215628623962402e+00 -1.020995140075683594e+01 0.000000000000000000e+00
4.046979427337646484e+00 -1.754796385765075684e+00 0.000000000000000000e+00
1.086202049255371094e+01 -9.670635223388671875e+00 0.000000000000000000e+00
-7.827399730682373047e+00 4.773103237152099609e+00 0.000000000000000000e+00
-5.560300827026367188e+00 1.045604038238525391e+01 0.000000000000000000e+00
-5.113001823425292969e+00 1.672165870666503906e+01 0.000000000000000000e+00
-5.881939888000488281e+00 -7.716670036315917969e+00 0.000000000000000000e+00
-1.163332176208496094e+01 9.230388998985290527e-01 0.000000000000000000e+00
-1.201474761962890625e+01 2.796430826187133789e+00 0.000000000000000000e+00
4.641745090484619141e+00 9.230669021606445312e+00 0.000000000000000000e+00
-1.056051540374755859e+01 2.214959621429443359e+00 0.000000000000000000e+00
-5.465028762817382812e+00 5.448070526123046875e+00 0.000000000000000000e+00
-1.722042322158813477e+00 -5.531468391418457031e+00 0.000000000000000000e+00
1.231498146057128906e+01 7.025147438049316406e+00 0.000000000000000000e+00
7.766209602355957031e+00 -1.322168254852294922e+01 0.000000000000000000e+00
9.042476654052734375e+00 -7.942048549652099609e+00 0.000000000000000000e+00
-5.139455318450927734e+00 -3.576593637466430664e+00 0.000000000000000000e+00
1.198373436927795410e+00 6.015119552612304688e-01 0.000000000000000000e+00
5.835431098937988281e+00 -4.592455387115478516e+00 0.000000000000000000e+00
-1.163230895996093750e+01 -3.850366592407226562e+00 0.000000000000000000e+00
-5.091381549835205078e+00 -5.688080310821533203e+00 0.000000000000000000e+00
-8.516561508178710938e+00 1.349623203277587891e+00 0.000000000000000000e+00
6.156559944152832031e+00 -7.292325496673583984e+00 0.000000000000000000e+00
6.851171255111694336e-01 1.473597240447998047e+01 0.000000000000000000e+00
7.912186145782470703e+00 -6.330143451690673828e+00 0.000000000000000000e+00
3.053107023239135742e+00 -1.696322631835937500e+01 0.000000000000000000e+00
1.412728309631347656e+01 -7.748474121093750000e+00 0.000000000000000000e+00
9.265130996704101562e+00 -4.200218200683593750e+00 0.000000000000000000e+00
-1.423324108123779297e+01 6.708727836608886719e+00 0.000000000000000000e+00
3.570030212402343750e+00 -1.171940612792968750e+01 0.000000000000000000e+00
7.155776977539062500e+00 5.603371143341064453e+00 0.000000000000000000e+00
-2.918385505676269531e+00 -1.204316329956054688e+01 0.000000000000000000e+00
-6.501782417297363281e+00 -4.970631599426269531e+00 0.000000000000000000e+00
1.321046233177185059e+00 1.703059387207031250e+01 0.000000000000000000e+00
1.410195636749267578e+01 8.030097007751464844e+00 0.000000000000000000e+00
-6.357545375823974609e+00 -9.207849502563476562e+00 0.000000000000000000e+00
-6.824720859527587891e+00 1.186649131774902344e+01 0.000000000000000000e+00
-5.634989738464355469e+00 8.456212043762207031e+00 0.000000000000000000e+00
-8.810610771179199219e+00 -4.949947357177734375e+00 0.000000000000000000e+00
1.722194194793701172e+00 -7.865808010101318359e+00 0.000000000000000000e+00
9.417048454284667969e+00 -1.056080818176269531e+01 0.000000000000000000e+00
-2.541597843170166016e+00 8.214153289794921875e+00 0.000000000000000000e+00
1.649593925476074219e+01 2.341193914413452148e+00 0.000000000000000000e+00
-1.306517887115478516e+01 -7.554343223571777344e+00 0.000000000000000000e+00
-3.153958559036254883e+00 3.571227490901947021e-01 0.000000000000000000e+00
1.656567764282226562e+01 -2.913793802261352539e+00 0.000000000000000000e+00
1.733452916145324707e+00 -5.416422367095947266e+00 0.000000000000000000e+00
1.537776947021484375e+00 -9.979865074157714844e+00 0.000000000000000000e+00
-1.559527015686035156e+01 7.863729000091552734e+00 0.000000000000000000e+00
1.366418933868408203e+01 1.057341289520263672e+01 0.000000000000000000e+00
9.290097236633300781e+00 2.436979055404663086e+00 0.000000000000000000e+00
-9.502160072326660156e+00 -6.448617458343505859e+00 0.000000000000000000e+00
3.077396631240844727e+00 -6.668955802917480469e+00 0.000000000000000000e+00
1.109352588653564453e+01 3.528896331787109375e+00 0.000000000000000000e+00
-1.089226245880126953e+01 -5.254244804382324219e+00 0.000000000000000000e+00
-8.691084861755371094e+00 8.042576789855957031e+00 0.000000000000000000e+00
-4.034987926483154297e+00 -1.427844619750976562e+01 0.000000000000000000e+00
-1.036489582061767578e+01 1.113167953491210938e+01 0.000000000000000000e+00
-1.071052360534667969e+01 8.315052986145019531e+00 0.000000000000000000e+00
1.897788196802139282e-01 -9.165311813354492188e+00 0.000000000000000000e+00
-9.079624176025390625e+00 1.214577484130859375e+01 0.000000000000000000e+00
-1.275119781494140625e+01 -4.936026573181152344e+00 0.000000000000000000e+00
4.771162986755371094e+00 1.288303184509277344e+01 0.000000000000000000e+00
9.623734474182128906e+00 6.617537736892700195e-01 0.000000000000000000e+00
-1.702242279052734375e+01 3.797339677810668945e+00 0.000000000000000000e+00
5.895449161529541016e+00 9.198096394538879395e-02 0.000000000000000000e+00
4.425650596618652344e+00 3.729301214218139648e+00 0.000000000000000000e+00
1.760877847671508789e+00 -1.585238838195800781e+01 0.000000000000000000e+00
-5.288691043853759766e+00 1.238628768920898438e+01 0.000000000000000000e+00
8.830922126770019531e+00 5.399390220642089844e+00 0.000000000000000000e+00
-2.351207494735717773e+00 -1.315580010414123535e+00 0.000000000000000000e+00
-1.399586963653564453e+01 9.512255668640136719e+00 0.000000000000000000e+00
-6.932558059692382812e+00 -2.291003465652465820e+00 0.000000000000000000e+00
-2.441872358322143555e+00 -1.709239387512207031e+01 0.000000000000000000e+00
5.847244739532470703e+00 -2.907319784164428711e+00 0.000000000000000000e+00
8.143062591552734375e+00 1.201482295989990234e+00 0.000000000000000000e+00
-5.073891639709472656e+00 7.577322721481323242e-01 0.000000000000000000e+00
4.882310867309570312e+00 7.400478839874267578e+00 0.000000000000000000e+00
-1.055323600769042969e+01 -1.247595691680908203e+01 0.000000000000000000e+00
1.153676700592041016e+01 1.280135917663574219e+01 0.000000000000000000e+00
-1.543899536132812500e+01 -1.806867480278015137e+00 0.000000000000000000e+00
-3.861732721328735352e+00 1.031296920776367188e+01 0.000000000000000000e+00
4.220623493194580078e+00 -3.789436101913452148e+00 0.000000000000000000e+00
-1.534602999687194824e+00 9.900466918945312500e+00 0.000000000000000000e+00
-1.220774269104003906e+01 -1.177651977539062500e+01 0.000000000000000000e+00
1.291881275177001953e+01 -9.907208442687988281e+00 0.000000000000000000e+00
-3.995482444763183594e+00 6.048304557800292969e+00 0.000000000000000000e+00
9.042312622070312500e+00 9.956478118896484375e+00 0.000000000000000000e+00
1.597959041595458984e+01 -5.157629251480102539e-01 0.000000000000000000e+00
-8.489597320556640625e+00 -8.334898948669433594e+00 0.000000000000000000e+00
-1.693186187744140625e+01 -2.334017515182495117e+00 0.000000000000000000e+00
1.693471819162368774e-01 -1.733614158630371094e+01 0.000000000000000000e+00
-1.109768581390380859e+01 9.805920600891113281e+00 0.000000000000000000e+00
7.086446136236190796e-02 -1.070546054840087891e+01 0.000000000000000000e+00
-3.632013320922851562e+00 1.698811531066894531e+01 0.000000000000000000e+00
-9.238963127136230469e+00 3.746533393859863281e+00 0.000000000000000000e+00
6.598745346069335938e+00 7.010315418243408203e+00 0.000000000000000000e+00
-1.477584934234619141e+01 3.747441172599792480e-01 0.000000000000000000e+00
6.603202342987060547e+00 1.244238567352294922e+01 0.000000000000000000e+00
2.696436047554016113e-01 3.954172372817993164e+00 0.000000000000000000e+00
8.136882781982421875e+00 1.137179565429687500e+01 0.000000000000000000e+00
-1.396806240081787109e+01 -1.259438157081604004e+00 0.000000000000000000e+00
-8.303600311279296875e+00 6.575901985168457031e+00 0.000000000000000000e+00
2.328646898269653320e+00 1.577824401855468750e+01 0.000000000000000000e+00
7.442808151245117188e+00 1.381743144989013672e+01 0.000000000000000000e+00
-1.615513229370117188e+01 5.940285682678222656e+00 0.000000000000000000e+00
2.481386423110961914e+00 1.214119815826416016e+01 0.000000000000000000e+00
-2.644361257553100586e+00 -1.360104274749755859e+01 0.000000000000000000e+00
1.557793521881103516e+01 -7.093330860137939453e+00 0.000000000000000000e+00
-2.340702772140502930e+00 1.336818122863769531e+01 0.000000000000000000e+00
-7.531141281127929688e+00 -1.424358177185058594e+01 0.000000000000000000e+00
4.584943294525146484e+00 9.318211674690246582e-01 0.000000000000000000e+00
-7.026848793029785156e+00 1.591547584533691406e+01 0.000000000000000000e+00
-1.479375553131103516e+01 -8.718767166137695312e+00 0.000000000000000000e+00
6.105244636535644531e+00 -1.343079853057861328e+01 0.000000000000000000e+00
-1.494496703147888184e+00 -2.560631990432739258e+00 0.000000000000000000e+00
2.904365062713623047e+00 1.170159697532653809e+00 0.000000000000000000e+00
5.402870178222656250e+00 1.430102252960205078e+01 0.000000000000000000e+00
1.740529632568359375e+01 8.554373383522033691e-01 0.000000000000000000e+00
1.469611048698425293e+00 -1.182643318176269531e+01 0.000000000000000000e+00
6.935764312744140625e+00 -1.058455944061279297e+01 0.000000000000000000e+00
1.661467742919921875e+01 4.455561161041259766e+00 0.000000000000000000e+00
6.537216305732727051e-01 2.433110237121582031e+00 0.000000000000000000e+00
1.007051467895507812e+01 -1.209028625488281250e+01 0.000000000000000000e+00
-6.590032100677490234e+00 1.690615296363830566e+00 0.000000000000000000e+00
1.243271636962890625e+01 -8.190278053283691406e+00 0.000000000000000000e+00
