-2.619053020370137652e+00 4.145012382250015115e-01
-1.607868267505091264e+00 1.149351832273380225e+00
-5.966835146400448764e-01 1.884202426321758939e+00
4.145012382250015115e-01 2.619053020370137652e+00
-1.884202426321758939e+00 -5.966835146400448764e-01
-8.730176734567125507e-01 1.381670794083338372e-01
1.381670794083338372e-01 8.730176734567125507e-01
1.149351832273380225e+00 1.607868267505091264e+00
-1.149351832273380225e+00 -1.607868267505091264e+00
-1.381670794083338372e-01 -8.730176734567125507e-01
8.730176734567125507e-01 -1.381670794083338372e-01
1.884202426321758939e+00 5.966835146400448764e-01
-4.145012382250015115e-01 -2.619053020370137652e+00
5.966835146400448764e-01 -1.884202426321758939e+00
1.607868267505091264e+00 -1.149351832273380225e+00
2.619053020370137652e+00 -4.145012382250015115e-01
