1.035866165161132812e+01 -7.675953388214111328e+00 0.000000000000000000e+00
1.397083663940429688e+01 1.707808852195739746e+00 0.000000000000000000e+00
9.453124046325683594e+00 1.243842315673828125e+01 0.000000000000000000e+00
-9.272251129150390625e+00 1.103450679779052734e+01 0.000000000000000000e+00
-2.877962350845336914e+00 6.542523384094238281e+00 0.000000000000000000e+00
1.324096298217773438e+01 -7.262990474700927734e-01 0.000000000000000000e+00
-1.097286605834960938e+01 4.309635639190673828e+00 0.000000000000000000e+00
-7.834177494049072266e+00 -3.978478431701660156e+00 0.000000000000000000e+00
7.327803611755371094e+00 -5.418959617614746094e+00 0.000000000000000000e+00
1.381066036224365234e+01 -3.386382102966308594e+00 0.000000000000000000e+00
6.841532230377197266e+00 2.722282409667968750e+00 0.000000000000000000e+00
1.533446431159973145e+00 -5.918138027191162109e+00 0.000000000000000000e+00
8.316833496093750000e+00 1.524519824981689453e+01 0.000000000000000000e+00
4.263274669647216797e+00 -4.144819736480712891e+00 0.000000000000000000e+00
1.983757853507995605e+00 -7.352018833160400391e+00 0.000000000000000000e+00
-1.343357658386230469e+01 -1.102950382232666016e+01 0.000000000000000000e+00
9.118906021118164062e+00 8.455777168273925781e+00 0.000000000000000000e+00
1.364217185974121094e+01 4.300906181335449219e+00 0.000000000000000000e+00
1.585012531280517578e+01 -3.936661481857299805e+00 0.000000000000000000e+00
-1.615816307067871094e+01 3.569580316543579102e+00 0.000000000000000000e+00
2.619548559188842773e+00 8.276683807373046875e+00 0.000000000000000000e+00
-5.808399677276611328e+00 9.631919860839843750e+00 0.000000000000000000e+00
3.714662551879882812e+00 -1.041137218475341797e+01 0.000000000000000000e+00
-1.888539910316467285e+00 -7.064238548278808594e+00 0.000000000000000000e+00
-1.161209297180175781e+01 -4.226532459259033203e+00 0.000000000000000000e+00
7.761596202850341797e+00 1.127519512176513672e+01 0.000000000000000000e+00
1.386586070060729980e+00 -1.721127319335937500e+01 0.000000000000000000e+00
1.553845310211181641e+01 3.178063631057739258e+00 0.000000000000000000e+00
9.106488227844238281e+00 -1.099126243591308594e+01 0.000000000000000000e+00
-1.047174072265625000e+01 7.317148685455322266e+00 0.000000000000000000e+00
5.875100493431091309e-01 3.020368516445159912e-01 0.000000000000000000e+00
-6.416710376739501953e+00 -7.744431018829345703e+00 0.000000000000000000e+00
1.819251656532287598e+00 1.451700496673583984e+01 0.000000000000000000e+00
2.875790119171142578e+00 1.177202701568603516e+01 0.000000000000000000e+00
-5.996248722076416016e+00 -1.025150108337402344e+01 0.000000000000000000e+00
-6.863155841827392578e+00 -6.177060127258300781e+00 0.000000000000000000e+00
-2.603351831436157227e+00 -8.752548217773437500e+00 0.000000000000000000e+00
1.119070148468017578e+01 7.892510294914245605e-01 0.000000000000000000e+00
1.480797767639160156e+01 -1.445438861846923828e+00 0.000000000000000000e+00
-4.322576522827148438e+00 5.772224903106689453e+00 0.000000000000000000e+00
-2.155751943588256836e+00 8.214320182800292969e+00 0.000000000000000000e+00
-1.126607894897460938e+01 1.092651081085205078e+01 0.000000000000000000e+00
-1.146676158905029297e+01 1.245548486709594727e+00 0.000000000000000000e+00
4.625400543212890625e+00 7.346984386444091797e+00 0.000000000000000000e+00
7.207882404327392578e+00 -1.372160530090332031e+01 0.000000000000000000e+00
-7.397921085357666016e-01 -1.748216629028320312e+01 0.000000000000000000e+00
-2.308932542800903320e+00 1.698467636108398438e+01 0.000000000000000000e+00
-5.389197826385498047e+00 1.114115595817565918e+00 0.000000000000000000e+00
-4.891651153564453125e+00 -1.568326592445373535e+00 0.000000000000000000e+00
1.196844768524169922e+01 -1.243487453460693359e+01 0.000000000000000000e+00
-2.772000312805175781e+00 1.439973163604736328e+01 0.000000000000000000e+00
-2.936920881271362305e+00 -1.690328598022460938e+01 0.000000000000000000e+00
-6.780662536621093750e+00 -1.308882141113281250e+01 0.000000000000000000e+00
-2.931357860565185547e+00 1.014621448516845703e+01 0.000000000000000000e+00
5.593836784362792969e+00 1.081849098205566406e+01 0.000000000000000000e+00
-6.225240826606750488e-01 1.488840866088867188e+01 0.000000000000000000e+00
-1.347881603240966797e+01 8.041551589965820312e+00 0.000000000000000000e+00
7.724327564239501953e+00 9.547739028930664062e+00 0.000000000000000000e+00
-1.645091056823730469e+01 5.568805217742919922e+00 0.000000000000000000e+00
-3.120517730712890625e+00 1.193339538574218750e+01 0.000000000000000000e+00
1.051721763610839844e+01 3.798509359359741211e+00 0.000000000000000000e+00
-1.153245067596435547e+01 8.635127067565917969e+00 0.000000000000000000e+00
-1.771152257919311523e+00 4.525221824645996094e+00 0.000000000000000000e+00
1.467060279846191406e+01 -7.039731502532958984e+00 0.000000000000000000e+00
4.295917034149169922e+00 2.443085432052612305e+00 0.000000000000000000e+00
1.342415904998779297e+01 6.449289798736572266e+00 0.000000000000000000e+00
-9.447027206420898438e+00 5.503592014312744141e+00 0.000000000000000000e+00
-6.373877525329589844e+00 -2.569409847259521484e+00 0.000000000000000000e+00
-1.105579185485839844e+01 -6.732698917388916016e+00 0.000000000000000000e+00
-4.266530036926269531e+00 7.505760669708251953e+00 0.000000000000000000e+00
9.225594520568847656e+00 6.666265487670898438e+00 0.000000000000000000e+00
3.313207387924194336e+00 4.421178340911865234e+00 0.000000000000000000e+00
-8.647611141204833984e-01 -7.709867954254150391e-01 0.000000000000000000e+00
-5.192983150482177734e+00 1.572221851348876953e+01 0.000000000000000000e+00
4.436260700225830078e+00 4.085202515125274658e-01 0.000000000000000000e+00
-2.898672819137573242e-01 -9.969691276550292969e+00 0.000000000000000000e+00
-9.057109832763671875e+00 1.852467358112335205e-01 0.000000000000000000e+00
1.190228080749511719e+01 -9.932213783264160156e+00 0.000000000000000000e+00
1.911166429519653320e+00 6.023234367370605469e+00 0.000000000000000000e+00
-1.449038219451904297e+01 1.093867421150207520e+00 0.000000000000000000e+00
-1.559942364692687988e+00 -3.741650104522705078e+00 0.000000000000000000e+00
-4.583394050598144531e+00 -4.358009815216064453e+00 0.000000000000000000e+00
-1.483856582641601562e+01 -8.935101509094238281e+00 0.000000000000000000e+00
7.256551742553710938e+00 -7.381407260894775391e+00 0.000000000000000000e+00
-5.303602814674377441e-01 2.313544988632202148e+00 0.000000000000000000e+00
-1.207510566711425781e+01 6.803846359252929688e+00 0.000000000000000000e+00
5.733329772949218750e+00 -5.602706670761108398e-01 0.000000000000000000e+00
3.389097213745117188e+00 -8.252073287963867188e+00 0.000000000000000000e+00
1.175650215148925781e+01 -4.484109401702880859e+00 0.000000000000000000e+00
1.700190305709838867e+00 1.440963864326477051e+00 0.000000000000000000e+00
4.331484317779541016e+00 -2.629404544830322266e+00 0.000000000000000000e+00
3.922856807708740234e+00 1.639670562744140625e+01 0.000000000000000000e+00
-5.443750381469726562e+00 -1.517741775512695312e+01 0.000000000000000000e+00
-7.586427688598632812e+00 -9.569432735443115234e-01 0.000000000000000000e+00
1.733599853515625000e+01 -1.514010310173034668e+00 0.000000000000000000e+00
9.572729110717773438e+00 8.830425143241882324e-01 0.000000000000000000e+00
1.310223340988159180e+00 -1.547912693023681641e+01 0.000000000000000000e+00
-8.241457939147949219e-01 1.068503379821777344e+01 0.000000000000000000e+00
7.013416290283203125e+00 8.158716201782226562e+00 0.000000000000000000e+00
4.005816936492919922e+00 -1.497053146362304688e+01 0.000000000000000000e+00
-1.460808372497558594e+01 -1.865178823471069336e+00 0.000000000000000000e+00
-1.677139854431152344e+01 -1.391564607620239258e+00 0.000000000000000000e+00
-1.208841443061828613e+00 -1.550601100921630859e+01 0.000000000000000000e+00
1.677415657043457031e+01 1.814972758293151855e+00 0.000000000000000000e+00
-9.983038902282714844e+00 -7.855985641479492188e+00 0.000000000000000000e+00
-1.038325214385986328e+01 -1.539903402328491211e+00 0.000000000000000000e+00
-1.289914417266845703e+01 -1.275197416543960571e-01 0.000000000000000000e+00
-1.545758914947509766e+01 -6.979964733123779297e+00 0.000000000000000000e+00
-1.127354907989501953e+01 -2.797266840934753418e-01 0.000000000000000000e+00
-3.988252639770507812e+00 -9.601296424865722656e+00 0.000000000000000000e+00
-1.244435977935791016e+01 -8.549137115478515625e+00 0.000000000000000000e+00
1.037733554840087891e+01 -1.881611347198486328e+00 0.000000000000000000e+00
-1.106926059722900391e+01 -1.069146156311035156e+01 0.000000000000000000e+00
5.893622875213623047e+00 -5.892483234405517578e+00 0.000000000000000000e+00
-6.586790561676025391e+00 1.261486339569091797e+01 0.000000000000000000e+00
-9.067811965942382812e+00 -1.342143058776855469e+01 0.000000000000000000e+00
-4.663345336914062500e+00 -1.249321269989013672e+01 0.000000000000000000e+00
-1.358978843688964844e+01 -5.089353561401367188e+00 0.000000000000000000e+00
1.036838722229003906e+01 -1.332914066314697266e+01 0.000000000000000000e+00
3.104814291000366211e+00 -1.319184064865112305e+00 0.000000000000000000e+00
2.859420537948608398e+00 4.323673844337463379e-01 0.000000000000000000e+00
-8.566543579101562500e+00 -1.140430641174316406e+01 0.000000000000000000e+00
-1.345383071899414062e+01 5.907533168792724609e+00 0.000000000000000000e+00
-8.837405204772949219e+00 -2.249973297119140625e+00 0.000000000000000000e+00
5.934958457946777344e+00 -4.256628036499023438e+00 0.000000000000000000e+00
-1.662633180618286133e+00 -2.203722000122070312e+00 0.000000000000000000e+00
-3.566120862960815430e+00 -5.996674060821533203e+00 0.000000000000000000e+00
-7.718892097473144531e+00 1.513764476776123047e+01 0.000000000000000000e+00
-9.692919731140136719e+00 1.449082660675048828e+01 0.000000000000000000e+00
-1.065259838104248047e+01 1.322723960876464844e+01 0.000000000000000000e+00
1.250185966491699219e+01 2.627565145492553711e+00 0.000000000000000000e+00
1.144982814788818359e+00 9.878125190734863281e+00 0.000000000000000000e+00
1.170389938354492188e+01 1.205078697204589844e+01 0.000000000000000000e+00
-9.588884353637695312e+00 3.463145732879638672e+00 0.000000000000000000e+00
1.461452007293701172e+01 7.753972053527832031e+00 0.000000000000000000e+00
-8.869628906250000000e+00 -6.381095886230468750e+00 0.000000000000000000e+00
9.562684059143066406e+00 -5.835821151733398438e+00 0.000000000000000000e+00
8.420333862304687500e+00 -2.655784845352172852e+00 0.000000000000000000e+00
-7.530766963958740234e+00 -1.442005157470703125e+01 0.000000000000000000e+00
-1.310559082031250000e+01 9.713035583496093750e+00 0.000000000000000000e+00
1.489097690582275391e+01 -8.572116851806640625e+00 0.000000000000000000e+00
4.082438945770263672e+00 1.023497772216796875e+01 0.000000000000000000e+00
9.706759452819824219e+00 -3.861802816390991211e+00 0.000000000000000000e+00
-1.278250598907470703e+01 4.189218521118164062e+00 0.000000000000000000e+00
1.423170185089111328e+01 9.434829711914062500e+00 0.000000000000000000e+00
1.796123623847961426e+00 1.723633956909179688e+01 0.000000000000000000e+00
-6.264817237854003906e+00 4.122941493988037109e+00 0.000000000000000000e+00
-1.603980660438537598e+00 -5.491686820983886719e+00 0.000000000000000000e+00
2.440752983093261719e+00 -3.471809148788452148e+00 0.000000000000000000e+00
-1.598941040039062500e+01 1.644632935523986816e+00 0.000000000000000000e+00
7.882513523101806641e+00 -9.343219757080078125e+00 0.000000000000000000e+00
1.270002722740173340e+00 1.298597621917724609e+01 0.000000000000000000e+00
5.877103805541992188e+00 -1.047007942199707031e+01 0.000000000000000000e+00
1.078032588958740234e+01 6.369297027587890625e+00 0.000000000000000000e+00
-2.394716978073120117e+00 -1.124601554870605469e+01 0.000000000000000000e+00
-1.568379497528076172e+01 -3.641911029815673828e+00 0.000000000000000000e+00
-7.003407001495361328e+00 -1.584877777099609375e+01 0.000000000000000000e+00
6.330906867980957031e+00 -1.500510406494140625e+01 0.000000000000000000e+00
-3.438643217086791992e+00 1.911925524473190308e-01 0.000000000000000000e+00
1.487357234954833984e+01 -5.213005065917968750e+00 0.000000000000000000e+00
-4.042624473571777344e+00 3.193267583847045898e+00 0.000000000000000000e+00
2.709042310714721680e+00 -1.152635765075683594e+01 0.000000000000000000e+00
4.465902805328369141e+00 5.615856647491455078e+00 0.000000000000000000e+00
6.521473884582519531e+00 4.432781696319580078e+00 0.000000000000000000e+00
-6.480916500091552734e+00 6.747552394866943359e+00 0.000000000000000000e+00
5.004907131195068359e+00 -8.373782157897949219e+00 0.000000000000000000e+00
3.395072698593139648e+00 -6.105742454528808594e+00 0.000000000000000000e+00
-1.245943546295166016e+01 2.527824401855468750e+00 0.000000000000000000e+00
8.475880622863769531e-01 -1.359566974639892578e+01 0.000000000000000000e+00
-8.086256027221679688e+00 -9.837835311889648438e+00 0.000000000000000000e+00
9.144875526428222656e+00 2.860366582870483398e+00 0.000000000000000000e+00
-7.842538833618164062e+00 2.230109214782714844e+00 0.000000000000000000e+00
-7.432859539985656738e-01 1.315418434143066406e+01 0.000000000000000000e+00
7.405321121215820312e+00 3.809920251369476318e-01 0.000000000000000000e+00
1.595681095123291016e+01 1.853221952915191650e-01 0.000000000000000000e+00
-1.074587249755859375e+01 -1.273585891723632812e+01 0.000000000000000000e+00
-5.047127723693847656e+00 -7.007381916046142578e+00 0.000000000000000000e+00
5.993417263031005859e+00 1.524263954162597656e+01 0.000000000000000000e+00
-1.019407653808593750e+01 -3.211745977401733398e+00 0.000000000000000000e+00
9.703779220581054688e+00 9.909568786621093750e+00 0.000000000000000000e+00
2.489733695983886719e+00 -1.353693008422851562e+01 0.000000000000000000e+00
-1.837619304656982422e+00 -1.313240909576416016e+01 0.000000000000000000e+00
5.180453777313232422e+00 1.343731975555419922e+01 0.000000000000000000e+00
7.405067920684814453e+00 5.677164077758789062e+00 0.000000000000000000e+00
-8.474977493286132812e+00 1.286571693420410156e+01 0.000000000000000000e+00
-4.213359355926513672e+00 1.698393630981445312e+01 0.000000000000000000e+00
1.069670009613037109e+01 1.340752315521240234e+01 0.000000000000000000e+00
1.332512664794921875e+01 -1.126224994659423828e+01 0.000000000000000000e+00
-1.253498363494873047e+01 1.198787593841552734e+01 0.000000000000000000e+00
1.214079952239990234e+01 -2.206453561782836914e+00 0.000000000000000000e+00
-3.374738216400146484e+00 -2.582221984863281250e+00 0.000000000000000000e+00
-1.181569546461105347e-01 3.922581434249877930e+00 0.000000000000000000e+00
3.166315317153930664e+00 -1.688378143310546875e+01 0.000000000000000000e+00
-1.477999401092529297e+01 9.342099189758300781e+00 0.000000000000000000e+00
7.099169254302978516e+00 1.330912971496582031e+01 0.000000000000000000e+00
6.276407241821289062e+00 -2.468008995056152344e+00 0.000000000000000000e+00
-1.909337401390075684e+00 1.675282597541809082e+00 0.000000000000000000e+00
5.368202209472656250e+00 -1.336245250701904297e+01 0.000000000000000000e+00
9.502544403076171875e+00 -9.015725135803222656e+00 0.000000000000000000e+00
-8.763489723205566406e+00 7.419357776641845703e+00 0.000000000000000000e+00
1.275542545318603516e+01 7.390670776367187500e-01 0.000000000000000000e+00
-8.639390468597412109e-01 6.056245803833007812e+00 0.000000000000000000e+00
-7.005154132843017578e+00 8.502555847167968750e+00 0.000000000000000000e+00
3.738815188407897949e-01 -4.955877780914306641e+00 0.000000000000000000e+00
-7.398215770721435547e+00 1.033862400054931641e+01 0.000000000000000000e+00
1.286452293395996094e+01 1.064642238616943359e+01 0.000000000000000000e+00
1.588814067840576172e+01 5.030789852142333984e+00 0.000000000000000000e+00
-1.000324440002441406e+01 -4.983505249023437500e+00 0.000000000000000000e+00
1.142071247100830078e+00 -1.197877597808837891e+01 0.000000000000000000e+00
1.093951225280761719e+01 8.197969436645507812e+00 0.000000000000000000e+00
1.196230983734130859e+01 -7.287122726440429688e+00 0.000000000000000000e+00
7.840175032615661621e-01 8.163021087646484375e+00 0.000000000000000000e+00
4.980373382568359375e+00 -1.179675674438476562e+01 0.000000000000000000e+00
-5.442490100860595703e+00 2.628683805465698242e+00 0.000000000000000000e+00
1.305614948272705078e+01 -8.857575416564941406e+00 0.000000000000000000e+00
-1.206851482391357422e+01 -2.558751583099365234e+00 0.000000000000000000e+00
-9.758301734924316406e+00 9.186313629150390625e+00 0.000000000000000000e+00
1.472309708595275879e+00 -1.444359898567199707e+00 0.000000000000000000e+00
8.227831840515136719e+00 -1.249149608612060547e+01 0.000000000000000000e+00
1.574695301055908203e+01 6.574769496917724609e+00 0.000000000000000000e+00
1.640008926391601562e+01 -6.063106536865234375e+00 0.000000000000000000e+00
-4.739034175872802734e+00 1.125856590270996094e+01 0.000000000000000000e+00
-1.536816406250000000e+01 6.834999561309814453e+00 0.000000000000000000e+00
-5.066683292388916016e+00 1.277355861663818359e+01 0.000000000000000000e+00
-7.809488296508789062e+00 5.945515155792236328e+00 0.000000000000000000e+00
-4.015164375305175781e+00 -1.457291793823242188e+01 0.000000000000000000e+00
8.971849679946899414e-01 -8.696568489074707031e+00 0.000000000000000000e+00
9.323446273803710938e+00 -1.473149871826171875e+01 0.000000000000000000e+00
-1.672745513916015625e+01 -4.749685287475585938e+00 0.000000000000000000e+00
-6.032317638397216797e+00 -4.798747539520263672e+00 0.000000000000000000e+00
-1.564192581176757812e+01 -1.936979442834854126e-01 0.000000000000000000e+00
-1.334602165222167969e+01 -6.976037979125976562e+00 0.000000000000000000e+00
-1.731204414367675781e+01 3.926202058792114258e-01 0.000000000000000000e+00
-1.367864322662353516e+01 -3.578875303268432617e+00 0.000000000000000000e+00
-6.448304653167724609e+00 1.430285358428955078e+01 0.000000000000000000e+00
1.646396994590759277e+00 4.458249568939208984e+00 0.000000000000000000e+00
8.572781562805175781e+00 4.261719703674316406e+00 0.000000000000000000e+00
-9.601883888244628906e+00 -1.028954601287841797e+01 0.000000000000000000e+00
5.636038303375244141e+00 1.354380249977111816e+00 0.000000000000000000e+00
-9.581472277641296387e-01 -1.177333927154541016e+01 0.000000000000000000e+00
1.243745613098144531e+01 8.786186218261718750e+00 0.000000000000000000e+00
1.203889560699462891e+01 5.098910808563232422e+00 0.000000000000000000e+00
-6.691473960876464844e+00 2.579215466976165771e-01 0.000000000000000000e+00
4.022199213504791260e-01 -3.166872024536132812e+00 0.000000000000000000e+00
-1.467947387695312500e+01 3.088076353073120117e+00 0.000000000000000000e+00
3.285915851593017578e-01 -7.006265163421630859e+00 0.000000000000000000e+00
4.325656592845916748e-01 1.655015373229980469e+01 0.000000000000000000e+00
1.211955904960632324e+00 -1.020287418365478516e+01 0.000000000000000000e+00
7.273441791534423828e+00 -1.103358364105224609e+01 0.000000000000000000e+00
7.776038646697998047e+00 -1.175775527954101562e+00 0.000000000000000000e+00
-4.294520378112792969e+00 9.365508079528808594e+00 0.000000000000000000e+00
1.110455226898193359e+01 1.051226520538330078e+01 0.000000000000000000e+00
1.692266654968261719e+01 3.838549852371215820e+00 0.000000000000000000e+00
-1.510136222839355469e+01 -5.047092914581298828e+00 0.000000000000000000e+00
-4.915062904357910156e+00 -1.665063667297363281e+01 0.000000000000000000e+00
3.018263578414916992e+00 1.355210399627685547e+01 0.000000000000000000e+00
