9.125040054321289062e+00 -1.060556602478027344e+01 0.000000000000000000e+00
1.034533023834228516e+00 -1.034958457946777344e+01 0.000000000000000000e+00
1.142980480194091797e+01 1.066862678527832031e+01 0.000000000000000000e+00
-5.113198161125183105e-01 1.311036014556884766e+01 0.000000000000000000e+00
-4.933440685272216797e+00 6.293384552001953125e+00 0.000000000000000000e+00
9.016707420349121094e+00 -3.422414064407348633e+00 0.000000000000000000e+00
7.036303520202636719e+00 2.292685270309448242e+00 0.000000000000000000e+00
-3.032327413558959961e+00 1.322684478759765625e+01 0.000000000000000000e+00
1.177198123931884766e+01 -7.503926753997802734e+00 0.000000000000000000e+00
-8.891199111938476562e+00 -3.229014635086059570e+00 0.000000000000000000e+00
-1.199630928039550781e+01 -1.899442791938781738e+00 0.000000000000000000e+00
-1.526057004928588867e+00 -5.616844177246093750e+00 0.000000000000000000e+00
9.181129455566406250e+00 6.515829086303710938e+00 0.000000000000000000e+00
-1.095414733886718750e+01 6.792883396148681641e+00 0.000000000000000000e+00
-7.406432628631591797e+00 -5.141335010528564453e+00 0.000000000000000000e+00
-4.616380214691162109e+00 -1.629195022583007812e+01 0.000000000000000000e+00
7.752323627471923828e+00 4.907737672328948975e-01 0.000000000000000000e+00
1.643848991394042969e+01 -1.893370270729064941e+00 0.000000000000000000e+00
-1.212809681892395020e+00 1.851334333419799805e+00 0.000000000000000000e+00
-1.579288959503173828e+01 -2.036901235580444336e+00 0.000000000000000000e+00
-8.466666221618652344e+00 2.557805299758911133e+00 0.000000000000000000e+00
1.675042510032653809e+00 2.669125556945800781e+00 0.000000000000000000e+00
-8.073776245117187500e+00 7.642464160919189453e+00 0.000000000000000000e+00
3.157808542251586914e+00 -1.432296276092529297e+00 0.000000000000000000e+00
-1.297887516021728516e+01 -6.924661159515380859e+00 0.000000000000000000e+00
-7.388197422027587891e+00 -5.360607504844665527e-01 0.000000000000000000e+00
-3.388089656829833984e+00 5.615933895111083984e+00 0.000000000000000000e+00
-4.149315357208251953e+00 -7.748969078063964844e+00 0.000000000000000000e+00
7.259362220764160156e+00 1.203426170349121094e+01 0.000000000000000000e+00
-5.321717739105224609e+00 -1.434286403656005859e+01 0.000000000000000000e+00
4.085594177246093750e+00 1.451348209381103516e+01 0.000000000000000000e+00
-6.097652912139892578e+00 7.865943908691406250e+00 0.000000000000000000e+00
-1.069940686225891113e+00 -4.172602176666259766e+00 0.000000000000000000e+00
-1.028092384338378906e+01 -7.899181365966796875e+00 0.000000000000000000e+00
1.160452651977539062e+01 4.226002097129821777e-01 0.000000000000000000e+00
-1.360037899017333984e+01 -1.307430982589721680e+00 0.000000000000000000e+00
1.151206970214843750e+01 5.255776405334472656e+00 0.000000000000000000e+00
1.540532112121582031e+01 -4.742998123168945312e+00 0.000000000000000000e+00
1.134165000915527344e+01 -3.961977958679199219e+00 0.000000000000000000e+00
9.245692253112792969e+00 1.420185279846191406e+01 0.000000000000000000e+00
3.065854072570800781e+00 1.624399566650390625e+01 0.000000000000000000e+00
6.215935707092285156e+00 -9.733496665954589844e+00 0.000000000000000000e+00
-1.504795646667480469e+01 6.759194850921630859e+00 0.000000000000000000e+00
2.543393135070800781e+00 -1.070211982727050781e+01 0.000000000000000000e+00
-1.458102512359619141e+01 -5.407287120819091797e+00 0.000000000000000000e+00
-8.106535673141479492e-02 3.647723674774169922e+00 0.000000000000000000e+00
5.505281448364257812e+00 -1.218108272552490234e+01 0.000000000000000000e+00
1.348645925521850586e+00 1.414442253112792969e+01 0.000000000000000000e+00
5.640354156494140625e+00 -1.578592300415039062e+01 0.000000000000000000e+00
1.352700948715209961e+00 1.733095169067382812e+01 0.000000000000000000e+00
2.469953298568725586e+00 9.185833930969238281e+00 0.000000000000000000e+00
-3.663304567337036133e+00 -3.707171916961669922e+00 0.000000000000000000e+00
1.060924053192138672e+01 -7.911463975906372070e-01 0.000000000000000000e+00
4.754258990287780762e-01 1.081290125846862793e+00 0.000000000000000000e+00
-1.026199054718017578e+01 3.059904098510742188e+00 0.000000000000000000e+00
1.083627128601074219e+01 1.255164813995361328e+01 0.000000000000000000e+00
-6.186390876770019531e+00 5.883144736289978027e-01 0.000000000000000000e+00
1.304575920104980469e+00 -1.583970260620117188e+01 0.000000000000000000e+00
-6.794648647308349609e+00 -8.714801788330078125e+00 0.000000000000000000e+00
9.492192268371582031e+00 -8.812024116516113281e+00 0.000000000000000000e+00
4.154968738555908203e+00 -5.600666522979736328e+00 0.000000000000000000e+00
1.210008859634399414e+00 1.213913154602050781e+01 0.000000000000000000e+00
-6.277484416961669922e+00 1.406206703186035156e+01 0.000000000000000000e+00
-5.380210399627685547e+00 1.578305721282958984e+01 0.000000000000000000e+00
-2.362808138132095337e-01 7.996146678924560547e+00 0.000000000000000000e+00
-1.598646879196166992e+00 6.790735244750976562e+00 0.000000000000000000e+00
-1.347349929809570312e+01 3.681707859039306641e+00 0.000000000000000000e+00
-1.066511154174804688e+01 1.324284362792968750e+01 0.000000000000000000e+00
4.711945533752441406e+00 -8.281816482543945312e+00 0.000000000000000000e+00
7.814120292663574219e+00 -1.373716640472412109e+01 0.000000000000000000e+00
1.757735610008239746e+00 5.019705295562744141e+00 0.000000000000000000e+00
-3.190278768539428711e+00 1.044650650024414062e+01 0.000000000000000000e+00
-7.547073364257812500e-01 -1.741943168640136719e+01 0.000000000000000000e+00
2.849888324737548828e+00 -1.317587184906005859e+01 0.000000000000000000e+00
2.859572172164916992e+00 6.578177809715270996e-01 0.000000000000000000e+00
-1.196858978271484375e+01 -5.210154533386230469e+00 0.000000000000000000e+00
8.712952613830566406e+00 -5.054341316223144531e+00 0.000000000000000000e+00
9.493111610412597656e+00 1.146404170989990234e+01 0.000000000000000000e+00
-8.574404716491699219e+00 -1.143925189971923828e+01 0.000000000000000000e+00
1.464106464385986328e+01 8.480423927307128906e+00 0.000000000000000000e+00
-9.459337234497070312e+00 -9.634821414947509766e-01 0.000000000000000000e+00
-5.963038921356201172e+00 -1.277884483337402344e+01 0.000000000000000000e+00
-4.398035049438476562e+00 -9.940843582153320312e+00 0.000000000000000000e+00
7.023480415344238281e+00 9.081892967224121094e+00 0.000000000000000000e+00
9.790741920471191406e+00 9.829198837280273438e+00 0.000000000000000000e+00
7.500685214996337891e+00 7.316730499267578125e+00 0.000000000000000000e+00
-1.436004877090454102e+00 9.125940322875976562e+00 0.000000000000000000e+00
4.564051628112792969e+00 -1.341074109077453613e-01 0.000000000000000000e+00
-4.385743618011474609e+00 6.832872033119201660e-01 0.000000000000000000e+00
4.623723506927490234e+00 8.214006423950195312e+00 0.000000000000000000e+00
-4.769390106201171875e+00 -1.169721889495849609e+01 0.000000000000000000e+00
-1.464460277557373047e+01 -3.530362129211425781e+00 0.000000000000000000e+00
1.409180545806884766e+01 -3.020612239837646484e+00 0.000000000000000000e+00
1.460483932495117188e+01 -5.099684596061706543e-01 0.000000000000000000e+00
1.103760123252868652e+00 -8.161215782165527344e+00 0.000000000000000000e+00
-2.388989925384521484e+00 -8.558269739151000977e-01 0.000000000000000000e+00
9.661211013793945312e+00 1.571831345558166504e+00 0.000000000000000000e+00
7.889341354370117188e+00 -1.157645511627197266e+01 0.000000000000000000e+00
-3.042229175567626953e+00 3.158619880676269531e+00 0.000000000000000000e+00
-4.183743298053741455e-01 -1.265213012695312500e+01 0.000000000000000000e+00
-1.584031462669372559e+00 -1.493065547943115234e+01 0.000000000000000000e+00
-1.380622100830078125e+01 5.789692401885986328e+00 0.000000000000000000e+00
1.489839935302734375e+01 3.916303157806396484e+00 0.000000000000000000e+00
-1.198564815521240234e+01 -1.041753387451171875e+01 0.000000000000000000e+00
7.868803977966308594e+00 -1.977208733558654785e+00 0.000000000000000000e+00
-1.035925984382629395e+00 1.722122573852539062e+01 0.000000000000000000e+00
-1.635862350463867188e+01 -4.698876857757568359e+00 0.000000000000000000e+00
-1.057665348052978516e+01 -1.161096858978271484e+01 0.000000000000000000e+00
1.259172534942626953e+01 4.039611339569091797e+00 0.000000000000000000e+00
-7.593226432800292969e-01 -7.144230365753173828e+00 0.000000000000000000e+00
-1.012354183197021484e+01 1.112896156311035156e+01 0.000000000000000000e+00
-1.745898604393005371e+00 1.136576080322265625e+01 0.000000000000000000e+00
1.685693931579589844e+01 -3.500679969787597656e+00 0.000000000000000000e+00
-6.051542162895202637e-01 -9.724044799804687500e+00 0.000000000000000000e+00
-2.569178104400634766e+00 -2.436747550964355469e+00 0.000000000000000000e+00
-1.520430564880371094e+01 2.262734174728393555e+00 0.000000000000000000e+00
-4.948500633239746094e+00 2.665478944778442383e+00 0.000000000000000000e+00
-6.276852130889892578e+00 1.188875198364257812e+01 0.000000000000000000e+00
-1.483344459533691406e+01 8.677053451538085938e+00 0.000000000000000000e+00
-1.179577064514160156e+01 1.197822380065917969e+01 0.000000000000000000e+00
-2.690967798233032227e+00 -1.221699905395507812e+01 0.000000000000000000e+00
5.798322558403015137e-01 -4.386925220489501953e+00 0.000000000000000000e+00
-1.681494903564453125e+01 6.055100560188293457e-01 0.000000000000000000e+00
-6.744925498962402344e+00 -1.509676551818847656e+01 0.000000000000000000e+00
6.028834819793701172e+00 6.062733173370361328e+00 0.000000000000000000e+00
5.131027221679687500e+00 1.332816243171691895e+00 0.000000000000000000e+00
9.977772712707519531e+00 -1.370920467376708984e+01 0.000000000000000000e+00
1.219274520874023438e+01 -5.972512722015380859e+00 0.000000000000000000e+00
3.879156112670898438e+00 -3.710199832916259766e+00 0.000000000000000000e+00
1.615637969970703125e+01 1.410905599594116211e+00 0.000000000000000000e+00
-1.391507148742675781e+01 9.871789932250976562e+00 0.000000000000000000e+00
1.286892318725585938e+01 6.549089431762695312e+00 0.000000000000000000e+00
1.339282226562500000e+01 -1.070982360839843750e+01 0.000000000000000000e+00
1.634695529937744141e+00 7.362543582916259766e+00 0.000000000000000000e+00
-1.036760902404785156e+01 4.027478396892547607e-01 0.000000000000000000e+00
-1.002709674835205078e+01 -5.005944728851318359e+00 0.000000000000000000e+00
5.969490051269531250e+00 1.344037055969238281e+01 0.000000000000000000e+00
1.196233463287353516e+01 7.992257595062255859e+00 0.000000000000000000e+00
-8.117744445800781250e+00 -1.908530116081237793e+00 0.000000000000000000e+00
5.341313838958740234e+00 -2.533114671707153320e+00 0.000000000000000000e+00
-4.350600242614746094e+00 9.464570999145507812e+00 0.000000000000000000e+00
8.587871551513671875e+00 4.294245719909667969e+00 0.000000000000000000e+00
9.626173019409179688e+00 -6.946270942687988281e+00 0.000000000000000000e+00
-1.215364837646484375e+01 -8.229132652282714844e+00 0.000000000000000000e+00
4.011810779571533203e+00 6.749884605407714844e+00 0.000000000000000000e+00
-8.588367462158203125e+00 5.795794486999511719e+00 0.000000000000000000e+00
-1.422886276245117188e+01 -9.821702003479003906e+00 0.000000000000000000e+00
-1.220402622222900391e+01 1.866980671882629395e+00 0.000000000000000000e+00
-5.876650333404541016e+00 -5.998383522033691406e+00 0.000000000000000000e+00
-1.295343494415283203e+01 8.306262016296386719e+00 0.000000000000000000e+00
-8.014597892761230469e+00 9.839746475219726562e+00 0.000000000000000000e+00
-9.571110725402832031e+00 -9.472887039184570312e+00 0.000000000000000000e+00
1.234099674224853516e+01 1.730142474174499512e+00 0.000000000000000000e+00
5.488816261291503906e+00 9.674423217773437500e+00 0.000000000000000000e+00
1.257952308654785156e+01 -1.960345029830932617e+00 0.000000000000000000e+00
6.011362552642822266e+00 -6.725301742553710938e+00 0.000000000000000000e+00
-8.068184852600097656e+00 1.205820274353027344e+01 0.000000000000000000e+00
1.292268085479736328e+01 9.786289215087890625e+00 0.000000000000000000e+00
2.626044750213623047e+00 -7.306446552276611328e+00 0.000000000000000000e+00
-6.032885074615478516e+00 9.419425010681152344e+00 0.000000000000000000e+00
1.113886833190917969e+01 3.628545999526977539e+00 0.000000000000000000e+00
5.835284709930419922e+00 1.130267143249511719e+01 0.000000000000000000e+00
-1.025753211975097656e+01 8.624826431274414062e+00 0.000000000000000000e+00
6.069835662841796875e+00 -4.467651844024658203e+00 0.000000000000000000e+00
-1.524240207672119141e+01 -2.651085853576660156e-01 0.000000000000000000e+00
4.280298709869384766e+00 -1.684672927856445312e+01 0.000000000000000000e+00
1.743400216102600098e+00 -2.692841291427612305e+00 0.000000000000000000e+00
-8.422393798828125000e+00 -1.511600017547607422e+01 0.000000000000000000e+00
-2.412794828414916992e+00 -1.707343101501464844e+01 0.000000000000000000e+00
-8.166516423225402832e-01 1.551856327056884766e+01 0.000000000000000000e+00
1.348713874816894531e+01 2.730392694473266602e+00 0.000000000000000000e+00
-5.893736839294433594e+00 -3.886744976043701172e+00 0.000000000000000000e+00
8.507467269897460938e+00 2.783235549926757812e+00 0.000000000000000000e+00
-6.568500041961669922e+00 3.168148756027221680e+00 0.000000000000000000e+00
2.888802997767925262e-02 1.009116363525390625e+01 0.000000000000000000e+00
-1.574241256713867188e+01 -7.608733654022216797e+00 0.000000000000000000e+00
-5.579218864440917969e+00 -1.190997719764709473e+00 0.000000000000000000e+00
1.433383560180664062e+01 -8.545999526977539062e+00 0.000000000000000000e+00
-1.246905899047851562e+01 -3.513889074325561523e+00 0.000000000000000000e+00
3.853107690811157227e+00 -1.496226310729980469e+01 0.000000000000000000e+00
-9.778621673583984375e+00 -1.328225803375244141e+01 0.000000000000000000e+00
6.377356648445129395e-01 -6.264466285705566406e+00 0.000000000000000000e+00
1.560927009582519531e+01 -7.360141754150390625e+00 0.000000000000000000e+00
4.678942203521728516e+00 1.239894485473632812e+01 0.000000000000000000e+00
-7.260417938232421875e+00 -1.025393581390380859e+01 0.000000000000000000e+00
1.030939960479736328e+01 -2.311017274856567383e+00 0.000000000000000000e+00
9.576293945312500000e+00 8.201967239379882812e+00 0.000000000000000000e+00
-3.267929077148437500e+00 -1.480538463592529297e+01 0.000000000000000000e+00
1.093330001831054688e+01 -9.350552558898925781e+00 0.000000000000000000e+00
1.376247024536132812e+01 -6.454335689544677734e+00 0.000000000000000000e+00
5.695011138916015625e+00 1.642583465576171875e+01 0.000000000000000000e+00
2.481801033020019531e+00 -5.805886745452880859e+00 0.000000000000000000e+00
1.521386146545410156e+01 6.035188674926757812e+00 0.000000000000000000e+00
1.671057891845703125e+01 4.613112449645996094e+00 0.000000000000000000e+00
-2.555976994335651398e-02 -1.466106796264648438e+01 0.000000000000000000e+00
-2.809979915618896484e+00 -7.040821552276611328e+00 0.000000000000000000e+00
8.984313011169433594e+00 -7.246553897857666016e-01 0.000000000000000000e+00
-8.443234443664550781e+00 -7.172996520996093750e+00 0.000000000000000000e+00
5.077839374542236328e+00 4.784419059753417969e+00 0.000000000000000000e+00
3.845743179321289062e+00 9.837557792663574219e+00 0.000000000000000000e+00
2.479593276977539062e+00 1.304933547973632812e+01 0.000000000000000000e+00
-1.155808448791503906e+01 4.544466018676757812e+00 0.000000000000000000e+00
-9.220703125000000000e+00 1.457676219940185547e+01 0.000000000000000000e+00
-5.785605311393737793e-01 -1.425482749938964844e+00 0.000000000000000000e+00
-1.235531902313232422e+01 1.368601322174072266e-01 0.000000000000000000e+00
1.017496871948242188e+01 -1.181596851348876953e+01 0.000000000000000000e+00
-3.110025882720947266e+00 1.697672843933105469e+01 0.000000000000000000e+00
7.801726341247558594e+00 -1.561801147460937500e+01 0.000000000000000000e+00
7.062511444091796875e+00 1.570028591156005859e+01 0.000000000000000000e+00
-4.635029792785644531e+00 4.172144889831542969e+00 0.000000000000000000e+00
1.060558319091796875e+00 -1.743919944763183594e+01 0.000000000000000000e+00
1.016316294670104980e+00 -4.421596527099609375e-01 0.000000000000000000e+00
-8.060895919799804688e+00 -1.340511226654052734e+01 0.000000000000000000e+00
4.546080589294433594e+00 -1.339044475555419922e+01 0.000000000000000000e+00
-2.696007966995239258e+00 -1.007297897338867188e+01 0.000000000000000000e+00
7.616711854934692383e-01 1.565607643127441406e+01 0.000000000000000000e+00
1.246132850646972656e+01 -9.386102676391601562e+00 0.000000000000000000e+00
1.064491939544677734e+01 -5.726253032684326172e+00 0.000000000000000000e+00
1.451224386692047119e-01 6.046648502349853516e+00 0.000000000000000000e+00
-3.190943479537963867e+00 8.496361732482910156e+00 0.000000000000000000e+00
3.698788642883300781e+00 2.174518346786499023e+00 0.000000000000000000e+00
-4.738343238830566406e+00 1.198177337646484375e+01 0.000000000000000000e+00
-7.151582717895507812e+00 1.556086444854736328e+01 0.000000000000000000e+00
6.070953369140625000e+00 -1.187260985374450684e+00 0.000000000000000000e+00
7.447910308837890625e+00 -3.630753993988037109e+00 0.000000000000000000e+00
-1.673204994201660156e+01 2.762332201004028320e+00 0.000000000000000000e+00
8.156183242797851562e+00 -6.623961448669433594e+00 0.000000000000000000e+00
-3.768565177917480469e+00 1.505235767364501953e+01 0.000000000000000000e+00
1.355607700347900391e+01 6.105456948280334473e-01 0.000000000000000000e+00
-1.414419889450073242e+00 5.240870952606201172e+00 0.000000000000000000e+00
2.760398149490356445e+00 3.778549432754516602e+00 0.000000000000000000e+00
-1.710350608825683594e+01 -1.286829352378845215e+00 0.000000000000000000e+00
2.926044225692749023e+00 1.128870964050292969e+01 0.000000000000000000e+00
3.384574890136718750e+00 -9.185239791870117188e+00 0.000000000000000000e+00
1.734624671936035156e+01 -5.690096318721771240e-02 0.000000000000000000e+00
-2.797739505767822266e+00 8.010779619216918945e-01 0.000000000000000000e+00
4.714055538177490234e+00 -9.954469680786132812e+00 0.000000000000000000e+00
-1.265406322479248047e+01 -1.196236038208007812e+01 0.000000000000000000e+00
1.138014030456542969e+01 -1.295710277557373047e+01 0.000000000000000000e+00
1.353816604614257812e+01 -4.698425769805908203e+00 0.000000000000000000e+00
1.298144102096557617e+00 -1.379386615753173828e+01 0.000000000000000000e+00
-6.807984828948974609e+00 4.866051673889160156e+00 0.000000000000000000e+00
7.286953926086425781e+00 -7.963469028472900391e+00 0.000000000000000000e+00
6.505448341369628906e+00 3.982524156570434570e+00 0.000000000000000000e+00
-4.004367828369140625e+00 -5.962570190429687500e+00 0.000000000000000000e+00
2.700475931167602539e+00 -1.672532463073730469e+01 0.000000000000000000e+00
-8.519246101379394531e+00 8.045446872711181641e-01 0.000000000000000000e+00
-1.167068767547607422e+01 9.154594421386718750e+00 0.000000000000000000e+00
1.070152950286865234e+01 6.823795318603515625e+00 0.000000000000000000e+00
1.163525867462158203e+01 -1.130041503906250000e+01 0.000000000000000000e+00
-4.766734600067138672e+00 1.370656585693359375e+01 0.000000000000000000e+00
7.933206558227539062e+00 1.041182041168212891e+01 0.000000000000000000e+00
1.276203250885009766e+01 1.152022838592529297e+01 0.000000000000000000e+00
-3.757628202438354492e+00 -1.483406186103820801e+00 0.000000000000000000e+00
-1.654517936706542969e+01 5.006537437438964844e+00 0.000000000000000000e+00
-1.019382286071777344e+01 5.275493621826171875e+00 0.000000000000000000e+00
