1.097281094275374436e+01 7.210834833817509448e+00 -9.494335988824431638e-05
1.290201742374116911e+01 2.436106169002929533e+00 4.972108455190138443e-04
4.269113798811553728e+00 1.005580142950591771e+01 5.129800161070008357e-04
6.197327423867396767e+00 5.280565105585908192e+00 2.353530957335259188e-04
8.126534897685383285e+00 5.058363453516006025e-01 8.275794006894210408e-04
1.005574134567280353e+01 -4.269495397561832384e+00 6.220514753461081625e-04
-2.436448200128563002e+00 1.290175873654805727e+01 3.719650029250232137e-04
-5.062489291517758838e-01 8.126331574635647925e+00 2.385360768100142081e-04
1.422957551835649870e+00 3.351602909821067122e+00 8.306902822170503242e-04
3.352284587617542666e+00 -1.422936974751064287e+00 2.648163709551010214e-05
5.280498212615595932e+00 -6.198173298665519582e+00 -2.511452874753850040e-04
7.210697516650178329e+00 -1.097299738248463186e+01 4.131079213562927066e-04
-7.210818072216001795e+00 1.097279654041443564e+01 9.673024682248509976e-04
-5.281492029151187317e+00 6.198256751625258687e+00 1.630214489352077578e-04
-3.352284588333207527e+00 1.422924913292099358e+00 -4.243437685902406997e-05
-1.423078107345781440e+00 -3.351803751522481445e+00 5.497198285480120461e-04
5.061283406416080544e-01 -8.127135494997574483e+00 3.441911603050407109e-04
2.435335781459587956e+00 -1.290246733333073514e+01 1.387353345112529723e-04
-1.005586193418293917e+01 4.268691477761564990e+00 -3.932349533108947526e-05
-8.127647283354320962e+00 -5.059418634737642417e-01 4.808038103967238186e-04
-6.198440835366931800e+00 -5.281273606948857058e+00 2.752751421537524834e-04
-4.269234387321722224e+00 -1.005660534986784427e+01 6.974722100760999410e-05
-1.290213678334791858e+01 -2.436299092034483582e+00 8.772112255706066009e-04
-1.097293033536049833e+01 -7.211630834947916568e+00 6.716833002275990339e-04
