-1.939429462357171952e+00 1.808276350711077063e+00
-6.901941913344222801e-01 1.851994054593108618e+00
5.590410796883273914e-01 1.895711758475140396e+00
1.808276350711077063e+00 1.939429462357171952e+00
-1.895711758475140396e+00 5.590410796883273914e-01
-6.464764874523906135e-01 6.027587835703590580e-01
6.027587835703590580e-01 6.464764874523906135e-01
1.851994054593108618e+00 6.901941913344222801e-01
-1.851994054593108618e+00 -6.901941913344222801e-01
-6.027587835703590580e-01 -6.464764874523906135e-01
6.464764874523906135e-01 -6.027587835703590580e-01
1.895711758475140396e+00 -5.590410796883273914e-01
-1.808276350711077063e+00 -1.939429462357171952e+00
-5.590410796883273914e-01 -1.895711758475140396e+00
6.901941913344222801e-01 -1.851994054593108618e+00
1.939429462357171952e+00 -1.808276350711077063e+00
