-3.066014051437377930e+00 -6.192200779914855957e-01 0.000000000000000000e+00
9.867992401123046875e+00 -1.078477859497070312e+01 0.000000000000000000e+00
-1.189897918701171875e+01 -5.173569202423095703e+00 0.000000000000000000e+00
1.062503719329833984e+01 -2.573631286621093750e+00 0.000000000000000000e+00
-1.617629623413085938e+01 9.133957028388977051e-01 0.000000000000000000e+00
1.241199493408203125e+01 6.835813045501708984e+00 0.000000000000000000e+00
-4.423496723175048828e+00 2.514657735824584961e+00 0.000000000000000000e+00
-7.281037807464599609e+00 6.378688812255859375e+00 0.000000000000000000e+00
-1.162526988983154297e+01 1.189602565765380859e+01 0.000000000000000000e+00
1.002044391632080078e+01 5.813032627105712891e+00 0.000000000000000000e+00
8.457142829895019531e+00 -7.483546733856201172e-01 0.000000000000000000e+00
-1.590481662750244141e+01 6.309006690979003906e+00 0.000000000000000000e+00
5.108189582824707031e+00 -1.625519371032714844e+01 0.000000000000000000e+00
-2.222760766744613647e-01 4.318240165710449219e+00 0.000000000000000000e+00
3.687410354614257812e+00 -1.676533699035644531e+01 0.000000000000000000e+00
-7.706333637237548828e+00 3.660781979560852051e-01 0.000000000000000000e+00
6.396252632141113281e+00 -1.151291561126708984e+01 0.000000000000000000e+00
-2.494573354721069336e+00 -1.176819610595703125e+01 0.000000000000000000e+00
1.736239641904830933e-01 1.222043895721435547e+01 0.000000000000000000e+00
-3.731383323669433594e+00 1.177426719665527344e+01 0.000000000000000000e+00
3.528131172060966492e-02 -3.575497627258300781e+00 0.000000000000000000e+00
6.380910873413085938e+00 1.521111297607421875e+01 0.000000000000000000e+00
-9.207081794738769531e+00 -1.406304073333740234e+01 0.000000000000000000e+00
8.480522036552429199e-01 -8.741321563720703125e-01 0.000000000000000000e+00
-7.040772438049316406e+00 -4.755693912506103516e+00 0.000000000000000000e+00
-1.369275283813476562e+01 1.695945382118225098e+00 0.000000000000000000e+00
-3.932209491729736328e+00 -1.046345329284667969e+01 0.000000000000000000e+00
1.096976947784423828e+01 -1.273792266845703125e+01 0.000000000000000000e+00
-1.555383563041687012e+00 1.169752216339111328e+01 0.000000000000000000e+00
-1.495453357696533203e+01 -5.136175632476806641e+00 0.000000000000000000e+00
-1.460249710083007812e+01 3.706294536590576172e+00 0.000000000000000000e+00
-8.643021583557128906e+00 2.639762163162231445e+00 0.000000000000000000e+00
-2.248397588729858398e+00 8.498883247375488281e+00 0.000000000000000000e+00
8.987082839012145996e-01 1.054810714721679688e+01 0.000000000000000000e+00
6.295254707336425781e+00 -2.772057652473449707e-01 0.000000000000000000e+00
-1.479238033294677734e+01 -7.535166263580322266e+00 0.000000000000000000e+00
-1.075306797027587891e+01 -2.433912754058837891e+00 0.000000000000000000e+00
1.704450798034667969e+01 6.027503609657287598e-01 0.000000000000000000e+00
7.885169982910156250e+00 4.335544109344482422e+00 0.000000000000000000e+00
-1.205268096923828125e+01 -9.578233718872070312e+00 0.000000000000000000e+00
4.544845104217529297e+00 -2.181030273437500000e+00 0.000000000000000000e+00
2.333689451217651367e+00 -6.493656635284423828e+00 0.000000000000000000e+00
9.876986503601074219e+00 2.171891212463378906e+00 0.000000000000000000e+00
-1.056373715400695801e+00 -1.073087215423583984e+01 0.000000000000000000e+00
-1.159334659576416016e+01 -7.938328266143798828e+00 0.000000000000000000e+00
-4.516443729400634766e+00 1.621557426452636719e+01 0.000000000000000000e+00
1.099130344390869141e+01 7.432211875915527344e+00 0.000000000000000000e+00
7.425354480743408203e+00 -2.957038640975952148e+00 0.000000000000000000e+00
-1.342989158630371094e+01 4.971560955047607422e+00 0.000000000000000000e+00
-1.083429622650146484e+01 7.311510086059570312e+00 0.000000000000000000e+00
1.269729614257812500e+01 -5.887523293495178223e-01 0.000000000000000000e+00
9.841480255126953125e+00 -1.393533039093017578e+01 0.000000000000000000e+00
2.295692920684814453e+00 -1.281123733520507812e+01 0.000000000000000000e+00
1.433279323577880859e+01 -2.550870656967163086e+00 0.000000000000000000e+00
-1.364110469818115234e+01 -9.428300857543945312e+00 0.000000000000000000e+00
2.624047517776489258e+00 7.946107387542724609e-01 0.000000000000000000e+00
4.631227493286132812e+00 -6.006814479827880859e+00 0.000000000000000000e+00
1.263345336914062500e+01 4.615431308746337891e+00 0.000000000000000000e+00
8.753475189208984375e+00 8.688604354858398438e+00 0.000000000000000000e+00
1.023888587951660156e+01 1.083584403991699219e+01 0.000000000000000000e+00
-5.519895076751708984e+00 1.068608045578002930e+00 0.000000000000000000e+00
6.149348735809326172e+00 7.251562595367431641e+00 0.000000000000000000e+00
-1.389847397804260254e+00 1.611519241333007812e+01 0.000000000000000000e+00
-7.814935684204101562e+00 -1.482455492019653320e+00 0.000000000000000000e+00
-1.639927673339843750e+01 -1.446224808692932129e+00 0.000000000000000000e+00
-4.542018413543701172e+00 -6.426156997680664062e+00 0.000000000000000000e+00
1.274491882324218750e+01 -3.848968029022216797e+00 0.000000000000000000e+00
2.038818359375000000e+00 1.312594509124755859e+01 0.000000000000000000e+00
3.937169790267944336e+00 -8.599460601806640625e+00 0.000000000000000000e+00
-1.252969074249267578e+01 7.001253128051757812e+00 0.000000000000000000e+00
1.584639668464660645e+00 -1.595085525512695312e+01 0.000000000000000000e+00
7.545423984527587891e+00 -1.027017211914062500e+01 0.000000000000000000e+00
-1.436291098594665527e+00 -1.294447135925292969e+01 0.000000000000000000e+00
2.470423936843872070e+00 9.723789215087890625e+00 0.000000000000000000e+00
-6.303307533264160156e+00 2.823544740676879883e+00 0.000000000000000000e+00
6.238631725311279297e+00 1.383159399032592773e+00 0.000000000000000000e+00
1.626883125305175781e+01 -4.134853839874267578e+00 0.000000000000000000e+00
4.814552783966064453e+00 2.581861734390258789e+00 0.000000000000000000e+00
2.421838760375976562e+00 1.165182971954345703e+01 0.000000000000000000e+00
8.123129844665527344e+00 -5.959520339965820312e+00 0.000000000000000000e+00
9.575937271118164062e+00 1.442186546325683594e+01 0.000000000000000000e+00
-4.778444290161132812e+00 9.453078269958496094e+00 0.000000000000000000e+00
1.405525016784667969e+01 8.630290985107421875e+00 0.000000000000000000e+00
-7.552419185638427734e+00 -6.922580718994140625e+00 0.000000000000000000e+00
2.527631759643554688e+00 5.296884059906005859e+00 0.000000000000000000e+00
1.259496402740478516e+01 9.095123291015625000e+00 0.000000000000000000e+00
7.269029617309570312e+00 1.324689006805419922e+01 0.000000000000000000e+00
1.931939601898193359e+00 1.630343055725097656e+01 0.000000000000000000e+00
1.205114841461181641e+01 1.169719600677490234e+01 0.000000000000000000e+00
-1.672628641128540039e+00 8.882207274436950684e-01 0.000000000000000000e+00
6.095808029174804688e+00 -1.310027122497558594e+01 0.000000000000000000e+00
-1.004145717620849609e+01 -1.011967277526855469e+01 0.000000000000000000e+00
4.444080829620361328e+00 -1.200701808929443359e+01 0.000000000000000000e+00
-1.499989032745361328e+01 -2.276526927947998047e+00 0.000000000000000000e+00
-7.707950115203857422e+00 1.533626174926757812e+01 0.000000000000000000e+00
-1.172319412231445312e+01 -1.192367839813232422e+01 0.000000000000000000e+00
-8.807669639587402344e+00 -5.765947341918945312e+00 0.000000000000000000e+00
-9.945774078369140625e+00 1.261801338195800781e+01 0.000000000000000000e+00
-5.341032505035400391e+00 -1.348131370544433594e+01 0.000000000000000000e+00
-1.335778713226318359e+01 -1.621447086334228516e+00 0.000000000000000000e+00
-1.111734867095947266e+00 -1.541189765930175781e+01 0.000000000000000000e+00
-8.807681083679199219e+00 5.538010120391845703e+00 0.000000000000000000e+00
3.702453613281250000e+00 -1.452108955383300781e+01 0.000000000000000000e+00
7.578747272491455078e+00 -1.481933116912841797e+01 0.000000000000000000e+00
9.960922241210937500e+00 -5.877587318420410156e+00 0.000000000000000000e+00
1.357727146148681641e+01 3.206177473068237305e+00 0.000000000000000000e+00
5.457591533660888672e+00 1.154653263092041016e+01 0.000000000000000000e+00
-7.413480281829833984e+00 1.318286800384521484e+01 0.000000000000000000e+00
1.032194423675537109e+01 -2.155855894088745117e-01 0.000000000000000000e+00
5.530629754066467285e-01 6.460191249847412109e+00 0.000000000000000000e+00
2.844826698303222656e+00 -9.948952674865722656e+00 0.000000000000000000e+00
1.487215614318847656e+01 1.645496487617492676e+00 0.000000000000000000e+00
-1.588039207458496094e+01 -3.529796123504638672e+00 0.000000000000000000e+00
-1.042940902709960938e+01 9.298636436462402344e+00 0.000000000000000000e+00
2.273987531661987305e+00 7.406830310821533203e+00 0.000000000000000000e+00
-1.251101016998291016e+00 -8.147636413574218750e+00 0.000000000000000000e+00
-1.022865295410156250e+01 4.723712921142578125e+00 0.000000000000000000e+00
6.362596988677978516e+00 5.144441127777099609e+00 0.000000000000000000e+00
-9.430988311767578125e+00 -4.701811373233795166e-01 0.000000000000000000e+00
-3.121274471282958984e+00 -1.402212905883789062e+01 0.000000000000000000e+00
1.455827426910400391e+01 -7.019393920898437500e+00 0.000000000000000000e+00
-1.478534936904907227e-01 8.226953506469726562e+00 0.000000000000000000e+00
2.920372486114501953e-01 -1.175886440277099609e+01 0.000000000000000000e+00
-1.523819327354431152e+00 -3.846238851547241211e+00 0.000000000000000000e+00
8.394867897033691406e+00 9.159549474716186523e-01 0.000000000000000000e+00
1.558073902130126953e+01 -6.443719863891601562e-01 0.000000000000000000e+00
6.143939971923828125e+00 -4.211225986480712891e+00 0.000000000000000000e+00
5.004113674163818359e+00 8.975899696350097656e+00 0.000000000000000000e+00
-8.874467849731445312e+00 -2.932514905929565430e+00 0.000000000000000000e+00
-1.592716693878173828e+00 -6.598932266235351562e+00 0.000000000000000000e+00
-3.756465673446655273e+00 -2.716512441635131836e+00 0.000000000000000000e+00
-6.136115550994873047e+00 -1.185166358947753906e+01 0.000000000000000000e+00
-1.390449762344360352e+00 1.010663127899169922e+01 0.000000000000000000e+00
1.768708586692810059e+00 2.473738431930541992e+00 0.000000000000000000e+00
-3.036581754684448242e+00 -4.837700843811035156e+00 0.000000000000000000e+00
-3.323284864425659180e+00 4.947538852691650391e+00 0.000000000000000000e+00
-3.666110992431640625e+00 -1.698958015441894531e+01 0.000000000000000000e+00
7.974640369415283203e+00 -8.302618026733398438e+00 0.000000000000000000e+00
-9.659111976623535156e+00 1.409755420684814453e+01 0.000000000000000000e+00
-5.278951644897460938e+00 -3.928583860397338867e+00 0.000000000000000000e+00
4.238566458225250244e-01 -5.581444740295410156e+00 0.000000000000000000e+00
-1.103120613098144531e+01 -1.347121238708496094e+01 0.000000000000000000e+00
-4.530520439147949219e+00 6.152832031250000000e+00 0.000000000000000000e+00
-7.888453006744384766e+00 -1.185132408142089844e+01 0.000000000000000000e+00
-4.683571159839630127e-01 1.470414543151855469e+01 0.000000000000000000e+00
1.616692924499511719e+01 6.326209545135498047e+00 0.000000000000000000e+00
-5.018320083618164062e+00 4.587647438049316406e+00 0.000000000000000000e+00
-6.894509792327880859e+00 -1.414253711700439453e+01 0.000000000000000000e+00
1.198164105415344238e+00 -1.443824577331542969e+01 0.000000000000000000e+00
-7.404106616973876953e+00 8.917451858520507812e+00 0.000000000000000000e+00
-1.144476890563964844e+01 2.481187582015991211e+00 0.000000000000000000e+00
-5.821580886840820312e+00 1.156723976135253906e+01 0.000000000000000000e+00
-5.514788627624511719e+00 -9.729776382446289062e+00 0.000000000000000000e+00
4.246935367584228516e+00 4.193197727203369141e+00 0.000000000000000000e+00
8.050695419311523438e+00 1.010874652862548828e+01 0.000000000000000000e+00
8.482213020324707031e+00 -1.164908790588378906e+01 0.000000000000000000e+00
-1.317015457153320312e+01 1.080662345886230469e+01 0.000000000000000000e+00
-2.134036064147949219e+00 -2.117123365402221680e+00 0.000000000000000000e+00
9.613011360168457031e+00 -9.140039443969726562e+00 0.000000000000000000e+00
1.188437843322753906e+01 -1.081499195098876953e+01 0.000000000000000000e+00
-1.804716587066650391e+00 3.780442476272583008e+00 0.000000000000000000e+00
6.315833091735839844e+00 -8.323915481567382812e+00 0.000000000000000000e+00
3.774062693119049072e-01 8.546094298362731934e-01 0.000000000000000000e+00
1.520177745819091797e+01 3.413659572601318359e+00 0.000000000000000000e+00
-1.168835735321044922e+01 7.731167078018188477e-01 0.000000000000000000e+00
1.045128345489501953e+01 -4.118584156036376953e+00 0.000000000000000000e+00
-8.511874198913574219e+00 -1.041916275024414062e+01 0.000000000000000000e+00
-1.328374671936035156e+01 -3.748347043991088867e+00 0.000000000000000000e+00
-1.412605762481689453e+01 9.546070098876953125e+00 0.000000000000000000e+00
-2.717209339141845703e+00 2.381637573242187500e+00 0.000000000000000000e+00
1.342077350616455078e+01 -9.952459335327148438e+00 0.000000000000000000e+00
4.107088565826416016e+00 1.310890483856201172e+01 0.000000000000000000e+00
1.481835365295410156e+01 5.559129714965820312e+00 0.000000000000000000e+00
-1.408938217163085938e+01 -7.940141856670379639e-02 0.000000000000000000e+00
1.462521839141845703e+01 -4.242944240570068359e+00 0.000000000000000000e+00
-5.045815467834472656e+00 1.345079231262207031e+01 0.000000000000000000e+00
-9.189009666442871094e+00 1.101676177978515625e+01 0.000000000000000000e+00
-1.412278556823730469e+01 7.565235614776611328e+00 0.000000000000000000e+00
-9.983980178833007812e+00 -1.218542385101318359e+01 0.000000000000000000e+00
-2.823314189910888672e+00 1.360339450836181641e+01 0.000000000000000000e+00
1.581827545166015625e+01 -5.994379997253417969e+00 0.000000000000000000e+00
-6.480973243713378906e+00 -1.566469955444335938e+01 0.000000000000000000e+00
-5.483982086181640625e+00 7.902900695800781250e+00 0.000000000000000000e+00
8.878333091735839844e+00 1.212744903564453125e+01 0.000000000000000000e+00
8.838696479797363281e+00 -4.586239337921142578e+00 0.000000000000000000e+00
6.669487953186035156e+00 -6.620738029479980469e+00 0.000000000000000000e+00
-2.221451520919799805e+00 -9.445687294006347656e+00 0.000000000000000000e+00
-1.667532348632812500e+01 4.123278141021728516e+00 0.000000000000000000e+00
7.808057308197021484e+00 6.339174747467041016e+00 0.000000000000000000e+00
1.248632621765136719e+01 -7.097373008728027344e+00 0.000000000000000000e+00
4.305195331573486328e+00 1.547129726409912109e+01 0.000000000000000000e+00
-5.883705615997314453e+00 -1.306365013122558594e+00 0.000000000000000000e+00
-2.479552268981933594e+00 6.292354106903076172e+00 0.000000000000000000e+00
4.413126468658447266e+00 -7.364182174205780029e-02 0.000000000000000000e+00
1.343504428863525391e+01 1.109692382812500000e+01 0.000000000000000000e+00
1.701032257080078125e+01 -2.776328802108764648e+00 0.000000000000000000e+00
-1.730750083923339844e+01 2.056306838989257812e+00 0.000000000000000000e+00
5.705163955688476562e+00 1.325214099884033203e+01 0.000000000000000000e+00
4.203136265277862549e-01 -1.746049118041992188e+01 0.000000000000000000e+00
1.168970870971679688e+01 3.346756219863891602e+00 0.000000000000000000e+00
-6.803719997406005859e+00 -2.851598739624023438e+00 0.000000000000000000e+00
-1.090368843078613281e+01 -6.337342739105224609e+00 0.000000000000000000e+00
-9.000228881835937500e+00 7.944766521453857422e+00 0.000000000000000000e+00
4.503158092498779297e+00 -4.307533264160156250e+00 0.000000000000000000e+00
-6.866397380828857422e+00 -9.006895065307617188e+00 0.000000000000000000e+00
2.642501115798950195e+00 -4.536867618560791016e+00 0.000000000000000000e+00
-8.422567367553710938e+00 -8.284377098083496094e+00 0.000000000000000000e+00
1.088310050964355469e+01 9.253485679626464844e+00 0.000000000000000000e+00
-6.485418319702148438e+00 4.917829513549804688e+00 0.000000000000000000e+00
-3.522080481052398682e-01 -2.044130802154541016e+00 0.000000000000000000e+00
6.220601558685302734e+00 3.208529710769653320e+00 0.000000000000000000e+00
1.240115833282470703e+01 1.751348733901977539e+00 0.000000000000000000e+00
-3.382068395614624023e+00 -7.643769264221191406e+00 0.000000000000000000e+00
-1.002092742919921875e+01 -4.331192970275878906e+00 0.000000000000000000e+00
4.732936859130859375e+00 6.573994636535644531e+00 0.000000000000000000e+00
1.498779201507568359e+01 -9.026126861572265625e+00 0.000000000000000000e+00
1.670382690429687500e+01 4.210833549499511719e+00 0.000000000000000000e+00
2.652000486850738525e-01 -8.034852981567382812e+00 0.000000000000000000e+00
1.153953361511230469e+01 -8.689346313476562500e+00 0.000000000000000000e+00
1.324705600738525391e+01 -5.553908348083496094e+00 0.000000000000000000e+00
-2.716017067432403564e-01 1.748532676696777344e+01 0.000000000000000000e+00
-1.159836101531982422e+01 -9.702793359756469727e-01 0.000000000000000000e+00
5.947522640228271484e+00 -9.817167282104492188e+00 0.000000000000000000e+00
-5.648695468902587891e+00 -7.733433246612548828e+00 0.000000000000000000e+00
3.637753486633300781e+00 8.308245658874511719e+00 0.000000000000000000e+00
2.329006195068359375e+00 -2.167938470840454102e+00 0.000000000000000000e+00
-3.926047086715698242e+00 7.091226577758789062e-01 0.000000000000000000e+00
-1.214080238342285156e+01 3.884804964065551758e+00 0.000000000000000000e+00
9.191838264465332031e+00 -3.077314138412475586e+00 0.000000000000000000e+00
1.336274623870849609e+00 4.134549140930175781e+00 0.000000000000000000e+00
7.131746768951416016e+00 8.397646903991699219e+00 0.000000000000000000e+00
-1.346828365325927734e+01 -6.410081863403320312e+00 0.000000000000000000e+00
1.342700600624084473e+00 1.454656505584716797e+01 0.000000000000000000e+00
7.997951984405517578e+00 1.519408321380615234e+01 0.000000000000000000e+00
-2.794992685317993164e+00 1.551354598999023438e+01 0.000000000000000000e+00
1.030194664001464844e+01 4.034649372100830078e+00 0.000000000000000000e+00
2.170763254165649414e+00 -8.087883949279785156e+00 0.000000000000000000e+00
9.097553253173828125e+00 -7.220303535461425781e+00 0.000000000000000000e+00
-9.932009696960449219e+00 1.063287615776062012e+00 0.000000000000000000e+00
-9.393335580825805664e-01 5.928970813751220703e+00 0.000000000000000000e+00
7.578685283660888672e+00 2.570413112640380859e+00 0.000000000000000000e+00
1.670025062561035156e+01 2.278311729431152344e+00 0.000000000000000000e+00
-1.391973376274108887e+00 -1.715405273437500000e+01 0.000000000000000000e+00
-6.234308242797851562e+00 1.456102752685546875e+01 0.000000000000000000e+00
1.082591438293457031e+01 -7.141300201416015625e+00 0.000000000000000000e+00
6.984928607940673828e+00 1.168039131164550781e+01 0.000000000000000000e+00
8.108660578727722168e-01 -9.885161399841308594e+00 0.000000000000000000e+00
1.310207247734069824e+00 8.750048637390136719e+00 0.000000000000000000e+00
3.995364189147949219e+00 1.111766147613525391e+01 0.000000000000000000e+00
-1.012494468688964844e+01 -8.452442169189453125e+00 0.000000000000000000e+00
1.394991016387939453e+01 3.281862139701843262e-01 0.000000000000000000e+00
4.432054042816162109e+00 -1.037752628326416016e+01 0.000000000000000000e+00
-1.213775634765625000e+01 9.409657478332519531e+00 0.000000000000000000e+00
-4.929546833038330078e+00 -1.586211776733398438e+01 0.000000000000000000e+00
-1.662241744995117188e+01 -5.033550739288330078e+00 0.000000000000000000e+00
6.441130161285400391e+00 9.839037895202636719e+00 0.000000000000000000e+00
