-1.496850681304931641e+01 5.077807426452636719e+00 0.000000000000000000e+00
-4.462842464447021484e+00 -1.218173694610595703e+01 0.000000000000000000e+00
7.282634258270263672e+00 1.578642559051513672e+01 0.000000000000000000e+00
-8.995453834533691406e+00 -1.156914329528808594e+01 0.000000000000000000e+00
-8.416280746459960938e+00 -8.756884574890136719e+00 0.000000000000000000e+00
-9.744506835937500000e+00 7.676084995269775391e+00 0.000000000000000000e+00
8.025277137756347656e+00 1.248949337005615234e+01 0.000000000000000000e+00
7.726188182830810547e+00 -1.072477912902832031e+01 0.000000000000000000e+00
-8.022093772888183594e+00 -1.326286506652832031e+01 0.000000000000000000e+00
-4.736140727996826172e+00 -4.979248046875000000e+00 0.000000000000000000e+00
-1.482281208038330078e+01 -5.936798572540283203e+00 0.000000000000000000e+00
4.525449752807617188e+00 -6.783519268035888672e+00 0.000000000000000000e+00
-4.328799247741699219e+00 -1.564163088798522949e+00 0.000000000000000000e+00
-1.300291824340820312e+01 -1.043581295013427734e+01 0.000000000000000000e+00
5.565538406372070312e+00 -4.696542263031005859e+00 0.000000000000000000e+00
3.235522508621215820e+00 -9.175660133361816406e+00 0.000000000000000000e+00
-1.408863162994384766e+01 1.885253548622131348e+00 0.000000000000000000e+00
1.651184844970703125e+01 -1.214970946311950684e+00 0.000000000000000000e+00
-2.016880989074707031e+00 1.565217304229736328e+01 0.000000000000000000e+00
-1.555311870574951172e+01 7.233755111694335938e+00 0.000000000000000000e+00
-1.299014186859130859e+01 6.243548870086669922e+00 0.000000000000000000e+00
1.132501244544982910e+00 -5.383075237274169922e+00 0.000000000000000000e+00
6.836898326873779297e+00 1.424743413925170898e+00 0.000000000000000000e+00
9.455726623535156250e+00 1.168743896484375000e+01 0.000000000000000000e+00
-1.173498153686523438e+01 -1.276228070259094238e+00 0.000000000000000000e+00
-8.539912223815917969e+00 1.117705631256103516e+01 0.000000000000000000e+00
9.455828666687011719e+00 -2.496941804885864258e+00 0.000000000000000000e+00
1.453356742858886719e+01 -8.888665199279785156e+00 0.000000000000000000e+00
5.690135955810546875e+00 7.476342678070068359e+00 0.000000000000000000e+00
2.349231719970703125e+00 8.022620201110839844e+00 0.000000000000000000e+00
4.500297069549560547e+00 -1.686722564697265625e+01 0.000000000000000000e+00
4.478316307067871094e+00 1.036170005798339844e+01 0.000000000000000000e+00
-6.486076831817626953e+00 -1.395010375976562500e+01 0.000000000000000000e+00
5.539381980895996094e+00 -9.974257946014404297e-01 0.000000000000000000e+00
-8.650288581848144531e+00 1.025599122047424316e+00 0.000000000000000000e+00
-3.416578292846679688e+00 7.648921012878417969e+00 0.000000000000000000e+00
-9.198626518249511719e+00 -8.437906503677368164e-01 0.000000000000000000e+00
1.538949966430664062e+01 1.338319063186645508e+00 0.000000000000000000e+00
5.037062168121337891e+00 1.405601501464843750e+01 0.000000000000000000e+00
3.681246519088745117e+00 1.538581752777099609e+01 0.000000000000000000e+00
1.387493705749511719e+01 2.126016467809677124e-02 0.000000000000000000e+00
1.006472682952880859e+01 -9.645142555236816406e+00 0.000000000000000000e+00
-8.538619995117187500e+00 -3.208002567291259766e+00 0.000000000000000000e+00
-3.104314804077148438e+00 1.218254947662353516e+01 0.000000000000000000e+00
1.141146087646484375e+01 -1.030791759490966797e+01 0.000000000000000000e+00
1.424605488777160645e+00 4.672311305999755859e+00 0.000000000000000000e+00
-5.393400192260742188e+00 8.008970260620117188e+00 0.000000000000000000e+00
9.473620414733886719e+00 -4.664504051208496094e+00 0.000000000000000000e+00
8.285484313964843750e+00 1.399317932128906250e+01 0.000000000000000000e+00
-7.090337276458740234e+00 1.448480701446533203e+01 0.000000000000000000e+00
1.606415367126464844e+01 -3.956230878829956055e+00 0.000000000000000000e+00
1.336307334899902344e+01 2.760326385498046875e+00 0.000000000000000000e+00
-7.994318008422851562e+00 2.466813087463378906e+00 0.000000000000000000e+00
9.128604888916015625e+00 3.268209695816040039e+00 0.000000000000000000e+00
-5.692969322204589844e+00 2.549803495407104492e+00 0.000000000000000000e+00
1.141644477844238281e+01 1.232701659202575684e+00 0.000000000000000000e+00
-9.275733947753906250e+00 9.163187980651855469e+00 0.000000000000000000e+00
8.629565834999084473e-01 1.113407516479492188e+01 0.000000000000000000e+00
4.803182184696197510e-01 -1.106292152404785156e+01 0.000000000000000000e+00
8.920113563537597656e+00 -1.269702053070068359e+01 0.000000000000000000e+00
7.441302776336669922e+00 -3.132900953292846680e+00 0.000000000000000000e+00
1.026783275604248047e+01 -1.143426322937011719e+01 0.000000000000000000e+00
8.809382438659667969e+00 -7.140921115875244141e+00 0.000000000000000000e+00
8.887605667114257812e+00 -9.115868806838989258e-02 0.000000000000000000e+00
8.484285354614257812e+00 8.913854598999023438e+00 0.000000000000000000e+00
-1.361039733886718750e+01 -7.954517841339111328e+00 0.000000000000000000e+00
-1.448296737670898438e+01 -1.923035979270935059e+00 0.000000000000000000e+00
6.291988849639892578e+00 1.052488803863525391e+01 0.000000000000000000e+00
-1.068186378479003906e+01 5.985955715179443359e+00 0.000000000000000000e+00
4.192036628723144531e+00 -3.699081182479858398e+00 0.000000000000000000e+00
-4.576451301574707031e+00 2.459548227488994598e-02 0.000000000000000000e+00
1.037802982330322266e+01 7.774726867675781250e+00 0.000000000000000000e+00
-5.751160144805908203e+00 -6.902374744415283203e+00 0.000000000000000000e+00
-9.931352615356445312e+00 -8.402217864990234375e+00 0.000000000000000000e+00
-1.012710094451904297e+01 1.400121879577636719e+01 0.000000000000000000e+00
1.711326980590820312e+01 3.296576976776123047e+00 0.000000000000000000e+00
4.099394321441650391e+00 2.798171758651733398e+00 0.000000000000000000e+00
-1.518834114074707031e+01 1.868374645709991455e-02 0.000000000000000000e+00
1.040596291422843933e-01 8.559538841247558594e+00 0.000000000000000000e+00
9.547510147094726562e+00 4.840466976165771484e+00 0.000000000000000000e+00
-1.280946254730224609e+01 -5.395184993743896484e+00 0.000000000000000000e+00
1.502383708953857422e+01 -6.439113616943359375e+00 0.000000000000000000e+00
-2.019080877304077148e+00 -1.323208236694335938e+01 0.000000000000000000e+00
1.619182586669921875e+00 -3.019212245941162109e+00 0.000000000000000000e+00
-3.231659173965454102e+00 -1.437188816070556641e+01 0.000000000000000000e+00
1.199792385101318359e+01 8.180688858032226562e+00 0.000000000000000000e+00
-6.788429737091064453e+00 4.922125816345214844e+00 0.000000000000000000e+00
-4.194818019866943359e+00 1.328988742828369141e+01 0.000000000000000000e+00
-1.187022876739501953e+01 1.057822799682617188e+01 0.000000000000000000e+00
-1.055961608886718750e+01 -4.455827236175537109e+00 0.000000000000000000e+00
5.158014774322509766e+00 -1.206291866302490234e+01 0.000000000000000000e+00
-3.126500129699707031e+00 -8.768450736999511719e+00 0.000000000000000000e+00
-8.391436576843261719e+00 5.717842102050781250e+00 0.000000000000000000e+00
-3.091063499450683594e+00 2.844900608062744141e+00 0.000000000000000000e+00
-4.291624069213867188e+00 1.669129562377929688e+01 0.000000000000000000e+00
2.380084991455078125e+00 1.712335586547851562e+01 0.000000000000000000e+00
5.242598533630371094e+00 -1.004234027862548828e+01 0.000000000000000000e+00
1.445878410339355469e+01 4.539789199829101562e+00 0.000000000000000000e+00
1.026600265502929688e+01 -1.353167057037353516e+01 0.000000000000000000e+00
2.682827711105346680e+00 -1.583295822143554688e+01 0.000000000000000000e+00
2.724838018417358398e+00 -7.749868869781494141e+00 0.000000000000000000e+00
-1.519286394119262695e+00 -1.648851013183593750e+01 0.000000000000000000e+00
1.141090011596679688e+01 9.808588981628417969e+00 0.000000000000000000e+00
5.566418170928955078e+00 4.723429203033447266e+00 0.000000000000000000e+00
-1.189507770538330078e+01 3.005135536193847656e+00 0.000000000000000000e+00
-2.682357549667358398e+00 -2.620065689086914062e+00 0.000000000000000000e+00
8.242804527282714844e+00 1.056939029693603516e+01 0.000000000000000000e+00
-5.978569030761718750e+00 -9.048166275024414062e+00 0.000000000000000000e+00
-1.238120937347412109e+01 2.525130510330200195e-01 0.000000000000000000e+00
1.056495380401611328e+01 -1.095216751098632812e+00 0.000000000000000000e+00
-1.456320858001708984e+01 -9.416494369506835938e+00 0.000000000000000000e+00
-4.590024054050445557e-01 -7.621932625770568848e-01 0.000000000000000000e+00
-9.956079125404357910e-01 -9.039688110351562500e+00 0.000000000000000000e+00
-8.288002967834472656e+00 -1.483450222015380859e+01 0.000000000000000000e+00
-1.240088176727294922e+01 -2.885694742202758789e+00 0.000000000000000000e+00
8.400871276855468750e+00 6.444076061248779297e+00 0.000000000000000000e+00
1.271589088439941406e+01 -1.467023611068725586e+00 0.000000000000000000e+00
1.141617012023925781e+01 -5.118356227874755859e+00 0.000000000000000000e+00
-1.419629931449890137e+00 8.300425529479980469e+00 0.000000000000000000e+00
-1.074138641357421875e+00 1.088399791717529297e+01 0.000000000000000000e+00
-8.174189567565917969e+00 -5.193869590759277344e+00 0.000000000000000000e+00
2.824395000934600830e-01 1.254062843322753906e+01 0.000000000000000000e+00
1.543192028999328613e+00 2.653783559799194336e+00 0.000000000000000000e+00
-6.577451229095458984e+00 -1.219285678863525391e+01 0.000000000000000000e+00
6.214791774749755859e+00 -8.771706581115722656e+00 0.000000000000000000e+00
-7.053678035736083984e+00 8.659067153930664062e+00 0.000000000000000000e+00
1.483663463592529297e+01 -1.892234206199645996e+00 0.000000000000000000e+00
3.172731161117553711e+00 6.331939220428466797e+00 0.000000000000000000e+00
4.044466972351074219e+00 8.282185554504394531e+00 0.000000000000000000e+00
-2.568448781967163086e+00 5.207568779587745667e-02 0.000000000000000000e+00
-6.734287261962890625e+00 -1.574376010894775391e+01 0.000000000000000000e+00
-8.746177554130554199e-01 1.371355342864990234e+01 0.000000000000000000e+00
-5.435181036591529846e-02 3.636667251586914062e+00 0.000000000000000000e+00
-6.582024574279785156e+00 -5.211479067802429199e-01 0.000000000000000000e+00
-2.585115432739257812e-01 -1.395922279357910156e+01 0.000000000000000000e+00
1.225929641723632812e+01 5.027898788452148438e+00 0.000000000000000000e+00
-1.109642219543457031e+01 -1.087622165679931641e+01 0.000000000000000000e+00
1.276074409484863281e+01 -6.881069183349609375e+00 0.000000000000000000e+00
1.482595682144165039e+00 -9.328398704528808594e+00 0.000000000000000000e+00
-1.196636199951171875e+00 -5.561673641204833984e+00 0.000000000000000000e+00
2.665980815887451172e+00 1.410782432556152344e+01 0.000000000000000000e+00
-1.323155593872070312e+01 8.527876853942871094e+00 0.000000000000000000e+00
-7.049482822418212891e+00 -3.901643514633178711e+00 0.000000000000000000e+00
1.420421314239501953e+01 8.628156661987304688e+00 0.000000000000000000e+00
-4.939175605773925781e+00 5.507949829101562500e+00 0.000000000000000000e+00
-1.685829162597656250e+01 3.538970947265625000e+00 0.000000000000000000e+00
3.171585798263549805e+00 -5.011073589324951172e+00 0.000000000000000000e+00
-6.096197605133056641e+00 1.121881580352783203e+01 0.000000000000000000e+00
3.559008598327636719e+00 -1.174606895446777344e+01 0.000000000000000000e+00
1.251235008239746094e+01 6.518214225769042969e+00 0.000000000000000000e+00
-3.031048774719238281e+00 9.448697090148925781e+00 0.000000000000000000e+00
-5.636809349060058594e+00 1.562042903900146484e+01 0.000000000000000000e+00
-7.772459983825683594e+00 -1.711724042892456055e+00 0.000000000000000000e+00
-1.146497821807861328e+01 -1.253522300720214844e+01 0.000000000000000000e+00
-2.446555376052856445e+00 -1.174514198303222656e+01 0.000000000000000000e+00
-1.610016250610351562e+01 -4.441364288330078125e+00 0.000000000000000000e+00
1.280579757690429688e+01 1.070156002044677734e+01 0.000000000000000000e+00
2.351086378097534180e+00 -7.114633917808532715e-01 0.000000000000000000e+00
-1.333326911926269531e+01 1.013563537597656250e+01 0.000000000000000000e+00
1.113520812988281250e+01 -7.798148632049560547e+00 0.000000000000000000e+00
-2.632088184356689453e+00 1.382442378997802734e+01 0.000000000000000000e+00
1.294849014282226562e+01 -4.432874202728271484e+00 0.000000000000000000e+00
-1.065246868133544922e+01 4.041585922241210938e+00 0.000000000000000000e+00
1.083580875396728516e+01 3.932283401489257812e+00 0.000000000000000000e+00
-1.635515928268432617e+00 -7.396242618560791016e+00 0.000000000000000000e+00
-4.884033203125000000e+00 -3.046882629394531250e+00 0.000000000000000000e+00
3.802562475204467773e+00 1.194566488265991211e-01 0.000000000000000000e+00
-9.122439384460449219e+00 3.628288507461547852e+00 0.000000000000000000e+00
7.222702026367187500e+00 -5.577968597412109375e+00 0.000000000000000000e+00
-5.726485252380371094e+00 1.372765922546386719e+01 0.000000000000000000e+00
1.098964595794677734e+01 1.177584362030029297e+01 0.000000000000000000e+00
-6.746750354766845703e+00 6.840873718261718750e+00 0.000000000000000000e+00
4.578744471073150635e-01 -1.569838809967041016e+01 0.000000000000000000e+00
1.627353477478027344e+01 6.098331928253173828e+00 0.000000000000000000e+00
3.715652525424957275e-01 5.940095782279968262e-01 0.000000000000000000e+00
-1.350880908966064453e+01 4.539966106414794922e+00 0.000000000000000000e+00
3.460730075836181641e+00 -1.897778034210205078e+00 0.000000000000000000e+00
7.165849685668945312e+00 -1.353054940700531006e-01 0.000000000000000000e+00
7.251418590545654297e+00 -1.257880210876464844e+01 0.000000000000000000e+00
4.995408058166503906e+00 -1.387258720397949219e+01 0.000000000000000000e+00
-5.869978070259094238e-01 5.809926033020019531e+00 0.000000000000000000e+00
2.490537881851196289e+00 1.003743934631347656e+01 0.000000000000000000e+00
-1.738258361816406250e+01 -1.941573500633239746e+00 0.000000000000000000e+00
3.110568523406982422e+00 1.192657279968261719e+01 0.000000000000000000e+00
-1.686652565002441406e+01 4.639077484607696533e-01 0.000000000000000000e+00
9.680035114288330078e-01 -1.633208274841308594e+00 0.000000000000000000e+00
6.646674633026123047e+00 8.859354972839355469e+00 0.000000000000000000e+00
-7.326870918273925781e+00 -6.573240280151367188e+00 0.000000000000000000e+00
1.632243990898132324e-01 -7.438503742218017578e+00 0.000000000000000000e+00
6.429085254669189453e+00 1.311687469482421875e+01 0.000000000000000000e+00
-3.954828500747680664e+00 -1.016741847991943359e+01 0.000000000000000000e+00
1.724673080444335938e+01 1.548465490341186523e+00 0.000000000000000000e+00
7.159934997558593750e+00 3.857333421707153320e+00 0.000000000000000000e+00
1.176217651367187500e+01 -1.198648643493652344e+01 0.000000000000000000e+00
-2.548389434814453125e+00 6.215399265289306641e+00 0.000000000000000000e+00
-1.009690380096435547e+01 -1.315754222869873047e+01 0.000000000000000000e+00
3.234643459320068359e+00 -1.369798755645751953e+01 0.000000000000000000e+00
-9.667186439037322998e-02 2.066139459609985352e+00 0.000000000000000000e+00
-1.010373115539550781e+01 1.244476509094238281e+01 0.000000000000000000e+00
-1.279939770698547363e+00 1.707944679260253906e+01 0.000000000000000000e+00
5.636786818504333496e-01 1.723543739318847656e+01 0.000000000000000000e+00
-7.210554480552673340e-01 -3.869094371795654297e+00 0.000000000000000000e+00
-2.544144868850708008e+00 -4.681005001068115234e+00 0.000000000000000000e+00
-4.785657882690429688e+00 -1.529175090789794922e+01 0.000000000000000000e+00
-1.112662315368652344e+01 1.334149718284606934e+00 0.000000000000000000e+00
-4.636761665344238281e+00 9.774923324584960938e+00 0.000000000000000000e+00
8.801219940185546875e+00 -8.649773597717285156e+00 0.000000000000000000e+00
-7.190183162689208984e+00 -9.960469245910644531e+00 0.000000000000000000e+00
-1.896732449531555176e+00 4.531799316406250000e+00 0.000000000000000000e+00
-1.665089988708496094e+01 5.111121654510498047e+00 0.000000000000000000e+00
1.423007965087890625e+00 1.543239974975585938e+01 0.000000000000000000e+00
-1.127037811279296875e+01 9.146799087524414062e+00 0.000000000000000000e+00
3.101561069488525391e+00 4.187255382537841797e+00 0.000000000000000000e+00
8.282569885253906250e+00 -1.489395427703857422e+01 0.000000000000000000e+00
1.443811511993408203e+01 -3.573367118835449219e+00 0.000000000000000000e+00
-9.111980438232421875e+00 -6.518653869628906250e+00 0.000000000000000000e+00
-8.126919746398925781e+00 1.287297344207763672e+01 0.000000000000000000e+00
1.119438934326171875e+01 -3.287730216979980469e+00 0.000000000000000000e+00
-1.205715656280517578e+01 -6.942014694213867188e+00 0.000000000000000000e+00
-1.583016777038574219e+01 -7.430410861968994141e+00 0.000000000000000000e+00
1.108461618423461914e+00 6.752010822296142578e+00 0.000000000000000000e+00
1.087949752807617188e+01 1.332675266265869141e+01 0.000000000000000000e+00
1.005916500091552734e+01 -6.128952026367187500e+00 0.000000000000000000e+00
5.603310108184814453e+00 2.712277173995971680e+00 0.000000000000000000e+00
1.906891942024230957e+00 -1.271256256103515625e+01 0.000000000000000000e+00
2.164970636367797852e+00 9.043447971343994141e-01 0.000000000000000000e+00
6.359636306762695312e+00 -1.508570480346679688e+01 0.000000000000000000e+00
5.982810974121093750e+00 -2.601626157760620117e+00 0.000000000000000000e+00
-3.788234233856201172e+00 -1.680738449096679688e+01 0.000000000000000000e+00
1.003434467315673828e+01 2.030615568161010742e+00 0.000000000000000000e+00
-1.471567916870117188e+01 8.939682960510253906e+00 0.000000000000000000e+00
-1.432768440246582031e+01 -4.497456550598144531e+00 0.000000000000000000e+00
-3.879678964614868164e+00 -6.818167209625244141e+00 0.000000000000000000e+00
1.369157218933105469e+01 -1.015524005889892578e+01 0.000000000000000000e+00
5.476629257202148438e+00 1.589882755279541016e+01 0.000000000000000000e+00
1.498001766204833984e+01 7.149549007415771484e+00 0.000000000000000000e+00
8.995686173439025879e-01 -1.731169509887695312e+01 0.000000000000000000e+00
5.224248886108398438e+00 1.181592464447021484e+01 0.000000000000000000e+00
-1.210068225860595703e+01 -8.447427749633789062e+00 0.000000000000000000e+00
2.313785076141357422e+00 -1.080029964447021484e+01 0.000000000000000000e+00
-1.694517898559570312e+01 2.003902196884155273e+00 0.000000000000000000e+00
6.766140460968017578e+00 -7.266930103302001953e+00 0.000000000000000000e+00
-4.419604301452636719e+00 3.688483953475952148e+00 0.000000000000000000e+00
-1.193651580810546875e+01 5.128509521484375000e+00 0.000000000000000000e+00
9.824280738830566406e+00 1.446086025238037109e+01 0.000000000000000000e+00
-2.095235347747802734e+00 1.692678451538085938e+00 0.000000000000000000e+00
-3.927628099918365479e-01 -2.363120555877685547e+00 0.000000000000000000e+00
8.394346237182617188e+00 1.868695259094238281e+00 0.000000000000000000e+00
-3.960749149322509766e+00 1.520078563690185547e+01 0.000000000000000000e+00
-1.204158210754394531e+01 1.265276432037353516e+01 0.000000000000000000e+00
-6.868990421295166016e+00 1.427896380424499512e+00 0.000000000000000000e+00
-4.668197631835937500e+00 -1.371404647827148438e+01 0.000000000000000000e+00
-3.359154760837554932e-01 1.578824615478515625e+01 0.000000000000000000e+00
1.184440612792968750e+01 2.681487560272216797e+00 0.000000000000000000e+00
1.266872215270996094e+01 -8.969828605651855469e+00 0.000000000000000000e+00
-1.154431343078613281e+00 -1.090169715881347656e+01 0.000000000000000000e+00
