-5.037282466888427734e+00 -2.043087482452392578e+00 0.000000000000000000e+00
8.377610445022583008e-01 1.568920993804931641e+01 0.000000000000000000e+00
-6.850530147552490234e+00 3.075934410095214844e+00 0.000000000000000000e+00
-9.470339775085449219e+00 2.172676801681518555e+00 0.000000000000000000e+00
1.992478489875793457e+00 -9.046389579772949219e+00 0.000000000000000000e+00
5.749914169311523438e+00 -1.410131454467773438e+01 0.000000000000000000e+00
9.465885162353515625e+00 2.995037555694580078e+00 0.000000000000000000e+00
-1.090518188476562500e+01 -3.746321916580200195e+00 0.000000000000000000e+00
4.712750911712646484e+00 -8.812655448913574219e+00 0.000000000000000000e+00
-8.773649215698242188e+00 6.588373661041259766e+00 0.000000000000000000e+00
-2.965942621231079102e+00 6.559965014457702637e-01 0.000000000000000000e+00
-4.895889282226562500e+00 -8.297388076782226562e+00 0.000000000000000000e+00
6.650387763977050781e+00 -1.275527381896972656e+01 0.000000000000000000e+00
1.004744815826416016e+01 -3.262524127960205078e+00 0.000000000000000000e+00
-1.832550287246704102e+00 -1.199332237243652344e+01 0.000000000000000000e+00
-2.332109957933425903e-01 -4.453733444213867188e+00 0.000000000000000000e+00
-8.537414550781250000e+00 1.215414905548095703e+01 0.000000000000000000e+00
1.586645889282226562e+01 2.117101907730102539e+00 0.000000000000000000e+00
1.194465160369873047e+01 6.506371021270751953e+00 0.000000000000000000e+00
1.554203480482101440e-01 -9.313216209411621094e+00 0.000000000000000000e+00
-5.969388961791992188e+00 -6.503804206848144531e+00 0.000000000000000000e+00
5.733114719390869141e+00 1.179419398307800293e+00 0.000000000000000000e+00
-1.222715759277343750e+01 7.737162590026855469e+00 0.000000000000000000e+00
-1.200565910339355469e+01 2.168068885803222656e+00 0.000000000000000000e+00
-3.820864439010620117e+00 8.492039680480957031e+00 0.000000000000000000e+00
-1.430963325500488281e+01 -8.760087013244628906e+00 0.000000000000000000e+00
1.185401821136474609e+01 -1.065203475952148438e+01 0.000000000000000000e+00
-9.332532882690429688e+00 -2.843126535415649414e+00 0.000000000000000000e+00
-1.726044654846191406e+01 -2.570042848587036133e+00 0.000000000000000000e+00
-1.925596475601196289e+00 1.123880577087402344e+01 0.000000000000000000e+00
7.859961986541748047e+00 1.292623043060302734e+01 0.000000000000000000e+00
-1.850505709648132324e+00 1.718532943725585938e+01 0.000000000000000000e+00
9.347508430480957031e+00 -9.804971694946289062e+00 0.000000000000000000e+00
-8.039818763732910156e+00 -1.171278762817382812e+01 0.000000000000000000e+00
-8.680840492248535156e+00 1.039236354827880859e+01 0.000000000000000000e+00
1.500176811218261719e+01 -4.933754920959472656e+00 0.000000000000000000e+00
-2.741827487945556641e+00 -8.590757369995117188e+00 0.000000000000000000e+00
1.015427112579345703e+01 -8.313372611999511719e+00 0.000000000000000000e+00
4.072161197662353516e+00 -2.643313884735107422e+00 0.000000000000000000e+00
-2.295985221862792969e+00 -3.109246015548706055e+00 0.000000000000000000e+00
-8.569599986076354980e-01 8.339167594909667969e+00 0.000000000000000000e+00
5.556952476501464844e+00 1.466705799102783203e+01 0.000000000000000000e+00
-6.056391716003417969e+00 -1.366956901550292969e+01 0.000000000000000000e+00
4.069404125213623047e+00 1.381476116180419922e+01 0.000000000000000000e+00
1.090757274627685547e+01 1.291400623321533203e+01 0.000000000000000000e+00
-1.468759059906005859e+01 2.896140575408935547e+00 0.000000000000000000e+00
-3.093796491622924805e+00 4.933414459228515625e+00 0.000000000000000000e+00
-1.739444351196289062e+01 -4.667918980121612549e-01 0.000000000000000000e+00
-3.785714626312255859e+00 3.369635581970214844e+00 0.000000000000000000e+00
1.385270714759826660e+00 -4.853962421417236328e+00 0.000000000000000000e+00
-9.826719284057617188e+00 -1.232395172119140625e+01 0.000000000000000000e+00
9.572716712951660156e+00 1.491063833236694336e+00 0.000000000000000000e+00
-1.306766796112060547e+01 -6.515914916992187500e+00 0.000000000000000000e+00
1.323297405242919922e+01 -4.951284885406494141e+00 0.000000000000000000e+00
-6.577344894409179688e+00 1.145965862274169922e+01 0.000000000000000000e+00
-7.084949970245361328e+00 -4.526530742645263672e+00 0.000000000000000000e+00
-6.551126956939697266e+00 1.324524211883544922e+01 0.000000000000000000e+00
2.396330237388610840e-01 2.075596809387207031e+00 0.000000000000000000e+00
-9.288599014282226562e+00 -4.392867565155029297e+00 0.000000000000000000e+00
-4.019678592681884766e+00 1.645847892761230469e+01 0.000000000000000000e+00
8.732269287109375000e+00 -4.714617252349853516e+00 0.000000000000000000e+00
-7.829082489013671875e+00 7.541520595550537109e-01 0.000000000000000000e+00
-8.060326576232910156e+00 -7.596711635589599609e+00 0.000000000000000000e+00
1.318758296966552734e+01 3.654684782028198242e+00 0.000000000000000000e+00
3.644423484802246094e+00 9.451401710510253906e+00 0.000000000000000000e+00
-5.203312397003173828e+00 1.136731624603271484e+00 0.000000000000000000e+00
1.163309574127197266e+01 -9.018300056457519531e+00 0.000000000000000000e+00
6.809782028198242188e+00 -2.594183683395385742e+00 0.000000000000000000e+00
8.304145812988281250e+00 7.102303981781005859e+00 0.000000000000000000e+00
2.957956552505493164e+00 4.467908859252929688e+00 0.000000000000000000e+00
3.193635702133178711e+00 -1.500839996337890625e+01 0.000000000000000000e+00
-1.869264721870422363e+00 -1.367791652679443359e+01 0.000000000000000000e+00
-1.139441394805908203e+01 -1.229451560974121094e+01 0.000000000000000000e+00
8.831339836120605469e+00 -1.208702373504638672e+01 0.000000000000000000e+00
2.439414978027343750e+00 -1.370538616180419922e+01 0.000000000000000000e+00
-1.643680381774902344e+01 3.548164844512939453e+00 0.000000000000000000e+00
1.394833183288574219e+01 -8.259206771850585938e+00 0.000000000000000000e+00
-1.363051986694335938e+01 4.576074600219726562e+00 0.000000000000000000e+00
1.056499385833740234e+01 -6.718479156494140625e+00 0.000000000000000000e+00
7.779109001159667969e+00 9.363440871238708496e-01 0.000000000000000000e+00
-3.482919454574584961e+00 1.110836124420166016e+01 0.000000000000000000e+00
-5.119157314300537109e+00 1.408838272094726562e+01 0.000000000000000000e+00
-1.247155857086181641e+01 5.925708770751953125e+00 0.000000000000000000e+00
7.763839721679687500e+00 8.740026473999023438e+00 0.000000000000000000e+00
-1.381609559059143066e+00 -5.726663589477539062e+00 0.000000000000000000e+00
-6.154284000396728516e+00 -1.129229640960693359e+01 0.000000000000000000e+00
-1.349600982666015625e+01 -1.382364988327026367e+00 0.000000000000000000e+00
-2.625151157379150391e+00 -1.691434669494628906e+01 0.000000000000000000e+00
5.298545360565185547e+00 -7.253006935119628906e+00 0.000000000000000000e+00
-4.469198703765869141e+00 1.260028362274169922e+01 0.000000000000000000e+00
-1.402541255950927734e+01 -3.758494615554809570e+00 0.000000000000000000e+00
-1.495204830169677734e+01 -5.424273490905761719e+00 0.000000000000000000e+00
-1.121108627319335938e+01 8.948456764221191406e+00 0.000000000000000000e+00
8.140751123428344727e-01 -6.871833801269531250e+00 0.000000000000000000e+00
-4.823689460754394531e-01 -2.902700424194335938e+00 0.000000000000000000e+00
1.325056433677673340e+00 7.062142372131347656e+00 0.000000000000000000e+00
-4.760042667388916016e+00 -4.823618888854980469e+00 0.000000000000000000e+00
-7.433527469635009766e+00 8.690781593322753906e+00 0.000000000000000000e+00
-2.138417959213256836e+00 1.343248558044433594e+01 0.000000000000000000e+00
-1.448049306869506836e+00 2.006846904754638672e+00 0.000000000000000000e+00
1.659012413024902344e+01 -3.716969251632690430e+00 0.000000000000000000e+00
2.893137216567993164e+00 1.081035137176513672e+01 0.000000000000000000e+00
1.405191135406494141e+01 1.254191398620605469e-01 0.000000000000000000e+00
-9.742738723754882812e+00 -1.052923583984375000e+01 0.000000000000000000e+00
-1.356516265869140625e+01 -1.082576274871826172e+01 0.000000000000000000e+00
3.995076656341552734e+00 -5.712658882141113281e+00 0.000000000000000000e+00
2.753598451614379883e+00 2.717180252075195312e+00 0.000000000000000000e+00
-3.477531433105468750e+00 -1.027057456970214844e+01 0.000000000000000000e+00
1.619901418685913086e+00 -3.332368612289428711e+00 0.000000000000000000e+00
-1.457060146331787109e+01 7.555710315704345703e+00 0.000000000000000000e+00
8.400755524635314941e-01 5.184322834014892578e+00 0.000000000000000000e+00
-3.557097434997558594e+00 -6.081464767456054688e+00 0.000000000000000000e+00
-1.312742519378662109e+01 1.079563045501708984e+01 0.000000000000000000e+00
-6.458259105682373047e+00 6.081809043884277344e+00 0.000000000000000000e+00
4.954223632812500000e+00 1.178693485260009766e+01 0.000000000000000000e+00
-1.117461204528808594e+01 -7.046834468841552734e+00 0.000000000000000000e+00
1.164717674255371094e+01 -2.695539221167564392e-02 0.000000000000000000e+00
1.208888816833496094e+01 1.018218421936035156e+01 0.000000000000000000e+00
6.416445255279541016e+00 -5.967981815338134766e+00 0.000000000000000000e+00
7.319955825805664062e+00 2.474317073822021484e+00 0.000000000000000000e+00
9.535891532897949219e+00 -1.438019871711730957e+00 0.000000000000000000e+00
9.195141792297363281e+00 1.157926177978515625e+01 0.000000000000000000e+00
1.474237537384033203e+01 4.624855995178222656e+00 0.000000000000000000e+00
7.072989940643310547e+00 -7.646138191223144531e+00 0.000000000000000000e+00
-3.351090848445892334e-01 -1.413861465454101562e+01 0.000000000000000000e+00
2.015418767929077148e+00 9.187043190002441406e+00 0.000000000000000000e+00
-1.295375943183898926e+00 6.826909542083740234e+00 0.000000000000000000e+00
-8.113729476928710938e+00 -1.020573043823242188e+01 0.000000000000000000e+00
4.802158474922180176e-01 1.252726554870605469e+01 0.000000000000000000e+00
-1.509461021423339844e+01 -8.893001675605773926e-01 0.000000000000000000e+00
-1.198375105857849121e+00 3.498105406761169434e-01 0.000000000000000000e+00
-7.879611492156982422e+00 -8.299070000648498535e-01 0.000000000000000000e+00
1.018237304687500000e+01 1.042034626007080078e+01 0.000000000000000000e+00
-1.201044178009033203e+01 -9.881104826927185059e-01 0.000000000000000000e+00
1.328303527832031250e+01 -6.838269233703613281e+00 0.000000000000000000e+00
-7.323140144348144531e+00 -2.271741867065429688e+00 0.000000000000000000e+00
8.213504552841186523e-01 -2.991694509983062744e-01 0.000000000000000000e+00
-4.890235424041748047e+00 9.547191619873046875e+00 0.000000000000000000e+00
1.514249134063720703e+01 7.311953067779541016e+00 0.000000000000000000e+00
4.684890270233154297e+00 6.543557643890380859e+00 0.000000000000000000e+00
-8.263006210327148438e+00 -1.337695598602294922e+01 0.000000000000000000e+00
-1.603334045410156250e+01 6.639104366302490234e+00 0.000000000000000000e+00
4.883865356445312500e+00 -1.173624515533447266e+01 0.000000000000000000e+00
-1.312061691284179688e+01 4.907744228839874268e-01 0.000000000000000000e+00
1.113446140289306641e+01 1.840922236442565918e+00 0.000000000000000000e+00
-1.619191169738769531e+01 9.631610512733459473e-01 0.000000000000000000e+00
1.058922767639160156e+01 4.736310005187988281e+00 0.000000000000000000e+00
1.315083146095275879e+00 -1.490539455413818359e+01 0.000000000000000000e+00
1.579269886016845703e+00 -1.702371978759765625e+01 0.000000000000000000e+00
7.293168067932128906e+00 -1.105177688598632812e+01 0.000000000000000000e+00
-1.180954456329345703e+01 1.202127933502197266e+01 0.000000000000000000e+00
2.390779018402099609e+00 1.303146171569824219e+01 0.000000000000000000e+00
-9.967858314514160156e+00 -1.326756238937377930e+00 0.000000000000000000e+00
-2.930482387542724609e+00 1.513115882873535156e+01 0.000000000000000000e+00
1.378623294830322266e+01 8.538174629211425781e+00 0.000000000000000000e+00
5.509067535400390625e+00 1.631076622009277344e+01 0.000000000000000000e+00
2.187696933746337891e+00 -1.073915290832519531e+01 0.000000000000000000e+00
-8.682960510253906250e+00 4.134766578674316406e+00 0.000000000000000000e+00
5.195042133331298828e+00 2.883652210235595703e+00 0.000000000000000000e+00
-4.421566009521484375e+00 -1.682361793518066406e+01 0.000000000000000000e+00
-1.155703067779541016e+01 4.931843578815460205e-01 0.000000000000000000e+00
1.728462028503417969e+01 -2.323689460754394531e+00 0.000000000000000000e+00
1.684458923339843750e+01 5.084933638572692871e-01 0.000000000000000000e+00
-1.677975273132324219e+01 -4.120338439941406250e+00 0.000000000000000000e+00
4.368645668029785156e+00 -1.659239006042480469e+01 0.000000000000000000e+00
-5.836132526397705078e+00 1.608828544616699219e+01 0.000000000000000000e+00
7.448620319366455078e+00 -1.226799964904785156e+00 0.000000000000000000e+00
-1.083692073822021484e+01 -5.258373260498046875e+00 0.000000000000000000e+00
1.629855537414550781e+01 -1.103322744369506836e+00 0.000000000000000000e+00
1.044538879394531250e+01 -4.930987358093261719e+00 0.000000000000000000e+00
-1.044834136962890625e+01 -9.101159095764160156e+00 0.000000000000000000e+00
1.069267368316650391e+01 -1.330594158172607422e+01 0.000000000000000000e+00
-8.620393276214599609e-01 -7.729464054107666016e+00 0.000000000000000000e+00
4.277789592742919922e+00 -5.604732036590576172e-02 0.000000000000000000e+00
1.304966068267822266e+01 1.892668724060058594e+00 0.000000000000000000e+00
1.281835079193115234e+01 -1.783130168914794922e+00 0.000000000000000000e+00
6.653645992279052734e+00 1.073431301116943359e+01 0.000000000000000000e+00
-9.437330245971679688e+00 -6.575874805450439453e+00 0.000000000000000000e+00
8.407446861267089844e+00 -6.437206268310546875e+00 0.000000000000000000e+00
5.987466335296630859e+00 -9.646107673645019531e+00 0.000000000000000000e+00
-1.242879581451416016e+01 -8.583563804626464844e+00 0.000000000000000000e+00
-1.021826934814453125e+01 1.103165531158447266e+01 0.000000000000000000e+00
3.420165777206420898e+00 7.419428825378417969e+00 0.000000000000000000e+00
5.387024402618408203e+00 4.751770973205566406e+00 0.000000000000000000e+00
-1.393707752227783203e+01 9.175030708312988281e+00 0.000000000000000000e+00
-6.783370494842529297e+00 -8.839752197265625000e+00 0.000000000000000000e+00
1.663825416564941406e+01 5.333765029907226562e+00 0.000000000000000000e+00
1.255042457580566406e+01 -3.319516420364379883e+00 0.000000000000000000e+00
-3.090878725051879883e-01 -1.089415550231933594e+01 0.000000000000000000e+00
2.798761613667011261e-02 -1.621828460693359375e+01 0.000000000000000000e+00
-8.488249778747558594e+00 1.445129394531250000e+01 0.000000000000000000e+00
7.808619022369384766e+00 -1.556522178649902344e+01 0.000000000000000000e+00
3.447735786437988281e+00 -4.277143001556396484e+00 0.000000000000000000e+00
-1.224403953552246094e+01 -4.621635913848876953e+00 0.000000000000000000e+00
7.356702804565429688e+00 5.774269104003906250e+00 0.000000000000000000e+00
7.771503448486328125e+00 -9.557698249816894531e+00 0.000000000000000000e+00
-1.917312741279602051e+00 -1.018654155731201172e+01 0.000000000000000000e+00
8.498776435852050781e+00 -1.410008525848388672e+01 0.000000000000000000e+00
5.643322944641113281e+00 -4.337442398071289062e+00 0.000000000000000000e+00
-3.934267759323120117e+00 -1.256307601928710938e+01 0.000000000000000000e+00
-6.415237903594970703e+00 -1.546990108489990234e+01 0.000000000000000000e+00
-3.877384662628173828e+00 -3.527207851409912109e+00 0.000000000000000000e+00
-1.180893230438232422e+01 -1.021515369415283203e+01 0.000000000000000000e+00
2.665529251098632812e+00 1.450629711151123047e+01 0.000000000000000000e+00
5.450401306152343750e+00 9.758339881896972656e+00 0.000000000000000000e+00
-5.437403202056884766e+00 -3.488149046897888184e-01 0.000000000000000000e+00
-1.059973335266113281e+01 6.366370201110839844e+00 0.000000000000000000e+00
2.016481399536132812e+00 9.482169151306152344e-01 0.000000000000000000e+00
1.703078627586364746e+00 1.739825630187988281e+01 0.000000000000000000e+00
1.365980148315429688e+01 6.213052749633789062e+00 0.000000000000000000e+00
5.419146060943603516e+00 8.153145790100097656e+00 0.000000000000000000e+00
-1.029104995727539062e+01 1.280059051513671875e+01 0.000000000000000000e+00
1.438778305053710938e+01 -1.804475426673889160e+00 0.000000000000000000e+00
2.552664279937744141e+00 -6.768683910369873047e+00 0.000000000000000000e+00
-6.734462976455688477e-01 -1.372983217239379883e+00 0.000000000000000000e+00
1.387303447723388672e+01 -9.907352447509765625e+00 0.000000000000000000e+00
-1.489122390747070312e+01 -7.339959144592285156e+00 0.000000000000000000e+00
1.383835792541503906e+01 1.070415973663330078e+01 0.000000000000000000e+00
1.001817226409912109e+00 3.572840929031372070e+00 0.000000000000000000e+00
8.139389991760253906e+00 1.025796413421630859e+01 0.000000000000000000e+00
1.249091720581054688e+01 -1.206700038909912109e+01 0.000000000000000000e+00
-2.751041650772094727e+00 -1.229622364044189453e+00 0.000000000000000000e+00
-5.705182552337646484e+00 8.133681297302246094e+00 0.000000000000000000e+00
6.690477132797241211e-01 -1.293509197235107422e+01 0.000000000000000000e+00
9.030829429626464844e+00 1.404934978485107422e+01 0.000000000000000000e+00
3.689727067947387695e+00 1.616201972961425781e+01 0.000000000000000000e+00
-5.538662910461425781e+00 4.832886695861816406e+00 0.000000000000000000e+00
-5.695227384567260742e-01 4.509563922882080078e+00 0.000000000000000000e+00
-4.532585144042968750e+00 -1.443811607360839844e+01 0.000000000000000000e+00
-4.226548194885253906e+00 6.510743618011474609e+00 0.000000000000000000e+00
7.355538845062255859e+00 1.533495903015136719e+01 0.000000000000000000e+00
-9.056970596313476562e+00 8.416948318481445312e+00 0.000000000000000000e+00
-1.424909973144531250e+01 6.027909278869628906e+00 0.000000000000000000e+00
-1.503535270690917969e+00 1.569265079498291016e+01 0.000000000000000000e+00
3.949313759803771973e-01 9.866513252258300781e+00 0.000000000000000000e+00
-2.622208595275878906e+00 -4.797008991241455078e+00 0.000000000000000000e+00
-9.342264175415039062e+00 2.620568275451660156e-01 0.000000000000000000e+00
6.249472618103027344e+00 1.265776157379150391e+01 0.000000000000000000e+00
-3.059350728988647461e+00 -1.475735092163085938e+01 0.000000000000000000e+00
1.600013732910156250e+01 -6.744096755981445312e+00 0.000000000000000000e+00
-1.560609245300292969e+01 -3.053788423538208008e+00 0.000000000000000000e+00
6.779498100280761719e+00 7.307567596435546875e+00 0.000000000000000000e+00
8.957917213439941406e+00 4.421748638153076172e+00 0.000000000000000000e+00
-1.162039852142333984e+01 4.302622318267822266e+00 0.000000000000000000e+00
1.175975894927978516e+01 8.102086067199707031e+00 0.000000000000000000e+00
1.286751270294189453e+01 1.185608863830566406e+01 0.000000000000000000e+00
9.327363967895507812e+00 8.489091873168945312e+00 0.000000000000000000e+00
5.976203441619873047e+00 -1.572598457336425781e+01 0.000000000000000000e+00
-1.251851654052734375e+01 -2.689826011657714844e+00 0.000000000000000000e+00
7.277235031127929688e+00 -4.117174625396728516e+00 0.000000000000000000e+00
9.702303886413574219e+00 6.288314342498779297e+00 0.000000000000000000e+00
-8.438797950744628906e+00 -1.528560829162597656e+01 0.000000000000000000e+00
1.633904457092285156e+01 3.832910776138305664e+00 0.000000000000000000e+00
2.236764319241046906e-02 1.716545295715332031e+01 0.000000000000000000e+00
-2.152117013931274414e+00 9.695657730102539062e+00 0.000000000000000000e+00
-5.082499504089355469e+00 -9.831295013427734375e+00 0.000000000000000000e+00
