6.946643352508544922e+00 3.167313575744628906e+00 0.000000000000000000e+00
9.357088088989257812e+00 4.106653213500976562e+00 0.000000000000000000e+00
-7.106155395507812500e+00 -4.655520439147949219e+00 0.000000000000000000e+00
-1.166871643066406250e+01 -7.617332339286804199e-01 0.000000000000000000e+00
8.661085128784179688e+00 9.513904571533203125e+00 0.000000000000000000e+00
4.849370479583740234e+00 -1.606462669372558594e+01 0.000000000000000000e+00
-9.980770111083984375e+00 5.885090827941894531e+00 0.000000000000000000e+00
-3.209510326385498047e+00 -9.507102012634277344e+00 0.000000000000000000e+00
-8.036660194396972656e+00 6.247163414955139160e-01 0.000000000000000000e+00
-4.008192062377929688e+00 7.007320225238800049e-02 0.000000000000000000e+00
1.705176734924316406e+01 -7.439917922019958496e-01 0.000000000000000000e+00
1.447957706451416016e+01 7.444361686706542969e+00 0.000000000000000000e+00
1.113708615303039551e+00 8.874274253845214844e+00 0.000000000000000000e+00
4.231732189655303955e-01 5.022219181060791016e+00 0.000000000000000000e+00
1.408542633056640625e+01 -6.808404445648193359e+00 0.000000000000000000e+00
1.120039939880371094e+01 -1.206363964080810547e+01 0.000000000000000000e+00
4.114360332489013672e+00 -6.813403129577636719e+00 0.000000000000000000e+00
-1.330277442932128906e+01 7.825622558593750000e+00 0.000000000000000000e+00
5.606320858001708984e+00 9.080649375915527344e+00 0.000000000000000000e+00
1.030174922943115234e+01 1.131240463256835938e+01 0.000000000000000000e+00
6.524045467376708984e+00 5.802174568176269531e+00 0.000000000000000000e+00
-3.093035459518432617e+00 1.412401103973388672e+01 0.000000000000000000e+00
2.890401840209960938e+00 4.333471953868865967e-01 0.000000000000000000e+00
-2.274606704711914062e+00 -3.313154458999633789e+00 0.000000000000000000e+00
-9.619375228881835938e+00 -1.036682963371276855e+00 0.000000000000000000e+00
5.952972888946533203e+00 1.410926818847656250e+01 0.000000000000000000e+00
7.550686001777648926e-01 1.553868389129638672e+01 0.000000000000000000e+00
5.512015342712402344e+00 -1.069995284080505371e+00 0.000000000000000000e+00
3.560995817184448242e+00 5.557600498199462891e+00 0.000000000000000000e+00
-1.418147850036621094e+01 3.467283725738525391e+00 0.000000000000000000e+00
9.179188728332519531e+00 -9.563014984130859375e+00 0.000000000000000000e+00
-3.829671382904052734e+00 -7.632251739501953125e+00 0.000000000000000000e+00
-8.547815084457397461e-01 -1.735514044761657715e+00 0.000000000000000000e+00
3.574067115783691406e+00 -1.753504872322082520e+00 0.000000000000000000e+00
-4.685561060905456543e-01 9.652631759643554688e+00 0.000000000000000000e+00
-6.120223045349121094e+00 -2.570778369903564453e+00 0.000000000000000000e+00
-6.460476517677307129e-01 6.502158641815185547e+00 0.000000000000000000e+00
8.759238243103027344e+00 1.353226661682128906e+01 0.000000000000000000e+00
1.362044811248779297e+01 7.993492484092712402e-01 0.000000000000000000e+00
5.099287509918212891e+00 1.090312480926513672e+01 0.000000000000000000e+00
-5.084671497344970703e+00 1.302343273162841797e+01 0.000000000000000000e+00
-1.355490684509277344e+01 1.011411094665527344e+01 0.000000000000000000e+00
-4.817954063415527344e+00 5.545179367065429688e+00 0.000000000000000000e+00
-1.122555637359619141e+01 1.159962463378906250e+01 0.000000000000000000e+00
2.024913072586059570e+00 -1.162044525146484375e+01 0.000000000000000000e+00
-5.654308795928955078e+00 -1.249470615386962891e+01 0.000000000000000000e+00
1.333758544921875000e+01 8.718716621398925781e+00 0.000000000000000000e+00
1.100021362304687500e+00 1.317802429199218750e+01 0.000000000000000000e+00
-7.880962848663330078e+00 1.485032272338867188e+01 0.000000000000000000e+00
5.511280536651611328e+00 -2.655535936355590820e+00 0.000000000000000000e+00
1.381888675689697266e+01 -1.128996253013610840e+00 0.000000000000000000e+00
9.885429739952087402e-01 -1.454606914520263672e+01 0.000000000000000000e+00
-7.136916637420654297e+00 -1.499712753295898438e+01 0.000000000000000000e+00
-9.998905181884765625e+00 4.240402698516845703e+00 0.000000000000000000e+00
7.483814716339111328e+00 2.124995291233062744e-01 0.000000000000000000e+00
-1.730144500732421875e+00 4.016470432281494141e+00 0.000000000000000000e+00
8.910277366638183594e+00 -1.266498184204101562e+01 0.000000000000000000e+00
5.112125873565673828e+00 -1.010467147827148438e+01 0.000000000000000000e+00
-9.637363433837890625e+00 1.255024147033691406e+01 0.000000000000000000e+00
-8.498633384704589844e+00 6.599911689758300781e+00 0.000000000000000000e+00
1.294179058074951172e+01 -8.027375221252441406e+00 0.000000000000000000e+00
7.921319961547851562e+00 1.968092679977416992e+00 0.000000000000000000e+00
6.864119172096252441e-01 -5.333227634429931641e+00 0.000000000000000000e+00
1.345123291015625000e+01 -1.047325038909912109e+01 0.000000000000000000e+00
-4.399841308593750000e+00 7.721385955810546875e+00 0.000000000000000000e+00
-1.573703956604003906e+01 -1.170847654342651367e+00 0.000000000000000000e+00
9.961016654968261719e+00 8.694163322448730469e+00 0.000000000000000000e+00
3.479894399642944336e+00 8.930117607116699219e+00 0.000000000000000000e+00
1.527760314941406250e+01 3.569101572036743164e+00 0.000000000000000000e+00
-3.655009746551513672e+00 1.000449562072753906e+01 0.000000000000000000e+00
8.470901489257812500e+00 7.438239097595214844e+00 0.000000000000000000e+00
-4.658998966217041016e+00 -1.076809692382812500e+01 0.000000000000000000e+00
-5.142317295074462891e+00 3.538225173950195312e+00 0.000000000000000000e+00
5.312805175781250000e+00 4.796976566314697266e+00 0.000000000000000000e+00
3.729131221771240234e+00 -5.026433944702148438e+00 0.000000000000000000e+00
-5.120968818664550781e+00 -6.725036621093750000e+00 0.000000000000000000e+00
1.069103622436523438e+01 -1.916219472885131836e+00 0.000000000000000000e+00
-1.438054466247558594e+01 -7.142995834350585938e+00 0.000000000000000000e+00
-6.121771931648254395e-01 -1.567547416687011719e+01 0.000000000000000000e+00
-6.712642669677734375e+00 -9.191303253173828125e-01 0.000000000000000000e+00
-9.367898941040039062e+00 -2.830126523971557617e+00 0.000000000000000000e+00
8.046563148498535156e+00 -1.615807652473449707e+00 0.000000000000000000e+00
-7.636391639709472656e+00 4.514869689941406250e+00 0.000000000000000000e+00
-3.901744604110717773e+00 -1.287301826477050781e+01 0.000000000000000000e+00
3.156034350395202637e-01 -6.822636604309082031e+00 0.000000000000000000e+00
-7.648125171661376953e+00 -6.657354831695556641e+00 0.000000000000000000e+00
-6.560455799102783203e+00 1.580791473388671875e+01 0.000000000000000000e+00
1.041652011871337891e+01 -5.588125228881835938e+00 0.000000000000000000e+00
-1.134255313873291016e+01 -6.243388652801513672e+00 0.000000000000000000e+00
7.729809284210205078e+00 -3.652956962585449219e+00 0.000000000000000000e+00
-4.174265384674072266e+00 -3.921764612197875977e+00 0.000000000000000000e+00
-8.604634284973144531e+00 9.060830116271972656e+00 0.000000000000000000e+00
-1.850757956504821777e+00 7.461971282958984375e+00 0.000000000000000000e+00
-1.342372131347656250e+01 1.851927161216735840e+00 0.000000000000000000e+00
7.094860553741455078e+00 -5.696389675140380859e+00 0.000000000000000000e+00
1.250936508178710938e+01 6.498005390167236328e+00 0.000000000000000000e+00
-2.699483394622802734e+00 1.245208549499511719e+01 0.000000000000000000e+00
-1.153923320770263672e+01 8.125033378601074219e+00 0.000000000000000000e+00
-9.296814918518066406e+00 -5.587488174438476562e+00 0.000000000000000000e+00
3.775850534439086914e+00 1.437437915802001953e+01 0.000000000000000000e+00
-1.312660813331604004e+00 -5.449835300445556641e+00 0.000000000000000000e+00
-1.219254684448242188e+01 -2.432410478591918945e+00 0.000000000000000000e+00
-1.482384395599365234e+01 7.058875560760498047e+00 0.000000000000000000e+00
-6.078964233398437500e+00 -9.923982620239257812e+00 0.000000000000000000e+00
-7.263225555419921875e+00 -8.882162094116210938e+00 0.000000000000000000e+00
5.975537300109863281e+00 1.604520988464355469e+01 0.000000000000000000e+00
1.688793373107910156e+01 -3.242813587188720703e+00 0.000000000000000000e+00
3.532878398895263672e+00 2.282868623733520508e+00 0.000000000000000000e+00
1.210024070739746094e+01 6.446499824523925781e-01 0.000000000000000000e+00
-3.273909807205200195e+00 -1.691860580444335938e+01 0.000000000000000000e+00
6.972808361053466797e+00 -7.388128757476806641e+00 0.000000000000000000e+00
1.031814479827880859e+01 6.571994781494140625e+00 0.000000000000000000e+00
5.504321575164794922e+00 2.649722099304199219e+00 0.000000000000000000e+00
1.306244945526123047e+01 1.132495021820068359e+01 0.000000000000000000e+00
-1.239374160766601562e+01 5.612065196037292480e-01 0.000000000000000000e+00
-6.115371704101562500e+00 9.798637390136718750e+00 0.000000000000000000e+00
-1.173843479156494141e+01 -4.110307216644287109e+00 0.000000000000000000e+00
-3.127110481262207031e+00 5.446416854858398438e+00 0.000000000000000000e+00
-1.817746758460998535e+00 1.521562004089355469e+01 0.000000000000000000e+00
-1.054016494750976562e+01 2.377788543701171875e+00 0.000000000000000000e+00
8.708247184753417969e+00 -5.278309822082519531e+00 0.000000000000000000e+00
-8.932802200317382812e+00 -1.462391185760498047e+01 0.000000000000000000e+00
-1.459382057189941406e+01 8.757816314697265625e+00 0.000000000000000000e+00
9.636221528053283691e-01 6.812224388122558594e-01 0.000000000000000000e+00
-3.813828945159912109e+00 -5.743689060211181641e+00 0.000000000000000000e+00
2.939671277999877930e+00 1.155472087860107422e+01 0.000000000000000000e+00
2.381389737129211426e-01 -1.008437919616699219e+01 0.000000000000000000e+00
1.062120079994201660e+00 -3.031388044357299805e+00 0.000000000000000000e+00
-2.230458498001098633e+00 -7.359148025512695312e+00 0.000000000000000000e+00
-1.434365558624267578e+01 -8.968992233276367188e+00 0.000000000000000000e+00
1.006519412994384766e+01 -8.124164581298828125e+00 0.000000000000000000e+00
1.875467896461486816e+00 3.265568971633911133e+00 0.000000000000000000e+00
-1.004320716857910156e+01 1.023980045318603516e+01 0.000000000000000000e+00
2.226274728775024414e+00 -9.183165550231933594e+00 0.000000000000000000e+00
7.694402217864990234e+00 1.166110897064208984e+01 0.000000000000000000e+00
1.944582581520080566e+00 -1.417822837829589844e+00 0.000000000000000000e+00
1.097321891784667969e+01 -3.578867435455322266e+00 0.000000000000000000e+00
-2.812540531158447266e+00 1.260188698768615723e+00 0.000000000000000000e+00
1.338759803771972656e+01 -5.207891941070556641e+00 0.000000000000000000e+00
6.545214653015136719e+00 -9.050620079040527344e+00 0.000000000000000000e+00
4.072663784027099609e+00 -1.433370113372802734e+01 0.000000000000000000e+00
2.276383876800537109e+00 -6.096779823303222656e+00 0.000000000000000000e+00
-1.149350070953369141e+01 -1.083077144622802734e+01 0.000000000000000000e+00
-1.110139465332031250e+01 -8.761582374572753906e+00 0.000000000000000000e+00
-9.299524426460266113e-01 -1.111194705963134766e+01 0.000000000000000000e+00
6.928216457366943359e+00 7.842699050903320312e+00 0.000000000000000000e+00
5.401223182678222656e+00 -1.295251083374023438e+01 0.000000000000000000e+00
-8.006998062133789062e+00 -1.939492583274841309e+00 0.000000000000000000e+00
1.623363494873046875e+01 6.256557464599609375e+00 0.000000000000000000e+00
-7.113828659057617188e+00 2.684454202651977539e+00 0.000000000000000000e+00
3.618495941162109375e+00 -1.067749595642089844e+01 0.000000000000000000e+00
-1.358555793762207031e+01 -1.062135219573974609e+01 0.000000000000000000e+00
-6.079596877098083496e-01 1.399773216247558594e+01 0.000000000000000000e+00
1.012040138244628906e+01 1.467921972274780273e+00 0.000000000000000000e+00
1.064412146806716919e-01 2.815124034881591797e+00 0.000000000000000000e+00
-9.053423881530761719e+00 -1.144866085052490234e+01 0.000000000000000000e+00
1.541369819641113281e+01 -7.774074554443359375e+00 0.000000000000000000e+00
1.433376216888427734e+01 -3.925343513488769531e+00 0.000000000000000000e+00
8.667778968811035156e+00 -1.474086761474609375e+01 0.000000000000000000e+00
-1.697649955749511719e+01 3.325897455215454102e+00 0.000000000000000000e+00
1.528756999969482422e+01 -1.833231925964355469e+00 0.000000000000000000e+00
1.074142360687255859e+01 -3.562255799770355225e-01 0.000000000000000000e+00
-4.145858764648437500e+00 -1.487922668457031250e+01 0.000000000000000000e+00
-1.366200637817382812e+01 -3.937568962574005127e-01 0.000000000000000000e+00
-1.654007148742675781e+01 -2.658777713775634766e+00 0.000000000000000000e+00
7.021410942077636719e+00 -1.049314785003662109e+01 0.000000000000000000e+00
1.079733753204345703e+01 -1.363522815704345703e+01 0.000000000000000000e+00
-2.369589567184448242e+00 -1.562859821319580078e+01 0.000000000000000000e+00
-6.608981132507324219e+00 6.312208652496337891e+00 0.000000000000000000e+00
-1.390912342071533203e+01 5.736672878265380859e+00 0.000000000000000000e+00
-2.220308333635330200e-01 -8.308287620544433594e+00 0.000000000000000000e+00
-1.036355686187744141e+01 -1.257539176940917969e+01 0.000000000000000000e+00
7.272514343261718750e+00 -1.411858081817626953e+01 0.000000000000000000e+00
1.947489023208618164e+00 1.723604774475097656e+01 0.000000000000000000e+00
6.337911128997802734e+00 -1.537953948974609375e+01 0.000000000000000000e+00
-3.254321575164794922e+00 1.582873725891113281e+01 0.000000000000000000e+00
-1.499464702606201172e+01 -4.038408756256103516e+00 0.000000000000000000e+00
2.365017890930175781e+00 -1.545475864410400391e+01 0.000000000000000000e+00
1.214388084411621094e+01 4.136612892150878906e+00 0.000000000000000000e+00
-1.601582336425781250e+01 1.599702596664428711e+00 0.000000000000000000e+00
-1.049854946136474609e+01 1.391008758544921875e+01 0.000000000000000000e+00
-6.546348094940185547e+00 1.344178867340087891e+01 0.000000000000000000e+00
1.839904189109802246e+00 -1.724105262756347656e+01 0.000000000000000000e+00
-7.290452480316162109e+00 -1.103574466705322266e+01 0.000000000000000000e+00
-1.814052090048789978e-02 1.748281669616699219e+01 0.000000000000000000e+00
-6.582752466201782227e-01 -3.918997764587402344e+00 0.000000000000000000e+00
-1.288597226142883301e+00 -1.398414230346679688e+01 0.000000000000000000e+00
-1.872204393148422241e-01 1.164064598083496094e+01 0.000000000000000000e+00
8.134222984313964844e+00 1.516000652313232422e+01 0.000000000000000000e+00
-1.715192794799804688e+01 -2.962820529937744141e-01 0.000000000000000000e+00
3.871316194534301758e+00 7.059884071350097656e+00 0.000000000000000000e+00
1.732031059265136719e+01 2.103737115859985352e+00 0.000000000000000000e+00
-1.273847770690917969e+01 -8.651813507080078125e+00 0.000000000000000000e+00
-1.179033660888671875e+01 5.364860057830810547e+00 0.000000000000000000e+00
-5.037559032440185547e+00 -1.021862268447875977e+00 0.000000000000000000e+00
-6.996325492858886719e+00 8.184383392333984375e+00 0.000000000000000000e+00
-6.025095939636230469e+00 9.550435543060302734e-01 0.000000000000000000e+00
-4.486721992492675781e+00 1.474421119689941406e+01 0.000000000000000000e+00
1.137077903747558594e+01 9.670989036560058594e+00 0.000000000000000000e+00
1.104047489166259766e+01 1.338671016693115234e+01 0.000000000000000000e+00
1.525823354721069336e+00 6.831693172454833984e+00 0.000000000000000000e+00
1.239966297149658203e+01 -4.067596435546875000e+00 0.000000000000000000e+00
-6.905074596405029297e+00 1.193023681640625000e+01 0.000000000000000000e+00
1.265722560882568359e+01 2.278580188751220703e+00 0.000000000000000000e+00
3.837616920471191406e+00 -9.127897262573242188e+00 0.000000000000000000e+00
1.542381095886230469e+01 1.716311931610107422e+00 0.000000000000000000e+00
9.958687782287597656e+00 -1.094811058044433594e+01 0.000000000000000000e+00
1.105310726165771484e+01 -9.444373130798339844e+00 0.000000000000000000e+00
-1.303308582305908203e+01 1.163624095916748047e+01 0.000000000000000000e+00
8.815628051757812500e+00 -6.876096248626708984e+00 0.000000000000000000e+00
3.761230230331420898e+00 -1.258888053894042969e+01 0.000000000000000000e+00
5.060860157012939453e+00 1.276111507415771484e+01 0.000000000000000000e+00
2.284329652786254883e+00 -4.018402099609375000e+00 0.000000000000000000e+00
6.625274658203125000e+00 -1.205916309356689453e+01 0.000000000000000000e+00
-1.651234817504882812e+01 -5.720921993255615234e+00 0.000000000000000000e+00
-1.624039840698242188e+01 4.779042720794677734e+00 0.000000000000000000e+00
2.336124897003173828e+00 1.511945438385009766e+01 0.000000000000000000e+00
-9.918369293212890625e+00 7.561080455780029297e+00 0.000000000000000000e+00
4.207722187042236328e+00 1.657945060729980469e+01 0.000000000000000000e+00
1.288510322570800781e+00 1.041390132904052734e+01 0.000000000000000000e+00
-6.171365380287170410e-01 1.285927057266235352e+00 0.000000000000000000e+00
-6.977702617645263672e+00 -1.322718906402587891e+01 0.000000000000000000e+00
-4.470941424369812012e-01 -1.724439620971679688e+01 0.000000000000000000e+00
-9.642013549804687500e+00 7.290141582489013672e-01 0.000000000000000000e+00
-2.211551904678344727e+00 1.088590717315673828e+01 0.000000000000000000e+00
-4.304864406585693359e+00 1.173997497558593750e+01 0.000000000000000000e+00
5.127363681793212891e+00 -8.017093658447265625e+00 0.000000000000000000e+00
1.185258007049560547e+01 -6.928065776824951172e+00 0.000000000000000000e+00
-1.238281345367431641e+01 3.296167135238647461e+00 0.000000000000000000e+00
-1.274092316627502441e+00 -1.827998608350753784e-01 0.000000000000000000e+00
-1.467140197753906250e+01 -2.414086103439331055e+00 0.000000000000000000e+00
-5.039902210235595703e+00 -1.638283348083496094e+01 0.000000000000000000e+00
8.905232429504394531e+00 5.610519409179687500e+00 0.000000000000000000e+00
-1.316690540313720703e+01 -6.193706989288330078e+00 0.000000000000000000e+00
-8.858192443847656250e+00 -8.388555526733398438e+00 0.000000000000000000e+00
-3.462955951690673828e+00 3.949661254882812500e+00 0.000000000000000000e+00
-2.567703008651733398e+00 -9.518654346466064453e-01 0.000000000000000000e+00
-4.651337623596191406e+00 1.581214666366577148e+00 0.000000000000000000e+00
5.549163818359375000e+00 -4.584461212158203125e+00 0.000000000000000000e+00
-2.939895391464233398e+00 -1.170742893218994141e+01 0.000000000000000000e+00
7.262200713157653809e-01 -1.253822708129882812e+01 0.000000000000000000e+00
-1.745553255081176758e+00 2.455293893814086914e+00 0.000000000000000000e+00
-1.321714687347412109e+01 -3.659202098846435547e+00 0.000000000000000000e+00
1.408611202239990234e+01 5.310059070587158203e+00 0.000000000000000000e+00
1.510140323638916016e+01 3.401549160480499268e-02 0.000000000000000000e+00
1.538353633880615234e+01 -5.774127006530761719e+00 0.000000000000000000e+00
-5.745169639587402344e+00 -1.416835117340087891e+01 0.000000000000000000e+00
-3.643559932708740234e+00 -2.277437925338745117e+00 0.000000000000000000e+00
-1.265973663330078125e+01 -1.186350822448730469e+01 0.000000000000000000e+00
-1.519080281257629395e+00 -9.633922576904296875e+00 0.000000000000000000e+00
-5.895046710968017578e+00 -8.255134582519531250e+00 0.000000000000000000e+00
-8.133720397949218750e+00 1.327537631988525391e+01 0.000000000000000000e+00
-1.166184234619140625e+01 9.821261405944824219e+00 0.000000000000000000e+00
9.307427406311035156e+00 -3.781135320663452148e+00 0.000000000000000000e+00
3.337076663970947266e+00 -1.712457656860351562e+01 0.000000000000000000e+00
1.472154140472412109e+01 -9.324751853942871094e+00 0.000000000000000000e+00
