9.279170036315917969e+00 1.434151649475097656e+01 0.000000000000000000e+00
8.848307609558105469e+00 8.338754653930664062e+00 0.000000000000000000e+00
-1.157315540313720703e+01 -4.055268764495849609e+00 0.000000000000000000e+00
2.396587610244750977e+00 -3.654532432556152344e+00 0.000000000000000000e+00
1.139252662658691406e+01 -9.148621559143066406e+00 0.000000000000000000e+00
-1.459225463867187500e+01 3.212069272994995117e-01 0.000000000000000000e+00
1.332646083831787109e+01 -4.855112075805664062e+00 0.000000000000000000e+00
-5.400444984436035156e+00 1.507461833953857422e+01 0.000000000000000000e+00
1.090473842620849609e+01 3.030607938766479492e+00 0.000000000000000000e+00
-3.992287397384643555e+00 -1.434363079071044922e+01 0.000000000000000000e+00
8.278316497802734375e+00 -9.883275985717773438e+00 0.000000000000000000e+00
-1.546073246002197266e+01 -3.627705812454223633e+00 0.000000000000000000e+00
1.156322479248046875e+01 -3.365082979202270508e+00 0.000000000000000000e+00
1.851898908615112305e+00 1.406134033203125000e+01 0.000000000000000000e+00
1.397839069366455078e+01 -8.479453086853027344e+00 0.000000000000000000e+00
4.798422336578369141e+00 1.182930946350097656e+00 0.000000000000000000e+00
-3.585094690322875977e+00 -3.609280586242675781e-01 0.000000000000000000e+00
6.456950187683105469e+00 4.266505241394042969e+00 0.000000000000000000e+00
5.662356853485107422e+00 -6.637176513671875000e+00 0.000000000000000000e+00
-1.487991333007812500e+01 8.452768325805664062e+00 0.000000000000000000e+00
2.607271432876586914e+00 -1.635386085510253906e+01 0.000000000000000000e+00
-2.508203506469726562e+00 -8.578850746154785156e+00 0.000000000000000000e+00
7.388253211975097656e+00 -1.701710581779479980e+00 0.000000000000000000e+00
-1.991555571556091309e+00 -2.684410333633422852e+00 0.000000000000000000e+00
1.968933939933776855e-01 -7.226295471191406250e+00 0.000000000000000000e+00
-8.353102684020996094e+00 9.573990821838378906e+00 0.000000000000000000e+00
1.081731033325195312e+01 4.661697387695312500e+00 0.000000000000000000e+00
-5.890326499938964844e-01 1.687103080749511719e+01 0.000000000000000000e+00
3.416102409362792969e+00 -1.469118690490722656e+01 0.000000000000000000e+00
-6.682899475097656250e+00 1.063687801361083984e+01 0.000000000000000000e+00
6.983608245849609375e+00 1.379563713073730469e+01 0.000000000000000000e+00
-9.659883499145507812e+00 -2.126720666885375977e+00 0.000000000000000000e+00
7.704547882080078125e+00 1.707787394523620605e+00 0.000000000000000000e+00
3.726585388183593750e+00 -9.643564224243164062e+00 0.000000000000000000e+00
1.466612243652343750e+01 9.284102439880371094e+00 0.000000000000000000e+00
-7.500274777412414551e-01 9.348646163940429688e+00 0.000000000000000000e+00
3.278586626052856445e+00 8.945572853088378906e+00 0.000000000000000000e+00
-1.141576671600341797e+01 7.604644775390625000e+00 0.000000000000000000e+00
1.044626712799072266e+01 9.995173454284667969e+00 0.000000000000000000e+00
6.878381252288818359e+00 4.415140673518180847e-02 0.000000000000000000e+00
9.021305084228515625e+00 -7.620316505432128906e+00 0.000000000000000000e+00
-1.589723014831542969e+01 -5.437232017517089844e+00 0.000000000000000000e+00
-3.085635662078857422e+00 -3.995743274688720703e+00 0.000000000000000000e+00
-1.309469318389892578e+01 -2.020223617553710938e+00 0.000000000000000000e+00
2.796953618526458740e-01 -1.516746282577514648e+00 0.000000000000000000e+00
-9.393096923828125000e+00 -2.563429772853851318e-01 0.000000000000000000e+00
-3.342745304107666016e+00 1.678293609619140625e+01 0.000000000000000000e+00
2.481638908386230469e+00 1.627560853958129883e+00 0.000000000000000000e+00
-4.919609069824218750e+00 -1.623451614379882812e+01 0.000000000000000000e+00
1.549615502357482910e+00 -6.353230953216552734e+00 0.000000000000000000e+00
-1.193573093414306641e+01 4.081639766693115234e+00 0.000000000000000000e+00
1.170446157455444336e+00 1.561308956146240234e+01 0.000000000000000000e+00
-3.106353044509887695e+00 6.796801090240478516e+00 0.000000000000000000e+00
9.468412399291992188e+00 -5.832667350769042969e+00 0.000000000000000000e+00
6.381785392761230469e+00 -8.442654609680175781e+00 0.000000000000000000e+00
1.045369625091552734e+01 1.477303624153137207e+00 0.000000000000000000e+00
1.290113353729248047e+01 -7.530749589204788208e-02 0.000000000000000000e+00
-1.261809444427490234e+01 -7.911865234375000000e+00 0.000000000000000000e+00
-1.253504943847656250e+01 -1.200367641448974609e+01 0.000000000000000000e+00
-7.330704212188720703e+00 1.564001750946044922e+01 0.000000000000000000e+00
1.079945087432861328e+01 -1.132865047454833984e+01 0.000000000000000000e+00
-5.869624614715576172e+00 -7.274269104003906250e+00 0.000000000000000000e+00
1.528284358978271484e+01 -7.524901390075683594e+00 0.000000000000000000e+00
1.073120117187500000e+01 1.324701976776123047e+01 0.000000000000000000e+00
-1.047392749786376953e+01 -1.014724159240722656e+01 0.000000000000000000e+00
4.120552062988281250e+00 5.315757274627685547e+00 0.000000000000000000e+00
-5.872217655181884766e+00 -2.796394348144531250e+00 0.000000000000000000e+00
-1.447952270507812500e+01 -8.237699508666992188e+00 0.000000000000000000e+00
-1.233022212982177734e+01 1.132961368560791016e+01 0.000000000000000000e+00
-5.860824584960937500e+00 -1.406522178649902344e+01 0.000000000000000000e+00
-1.350570964813232422e+01 -4.793089866638183594e+00 0.000000000000000000e+00
6.746270179748535156e+00 5.808167934417724609e+00 0.000000000000000000e+00
-1.645347976684570312e+01 -8.782079815864562988e-01 0.000000000000000000e+00
7.309001088142395020e-01 1.193045330047607422e+01 0.000000000000000000e+00
2.321236133575439453e+00 4.593462467193603516e+00 0.000000000000000000e+00
-1.624549388885498047e+00 3.666761144995689392e-02 0.000000000000000000e+00
-8.131813049316406250e+00 -7.084857463836669922e+00 0.000000000000000000e+00
-8.831096649169921875e+00 2.838742017745971680e+00 0.000000000000000000e+00
-4.735399782657623291e-01 7.147680759429931641e+00 0.000000000000000000e+00
-4.869913458824157715e-01 4.680018424987792969e+00 0.000000000000000000e+00
-8.322883605957031250e+00 7.948199748992919922e+00 0.000000000000000000e+00
4.850791394710540771e-01 8.330805778503417969e+00 0.000000000000000000e+00
3.253937482833862305e+00 3.231001377105712891e+00 0.000000000000000000e+00
-1.195850276947021484e+01 -9.281395912170410156e+00 0.000000000000000000e+00
-4.907923042774200439e-01 -1.322148418426513672e+01 0.000000000000000000e+00
-2.356662750244140625e+00 4.176356792449951172e+00 0.000000000000000000e+00
4.804149150848388672e+00 -1.183374309539794922e+01 0.000000000000000000e+00
1.299572086334228516e+01 -6.669698715209960938e+00 0.000000000000000000e+00
-1.157838249206542969e+01 -7.400255203247070312e-01 0.000000000000000000e+00
6.500587940216064453e+00 -1.335765171051025391e+01 0.000000000000000000e+00
-1.663050651550292969e+00 1.223646831512451172e+01 0.000000000000000000e+00
4.210471153259277344e+00 -5.021833896636962891e+00 0.000000000000000000e+00
-1.712133598327636719e+01 -2.553024530410766602e+00 0.000000000000000000e+00
4.972748279571533203e+00 -1.363248157501220703e+01 0.000000000000000000e+00
9.710462570190429688e+00 -3.710589647293090820e+00 0.000000000000000000e+00
-6.453500747680664062e+00 -1.182236576080322266e+01 0.000000000000000000e+00
1.318890762329101562e+01 2.272748470306396484e+00 0.000000000000000000e+00
6.369165897369384766e+00 -1.588092422485351562e+01 0.000000000000000000e+00
-8.531825065612792969e+00 1.412198448181152344e+01 0.000000000000000000e+00
7.331784248352050781e+00 1.176438808441162109e+01 0.000000000000000000e+00
-1.433227920532226562e+01 5.265592575073242188e+00 0.000000000000000000e+00
-9.387851715087890625e+00 -5.611912727355957031e+00 0.000000000000000000e+00
5.681504607200622559e-01 -1.638767433166503906e+01 0.000000000000000000e+00
1.568420791625976562e+01 -4.811020374298095703e+00 0.000000000000000000e+00
6.173738956451416016e+00 -4.725566864013671875e+00 0.000000000000000000e+00
1.120120048522949219e+01 -1.313029003143310547e+01 0.000000000000000000e+00
-1.183881640434265137e+00 -1.041829967498779297e+01 0.000000000000000000e+00
7.349707603454589844e+00 -6.076012134552001953e+00 0.000000000000000000e+00
-1.134183502197265625e+01 2.501717567443847656e+00 0.000000000000000000e+00
-8.020690917968750000e+00 5.434193134307861328e+00 0.000000000000000000e+00
-5.101098537445068359e+00 6.048635005950927734e+00 0.000000000000000000e+00
-5.972865581512451172e+00 8.422921299934387207e-01 0.000000000000000000e+00
-2.876065969467163086e+00 -1.110765838623046875e+01 0.000000000000000000e+00
-2.225297451019287109e+00 1.071397495269775391e+01 0.000000000000000000e+00
1.718690490722656250e+01 8.603118062019348145e-01 0.000000000000000000e+00
1.574176216125488281e+01 3.745920419692993164e+00 0.000000000000000000e+00
-7.114428043365478516e+00 -1.515380954742431641e+01 0.000000000000000000e+00
4.714853763580322266e+00 -3.278785705566406250e+00 0.000000000000000000e+00
-1.415140247344970703e+01 2.000546932220458984e+00 0.000000000000000000e+00
-2.100687742233276367e+00 -1.520480155944824219e+01 0.000000000000000000e+00
1.062881278991699219e+01 8.054675102233886719e+00 0.000000000000000000e+00
-5.755548477172851562e+00 4.363516330718994141e+00 0.000000000000000000e+00
1.576747989654541016e+01 1.768873929977416992e+00 0.000000000000000000e+00
8.152381896972656250e+00 9.723080635070800781e+00 0.000000000000000000e+00
-2.751368045806884766e+00 -1.330818843841552734e+01 0.000000000000000000e+00
5.432119846343994141e+00 -7.827975749969482422e-01 0.000000000000000000e+00
-4.210989952087402344e+00 -8.279557228088378906e+00 0.000000000000000000e+00
1.639288711547851562e+01 -1.398555994033813477e+00 0.000000000000000000e+00
-1.024437808990478516e+01 6.104563236236572266e+00 0.000000000000000000e+00
1.312916564941406250e+01 -2.138794422149658203e+00 0.000000000000000000e+00
1.301703739166259766e+01 5.137784481048583984e+00 0.000000000000000000e+00
-1.581862545013427734e+01 4.338929653167724609e+00 0.000000000000000000e+00
6.299644470214843750e+00 1.628017044067382812e+01 0.000000000000000000e+00
1.652019858360290527e+00 -1.001113891601562500e+01 0.000000000000000000e+00
1.432054424285888672e+01 -1.079150319099426270e+00 0.000000000000000000e+00
-1.467042326927185059e+00 -1.729551124572753906e+01 0.000000000000000000e+00
1.788948297500610352e+00 -1.257013130187988281e+01 0.000000000000000000e+00
1.127576446533203125e+01 -2.807950377464294434e-01 0.000000000000000000e+00
-1.233282375335693359e+01 5.792459964752197266e+00 0.000000000000000000e+00
-1.661319732666015625e+01 2.205379724502563477e+00 0.000000000000000000e+00
-9.061389923095703125e+00 -1.420028400421142578e+01 0.000000000000000000e+00
-1.451662921905517578e+01 -6.488114356994628906e+00 0.000000000000000000e+00
-7.048696994781494141e+00 -9.690888404846191406e+00 0.000000000000000000e+00
3.985663414001464844e+00 1.563386154174804688e+01 0.000000000000000000e+00
-3.237792253494262695e+00 1.462692165374755859e+01 0.000000000000000000e+00
-6.216456413269042969e+00 8.452340126037597656e+00 0.000000000000000000e+00
8.359416961669921875e+00 -1.352193832397460938e+01 0.000000000000000000e+00
-1.295823335647583008e+00 1.375628280639648438e+01 0.000000000000000000e+00
4.656854629516601562e+00 1.316480445861816406e+01 0.000000000000000000e+00
1.351922130584716797e+01 6.659554481506347656e+00 0.000000000000000000e+00
-1.038430690765380859e+00 -5.411036491394042969e+00 0.000000000000000000e+00
-1.645633316040039062e+01 5.919132232666015625e+00 0.000000000000000000e+00
1.228161334991455078e+01 8.212090492248535156e+00 0.000000000000000000e+00
1.402473163604736328e+01 3.804881334304809570e+00 0.000000000000000000e+00
1.551890468597412109e+01 7.369709968566894531e+00 0.000000000000000000e+00
-7.720500469207763672e+00 -3.188099145889282227e+00 0.000000000000000000e+00
-1.358294773101806641e+01 9.458548545837402344e+00 0.000000000000000000e+00
-7.697274684906005859e+00 -9.893017411231994629e-01 0.000000000000000000e+00
9.111477851867675781e+00 -1.685800552368164062e+00 0.000000000000000000e+00
-3.786557674407958984e+00 -6.567595958709716797e+00 0.000000000000000000e+00
-9.473845481872558594e+00 -1.245753860473632812e+01 0.000000000000000000e+00
-9.963239669799804688e+00 1.339894676208496094e+01 0.000000000000000000e+00
4.304234504699707031e+00 1.156043338775634766e+01 0.000000000000000000e+00
1.460558128356933594e+01 4.683590829372406006e-01 0.000000000000000000e+00
4.938377857208251953e+00 -1.526043891906738281e+01 0.000000000000000000e+00
-4.681107044219970703e+00 1.035060882568359375e+01 0.000000000000000000e+00
1.532065391540527344e+00 5.914311885833740234e+00 0.000000000000000000e+00
5.793087005615234375e+00 -1.057602977752685547e+01 0.000000000000000000e+00
7.459952354431152344e+00 -1.140527057647705078e+01 0.000000000000000000e+00
1.155215930938720703e+01 6.155753135681152344e+00 0.000000000000000000e+00
-8.978723287582397461e-01 1.527134704589843750e+01 0.000000000000000000e+00
-1.530517101287841797e+01 -2.022678852081298828e+00 0.000000000000000000e+00
3.418560504913330078e+00 -2.040011405944824219e+00 0.000000000000000000e+00
9.081215858459472656e+00 3.392957210540771484e+00 0.000000000000000000e+00
-1.443692302703857422e+01 3.660452365875244141e+00 0.000000000000000000e+00
-7.024067401885986328e+00 3.134906530380249023e+00 0.000000000000000000e+00
-1.039898490905761719e+01 9.700968742370605469e+00 0.000000000000000000e+00
-4.586539745330810547e+00 1.599689602851867676e+00 0.000000000000000000e+00
-3.487624883651733398e+00 8.729828834533691406e+00 0.000000000000000000e+00
1.556659126281738281e+01 5.682399272918701172e+00 0.000000000000000000e+00
2.723462820053100586e+00 7.468604087829589844e+00 0.000000000000000000e+00
1.313202381134033203e+01 -1.011914443969726562e+01 0.000000000000000000e+00
-1.202792835235595703e+01 9.107856750488281250e+00 0.000000000000000000e+00
6.035964936017990112e-02 2.327903032302856445e+00 0.000000000000000000e+00
1.507486724853515625e+01 -2.604610443115234375e+00 0.000000000000000000e+00
2.232252359390258789e+00 1.200103759765625000e+01 0.000000000000000000e+00
6.179677009582519531e+00 9.440269470214843750e+00 0.000000000000000000e+00
-8.607141494750976562e+00 -9.798217773437500000e+00 0.000000000000000000e+00
9.265737533569335938e+00 5.241723060607910156e+00 0.000000000000000000e+00
1.171846961975097656e+01 1.160593795776367188e+01 0.000000000000000000e+00
-8.177600860595703125e+00 1.161527276039123535e+00 0.000000000000000000e+00
-9.510658264160156250e+00 4.197380065917968750e+00 0.000000000000000000e+00
3.556910753250122070e+00 -7.752993583679199219e+00 0.000000000000000000e+00
-9.868552207946777344e+00 1.138299465179443359e+01 0.000000000000000000e+00
2.909482002258300781e+00 1.055321407318115234e+01 0.000000000000000000e+00
-5.322066783905029297e+00 -1.137805342674255371e+00 0.000000000000000000e+00
-5.723467350006103516e+00 1.312172317504882812e+01 0.000000000000000000e+00
-5.829617381095886230e-01 -3.495744705200195312e+00 0.000000000000000000e+00
-1.325540184974670410e+00 -6.976897239685058594e+00 0.000000000000000000e+00
8.517761826515197754e-01 1.041515541076660156e+01 0.000000000000000000e+00
1.713506698608398438e+01 -2.870958089828491211e+00 0.000000000000000000e+00
5.210832118988037109e+00 3.210142850875854492e+00 0.000000000000000000e+00
4.467646598815917969e+00 9.960955619812011719e+00 0.000000000000000000e+00
6.531955718994140625e+00 -3.268559455871582031e+00 0.000000000000000000e+00
7.066070437431335449e-01 -4.534698009490966797e+00 0.000000000000000000e+00
-9.747408866882324219e+00 -7.512133121490478516e+00 0.000000000000000000e+00
8.467894554138183594e+00 -1.508922481536865234e+01 0.000000000000000000e+00
-1.155974292755126953e+01 1.284989738464355469e+01 0.000000000000000000e+00
-1.351953697204589844e+01 6.793804645538330078e+00 0.000000000000000000e+00
-1.294118499755859375e+01 9.086351394653320312e-01 0.000000000000000000e+00
8.984088897705078125e+00 1.130103397369384766e+01 0.000000000000000000e+00
1.716727066040039062e+01 2.727685689926147461e+00 0.000000000000000000e+00
-3.001128911972045898e+00 -1.652423477172851562e+01 0.000000000000000000e+00
5.487335205078125000e+00 7.952418327331542969e+00 0.000000000000000000e+00
-1.355596733093261719e+01 -9.877722740173339844e+00 0.000000000000000000e+00
4.229410171508789062e+00 6.949085235595703125e+00 0.000000000000000000e+00
-1.097368812561035156e+01 -1.166639041900634766e+01 0.000000000000000000e+00
-5.572856426239013672e+00 -4.651864528656005859e+00 0.000000000000000000e+00
-4.892797470092773438e+00 1.186159896850585938e+01 0.000000000000000000e+00
2.685435533523559570e+00 1.010836511850357056e-01 0.000000000000000000e+00
-7.430575847625732422e+00 -1.339670753479003906e+01 0.000000000000000000e+00
-7.936112403869628906e+00 -4.869671821594238281e+00 0.000000000000000000e+00
9.113431930541992188e+00 -1.149851036071777344e+01 0.000000000000000000e+00
-3.792340993881225586e+00 4.851672172546386719e+00 0.000000000000000000e+00
1.102294731140136719e+01 -7.136558055877685547e+00 0.000000000000000000e+00
1.160515689849853516e+01 -4.908856868743896484e+00 0.000000000000000000e+00
-1.136520385742187500e+01 7.848814725875854492e-01 0.000000000000000000e+00
-6.029219552874565125e-02 -1.493585395812988281e+01 0.000000000000000000e+00
1.351548099517822266e+01 1.065071105957031250e+01 0.000000000000000000e+00
-7.102196693420410156e+00 1.229216194152832031e+01 0.000000000000000000e+00
8.986530303955078125e+00 7.217097878456115723e-01 0.000000000000000000e+00
5.872683048248291016e+00 1.218446922302246094e+01 0.000000000000000000e+00
-1.169636154174804688e+01 -6.469379901885986328e+00 0.000000000000000000e+00
1.774997353553771973e+00 -1.976233601570129395e+00 0.000000000000000000e+00
-1.517844438552856445e+00 2.659127712249755859e+00 0.000000000000000000e+00
7.753903388977050781e+00 7.200896263122558594e+00 0.000000000000000000e+00
1.242633914947509766e+01 -1.171936702728271484e+01 0.000000000000000000e+00
5.718470811843872070e-01 5.203199982643127441e-01 0.000000000000000000e+00
-4.591100215911865234e+00 -1.000930213928222656e+01 0.000000000000000000e+00
2.926973402500152588e-01 1.361366271972656250e+01 0.000000000000000000e+00
5.350192070007324219e+00 1.470981311798095703e+01 0.000000000000000000e+00
2.576166391372680664e+00 1.684746551513671875e+01 0.000000000000000000e+00
-9.897587776184082031e+00 8.046277999877929688e+00 0.000000000000000000e+00
9.676914215087890625e+00 -9.126210212707519531e+00 0.000000000000000000e+00
-1.068666076660156250e+01 -1.334204006195068359e+01 0.000000000000000000e+00
-1.585143184661865234e+01 -7.401232242584228516e+00 0.000000000000000000e+00
-9.958268165588378906e+00 -3.956921577453613281e+00 0.000000000000000000e+00
6.193164348602294922e+00 1.982475638389587402e+00 0.000000000000000000e+00
-5.398319959640502930e-01 -8.642635345458984375e+00 0.000000000000000000e+00
1.447327041625976562e+01 -6.152699947357177734e+00 0.000000000000000000e+00
-1.809312343597412109e+00 5.623137474060058594e+00 0.000000000000000000e+00
7.957555294036865234e+00 -4.156022071838378906e+00 0.000000000000000000e+00
3.230314016342163086e+00 -1.198099040985107422e+01 0.000000000000000000e+00
1.198187828063964844e+01 9.915021896362304688e+00 0.000000000000000000e+00
-3.364083528518676758e+00 1.210392093658447266e+01 0.000000000000000000e+00
-4.261441230773925781e+00 -2.517178058624267578e+00 0.000000000000000000e+00
