1.098971557617187500e+01 1.207125282287597656e+01 0.000000000000000000e+00
-1.027278780937194824e+00 6.210274696350097656e+00 0.000000000000000000e+00
-1.606042289733886719e+01 3.595123291015625000e+00 0.000000000000000000e+00
-2.783406734466552734e+00 2.840031623840332031e+00 0.000000000000000000e+00
-5.840353012084960938e+00 1.111786460876464844e+01 0.000000000000000000e+00
-2.960409879684448242e+00 8.343868255615234375e+00 0.000000000000000000e+00
6.757932662963867188e+00 1.456032085418701172e+01 0.000000000000000000e+00
-1.592547893524169922e+01 -6.923155307769775391e+00 0.000000000000000000e+00
5.829215645790100098e-01 -2.243648290634155273e+00 0.000000000000000000e+00
1.488691139221191406e+01 2.898056268692016602e+00 0.000000000000000000e+00
1.155489635467529297e+01 5.891748428344726562e+00 0.000000000000000000e+00
-1.430415725708007812e+01 9.755585670471191406e+00 0.000000000000000000e+00
-1.126230812072753906e+01 -2.722467184066772461e+00 0.000000000000000000e+00
-9.184221267700195312e+00 -7.849953770637512207e-01 0.000000000000000000e+00
8.995983123779296875e+00 8.458639144897460938e+00 0.000000000000000000e+00
2.590269804000854492e+00 1.366564631462097168e+00 0.000000000000000000e+00
2.639349699020385742e+00 -5.301691055297851562e+00 0.000000000000000000e+00
-2.991716384887695312e+00 -2.684173822402954102e+00 0.000000000000000000e+00
-9.221409797668457031e+00 1.084310626983642578e+01 0.000000000000000000e+00
1.177879047393798828e+01 6.928182840347290039e-01 0.000000000000000000e+00
-4.149961471557617188e+00 4.967154979705810547e+00 0.000000000000000000e+00
-7.016668796539306641e+00 -1.228283596038818359e+01 0.000000000000000000e+00
8.706413269042968750e+00 2.377082109451293945e+00 0.000000000000000000e+00
6.572175979614257812e+00 8.467051506042480469e+00 0.000000000000000000e+00
8.897122144699096680e-01 3.086354494094848633e+00 0.000000000000000000e+00
1.240901756286621094e+01 2.299437761306762695e+00 0.000000000000000000e+00
4.900468826293945312e+00 -1.063083171844482422e+01 0.000000000000000000e+00
2.018533706665039062e+00 -6.790963172912597656e+00 0.000000000000000000e+00
3.523171663284301758e+00 -1.493864822387695312e+01 0.000000000000000000e+00
-8.065180778503417969e-01 -7.336608409881591797e+00 0.000000000000000000e+00
-8.919566154479980469e+00 -1.119925117492675781e+01 0.000000000000000000e+00
-9.917158126831054688e+00 1.927056550979614258e+00 0.000000000000000000e+00
1.218566799163818359e+01 -3.252452850341796875e+00 0.000000000000000000e+00
-6.491924285888671875e+00 1.310204792022705078e+01 0.000000000000000000e+00
-7.028483867645263672e+00 9.541673660278320312e+00 0.000000000000000000e+00
2.416455984115600586e+00 7.752473831176757812e+00 0.000000000000000000e+00
5.772492885589599609e+00 6.428807735443115234e+00 0.000000000000000000e+00
-3.562384366989135742e+00 -1.359632682800292969e+01 0.000000000000000000e+00
8.523137092590332031e+00 -6.458020687103271484e+00 0.000000000000000000e+00
9.993431091308593750e+00 3.496294260025024414e+00 0.000000000000000000e+00
-1.405161094665527344e+01 -9.646170139312744141e-01 0.000000000000000000e+00
7.535544037818908691e-01 -8.412220001220703125e+00 0.000000000000000000e+00
-6.070052623748779297e+00 -3.182845354080200195e+00 0.000000000000000000e+00
-4.077461242675781250e+00 1.604253196716308594e+01 0.000000000000000000e+00
-1.016776371002197266e+01 4.008857250213623047e+00 0.000000000000000000e+00
1.160483551025390625e+01 -5.212476730346679688e+00 0.000000000000000000e+00
5.099693775177001953e+00 1.617827033996582031e+01 0.000000000000000000e+00
-1.319267749786376953e+01 1.650659322738647461e+00 0.000000000000000000e+00
3.577958822250366211e+00 1.634742736816406250e+01 0.000000000000000000e+00
6.698637008666992188e+00 -9.096962928771972656e+00 0.000000000000000000e+00
4.627695083618164062e+00 3.069792509078979492e+00 0.000000000000000000e+00
6.482297420501708984e+00 -6.998917579650878906e+00 0.000000000000000000e+00
1.566363334655761719e+01 -3.191532850265502930e+00 0.000000000000000000e+00
1.486605358123779297e+01 5.477720260620117188e+00 0.000000000000000000e+00
-5.359421253204345703e+00 8.488525390625000000e+00 0.000000000000000000e+00
-1.783973932266235352e+00 1.628654098510742188e+01 0.000000000000000000e+00
-1.128593730926513672e+01 -8.500832557678222656e+00 0.000000000000000000e+00
8.095403909683227539e-01 7.328816890716552734e+00 0.000000000000000000e+00
3.443308353424072266e+00 -8.363209724426269531e+00 0.000000000000000000e+00
1.578787803649902344e+01 -6.526681900024414062e+00 0.000000000000000000e+00
7.129606246948242188e+00 2.241180986166000366e-01 0.000000000000000000e+00
1.130161190032958984e+01 -1.307771396636962891e+01 0.000000000000000000e+00
1.310470294952392578e+01 -5.856122016906738281e+00 0.000000000000000000e+00
-1.115042495727539062e+01 -1.097786426544189453e+01 0.000000000000000000e+00
6.493987560272216797e+00 -4.631643772125244141e+00 0.000000000000000000e+00
1.545543289184570312e+01 -3.128266632556915283e-01 0.000000000000000000e+00
-2.792594432830810547e+00 2.521143853664398193e-01 0.000000000000000000e+00
5.653945922851562500e+00 -2.603591203689575195e+00 0.000000000000000000e+00
7.756797313690185547e+00 -1.567410373687744141e+01 0.000000000000000000e+00
9.465333819389343262e-01 -1.007082366943359375e+01 0.000000000000000000e+00
-4.497362136840820312e+00 1.510460615158081055e+00 0.000000000000000000e+00
-7.734524250030517578e+00 4.151386260986328125e+00 0.000000000000000000e+00
-1.103352665901184082e+00 -1.862474203109741211e+00 0.000000000000000000e+00
2.264713048934936523e+00 -4.230608046054840088e-01 0.000000000000000000e+00
2.394892126321792603e-01 -1.217939758300781250e+01 0.000000000000000000e+00
-1.191952037811279297e+01 -5.155744403600692749e-02 0.000000000000000000e+00
-9.949899673461914062e+00 8.728638648986816406e+00 0.000000000000000000e+00
1.582865619659423828e+01 1.518308877944946289e+00 0.000000000000000000e+00
2.569405794143676758e+00 6.216914653778076172e+00 0.000000000000000000e+00
-9.670561790466308594e+00 6.580679893493652344e+00 0.000000000000000000e+00
3.189926147460937500e+00 1.445555973052978516e+01 0.000000000000000000e+00
-1.064288139343261719e+01 -6.760542869567871094e+00 0.000000000000000000e+00
9.650216102600097656e+00 -1.220948696136474609e+01 0.000000000000000000e+00
3.290628194808959961e+00 1.085268974304199219e+01 0.000000000000000000e+00
-1.453804683685302734e+01 -5.905233860015869141e+00 0.000000000000000000e+00
-1.179099082946777344e+01 9.283223152160644531e+00 0.000000000000000000e+00
-1.655723762512207031e+01 -6.979089379310607910e-01 0.000000000000000000e+00
-3.312216043472290039e+00 1.352057552337646484e+01 0.000000000000000000e+00
1.774380922317504883e+00 1.008817195892333984e+01 0.000000000000000000e+00
-1.418552041053771973e+00 1.318439865112304688e+01 0.000000000000000000e+00
9.908296585083007812e+00 -9.341239929199218750e+00 0.000000000000000000e+00
2.698168277740478516e+00 -1.153633403778076172e+01 0.000000000000000000e+00
7.179867625236511230e-01 -4.260244071483612061e-01 0.000000000000000000e+00
1.290634346008300781e+01 1.052862834930419922e+01 0.000000000000000000e+00
-9.240743517875671387e-02 -1.587355422973632812e+01 0.000000000000000000e+00
-7.808452606201171875e+00 -6.113570213317871094e+00 0.000000000000000000e+00
-1.232553672790527344e+01 -4.620059967041015625e+00 0.000000000000000000e+00
4.483724117279052734e+00 -6.388784408569335938e+00 0.000000000000000000e+00
2.629164218902587891e+00 -1.895620703697204590e+00 0.000000000000000000e+00
-1.296713542938232422e+01 -9.611027717590332031e+00 0.000000000000000000e+00
-2.582805395126342773e+00 -1.520333194732666016e+01 0.000000000000000000e+00
1.528057956695556641e+01 8.180509567260742188e+00 0.000000000000000000e+00
-1.316130733489990234e+01 7.460414886474609375e+00 0.000000000000000000e+00
1.097453022003173828e+01 -8.077811241149902344e+00 0.000000000000000000e+00
-4.337987422943115234e+00 -7.233383178710937500e+00 0.000000000000000000e+00
-1.282918930053710938e+01 1.055257606506347656e+01 0.000000000000000000e+00
1.695538520812988281e+01 -2.139925241470336914e+00 0.000000000000000000e+00
-7.380497932434082031e+00 7.298010349273681641e+00 0.000000000000000000e+00
-8.246001601219177246e-01 3.836454868316650391e+00 0.000000000000000000e+00
1.143204021453857422e+01 8.273035049438476562e+00 0.000000000000000000e+00
4.560228347778320312e+00 1.216119194030761719e+01 0.000000000000000000e+00
1.282340240478515625e+01 -1.128468513488769531e+01 0.000000000000000000e+00
-2.887705564498901367e-01 1.087637615203857422e+01 0.000000000000000000e+00
7.516247749328613281e+00 -1.187494087219238281e+01 0.000000000000000000e+00
8.341835021972656250e+00 -8.028669357299804688e+00 0.000000000000000000e+00
1.266198825836181641e+01 -8.796594619750976562e+00 0.000000000000000000e+00
-3.085805416107177734e+00 -1.075423717498779297e+01 0.000000000000000000e+00
-3.933116197586059570e+00 -1.661807060241699219e+01 0.000000000000000000e+00
-1.446485042572021484e+01 3.761222362518310547e+00 0.000000000000000000e+00
1.168645286560058594e+01 4.185492515563964844e+00 0.000000000000000000e+00
-4.553745746612548828e+00 -8.874575614929199219e+00 0.000000000000000000e+00
-1.229065656661987305e+00 -4.101885795593261719e+00 0.000000000000000000e+00
1.283090019226074219e+01 7.139658927917480469e+00 0.000000000000000000e+00
-5.891458034515380859e+00 2.600920438766479492e+00 0.000000000000000000e+00
-1.923498511314392090e+00 9.500477790832519531e+00 0.000000000000000000e+00
7.430498123168945312e+00 6.085455417633056641e+00 0.000000000000000000e+00
5.351174354553222656e+00 4.573773384094238281e+00 0.000000000000000000e+00
1.468759536743164062e+01 -7.977594852447509766e+00 0.000000000000000000e+00
6.306629180908203125e+00 3.249567270278930664e+00 0.000000000000000000e+00
3.576088190078735352e+00 -3.071307182312011719e+00 0.000000000000000000e+00
-6.038738727569580078e+00 4.507444858551025391e+00 0.000000000000000000e+00
8.828805923461914062e+00 -9.066213965415954590e-01 0.000000000000000000e+00
-6.191714763641357422e+00 -6.155983448028564453e+00 0.000000000000000000e+00
1.556699991226196289e+00 -1.633448219299316406e+01 0.000000000000000000e+00
9.191201210021972656e+00 -2.501909494400024414e+00 0.000000000000000000e+00
-8.478466272354125977e-01 -1.733019065856933594e+01 0.000000000000000000e+00
-5.511406421661376953e+00 -1.355138492584228516e+01 0.000000000000000000e+00
4.256524562835693359e+00 5.721571445465087891e+00 0.000000000000000000e+00
-6.347022533416748047e+00 -8.387190818786621094e+00 0.000000000000000000e+00
-4.715772628784179688e+00 9.882247924804687500e+00 0.000000000000000000e+00
9.690259933471679688e+00 7.062510967254638672e+00 0.000000000000000000e+00
-9.660794258117675781e+00 -1.417545700073242188e+01 0.000000000000000000e+00
-1.295317554473876953e+01 -7.112052440643310547e+00 0.000000000000000000e+00
-3.617528438568115234e+00 1.188714027404785156e+01 0.000000000000000000e+00
-1.519912147521972656e+01 -3.089651823043823242e+00 0.000000000000000000e+00
1.507918000221252441e+00 -1.306632328033447266e+01 0.000000000000000000e+00
1.327231311798095703e+01 3.720990419387817383e+00 0.000000000000000000e+00
-1.696171760559082031e+01 -3.796409606933593750e+00 0.000000000000000000e+00
5.838262557983398438e+00 1.210719347000122070e+00 0.000000000000000000e+00
-2.060489892959594727e+00 1.130589485168457031e+01 0.000000000000000000e+00
-9.443408966064453125e+00 -9.635316848754882812e+00 0.000000000000000000e+00
-1.078502082824707031e+01 -1.300180625915527344e+01 0.000000000000000000e+00
1.115938472747802734e+01 1.042414379119873047e+01 0.000000000000000000e+00
4.161042690277099609e+00 9.201509475708007812e+00 0.000000000000000000e+00
-5.267621994018554688e+00 -1.438129067420959473e+00 0.000000000000000000e+00
9.406229972839355469e+00 1.051355361938476562e+01 0.000000000000000000e+00
-7.517569065093994141e+00 -1.295554995536804199e+00 0.000000000000000000e+00
1.394878482818603516e+01 -4.565928936004638672e+00 0.000000000000000000e+00
-6.343161106109619141e+00 6.183142662048339844e+00 0.000000000000000000e+00
8.325510025024414062e+00 1.203078269958496094e+01 0.000000000000000000e+00
6.257809638977050781e+00 1.089551258087158203e+01 0.000000000000000000e+00
7.780881881713867188e+00 -1.341332817077636719e+01 0.000000000000000000e+00
-1.143476772308349609e+01 5.401969432830810547e+00 0.000000000000000000e+00
-1.240181064605712891e+01 1.215394210815429688e+01 0.000000000000000000e+00
3.483439207077026367e+00 4.114595413208007812e+00 0.000000000000000000e+00
-8.024567604064941406e+00 1.211986446380615234e+01 0.000000000000000000e+00
-3.840296268463134766e+00 -4.993368148803710938e+00 0.000000000000000000e+00
-1.596695065498352051e+00 -9.602638244628906250e+00 0.000000000000000000e+00
-9.822079658508300781e+00 -4.659087181091308594e+00 0.000000000000000000e+00
-7.695845127105712891e+00 -1.569728279113769531e+01 0.000000000000000000e+00
7.447931766510009766e-01 -5.956315517425537109e+00 0.000000000000000000e+00
-5.847289562225341797e+00 1.590209102630615234e+01 0.000000000000000000e+00
-1.892745733261108398e+00 -6.237701892852783203e+00 0.000000000000000000e+00
2.094097375869750977e+00 1.600761985778808594e+01 0.000000000000000000e+00
-1.464187812805175781e+01 8.112476348876953125e+00 0.000000000000000000e+00
-8.533475875854492188e+00 1.357942771911621094e+01 0.000000000000000000e+00
7.194036483764648438e+00 4.538032531738281250e+00 0.000000000000000000e+00
8.306903839111328125e+00 -4.718757152557373047e+00 0.000000000000000000e+00
2.812175154685974121e-01 5.230985164642333984e+00 0.000000000000000000e+00
-3.085422813892364502e-01 1.437859439849853516e+01 0.000000000000000000e+00
-5.402444839477539062e+00 1.426871967315673828e+01 0.000000000000000000e+00
-8.270743370056152344e+00 -3.327722787857055664e+00 0.000000000000000000e+00
7.729504585266113281e+00 -2.864588499069213867e+00 0.000000000000000000e+00
-6.251320362091064453e+00 -1.626678466796875000e+01 0.000000000000000000e+00
1.431747627258300781e+01 9.571461677551269531e+00 0.000000000000000000e+00
1.377870655059814453e+01 -2.036404609680175781e+00 0.000000000000000000e+00
-7.180121421813964844e+00 -1.025543594360351562e+01 0.000000000000000000e+00
-1.628158950805664062e+01 5.739839076995849609e+00 0.000000000000000000e+00
9.910223960876464844e+00 1.362402248382568359e+01 0.000000000000000000e+00
5.321298599243164062e+00 -2.078270763158798218e-01 0.000000000000000000e+00
8.640702247619628906e+00 1.476841640472412109e+01 0.000000000000000000e+00
1.213400936126708984e+01 -9.422098994255065918e-01 0.000000000000000000e+00
-1.485012722015380859e+01 -9.054625511169433594e+00 0.000000000000000000e+00
-5.848383903503417969e-01 8.335342407226562500e+00 0.000000000000000000e+00
-7.704175949096679688e+00 1.025345206260681152e+00 0.000000000000000000e+00
1.701340675354003906e+01 -1.140436828136444092e-01 0.000000000000000000e+00
-1.154270267486572266e+01 1.729168772697448730e+00 0.000000000000000000e+00
3.458012104034423828e+00 -9.981170654296875000e+00 0.000000000000000000e+00
1.664307975769042969e+01 4.812504291534423828e+00 0.000000000000000000e+00
-1.696879005432128906e+01 1.090670347213745117e+00 0.000000000000000000e+00
1.114948940277099609e+01 -1.112141513824462891e+01 0.000000000000000000e+00
1.046240806579589844e+00 -4.088746070861816406e+00 0.000000000000000000e+00
5.985722541809082031e+00 -1.264562797546386719e+01 0.000000000000000000e+00
-1.254341125488281250e+01 -1.793693304061889648e+00 0.000000000000000000e+00
1.389806032180786133e+00 1.357157611846923828e+01 0.000000000000000000e+00
-8.278927206993103027e-01 1.558265924453735352e+00 0.000000000000000000e+00
4.493100941181182861e-02 1.731397247314453125e+01 0.000000000000000000e+00
5.387813568115234375e+00 -1.546209239959716797e+01 0.000000000000000000e+00
-1.306859493255615234e+01 5.045022010803222656e+00 0.000000000000000000e+00
-1.257879924774169922e+01 3.378853321075439453e+00 0.000000000000000000e+00
1.010225534439086914e+00 1.481809854507446289e+00 0.000000000000000000e+00
6.695226669311523438e+00 -1.453567886352539062e+01 0.000000000000000000e+00
1.033185577392578125e+01 1.667553305625915527e+00 0.000000000000000000e+00
-2.805091619491577148e+00 -8.482783317565917969e+00 0.000000000000000000e+00
-1.661198019981384277e+00 -1.292764282226562500e+01 0.000000000000000000e+00
1.045227432250976562e+01 -1.360490825027227402e-02 0.000000000000000000e+00
1.381928348541259766e+01 1.482228279113769531e+00 0.000000000000000000e+00
-2.407086610794067383e+00 6.927940368652343750e+00 0.000000000000000000e+00
6.267477989196777344e+00 1.285314083099365234e+01 0.000000000000000000e+00
4.114363193511962891e+00 -1.672250556945800781e+01 0.000000000000000000e+00
1.731859970092773438e+01 1.716111183166503906e+00 0.000000000000000000e+00
-4.706277370452880859e+00 -1.172146987915039062e+01 0.000000000000000000e+00
-6.777616143226623535e-01 -1.095322704315185547e+01 0.000000000000000000e+00
8.868906021118164062e+00 5.267631053924560547e+00 0.000000000000000000e+00
-1.073069453239440918e+00 -1.946213394403457642e-01 0.000000000000000000e+00
9.922763824462890625e+00 -4.705410480499267578e+00 0.000000000000000000e+00
8.905589103698730469e+00 -1.470126247406005859e+01 0.000000000000000000e+00
1.604295158386230469e+01 -4.896692752838134766e+00 0.000000000000000000e+00
1.880002379417419434e+00 -1.464410591125488281e+01 0.000000000000000000e+00
-6.357811450958251953e+00 -2.023114711046218872e-01 0.000000000000000000e+00
-8.978014945983886719e+00 -7.935562610626220703e+00 0.000000000000000000e+00
-8.619617462158203125e+00 1.510484409332275391e+01 0.000000000000000000e+00
-8.096110343933105469e+00 5.788226604461669922e+00 0.000000000000000000e+00
-2.438160181045532227e+00 4.768828868865966797e+00 0.000000000000000000e+00
-1.027231884002685547e+01 1.274099063873291016e+01 0.000000000000000000e+00
-8.792797088623046875e+00 2.940592050552368164e+00 0.000000000000000000e+00
-1.471408176422119141e+01 5.971560001373291016e+00 0.000000000000000000e+00
-1.466867065429687500e+01 8.369700908660888672e-01 0.000000000000000000e+00
6.568465709686279297e+00 -1.066780471801757812e+01 0.000000000000000000e+00
-9.551596641540527344e-01 -1.436882972717285156e+01 0.000000000000000000e+00
-1.311579513549804688e+01 -3.312749624252319336e+00 0.000000000000000000e+00
-1.100179386138916016e+01 1.093248462677001953e+01 0.000000000000000000e+00
4.162428379058837891e+00 7.258955478668212891e+00 0.000000000000000000e+00
4.299760341644287109e+00 -1.231514167785644531e+01 0.000000000000000000e+00
3.856600522994995117e+00 -8.350315093994140625e-01 0.000000000000000000e+00
1.057059764862060547e+01 -6.473712444305419922e+00 0.000000000000000000e+00
7.719770431518554688e+00 9.476959228515625000e+00 0.000000000000000000e+00
-1.342675209045410156e+01 -1.109384918212890625e+01 0.000000000000000000e+00
1.718456840515136719e+01 3.259231090545654297e+00 0.000000000000000000e+00
-4.707492351531982422e+00 -1.524274730682373047e+01 0.000000000000000000e+00
4.219007968902587891e+00 -4.623361587524414062e+00 0.000000000000000000e+00
1.330178070068359375e+01 5.399108886718750000e+00 0.000000000000000000e+00
-5.106446266174316406e+00 1.248002815246582031e+01 0.000000000000000000e+00
-1.547188568115234375e+01 -4.613623142242431641e+00 0.000000000000000000e+00
-1.519972515106201172e+01 2.308475017547607422e+00 0.000000000000000000e+00
-7.167535305023193359e+00 -1.386200714111328125e+01 0.000000000000000000e+00
