-2.117566237522391148e+00 1.595983467867152727e+00
-8.797163357258767080e-01 1.769844391085565682e+00
3.581335660706380652e-01 1.943705314303978415e+00
1.595983467867152727e+00 2.117566237522391148e+00
-1.943705314303978415e+00 3.581335660706380652e-01
-7.058554125074638641e-01 5.319944892890509092e-01
5.319944892890509092e-01 7.058554125074638641e-01
1.769844391085565682e+00 8.797163357258767080e-01
-1.769844391085565682e+00 -8.797163357258767080e-01
-5.319944892890509092e-01 -7.058554125074638641e-01
7.058554125074638641e-01 -5.319944892890509092e-01
1.943705314303978415e+00 -3.581335660706380652e-01
-1.595983467867152727e+00 -2.117566237522391148e+00
-3.581335660706380652e-01 -1.943705314303978415e+00
8.797163357258767080e-01 -1.769844391085565682e+00
2.117566237522391148e+00 -1.595983467867152727e+00
