-6.712505817413330078e+00 -4.562654018402099609e+00 0.000000000000000000e+00
-1.138986015319824219e+01 -4.567328929901123047e+00 0.000000000000000000e+00
9.784748077392578125e+00 1.210294723510742188e+01 0.000000000000000000e+00
1.123837566375732422e+01 -5.427119255065917969e+00 0.000000000000000000e+00
-1.582173347473144531e+01 -9.257457852363586426e-01 0.000000000000000000e+00
-1.326838302612304688e+01 -1.019992351531982422e+00 0.000000000000000000e+00
6.896728515625000000e+00 2.921914815902709961e+00 0.000000000000000000e+00
5.898029327392578125e+00 1.516538715362548828e+01 0.000000000000000000e+00
1.427781391143798828e+01 -1.443231552839279175e-01 0.000000000000000000e+00
1.352936935424804688e+01 2.165060758590698242e+00 0.000000000000000000e+00
-6.378561019897460938e+00 -7.333888053894042969e+00 0.000000000000000000e+00
-1.421963691711425781e+01 6.501939296722412109e+00 0.000000000000000000e+00
1.091349887847900391e+01 -1.238127231597900391e+01 0.000000000000000000e+00
5.526057243347167969e+00 -5.776634216308593750e+00 0.000000000000000000e+00
-1.480566024780273438e+01 2.844753265380859375e+00 0.000000000000000000e+00
1.302025699615478516e+01 7.980086803436279297e+00 0.000000000000000000e+00
-1.555666923522949219e+00 -1.017497158050537109e+01 0.000000000000000000e+00
2.810177326202392578e+00 1.378435611724853516e+01 0.000000000000000000e+00
9.389842033386230469e+00 -8.415771484375000000e+00 0.000000000000000000e+00
-1.039454555511474609e+01 6.380339145660400391e+00 0.000000000000000000e+00
2.392628192901611328e+00 9.809696197509765625e+00 0.000000000000000000e+00
3.563563108444213867e+00 -3.583870887756347656e+00 0.000000000000000000e+00
-5.243076324462890625e+00 -1.039776039123535156e+01 0.000000000000000000e+00
1.040622615814208984e+01 2.549104213714599609e+00 0.000000000000000000e+00
6.004378318786621094e+00 -1.250770092010498047e+01 0.000000000000000000e+00
3.709676861763000488e-01 1.571338748931884766e+01 0.000000000000000000e+00
3.768121719360351562e+00 -7.754455566406250000e+00 0.000000000000000000e+00
-1.533061385154724121e+00 -1.339730072021484375e+01 0.000000000000000000e+00
-2.755535542964935303e-01 -1.529254722595214844e+01 0.000000000000000000e+00
-1.234014701843261719e+01 -9.886939048767089844e+00 0.000000000000000000e+00
1.694081068038940430e+00 -9.139887809753417969e+00 0.000000000000000000e+00
1.175483036041259766e+01 -8.586972951889038086e-01 0.000000000000000000e+00
2.773103952407836914e+00 6.824520587921142578e+00 0.000000000000000000e+00
-4.851515293121337891e+00 2.816577672958374023e+00 0.000000000000000000e+00
-4.240431785583496094e+00 1.611514854431152344e+01 0.000000000000000000e+00
-2.149639844894409180e+00 -8.674977302551269531e+00 0.000000000000000000e+00
-8.886530876159667969e+00 6.563115596771240234e+00 0.000000000000000000e+00
-2.762173652648925781e+00 -4.518429756164550781e+00 0.000000000000000000e+00
2.718769311904907227e+00 1.291839718818664551e+00 0.000000000000000000e+00
-1.172287940979003906e+00 8.227046966552734375e+00 0.000000000000000000e+00
-8.273390769958496094e+00 1.488632321357727051e+00 0.000000000000000000e+00
-1.879360795021057129e+00 -1.063670992851257324e+00 0.000000000000000000e+00
9.129121303558349609e-01 -1.343427658081054688e+01 0.000000000000000000e+00
1.109949493408203125e+01 4.934739112854003906e+00 0.000000000000000000e+00
-1.339479923248291016e+01 -5.609105110168457031e+00 0.000000000000000000e+00
5.602098464965820312e+00 6.205112934112548828e+00 0.000000000000000000e+00
1.201885509490966797e+01 -9.413614273071289062e+00 0.000000000000000000e+00
-2.980928421020507812e+00 -2.994690895080566406e+00 0.000000000000000000e+00
-3.826063871383666992e+00 -1.157406139373779297e+01 0.000000000000000000e+00
6.560937881469726562e+00 -3.444887161254882812e+00 0.000000000000000000e+00
-3.270002365112304688e+00 1.030120658874511719e+01 0.000000000000000000e+00
6.301380395889282227e-01 -5.703750133514404297e+00 0.000000000000000000e+00
-9.186522483825683594e+00 4.500278949737548828e+00 0.000000000000000000e+00
1.380559206008911133e+00 -3.304911613464355469e+00 0.000000000000000000e+00
6.507965564727783203e+00 9.480088233947753906e+00 0.000000000000000000e+00
5.533020019531250000e+00 -5.630886554718017578e-02 0.000000000000000000e+00
-9.773078918457031250e+00 -1.235461807250976562e+01 0.000000000000000000e+00
1.417936325073242188e+01 6.645567417144775391e+00 0.000000000000000000e+00
1.313215017318725586e+00 1.092682933807373047e+01 0.000000000000000000e+00
1.503011894226074219e+01 -3.657166957855224609e+00 0.000000000000000000e+00
-7.321103811264038086e-01 -7.611708641052246094e+00 0.000000000000000000e+00
1.206129431724548340e+00 7.340809822082519531e+00 0.000000000000000000e+00
-1.271403312683105469e+01 -7.323482513427734375e+00 0.000000000000000000e+00
8.933562278747558594e+00 -3.466615080833435059e-01 0.000000000000000000e+00
9.685146331787109375e+00 -1.094075965881347656e+01 0.000000000000000000e+00
4.737576007843017578e+00 -1.051473045349121094e+01 0.000000000000000000e+00
1.509222602844238281e+01 1.464109897613525391e+00 0.000000000000000000e+00
-4.963288307189941406e+00 -1.539098548889160156e+01 0.000000000000000000e+00
-1.321261882781982422e+01 2.611864566802978516e+00 0.000000000000000000e+00
-9.606976509094238281e+00 8.871059417724609375e+00 0.000000000000000000e+00
8.828806877136230469e+00 -3.060961484909057617e+00 0.000000000000000000e+00
-9.627453804016113281e+00 1.147807502746582031e+01 0.000000000000000000e+00
1.253305053710937500e+01 -3.609257221221923828e+00 0.000000000000000000e+00
-2.612268447875976562e+00 -1.588792133331298828e+01 0.000000000000000000e+00
3.443455696105957031e+00 1.614157104492187500e+01 0.000000000000000000e+00
4.136779308319091797e+00 -1.260405063629150391e+01 0.000000000000000000e+00
-1.448295593261718750e+01 9.296367645263671875e+00 0.000000000000000000e+00
8.339962005615234375e+00 1.346565914154052734e+01 0.000000000000000000e+00
-1.630012130737304688e+01 -4.386327743530273438e+00 0.000000000000000000e+00
-6.798845291137695312e+00 9.085972785949707031e+00 0.000000000000000000e+00
-1.084380435943603516e+01 1.284413909912109375e+01 0.000000000000000000e+00
-9.534306526184082031e+00 -7.011692047119140625e+00 0.000000000000000000e+00
-7.863914012908935547e+00 1.461054706573486328e+01 0.000000000000000000e+00
-2.960284709930419922e+00 4.936184883117675781e+00 0.000000000000000000e+00
1.543867778778076172e+01 4.475023269653320312e+00 0.000000000000000000e+00
7.774930000305175781e+00 1.543006706237792969e+01 0.000000000000000000e+00
-1.507155036926269531e+01 7.858249664306640625e+00 0.000000000000000000e+00
-1.089497470855712891e+01 -8.569999694824218750e+00 0.000000000000000000e+00
-1.422056102752685547e+01 2.751264572143554688e-01 0.000000000000000000e+00
-4.636549949645996094e+00 6.271163463592529297e+00 0.000000000000000000e+00
1.015627288818359375e+01 -1.397272777557373047e+01 0.000000000000000000e+00
9.206872940063476562e+00 9.756658554077148438e+00 0.000000000000000000e+00
-1.106941699981689453e+01 -3.596114814281463623e-01 0.000000000000000000e+00
1.638938140869140625e+01 7.104136347770690918e-01 0.000000000000000000e+00
3.029121398925781250e+00 -1.025162220001220703e+01 0.000000000000000000e+00
3.959171533584594727e+00 3.686050891876220703e+00 0.000000000000000000e+00
-6.945257186889648438e+00 -8.891299247741699219e+00 0.000000000000000000e+00
9.324730873107910156e+00 4.126485824584960938e+00 0.000000000000000000e+00
1.348120880126953125e+01 -1.067939758300781250e+01 0.000000000000000000e+00
-6.479042053222656250e+00 3.798463195562362671e-02 0.000000000000000000e+00
8.289601325988769531e+00 -9.786806106567382812e+00 0.000000000000000000e+00
-1.274001836776733398e+00 -3.837654113769531250e+00 0.000000000000000000e+00
1.147479891777038574e+00 1.353724956512451172e+01 0.000000000000000000e+00
-1.180269002914428711e+00 2.725009202957153320e+00 0.000000000000000000e+00
1.101615142822265625e+01 1.324526786804199219e+01 0.000000000000000000e+00
-1.626425933837890625e+01 -5.922878265380859375e+00 0.000000000000000000e+00
-6.335700035095214844e+00 1.454449176788330078e+01 0.000000000000000000e+00
1.490466976165771484e+01 -6.368659496307373047e+00 0.000000000000000000e+00
6.110457897186279297e+00 -1.460822200775146484e+01 0.000000000000000000e+00
-4.173172950744628906e+00 -7.343852043151855469e+00 0.000000000000000000e+00
1.169044971466064453e+01 6.706483840942382812e+00 0.000000000000000000e+00
1.106258678436279297e+01 8.901179313659667969e+00 0.000000000000000000e+00
7.239794731140136719e+00 1.104635620117187500e+01 0.000000000000000000e+00
4.583761692047119141e+00 8.733584403991699219e+00 0.000000000000000000e+00
-5.534271240234375000e+00 -1.427298307418823242e+00 0.000000000000000000e+00
2.047057390213012695e+00 -1.726078987121582031e+01 0.000000000000000000e+00
8.955718994140625000e+00 -1.284358692169189453e+01 0.000000000000000000e+00
3.950702190399169922e+00 1.261535453796386719e+01 0.000000000000000000e+00
4.182801246643066406e+00 -1.660109996795654297e+00 0.000000000000000000e+00
-6.674662590026855469e+00 -1.617324066162109375e+01 0.000000000000000000e+00
-3.029276132583618164e+00 1.039370894432067871e+00 0.000000000000000000e+00
-1.421552562713623047e+01 -7.073386669158935547e+00 0.000000000000000000e+00
5.000571250915527344e+00 -2.961269855499267578e+00 0.000000000000000000e+00
7.857923030853271484e+00 -4.486231327056884766e+00 0.000000000000000000e+00
3.163346767425537109e+00 -1.583884429931640625e+01 0.000000000000000000e+00
5.496361255645751953e+00 2.091687440872192383e+00 0.000000000000000000e+00
-1.212914848327636719e+01 -2.246362686157226562e+00 0.000000000000000000e+00
-5.196232795715332031e-01 9.650870323181152344e+00 0.000000000000000000e+00
1.290794968605041504e+00 -1.519631195068359375e+01 0.000000000000000000e+00
-8.509462475776672363e-01 5.717543125152587891e+00 0.000000000000000000e+00
-1.136213397979736328e+01 1.264403581619262695e+00 0.000000000000000000e+00
5.959927558898925781e+00 1.264586162567138672e+01 0.000000000000000000e+00
-1.718206596374511719e+01 -1.697262287139892578e+00 0.000000000000000000e+00
-8.927827835083007812e+00 -1.065813636779785156e+01 0.000000000000000000e+00
-9.588858604431152344e+00 -1.812117934226989746e+00 0.000000000000000000e+00
-3.073100328445434570e+00 -1.302657222747802734e+01 0.000000000000000000e+00
1.859675407409667969e+00 -1.184811401367187500e+01 0.000000000000000000e+00
-4.248775005340576172e+00 8.338606834411621094e+00 0.000000000000000000e+00
1.623415231704711914e+00 -4.084717854857444763e-02 0.000000000000000000e+00
8.294105529785156250e+00 -1.498172569274902344e+01 0.000000000000000000e+00
3.330024480819702148e+00 -5.886302947998046875e+00 0.000000000000000000e+00
-6.659438133239746094e+00 -1.391724681854248047e+01 0.000000000000000000e+00
-5.098333835601806641e+00 -5.895536899566650391e+00 0.000000000000000000e+00
-1.292842674255371094e+01 7.317734718322753906e+00 0.000000000000000000e+00
-7.988573551177978516e+00 -6.374268531799316406e-01 0.000000000000000000e+00
-9.707402229309082031e+00 -1.453432273864746094e+01 0.000000000000000000e+00
-1.223324489593505859e+01 5.969466209411621094e+00 0.000000000000000000e+00
-7.548023700714111328e+00 -2.784004449844360352e+00 0.000000000000000000e+00
-5.833403587341308594e+00 -2.922645092010498047e+00 0.000000000000000000e+00
-5.814967751502990723e-01 -1.890801489353179932e-01 0.000000000000000000e+00
-5.263406038284301758e-02 -1.226398658752441406e+01 0.000000000000000000e+00
1.204493236541748047e+01 -1.134140396118164062e+01 0.000000000000000000e+00
-6.345709323883056641e+00 1.109895229339599609e+01 0.000000000000000000e+00
-5.038089275360107422e+00 -1.325486469268798828e+01 0.000000000000000000e+00
-8.134173393249511719e+00 8.361600875854492188e+00 0.000000000000000000e+00
-1.595789241790771484e+01 1.125110745429992676e+00 0.000000000000000000e+00
9.695387840270996094e+00 5.766123294830322266e+00 0.000000000000000000e+00
-1.727076768875122070e+00 1.540269470214843750e+01 0.000000000000000000e+00
1.389548110961914062e+01 -2.224088191986083984e+00 0.000000000000000000e+00
-1.105034065246582031e+01 3.755649328231811523e+00 0.000000000000000000e+00
-4.408403038978576660e-01 1.721836471557617188e+01 0.000000000000000000e+00
-6.166978836059570312e+00 -1.223248767852783203e+01 0.000000000000000000e+00
-1.435420608520507812e+01 4.723771572113037109e+00 0.000000000000000000e+00
1.604205703735351562e+01 6.816599369049072266e+00 0.000000000000000000e+00
-8.192280769348144531e+00 -4.182496070861816406e+00 0.000000000000000000e+00
3.394424915313720703e-01 2.536590337753295898e+00 0.000000000000000000e+00
1.368562221527099609e+01 9.827437400817871094e+00 0.000000000000000000e+00
-1.146638298034667969e+01 9.815377235412597656e+00 0.000000000000000000e+00
-7.647475242614746094e+00 -6.061312198638916016e+00 0.000000000000000000e+00
-1.436842632293701172e+01 -2.265700340270996094e+00 0.000000000000000000e+00
1.153887152671813965e+00 4.703361988067626953e+00 0.000000000000000000e+00
-5.463982582092285156e+00 1.283549547195434570e+00 0.000000000000000000e+00
3.541623651981353760e-01 -1.671916007995605469e+01 0.000000000000000000e+00
1.340426063537597656e+01 -5.849678993225097656e+00 0.000000000000000000e+00
-8.320200920104980469e+00 -8.141866683959960938e+00 0.000000000000000000e+00
-8.223412513732910156e+00 1.218948650360107422e+01 0.000000000000000000e+00
6.245172977447509766e+00 -1.622983169555664062e+01 0.000000000000000000e+00
6.485037326812744141e+00 -7.307253837585449219e+00 0.000000000000000000e+00
-2.966720342636108398e+00 1.388948345184326172e+01 0.000000000000000000e+00
1.656313896179199219e+01 -3.040986061096191406e+00 0.000000000000000000e+00
1.361749935150146484e+01 -8.226105690002441406e+00 0.000000000000000000e+00
-4.835717678070068359e+00 1.288952064514160156e+01 0.000000000000000000e+00
1.090384960174560547e+01 -2.890462875366210938e+00 0.000000000000000000e+00
1.605142974853515625e+01 -1.110733270645141602e+00 0.000000000000000000e+00
1.247294712066650391e+01 1.131504631042480469e+01 0.000000000000000000e+00
8.309052884578704834e-02 1.243865203857421875e+01 0.000000000000000000e+00
6.231699466705322266e+00 -9.878265380859375000e+00 0.000000000000000000e+00
1.357261657714843750e+01 3.740976810455322266e+00 0.000000000000000000e+00
-6.336690425872802734e+00 6.501692771911621094e+00 0.000000000000000000e+00
-3.338421821594238281e+00 1.181870651245117188e+01 0.000000000000000000e+00
-9.512708663940429688e+00 5.663511157035827637e-01 0.000000000000000000e+00
6.643802642822265625e+00 -1.112214088439941406e+00 0.000000000000000000e+00
3.478399991989135742e+00 -2.389729917049407959e-01 0.000000000000000000e+00
-7.347212791442871094e+00 4.937150478363037109e+00 0.000000000000000000e+00
-1.399191188812255859e+01 -9.167116165161132812e+00 0.000000000000000000e+00
-8.761738777160644531e+00 2.981652021408081055e+00 0.000000000000000000e+00
7.379651546478271484e+00 8.972311019897460938e-01 0.000000000000000000e+00
8.902709007263183594e+00 -5.746246337890625000e+00 0.000000000000000000e+00
6.828625202178955078e+00 5.067251682281494141e+00 0.000000000000000000e+00
-1.358193683624267578e+01 1.055207538604736328e+01 0.000000000000000000e+00
-3.771233320236206055e+00 -1.034018993377685547e+00 0.000000000000000000e+00
-1.439185523986816406e+01 -4.431817054748535156e+00 0.000000000000000000e+00
-2.213652849197387695e+00 -6.983455181121826172e+00 0.000000000000000000e+00
-6.746783256530761719e+00 1.308269500732421875e+01 0.000000000000000000e+00
-1.592206001281738281e+00 1.273883724212646484e+01 0.000000000000000000e+00
1.837283730506896973e+00 1.637984848022460938e+01 0.000000000000000000e+00
9.161029815673828125e+00 7.501242637634277344e+00 0.000000000000000000e+00
1.492219924926757812e+01 8.078428268432617188e+00 0.000000000000000000e+00
7.906450748443603516e+00 8.600598335266113281e+00 0.000000000000000000e+00
-7.347664356231689453e+00 -1.038545608520507812e+01 0.000000000000000000e+00
-1.709243392944335938e+01 2.512476682662963867e+00 0.000000000000000000e+00
1.019841098785400391e+01 -1.199613571166992188e+00 0.000000000000000000e+00
3.034554481506347656e+00 1.134979915618896484e+01 0.000000000000000000e+00
-6.651692390441894531e+00 3.265652179718017578e+00 0.000000000000000000e+00
4.974733352661132812e+00 1.150824356079101562e+01 0.000000000000000000e+00
1.780516266822814941e+00 -6.908113002777099609e+00 0.000000000000000000e+00
-1.673744583129882812e+01 4.481140613555908203e+00 0.000000000000000000e+00
1.468344688415527344e+01 -9.297242164611816406e+00 0.000000000000000000e+00
1.004155158996582031e+01 -4.444480895996093750e+00 0.000000000000000000e+00
1.179921817779541016e+01 -7.185938358306884766e+00 0.000000000000000000e+00
4.297185420989990234e+00 -1.435379028320312500e+01 0.000000000000000000e+00
-2.568030595779418945e+00 1.691119956970214844e+01 0.000000000000000000e+00
-1.175315952301025391e+01 -1.254383087158203125e+01 0.000000000000000000e+00
1.185601997375488281e+01 9.372563362121582031e-01 0.000000000000000000e+00
1.026663494110107422e+01 7.242842912673950195e-01 0.000000000000000000e+00
-1.112767124176025391e+01 8.035807609558105469e+00 0.000000000000000000e+00
1.632798004150390625e+01 -4.664216518402099609e+00 0.000000000000000000e+00
8.309203147888183594e+00 -7.292843341827392578e+00 0.000000000000000000e+00
-4.205162525177001953e+00 -8.890699386596679688e+00 0.000000000000000000e+00
6.471552371978759766e+00 7.670969486236572266e+00 0.000000000000000000e+00
-3.638695716857910156e+00 -1.448422622680664062e+01 0.000000000000000000e+00
1.284843349456787109e+01 5.180981159210205078e+00 0.000000000000000000e+00
-9.940361022949218750e+00 -5.302114009857177734e+00 0.000000000000000000e+00
-7.747679710388183594e+00 -1.183162212371826172e+01 0.000000000000000000e+00
-1.012756061553955078e+01 2.166017055511474609e+00 0.000000000000000000e+00
2.298413276672363281e+00 -1.401297569274902344e+01 0.000000000000000000e+00
-8.451819419860839844e+00 9.957389831542968750e+00 0.000000000000000000e+00
5.040245652198791504e-01 -1.450020074844360352e+00 0.000000000000000000e+00
-1.220896720886230469e+01 1.157014846801757812e+01 0.000000000000000000e+00
-9.375679969787597656e+00 1.336203289031982422e+01 0.000000000000000000e+00
-1.022286891937255859e+00 -5.738297462463378906e+00 0.000000000000000000e+00
4.896064758300781250e+00 -8.772095680236816406e+00 0.000000000000000000e+00
1.018891716003417969e+01 -6.716035366058349609e+00 0.000000000000000000e+00
3.899781703948974609e+00 5.491730213165283203e+00 0.000000000000000000e+00
8.803077697753906250e+00 2.626351118087768555e+00 0.000000000000000000e+00
9.179341316223144531e+00 1.486052322387695312e+01 0.000000000000000000e+00
-1.998709678649902344e+00 -1.189525318145751953e+01 0.000000000000000000e+00
-2.655038118362426758e+00 6.456152439117431641e+00 0.000000000000000000e+00
-1.289108085632324219e+01 4.343140602111816406e+00 0.000000000000000000e+00
5.333264350891113281e+00 4.375024318695068359e+00 0.000000000000000000e+00
-4.685888290405273438e+00 4.638516426086425781e+00 0.000000000000000000e+00
7.512629032135009766e+00 -1.357679843902587891e+01 0.000000000000000000e+00
1.716533088684082031e+01 3.082850933074951172e+00 0.000000000000000000e+00
7.263502478599548340e-02 -8.932402610778808594e+00 0.000000000000000000e+00
2.030244350433349609e+00 2.990501880645751953e+00 0.000000000000000000e+00
-8.259091377258300781e+00 -1.396240806579589844e+01 0.000000000000000000e+00
