-5.088833332061767578e+00 1.010270500183105469e+01 0.000000000000000000e+00
9.406216621398925781e+00 -7.575459957122802734e+00 0.000000000000000000e+00
7.967893600463867188e+00 1.795624852180480957e+00 0.000000000000000000e+00
9.265257835388183594e+00 1.212541961669921875e+01 0.000000000000000000e+00
2.144252300262451172e+00 6.536776065826416016e+00 0.000000000000000000e+00
-3.844948053359985352e+00 -1.543279743194580078e+01 0.000000000000000000e+00
8.572075963020324707e-01 7.563961744308471680e-01 0.000000000000000000e+00
1.251405525207519531e+01 9.755932807922363281e+00 0.000000000000000000e+00
-4.216743707656860352e-01 1.078125858306884766e+01 0.000000000000000000e+00
1.262844944000244141e+01 -4.124506950378417969e+00 0.000000000000000000e+00
5.496140480041503906e+00 -1.533003711700439453e+01 0.000000000000000000e+00
1.991148710250854492e+00 -1.065132141113281250e+00 0.000000000000000000e+00
9.169234275817871094e+00 1.386356639862060547e+01 0.000000000000000000e+00
-1.363741874694824219e+01 -6.649780869483947754e-01 0.000000000000000000e+00
-1.309546852111816406e+01 5.326070785522460938e+00 0.000000000000000000e+00
-8.601835250854492188e+00 -1.953120470046997070e+00 0.000000000000000000e+00
1.446964073181152344e+01 7.745998382568359375e+00 0.000000000000000000e+00
-4.761775970458984375e+00 7.196949005126953125e+00 0.000000000000000000e+00
1.851730495691299438e-01 2.976083755493164062e+00 0.000000000000000000e+00
-4.521718919277191162e-01 -6.922707080841064453e+00 0.000000000000000000e+00
-2.841024160385131836e+00 1.001693439483642578e+01 0.000000000000000000e+00
4.544376373291015625e+00 1.584994411468505859e+01 0.000000000000000000e+00
-1.173730134963989258e+00 -2.084471732378005981e-01 0.000000000000000000e+00
4.616977214813232422e+00 -7.829731941223144531e+00 0.000000000000000000e+00
-3.473462820053100586e+00 -1.699930191040039062e+01 0.000000000000000000e+00
-8.922541618347167969e+00 2.075269937515258789e+00 0.000000000000000000e+00
1.254109668731689453e+01 7.147224903106689453e+00 0.000000000000000000e+00
-6.515759468078613281e+00 -1.590578842163085938e+01 0.000000000000000000e+00
8.999468088150024414e-01 -1.341978454589843750e+01 0.000000000000000000e+00
1.445568943023681641e+01 -7.018880844116210938e+00 0.000000000000000000e+00
3.031204044818878174e-01 -1.729218482971191406e+01 0.000000000000000000e+00
-5.052951335906982422e+00 1.275955772399902344e+01 0.000000000000000000e+00
-1.342347526550292969e+01 9.067086219787597656e+00 0.000000000000000000e+00
-8.985864639282226562e+00 -7.961956977844238281e+00 0.000000000000000000e+00
1.047424983978271484e+01 -3.059777736663818359e+00 0.000000000000000000e+00
8.469361305236816406e+00 6.456170558929443359e+00 0.000000000000000000e+00
-1.608053088188171387e+00 -1.613095092773437500e+01 0.000000000000000000e+00
9.622803688049316406e+00 -1.413136291503906250e+01 0.000000000000000000e+00
-5.005366802215576172e+00 3.223737239837646484e+00 0.000000000000000000e+00
2.463550090789794922e+00 -6.188212394714355469e+00 0.000000000000000000e+00
1.278795242309570312e+01 -1.193919181823730469e+01 0.000000000000000000e+00
-5.687923908233642578e+00 -1.280181121826171875e+01 0.000000000000000000e+00
-7.754610776901245117e-01 -1.187429428100585938e+01 0.000000000000000000e+00
-1.017190742492675781e+01 -1.243123149871826172e+01 0.000000000000000000e+00
9.389073252677917480e-01 -9.133061408996582031e+00 0.000000000000000000e+00
-4.774089813232421875e+00 -8.562142372131347656e+00 0.000000000000000000e+00
-2.024533510208129883e+00 4.688956737518310547e+00 0.000000000000000000e+00
-3.029455423355102539e+00 -1.166778469085693359e+01 0.000000000000000000e+00
4.329829216003417969e+00 -5.266887187957763672e+00 0.000000000000000000e+00
1.634874343872070312e+01 3.904871940612792969e+00 0.000000000000000000e+00
7.602373123168945312e+00 4.205560207366943359e+00 0.000000000000000000e+00
8.687656402587890625e+00 -1.264719390869140625e+01 0.000000000000000000e+00
-2.374612092971801758e+00 8.009501457214355469e+00 0.000000000000000000e+00
-4.788594722747802734e+00 1.507096481323242188e+01 0.000000000000000000e+00
2.786864995956420898e+00 -1.359752845764160156e+01 0.000000000000000000e+00
-6.535379409790039062e+00 1.113971233367919922e+01 0.000000000000000000e+00
-3.105286121368408203e+00 -1.333875942230224609e+01 0.000000000000000000e+00
-2.549579143524169922e-01 1.338101768493652344e+01 0.000000000000000000e+00
1.495592975616455078e+01 -1.590014100074768066e+00 0.000000000000000000e+00
6.475189208984375000e+00 -4.465321540832519531e+00 0.000000000000000000e+00
-1.533557510375976562e+01 2.027446269989013672e+00 0.000000000000000000e+00
-1.179056930541992188e+01 8.784280776977539062e+00 0.000000000000000000e+00
-1.896244436502456665e-01 5.388208866119384766e+00 0.000000000000000000e+00
1.066156005859375000e+01 -5.317957997322082520e-01 0.000000000000000000e+00
-2.631363391876220703e+00 1.605934524536132812e+01 0.000000000000000000e+00
-2.568274974822998047e+00 -9.927116394042968750e+00 0.000000000000000000e+00
8.656289100646972656e+00 -1.474460244178771973e+00 0.000000000000000000e+00
1.024313640594482422e+01 -1.153382873535156250e+01 0.000000000000000000e+00
8.404710292816162109e-01 8.685965538024902344e+00 0.000000000000000000e+00
6.957964897155761719e+00 -7.100418090820312500e+00 0.000000000000000000e+00
-6.260583400726318359e+00 -1.326503753662109375e+00 0.000000000000000000e+00
-1.296490383148193359e+01 -5.767482757568359375e+00 0.000000000000000000e+00
-1.042961502075195312e+01 -7.288818359375000000e+00 0.000000000000000000e+00
-1.755451321601867676e+00 2.953018665313720703e+00 0.000000000000000000e+00
-1.221598434448242188e+01 1.692563772201538086e+00 0.000000000000000000e+00
4.422111988067626953e+00 5.912581443786621094e+00 0.000000000000000000e+00
7.086395740509033203e+00 -1.246758365631103516e+01 0.000000000000000000e+00
-1.367630767822265625e+01 -2.844174623489379883e+00 0.000000000000000000e+00
-1.576185607910156250e+01 -1.591145157814025879e+00 0.000000000000000000e+00
-7.972744941711425781e+00 8.786881446838378906e+00 0.000000000000000000e+00
1.712656021118164062e+01 -1.193347930908203125e+00 0.000000000000000000e+00
1.058194875717163086e+00 1.241106414794921875e+01 0.000000000000000000e+00
1.234473705291748047e+01 -7.060747623443603516e+00 0.000000000000000000e+00
1.033887958526611328e+01 9.356592178344726562e+00 0.000000000000000000e+00
-3.714750766754150391e+00 5.511329174041748047e+00 0.000000000000000000e+00
-8.428818702697753906e+00 1.163528060913085938e+01 0.000000000000000000e+00
-1.293058967590332031e+01 -1.057123088836669922e+01 0.000000000000000000e+00
8.411876678466796875e+00 -8.815830230712890625e+00 0.000000000000000000e+00
-5.558124065399169922e+00 -1.005631732940673828e+01 0.000000000000000000e+00
-1.727133369445800781e+01 -1.563612103462219238e+00 0.000000000000000000e+00
-1.180929279327392578e+01 -3.215339899063110352e+00 0.000000000000000000e+00
-9.043184280395507812e+00 1.300385147333145142e-01 0.000000000000000000e+00
-1.678993034362792969e+01 3.290838956832885742e+00 0.000000000000000000e+00
3.316724777221679688e+00 -1.706490707397460938e+01 0.000000000000000000e+00
-4.686760902404785156e+00 -2.453172445297241211e+00 0.000000000000000000e+00
-2.220745801925659180e+00 -7.520833492279052734e+00 0.000000000000000000e+00
9.351226687431335449e-01 -3.484315156936645508e+00 0.000000000000000000e+00
6.771607398986816406e+00 7.035938739776611328e+00 0.000000000000000000e+00
-8.343607902526855469e+00 6.457713127136230469e+00 0.000000000000000000e+00
-8.248138427734375000e+00 -1.232431221008300781e+01 0.000000000000000000e+00
8.065056800842285156e+00 9.349230766296386719e+00 0.000000000000000000e+00
9.478610038757324219e+00 2.144842147827148438e+00 0.000000000000000000e+00
1.296865940093994141e+01 -8.780439376831054688e+00 0.000000000000000000e+00
3.864776849746704102e+00 2.644610881805419922e+00 0.000000000000000000e+00
7.966740131378173828e+00 -3.417432069778442383e+00 0.000000000000000000e+00
-9.386309981346130371e-01 8.780281066894531250e+00 0.000000000000000000e+00
-4.805845260620117188e+00 1.506070017814636230e+00 0.000000000000000000e+00
1.282819747924804688e+01 3.840372562408447266e+00 0.000000000000000000e+00
-1.183471965789794922e+01 1.249818992614746094e+01 0.000000000000000000e+00
-1.164429855346679688e+01 6.527318000793457031e+00 0.000000000000000000e+00
-6.192051887512207031e+00 3.314441442489624023e-01 0.000000000000000000e+00
-1.550118637084960938e+01 6.765084743499755859e+00 0.000000000000000000e+00
-1.542455863952636719e+01 -3.560946941375732422e+00 0.000000000000000000e+00
5.813585758209228516e+00 -1.014095115661621094e+01 0.000000000000000000e+00
4.750671386718750000e+00 1.282334208488464355e+00 0.000000000000000000e+00
-5.039875030517578125e+00 -1.637244606018066406e+01 0.000000000000000000e+00
4.598640203475952148e-01 -1.076339244842529297e+01 0.000000000000000000e+00
5.929872035980224609e+00 1.146291732788085938e+01 0.000000000000000000e+00
-9.524435997009277344e+00 -1.080476188659667969e+01 0.000000000000000000e+00
-5.728638648986816406e+00 -1.442747116088867188e+01 0.000000000000000000e+00
1.110703945159912109e+01 1.504945397377014160e+00 0.000000000000000000e+00
-9.714614868164062500e+00 7.566253185272216797e+00 0.000000000000000000e+00
3.393588960170745850e-01 6.998940467834472656e+00 0.000000000000000000e+00
-3.549990177154541016e+00 -6.738473415374755859e+00 0.000000000000000000e+00
2.443099021911621094e-01 1.670255851745605469e+01 0.000000000000000000e+00
6.026277542114257812e+00 -6.678363680839538574e-01 0.000000000000000000e+00
5.737938880920410156e+00 8.284624099731445312e+00 0.000000000000000000e+00
-1.018502235412597656e+01 3.902141094207763672e+00 0.000000000000000000e+00
2.894500970840454102e+00 1.398612213134765625e+01 0.000000000000000000e+00
-6.062717914581298828e+00 6.015619277954101562e+00 0.000000000000000000e+00
-6.233687400817871094e+00 1.607013893127441406e+01 0.000000000000000000e+00
-1.123817443847656250e+00 1.453076958656311035e+00 0.000000000000000000e+00
5.337724685668945312e+00 1.386838722229003906e+01 0.000000000000000000e+00
-1.023049449920654297e+01 -5.048300743103027344e+00 0.000000000000000000e+00
1.491449165344238281e+01 1.796681165695190430e+00 0.000000000000000000e+00
-4.760899066925048828e+00 -2.510077655315399170e-01 0.000000000000000000e+00
-1.059622097015380859e+01 1.644089460372924805e+00 0.000000000000000000e+00
-8.069860458374023438e+00 1.450668430328369141e+01 0.000000000000000000e+00
-8.554966926574707031e+00 -1.486399459838867188e+01 0.000000000000000000e+00
-7.061409950256347656e+00 4.111858367919921875e+00 0.000000000000000000e+00
-8.697566986083984375e-01 -9.862728118896484375e+00 0.000000000000000000e+00
5.604425430297851562e+00 -2.771635055541992188e+00 0.000000000000000000e+00
1.097015571594238281e+01 -5.437864303588867188e+00 0.000000000000000000e+00
1.418167018890380859e+01 -5.523227214813232422e+00 0.000000000000000000e+00
3.914974212646484375e+00 -1.233328723907470703e+01 0.000000000000000000e+00
1.525029540061950684e+00 1.467171192169189453e+01 0.000000000000000000e+00
8.146496772766113281e+00 -1.088051319122314453e+01 0.000000000000000000e+00
3.542798519134521484e+00 8.465003013610839844e+00 0.000000000000000000e+00
1.043766880035400391e+01 7.090913772583007812e+00 0.000000000000000000e+00
-9.648525238037109375e+00 1.278059387207031250e+01 0.000000000000000000e+00
-1.955862879753112793e+00 -2.605296373367309570e+00 0.000000000000000000e+00
-8.287022590637207031e+00 -9.824409484863281250e+00 0.000000000000000000e+00
3.638920545578002930e+00 -2.911250591278076172e-01 0.000000000000000000e+00
-8.830680251121520996e-01 -5.114852428436279297e+00 0.000000000000000000e+00
7.221838951110839844e+00 1.395836544036865234e+01 0.000000000000000000e+00
-1.672055816650390625e+01 7.754579186439514160e-01 0.000000000000000000e+00
2.539789199829101562e+00 9.966699600219726562e+00 0.000000000000000000e+00
2.422986984252929688e+00 1.652485466003417969e+01 0.000000000000000000e+00
-1.346824169158935547e-01 -1.574596691131591797e+01 0.000000000000000000e+00
1.458298206329345703e+01 -4.059264659881591797e+00 0.000000000000000000e+00
1.734751129150390625e+01 1.123506069183349609e+00 0.000000000000000000e+00
7.150557518005371094e+00 -1.886229634284973145e+00 0.000000000000000000e+00
-7.548924446105957031e+00 -3.870491504669189453e+00 0.000000000000000000e+00
4.705457210540771484e+00 -1.498846173286437988e+00 0.000000000000000000e+00
-2.154156684875488281e+00 6.370048999786376953e+00 0.000000000000000000e+00
9.966981887817382812e+00 -9.659908294677734375e+00 0.000000000000000000e+00
-6.358936309814453125e+00 -7.467316627502441406e+00 0.000000000000000000e+00
-6.924345016479492188e+00 7.657404899597167969e+00 0.000000000000000000e+00
2.650232076644897461e+00 1.197403049468994141e+01 0.000000000000000000e+00
-5.237181663513183594e+00 -4.239974498748779297e+00 0.000000000000000000e+00
-1.578121280670166016e+01 -7.350414752960205078e+00 0.000000000000000000e+00
-3.385530710220336914e+00 -5.059271335601806641e+00 0.000000000000000000e+00
1.828644871711730957e+00 -7.603936672210693359e+00 0.000000000000000000e+00
-9.847726821899414062e+00 1.019143104553222656e+01 0.000000000000000000e+00
-6.876697540283203125e+00 -1.144669342041015625e+01 0.000000000000000000e+00
-1.435413074493408203e+01 -6.492283344268798828e+00 0.000000000000000000e+00
7.102509021759033203e+00 1.579662609100341797e+01 0.000000000000000000e+00
1.428939342498779297e+01 3.341119289398193359e+00 0.000000000000000000e+00
-1.097377395629882812e+01 -1.330329298973083496e+00 0.000000000000000000e+00
1.077247142791748047e+01 -1.308815002441406250e+01 0.000000000000000000e+00
-1.704099655151367188e+01 -3.136155843734741211e+00 0.000000000000000000e+00
4.702956199645996094e+00 4.200851917266845703e+00 0.000000000000000000e+00
2.313078641891479492e+00 3.266764640808105469e+00 0.000000000000000000e+00
9.432853698730468750e+00 -5.853299617767333984e+00 0.000000000000000000e+00
7.448348045349121094e+00 -1.490335559844970703e+01 0.000000000000000000e+00
4.149798393249511719e+00 -9.960112571716308594e+00 0.000000000000000000e+00
-3.942940711975097656e+00 1.686861228942871094e+01 0.000000000000000000e+00
-2.561187028884887695e+00 1.454553318023681641e+01 0.000000000000000000e+00
9.066259384155273438e+00 4.482319355010986328e-01 0.000000000000000000e+00
-1.257499313354492188e+01 -7.981040477752685547e+00 0.000000000000000000e+00
1.591854953765869141e+01 6.110863208770751953e+00 0.000000000000000000e+00
1.299830532073974609e+01 -1.421321742236614227e-02 0.000000000000000000e+00
6.536485195159912109e+00 1.175492167472839355e+00 0.000000000000000000e+00
1.565279865264892578e+01 4.962957277894020081e-02 0.000000000000000000e+00
2.135250568389892578e+00 -1.008145046234130859e+01 0.000000000000000000e+00
-1.411440181732177734e+01 3.126985549926757812e+00 0.000000000000000000e+00
1.069003343582153320e+00 4.558941364288330078e+00 0.000000000000000000e+00
-6.811328887939453125e+00 -5.803209304809570312e+00 0.000000000000000000e+00
1.442035388946533203e+01 5.223198890686035156e+00 0.000000000000000000e+00
1.120635890960693359e+01 -8.295675277709960938e+00 0.000000000000000000e+00
1.145852947235107422e+01 1.089469718933105469e+01 0.000000000000000000e+00
1.614918327331542969e+01 -6.713822364807128906e+00 0.000000000000000000e+00
-1.198529529571533203e+01 -1.952908486127853394e-01 0.000000000000000000e+00
-9.737013816833496094e+00 -3.154892683029174805e+00 0.000000000000000000e+00
-1.220734596252441406e+00 1.535398006439208984e+01 0.000000000000000000e+00
-5.008489608764648438e+00 -6.357336044311523438e+00 0.000000000000000000e+00
3.310830831527709961e+00 -1.501037883758544922e+01 0.000000000000000000e+00
3.833574295043945312e+00 -3.352098226547241211e+00 0.000000000000000000e+00
-2.915667057037353516e+00 6.992147564888000488e-01 0.000000000000000000e+00
-8.357768058776855469e+00 -5.351190090179443359e+00 0.000000000000000000e+00
7.290768623352050781e+00 1.216190910339355469e+01 0.000000000000000000e+00
5.313712596893310547e+00 -1.359783363342285156e+01 0.000000000000000000e+00
-1.557619190216064453e+01 -5.075820446014404297e+00 0.000000000000000000e+00
1.972982168197631836e+00 -1.620047950744628906e+01 0.000000000000000000e+00
-1.671165275573730469e+01 4.861316680908203125e+00 0.000000000000000000e+00
1.141227531433105469e+01 1.318922996520996094e+01 0.000000000000000000e+00
9.222272872924804688e+00 4.933941364288330078e+00 0.000000000000000000e+00
1.268240165710449219e+01 1.177559852600097656e+01 0.000000000000000000e+00
1.514031219482421875e+01 -8.742049217224121094e+00 0.000000000000000000e+00
-1.176431274414062500e+01 4.434103488922119141e+00 0.000000000000000000e+00
-2.285620927810668945e+00 -1.463177680969238281e+01 0.000000000000000000e+00
-1.171447467803955078e+01 1.043891906738281250e+01 0.000000000000000000e+00
-1.495858383178710938e+01 -8.722376823425292969e+00 0.000000000000000000e+00
1.390484523773193359e+01 -2.680240631103515625e+00 0.000000000000000000e+00
-3.479300022125244141e+00 1.308998775482177734e+01 0.000000000000000000e+00
1.165236854553222656e+01 -1.811742067337036133e+00 0.000000000000000000e+00
6.154517650604248047e+00 3.433899641036987305e+00 0.000000000000000000e+00
-6.435905456542968750e+00 1.431566905975341797e+01 0.000000000000000000e+00
-1.482896518707275391e+01 5.423925399780273438e+00 0.000000000000000000e+00
1.092459583282470703e+01 3.888751745223999023e+00 0.000000000000000000e+00
5.577849388122558594e+00 -6.305710315704345703e+00 0.000000000000000000e+00
-1.161327648162841797e+01 -9.331385612487792969e+00 0.000000000000000000e+00
1.361893939971923828e+01 -1.057398700714111328e+01 0.000000000000000000e+00
1.641361045837402344e+01 -3.311202764511108398e+00 0.000000000000000000e+00
4.749405860900878906e+00 9.485506057739257812e+00 0.000000000000000000e+00
-1.390512657165527344e+01 1.302622675895690918e+00 0.000000000000000000e+00
4.418472766876220703e+00 1.259219264984130859e+01 0.000000000000000000e+00
-2.245008468627929688e+00 1.156497764587402344e+01 0.000000000000000000e+00
-8.564086914062500000e+00 4.110370159149169922e+00 0.000000000000000000e+00
6.357689857482910156e+00 9.844899177551269531e+00 0.000000000000000000e+00
2.706156492233276367e+00 -4.434912204742431641e+00 0.000000000000000000e+00
-1.280450582504272461e+00 1.708583068847656250e+01 0.000000000000000000e+00
-7.071727752685546875e+00 1.894114851951599121e+00 0.000000000000000000e+00
7.887107849121093750e+00 -5.089032649993896484e+00 0.000000000000000000e+00
-1.507420730590820312e+01 1.155355200171470642e-01 0.000000000000000000e+00
-9.546906471252441406e+00 5.419684886932373047e+00 0.000000000000000000e+00
-1.482464599609375000e+01 8.274106025695800781e+00 0.000000000000000000e+00
-2.609742879867553711e+00 -1.020289421081542969e+00 0.000000000000000000e+00
-1.343141365051269531e+01 1.058413791656494141e+01 0.000000000000000000e+00
2.651876688003540039e+00 1.303765177726745605e+00 0.000000000000000000e+00
-1.059942913055419922e+01 1.157398033142089844e+01 0.000000000000000000e+00
7.525447845458984375e+00 -1.217309832572937012e-01 0.000000000000000000e+00
7.246356606483459473e-01 -5.728069305419921875e+00 0.000000000000000000e+00
1.114903640747070312e+01 5.436967372894287109e+00 0.000000000000000000e+00
-9.113036990165710449e-01 -1.397751045227050781e+01 0.000000000000000000e+00
5.930874347686767578e+00 5.580367088317871094e+00 0.000000000000000000e+00
