-1.464786338806152344e+01 8.193861007690429688e+00 0.000000000000000000e+00
1.562336921691894531e+01 -6.606468677520751953e+00 0.000000000000000000e+00
-1.414472937583923340e+00 1.122389698028564453e+01 0.000000000000000000e+00
-1.351898550987243652e+00 -2.601561784744262695e+00 0.000000000000000000e+00
-6.670351505279541016e+00 1.345216512680053711e+00 0.000000000000000000e+00
3.831817626953125000e+00 5.731640815734863281e+00 0.000000000000000000e+00
-2.412481546401977539e+00 -1.428143024444580078e+01 0.000000000000000000e+00
-8.476879119873046875e+00 -2.670355319976806641e+00 0.000000000000000000e+00
1.224985599517822266e+01 8.723951339721679688e+00 0.000000000000000000e+00
-1.096649074554443359e+01 2.592773199081420898e+00 0.000000000000000000e+00
3.386492729187011719e+00 -2.773266315460205078e+00 0.000000000000000000e+00
1.716761398315429688e+01 -8.718279600143432617e-01 0.000000000000000000e+00
1.194602108001708984e+01 1.199402809143066406e+01 0.000000000000000000e+00
-1.239378070831298828e+01 -7.242046833038330078e+00 0.000000000000000000e+00
-3.386183261871337891e+00 4.345650196075439453e+00 0.000000000000000000e+00
7.079106807708740234e+00 -1.536488056182861328e+01 0.000000000000000000e+00
6.343316078186035156e+00 -8.804294586181640625e+00 0.000000000000000000e+00
4.991957664489746094e+00 -5.794272422790527344e+00 0.000000000000000000e+00
3.985507249832153320e+00 2.106910467147827148e+00 0.000000000000000000e+00
-1.051979541778564453e+01 -8.184230327606201172e-02 0.000000000000000000e+00
-6.817561626434326172e+00 -1.526534175872802734e+01 0.000000000000000000e+00
7.818327844142913818e-02 1.004688072204589844e+01 0.000000000000000000e+00
-1.407335567474365234e+01 3.713496685028076172e+00 0.000000000000000000e+00
6.519153118133544922e+00 -6.212732315063476562e+00 0.000000000000000000e+00
9.724644660949707031e+00 9.873767852783203125e+00 0.000000000000000000e+00
-1.687255287170410156e+01 1.117021515965461731e-01 0.000000000000000000e+00
-9.729286193847656250e+00 -1.411358714103698730e+00 0.000000000000000000e+00
-1.261859416961669922e+00 -9.840688705444335938e+00 0.000000000000000000e+00
8.160730361938476562e+00 3.741036653518676758e-01 0.000000000000000000e+00
-1.491850090026855469e+01 5.018594264984130859e+00 0.000000000000000000e+00
7.424423694610595703e+00 -1.237447547912597656e+01 0.000000000000000000e+00
-1.134055995941162109e+01 -1.067056465148925781e+01 0.000000000000000000e+00
-1.479693603515625000e+01 2.105618238449096680e+00 0.000000000000000000e+00
-1.424455356597900391e+01 -8.727966308593750000e+00 0.000000000000000000e+00
7.889248371124267578e+00 4.198591232299804688e+00 0.000000000000000000e+00
1.833209991455078125e+00 -2.792054653167724609e+00 0.000000000000000000e+00
-1.073504447937011719e+01 -3.164450407028198242e+00 0.000000000000000000e+00
-2.915356874465942383e+00 -5.933265209197998047e+00 0.000000000000000000e+00
-1.379616546630859375e+01 9.867455482482910156e+00 0.000000000000000000e+00
-5.504333019256591797e+00 7.743270874023437500e+00 0.000000000000000000e+00
-1.345634078979492188e+01 -5.285683631896972656e+00 0.000000000000000000e+00
-4.645988464355468750e+00 -1.226224708557128906e+01 0.000000000000000000e+00
4.917124271392822266e+00 3.978976726531982422e+00 0.000000000000000000e+00
-5.406335830688476562e+00 1.093593215942382812e+01 0.000000000000000000e+00
-1.434107398986816406e+01 -2.861971616744995117e+00 0.000000000000000000e+00
1.517608165740966797e+01 5.615219593048095703e+00 0.000000000000000000e+00
-4.719806194305419922e+00 -5.943374037742614746e-01 0.000000000000000000e+00
-1.614903926849365234e+00 -4.458298683166503906e+00 0.000000000000000000e+00
1.088637351989746094e+01 1.339836025238037109e+01 0.000000000000000000e+00
5.402610778808593750e+00 1.162646484375000000e+01 0.000000000000000000e+00
2.940070331096649170e-01 -7.265277385711669922e+00 0.000000000000000000e+00
-8.394610404968261719e+00 -8.377502441406250000e+00 0.000000000000000000e+00
1.193533182144165039e+00 -1.541139888763427734e+01 0.000000000000000000e+00
1.690957784652709961e+00 1.147840976715087891e+01 0.000000000000000000e+00
-1.245968937873840332e+00 -6.519546031951904297e+00 0.000000000000000000e+00
1.318669915199279785e+00 2.585396289825439453e+00 0.000000000000000000e+00
-5.937944650650024414e-01 -1.342804527282714844e+01 0.000000000000000000e+00
-8.104822158813476562e+00 -5.968614220619201660e-01 0.000000000000000000e+00
8.045597076416015625e+00 1.420944404602050781e+01 0.000000000000000000e+00
1.022882843017578125e+01 -9.139891624450683594e+00 0.000000000000000000e+00
-2.564508914947509766e+00 1.317138910293579102e+00 0.000000000000000000e+00
-9.409525871276855469e+00 1.267217636108398438e+01 0.000000000000000000e+00
-1.577518939971923828e+01 -1.190985202789306641e+00 0.000000000000000000e+00
-5.710621833801269531e+00 5.797295570373535156e+00 0.000000000000000000e+00
3.300959348678588867e+00 -5.625467777252197266e+00 0.000000000000000000e+00
-6.150002002716064453e+00 1.510644721984863281e+01 0.000000000000000000e+00
1.830958843231201172e+00 1.703049659729003906e+01 0.000000000000000000e+00
1.333833599090576172e+01 -9.801201820373535156e+00 0.000000000000000000e+00
-7.112852573394775391e+00 -4.329740047454833984e+00 0.000000000000000000e+00
-4.563645273447036743e-02 -4.516143798828125000e+00 0.000000000000000000e+00
-1.239363288879394531e+01 1.420410513877868652e+00 0.000000000000000000e+00
5.737677574157714844e+00 -5.847514867782592773e-01 0.000000000000000000e+00
5.860409259796142578e+00 -1.213210105895996094e+01 0.000000000000000000e+00
3.546555042266845703e+00 1.127867317199707031e+01 0.000000000000000000e+00
-5.618888139724731445e-01 7.459566116333007812e+00 0.000000000000000000e+00
1.431259441375732422e+01 -1.717756271362304688e+00 0.000000000000000000e+00
5.209696292877197266e+00 -1.546383571624755859e+01 0.000000000000000000e+00
-7.255994796752929688e+00 1.326853084564208984e+01 0.000000000000000000e+00
3.207287073135375977e+00 9.054697036743164062e+00 0.000000000000000000e+00
3.153828620910644531e+00 4.387940883636474609e+00 0.000000000000000000e+00
1.191643714904785156e+00 -1.031713008880615234e+01 0.000000000000000000e+00
1.668262243270874023e+00 5.450430870056152344e+00 0.000000000000000000e+00
6.515576839447021484e-01 1.451125240325927734e+01 0.000000000000000000e+00
-8.659827232360839844e+00 3.108127832412719727e+00 0.000000000000000000e+00
-9.653999328613281250e+00 7.371043205261230469e+00 0.000000000000000000e+00
2.650962583720684052e-02 3.525294065475463867e+00 0.000000000000000000e+00
-9.558045387268066406e+00 -1.123045444488525391e+01 0.000000000000000000e+00
-1.211544513702392578e+01 8.923662185668945312e+00 0.000000000000000000e+00
-1.502312469482421875e+01 -4.622073650360107422e+00 0.000000000000000000e+00
3.227088928222656250e+00 -1.333335018157958984e+01 0.000000000000000000e+00
-3.381686210632324219e+00 -1.592537498474121094e+01 0.000000000000000000e+00
-2.515213012695312500e+00 1.366827201843261719e+01 0.000000000000000000e+00
-2.101934432983398438e+00 -7.951734542846679688e+00 0.000000000000000000e+00
-8.443576812744140625e+00 1.092598819732666016e+01 0.000000000000000000e+00
-6.164851188659667969e+00 -7.640339374542236328e+00 0.000000000000000000e+00
1.235364055633544922e+01 3.454926729202270508e+00 0.000000000000000000e+00
1.055411243438720703e+01 -5.263367176055908203e+00 0.000000000000000000e+00
-1.107115936279296875e+01 1.213029861450195312e+01 0.000000000000000000e+00
-3.502187013626098633e+00 1.670320510864257812e+01 0.000000000000000000e+00
1.032037639617919922e+01 4.820831775665283203e+00 0.000000000000000000e+00
-3.854049742221832275e-01 -1.148985862731933594e+01 0.000000000000000000e+00
-1.555751705169677734e+01 -6.326557159423828125e+00 0.000000000000000000e+00
-6.986530780792236328e+00 4.095142841339111328e+00 0.000000000000000000e+00
-3.811055049300193787e-02 -1.629157257080078125e+01 0.000000000000000000e+00
4.205278396606445312e+00 -9.462843894958496094e+00 0.000000000000000000e+00
-4.353463649749755859e+00 1.733154416084289551e+00 0.000000000000000000e+00
-7.502280235290527344e+00 -1.006793594360351562e+01 0.000000000000000000e+00
5.499587535858154297e+00 1.381616687774658203e+01 0.000000000000000000e+00
9.288486480712890625e+00 7.827307224273681641e+00 0.000000000000000000e+00
7.648783683776855469e+00 -4.484672546386718750e+00 0.000000000000000000e+00
-8.146961212158203125e+00 -1.176946640014648438e+01 0.000000000000000000e+00
-1.167406201362609863e+00 -4.845393002033233643e-01 0.000000000000000000e+00
-5.941633224487304688e+00 9.322160720825195312e+00 0.000000000000000000e+00
5.493852615356445312e+00 -1.057020854949951172e+01 0.000000000000000000e+00
-1.057497882843017578e+01 -8.984091758728027344e+00 0.000000000000000000e+00
8.951899528503417969e+00 -1.274018955230712891e+01 0.000000000000000000e+00
-2.733261585235595703e+00 1.031664562225341797e+01 0.000000000000000000e+00
-1.111325073242187500e+01 -4.856643676757812500e+00 0.000000000000000000e+00
1.476874828338623047e+01 6.647626757621765137e-01 0.000000000000000000e+00
1.244632434844970703e+01 1.061742901802062988e+00 0.000000000000000000e+00
-1.282765293121337891e+01 -2.268052816390991211e+00 0.000000000000000000e+00
-4.366271972656250000e+00 -3.381329774856567383e+00 0.000000000000000000e+00
1.419399547576904297e+01 9.611444473266601562e+00 0.000000000000000000e+00
1.216512870788574219e+01 -1.147057723999023438e+01 0.000000000000000000e+00
7.750830650329589844e+00 1.248656082153320312e+01 0.000000000000000000e+00
-3.334579944610595703e+00 -9.381605148315429688e+00 0.000000000000000000e+00
1.656256294250488281e+01 2.482562541961669922e+00 0.000000000000000000e+00
1.384847259521484375e+01 1.930712103843688965e+00 0.000000000000000000e+00
-1.064144897460937500e+01 -1.347330570220947266e+01 0.000000000000000000e+00
8.531384468078613281e+00 6.206294059753417969e+00 0.000000000000000000e+00
9.483632087707519531e+00 -1.242513656616210938e+00 0.000000000000000000e+00
-1.354745197296142578e+01 -6.263121366500854492e-01 0.000000000000000000e+00
-1.635087013244628906e+01 5.537281513214111328e+00 0.000000000000000000e+00
-1.359044075012207031e+01 5.911987304687500000e+00 0.000000000000000000e+00
4.856741905212402344e+00 8.765607833862304688e+00 0.000000000000000000e+00
1.364721775054931641e+01 -7.139399528503417969e+00 0.000000000000000000e+00
-9.490182876586914062e+00 -6.381155490875244141e+00 0.000000000000000000e+00
-1.340291976928710938e+00 2.763725996017456055e+00 0.000000000000000000e+00
-1.653725242614746094e+01 -4.749668121337890625e+00 0.000000000000000000e+00
3.955401659011840820e+00 1.400674819946289062e+01 0.000000000000000000e+00
-1.818316102027893066e+00 -1.735901451110839844e+01 0.000000000000000000e+00
6.308769226074218750e+00 1.765646696090698242e+00 0.000000000000000000e+00
-8.976527214050292969e+00 1.471716213226318359e+01 0.000000000000000000e+00
7.910807132720947266e+00 1.030147552490234375e+01 0.000000000000000000e+00
-1.030462455749511719e+01 1.044979286193847656e+01 0.000000000000000000e+00
-3.340093851089477539e+00 -1.103605747222900391e+01 0.000000000000000000e+00
6.476090431213378906e+00 9.438852310180664062e+00 0.000000000000000000e+00
1.603080558776855469e+01 -4.645344734191894531e+00 0.000000000000000000e+00
-3.467283248901367188e+00 -2.133323192596435547e+00 0.000000000000000000e+00
8.217035293579101562e+00 -2.555073261260986328e+00 0.000000000000000000e+00
9.932159423828125000e+00 2.569920301437377930e+00 0.000000000000000000e+00
1.359038448333740234e+01 7.188908100128173828e+00 0.000000000000000000e+00
9.704048156738281250e+00 -1.420970726013183594e+01 0.000000000000000000e+00
-1.164514899253845215e+00 4.547023773193359375e+00 0.000000000000000000e+00
6.398751735687255859e+00 4.748036861419677734e+00 0.000000000000000000e+00
1.383932018280029297e+01 -3.859909057617187500e+00 0.000000000000000000e+00
-1.552626132965087891e+01 6.955861568450927734e+00 0.000000000000000000e+00
1.085926914215087891e+01 6.433486461639404297e+00 0.000000000000000000e+00
3.749300718307495117e+00 -1.657990837097167969e+01 0.000000000000000000e+00
-5.081873416900634766e+00 3.643723726272583008e+00 0.000000000000000000e+00
8.285803794860839844e+00 -8.891896247863769531e+00 0.000000000000000000e+00
4.281102180480957031e+00 -1.317335851490497589e-02 0.000000000000000000e+00
-7.540464401245117188e+00 -6.948445796966552734e+00 0.000000000000000000e+00
7.516375184059143066e-01 -6.115772128105163574e-01 0.000000000000000000e+00
-2.383390188217163086e+00 8.616815567016601562e+00 0.000000000000000000e+00
5.496715545654296875e+00 -3.756086826324462891e+00 0.000000000000000000e+00
-7.568649291992187500e+00 7.550022125244140625e+00 0.000000000000000000e+00
1.210473346710205078e+01 -3.203801631927490234e+00 0.000000000000000000e+00
1.219879531860351562e+01 -6.431484222412109375e+00 0.000000000000000000e+00
-3.818680763244628906e+00 7.405169010162353516e+00 0.000000000000000000e+00
8.772368431091308594e-01 -5.811823368072509766e+00 0.000000000000000000e+00
2.685351848602294922e+00 -1.100410699844360352e+00 0.000000000000000000e+00
-1.194700145721435547e+01 1.087768077850341797e+01 0.000000000000000000e+00
1.065578818321228027e+00 7.904281139373779297e+00 0.000000000000000000e+00
7.579062461853027344e+00 -1.025824642181396484e+01 0.000000000000000000e+00
-2.716512203216552734e+00 6.107641220092773438e+00 0.000000000000000000e+00
-2.261946350336074829e-01 1.668032765388488770e+00 0.000000000000000000e+00
1.071222305297851562e+01 -1.288053512573242188e+01 0.000000000000000000e+00
3.089704990386962891e+00 1.609510803222656250e+01 0.000000000000000000e+00
-3.876692533493041992e+00 -7.249035835266113281e+00 0.000000000000000000e+00
4.873630046844482422e+00 1.594041919708251953e+01 0.000000000000000000e+00
-4.714173793792724609e+00 1.308128547668457031e+01 0.000000000000000000e+00
1.864716887474060059e+00 7.123091816902160645e-01 0.000000000000000000e+00
-1.244954586029052734e+01 4.143883228302001953e+00 0.000000000000000000e+00
-5.327805995941162109e+00 -9.513253211975097656e+00 0.000000000000000000e+00
-1.152752876281738281e+01 6.931945800781250000e+00 0.000000000000000000e+00
1.328996467590332031e+01 -5.251964926719665527e-01 0.000000000000000000e+00
1.351366639137268066e+00 -1.214969253540039062e+01 0.000000000000000000e+00
1.669552612304687500e+01 5.028166294097900391e+00 0.000000000000000000e+00
-1.964518785476684570e+00 -1.274619483947753906e+01 0.000000000000000000e+00
-3.888171672821044922e+00 -1.390457630157470703e+01 0.000000000000000000e+00
-1.692895698547363281e+01 2.354001522064208984e+00 0.000000000000000000e+00
-1.293391823768615723e+00 1.715937232971191406e+01 0.000000000000000000e+00
1.050607204437255859e+01 -2.876432657241821289e+00 0.000000000000000000e+00
1.176363468170166016e+01 1.050301647186279297e+01 0.000000000000000000e+00
1.040154647827148438e+01 1.173123741149902344e+01 0.000000000000000000e+00
2.849099159240722656e+00 -1.482951259613037109e+01 0.000000000000000000e+00
-8.037464141845703125e+00 -1.357682418823242188e+01 0.000000000000000000e+00
1.075492054224014282e-01 1.304798793792724609e+01 0.000000000000000000e+00
-1.012747573852539062e+01 4.253846645355224609e+00 0.000000000000000000e+00
-9.324063301086425781e+00 -1.467003440856933594e+01 0.000000000000000000e+00
3.556455850601196289e+00 -7.940157890319824219e+00 0.000000000000000000e+00
-9.202806472778320312e+00 6.380259990692138672e-01 0.000000000000000000e+00
-1.233812236785888672e+01 -9.097486495971679688e+00 0.000000000000000000e+00
-6.457918167114257812e+00 -1.273903942108154297e+01 0.000000000000000000e+00
-1.651806259155273438e+01 3.856004953384399414e+00 0.000000000000000000e+00
5.940597534179687500e+00 6.964557170867919922e+00 0.000000000000000000e+00
7.368974208831787109e+00 1.569715023040771484e+01 0.000000000000000000e+00
-1.288521289825439453e+00 1.475633716583251953e+01 0.000000000000000000e+00
9.666683197021484375e+00 4.348118007183074951e-01 0.000000000000000000e+00
9.522868156433105469e+00 -7.541100025177001953e+00 0.000000000000000000e+00
-1.288933658599853516e+01 -1.058103370666503906e+01 0.000000000000000000e+00
1.181050968170166016e+01 -7.962256908416748047e+00 0.000000000000000000e+00
8.278299331665039062e+00 -6.435988903045654297e+00 0.000000000000000000e+00
-9.818511009216308594e+00 8.911436080932617188e+00 0.000000000000000000e+00
2.043990194797515869e-01 1.622830009460449219e+01 0.000000000000000000e+00
-5.419770240783691406e+00 -1.411169719696044922e+01 0.000000000000000000e+00
2.706461668014526367e+00 1.279573345184326172e+01 0.000000000000000000e+00
-9.094617843627929688e+00 -4.585714817047119141e+00 0.000000000000000000e+00
1.504872131347656250e+01 7.721015453338623047e+00 0.000000000000000000e+00
2.361808776855468750e+00 6.969149112701416016e+00 0.000000000000000000e+00
-1.657229232788085938e+01 -2.938496112823486328e+00 0.000000000000000000e+00
-2.800691604614257812e+00 -1.961214393377304077e-01 0.000000000000000000e+00
6.101008892059326172e+00 -2.372306108474731445e+00 0.000000000000000000e+00
2.817200183868408203e+00 -1.135115718841552734e+01 0.000000000000000000e+00
-8.429313659667968750e+00 5.798696994781494141e+00 0.000000000000000000e+00
4.584024906158447266e+00 -1.650331258773803711e+00 0.000000000000000000e+00
-4.349192619323730469e+00 8.879791259765625000e+00 0.000000000000000000e+00
-1.042856311798095703e+01 5.805465698242187500e+00 0.000000000000000000e+00
1.410303020477294922e+01 3.881836652755737305e+00 0.000000000000000000e+00
3.598560392856597900e-02 5.965371608734130859e+00 0.000000000000000000e+00
1.435033702850341797e+01 -5.356913089752197266e+00 0.000000000000000000e+00
-4.600609779357910156e+00 1.469648647308349609e+01 0.000000000000000000e+00
-1.413753700256347656e+01 -6.998239994049072266e+00 0.000000000000000000e+00
-6.196492671966552734e+00 -1.385644197463989258e+00 0.000000000000000000e+00
2.372777700424194336e+00 -4.305703639984130859e+00 0.000000000000000000e+00
-5.847401618957519531e+00 -5.466367721557617188e+00 0.000000000000000000e+00
-1.197914123535156250e+01 -1.207440567016601562e+01 0.000000000000000000e+00
-3.148904561996459961e+00 1.510705661773681641e+01 0.000000000000000000e+00
-7.842337608337402344e+00 9.208978652954101562e+00 0.000000000000000000e+00
1.504797458648681641e+01 -8.346898078918457031e+00 0.000000000000000000e+00
1.791518211364746094e+00 -8.683528900146484375e+00 0.000000000000000000e+00
1.665018272399902344e+01 6.468045115470886230e-01 0.000000000000000000e+00
1.253748130798339844e+01 5.448293685913085938e+00 0.000000000000000000e+00
5.288083076477050781e+00 -1.368863010406494141e+01 0.000000000000000000e+00
1.151138401031494141e+01 -4.632076323032379150e-01 0.000000000000000000e+00
-5.117921829223632812e+00 -1.612067031860351562e+01 0.000000000000000000e+00
1.649412155151367188e+01 -2.679188966751098633e+00 0.000000000000000000e+00
9.798107147216796875e+00 1.444400596618652344e+01 0.000000000000000000e+00
-1.280282878875732422e+01 -3.853889465332031250e+00 0.000000000000000000e+00
3.933526039123535156e+00 7.444839000701904297e+00 0.000000000000000000e+00
-3.863043785095214844e+00 1.182577228546142578e+01 0.000000000000000000e+00
-5.094977378845214844e+00 1.644902038574218750e+01 0.000000000000000000e+00
9.242322921752929688e+00 -4.294241428375244141e+00 0.000000000000000000e+00
1.066025924682617188e+01 8.543798446655273438e+00 0.000000000000000000e+00
8.391091346740722656e+00 2.305854797363281250e+00 0.000000000000000000e+00
