1.189995765686035156e+01 -9.187816619873046875e+00 0.000000000000000000e+00
5.591299057006835938e+00 -1.627092170715332031e+01 0.000000000000000000e+00
-4.537344455718994141e+00 -1.489709568023681641e+01 0.000000000000000000e+00
1.106251239776611328e+01 6.875588893890380859e+00 0.000000000000000000e+00
8.892086029052734375e+00 -9.927581787109375000e+00 0.000000000000000000e+00
-1.081423282623291016e+01 9.907842636108398438e+00 0.000000000000000000e+00
-1.541043281555175781e+01 -1.302800893783569336e+00 0.000000000000000000e+00
6.338829040527343750e+00 2.321267366409301758e+00 0.000000000000000000e+00
-1.008739089965820312e+01 -7.490942955017089844e+00 0.000000000000000000e+00
-4.514628410339355469e+00 -1.684190177917480469e+01 0.000000000000000000e+00
1.276555252075195312e+01 -6.501085758209228516e+00 0.000000000000000000e+00
2.950557470321655273e-01 3.726672649383544922e+00 0.000000000000000000e+00
8.970650672912597656e+00 1.340551972389221191e+00 0.000000000000000000e+00
1.200737476348876953e+01 1.179329395294189453e+01 0.000000000000000000e+00
-9.550844430923461914e-01 -1.641392230987548828e+00 0.000000000000000000e+00
9.939523696899414062e+00 -2.616302490234375000e+00 0.000000000000000000e+00
1.252680969238281250e+01 -3.179198503494262695e+00 0.000000000000000000e+00
-1.420209789276123047e+01 5.781559944152832031e+00 0.000000000000000000e+00
-2.640865325927734375e+00 -5.156043052673339844e+00 0.000000000000000000e+00
-8.756288528442382812e+00 1.182466220855712891e+01 0.000000000000000000e+00
6.159300804138183594e+00 -1.469451713562011719e+01 0.000000000000000000e+00
3.307267427444458008e+00 -2.246329069137573242e+00 0.000000000000000000e+00
5.641422271728515625e-01 -6.531809329986572266e+00 0.000000000000000000e+00
4.135929346084594727e-01 -1.481470394134521484e+01 0.000000000000000000e+00
-6.587074756622314453e+00 -2.949472427368164062e+00 0.000000000000000000e+00
-5.381808280944824219e+00 -1.163819789886474609e+00 0.000000000000000000e+00
-7.161427497863769531e+00 3.764156699180603027e-01 0.000000000000000000e+00
1.842923998832702637e+00 -1.521036982536315918e+00 0.000000000000000000e+00
1.461240196228027344e+01 -9.770282506942749023e-01 0.000000000000000000e+00
9.929244995117187500e+00 -1.162634468078613281e+01 0.000000000000000000e+00
1.373558616638183594e+01 8.030856132507324219e+00 0.000000000000000000e+00
-1.718644142150878906e+01 5.423577129840850830e-02 0.000000000000000000e+00
-8.031675338745117188e+00 -7.929987430572509766e+00 0.000000000000000000e+00
3.766614913940429688e+00 -1.339940452575683594e+01 0.000000000000000000e+00
2.266592264175415039e+00 3.291234493255615234e+00 0.000000000000000000e+00
-1.617898178100585938e+01 -5.529820442199707031e+00 0.000000000000000000e+00
1.486116695404052734e+01 -4.097163677215576172e+00 0.000000000000000000e+00
-6.372814655303955078e+00 9.140938758850097656e+00 0.000000000000000000e+00
7.691424369812011719e+00 7.560383796691894531e+00 0.000000000000000000e+00
-3.073880635201931000e-02 1.883156061172485352e+00 0.000000000000000000e+00
-9.230741500854492188e+00 2.045928716659545898e+00 0.000000000000000000e+00
-5.690126419067382812e+00 1.246422195434570312e+01 0.000000000000000000e+00
1.048546886444091797e+01 -1.369193840026855469e+01 0.000000000000000000e+00
9.656127929687500000e+00 -5.425260543823242188e+00 0.000000000000000000e+00
-5.065777301788330078e+00 1.021054458618164062e+01 0.000000000000000000e+00
3.032155275344848633e+00 -5.895009040832519531e+00 0.000000000000000000e+00
-9.407620429992675781e-01 7.377315998077392578e+00 0.000000000000000000e+00
1.646836090087890625e+01 4.371940135955810547e+00 0.000000000000000000e+00
4.737475395202636719e+00 1.541473960876464844e+01 0.000000000000000000e+00
-5.805858612060546875e+00 -4.578655242919921875e+00 0.000000000000000000e+00
4.461524963378906250e+00 -1.150888729095458984e+01 0.000000000000000000e+00
-2.286638975143432617e+00 1.091800022125244141e+01 0.000000000000000000e+00
-5.913288116455078125e+00 -9.354443550109863281e+00 0.000000000000000000e+00
-1.203878760337829590e+00 -9.978306770324707031e+00 0.000000000000000000e+00
-7.237222194671630859e-01 -1.352669811248779297e+01 0.000000000000000000e+00
-3.938850164413452148e+00 4.170460700988769531e+00 0.000000000000000000e+00
5.798598766326904297e+00 4.004296779632568359e+00 0.000000000000000000e+00
-1.334907436370849609e+01 4.121823310852050781e+00 0.000000000000000000e+00
-1.086193370819091797e+01 -5.267680168151855469e+00 0.000000000000000000e+00
-1.371021842956542969e+01 -2.993942022323608398e+00 0.000000000000000000e+00
1.168472290039062500e+01 7.222939133644104004e-01 0.000000000000000000e+00
-2.532501220703125000e+00 6.036427974700927734e+00 0.000000000000000000e+00
-1.582184433937072754e+00 -1.063568517565727234e-01 0.000000000000000000e+00
-1.070612716674804688e+01 -2.371371746063232422e+00 0.000000000000000000e+00
1.840248107910156250e-01 -8.122841835021972656e+00 0.000000000000000000e+00
-6.248939514160156250e+00 7.151840209960937500e+00 0.000000000000000000e+00
-1.799033403396606445e+00 2.165306568145751953e+00 0.000000000000000000e+00
3.955963850021362305e-01 -1.005817127227783203e+01 0.000000000000000000e+00
-1.736567878723144531e+01 -1.522739529609680176e+00 0.000000000000000000e+00
-4.470734596252441406e+00 6.969834804534912109e+00 0.000000000000000000e+00
-9.629830360412597656e+00 3.756996393203735352e+00 0.000000000000000000e+00
-7.521786689758300781e+00 1.358309364318847656e+01 0.000000000000000000e+00
-3.753491878509521484e+00 -2.365566015243530273e+00 0.000000000000000000e+00
-9.558218955993652344e+00 -5.780858993530273438e-01 0.000000000000000000e+00
1.534725725650787354e-01 1.461835002899169922e+01 0.000000000000000000e+00
-8.019940853118896484e-01 -4.221836090087890625e+00 0.000000000000000000e+00
7.905615806579589844e+00 -1.429004096984863281e+01 0.000000000000000000e+00
4.911726474761962891e+00 -7.875367164611816406e+00 0.000000000000000000e+00
6.775762081146240234e+00 1.375518226623535156e+01 0.000000000000000000e+00
9.990185737609863281e+00 2.845965623855590820e+00 0.000000000000000000e+00
7.479978084564208984e+00 -1.209035301208496094e+01 0.000000000000000000e+00
-7.826169490814208984e+00 4.409697532653808594e+00 0.000000000000000000e+00
1.246833133697509766e+01 8.986069679260253906e+00 0.000000000000000000e+00
-1.433302879333496094e+01 8.763765335083007812e+00 0.000000000000000000e+00
1.292867755889892578e+01 2.326040029525756836e+00 0.000000000000000000e+00
-1.060775947570800781e+01 1.194509124755859375e+01 0.000000000000000000e+00
1.051131439208984375e+01 -1.011138343811035156e+01 0.000000000000000000e+00
-1.219034671783447266e+01 -9.433670997619628906e+00 0.000000000000000000e+00
1.722022819519042969e+01 9.049316495656967163e-02 0.000000000000000000e+00
-1.348727512359619141e+01 7.814615964889526367e-01 0.000000000000000000e+00
1.791468381881713867e+00 -8.494783401489257812e+00 0.000000000000000000e+00
3.667584180831909180e+00 1.142998504638671875e+01 0.000000000000000000e+00
-1.663120841979980469e+01 -3.151894092559814453e+00 0.000000000000000000e+00
-9.475720405578613281e+00 7.575417041778564453e+00 0.000000000000000000e+00
8.390162467956542969e+00 -4.225863456726074219e+00 0.000000000000000000e+00
8.524858474731445312e+00 1.326580905914306641e+01 0.000000000000000000e+00
-6.066706776618957520e-01 1.053580760955810547e+01 0.000000000000000000e+00
-1.007624435424804688e+01 -1.236125278472900391e+01 0.000000000000000000e+00
4.902112007141113281e+00 9.650442123413085938e+00 0.000000000000000000e+00
-1.257110023498535156e+01 -7.616316318511962891e+00 0.000000000000000000e+00
5.037206649780273438e+00 -2.678773403167724609e-01 0.000000000000000000e+00
5.760147094726562500e+00 -5.729325294494628906e+00 0.000000000000000000e+00
1.387502098083496094e+01 5.290359973907470703e+00 0.000000000000000000e+00
3.999032258987426758e+00 -4.010064125061035156e+00 0.000000000000000000e+00
8.598316907882690430e-01 1.644668006896972656e+01 0.000000000000000000e+00
1.655444908142089844e+01 -2.144006729125976562e+00 0.000000000000000000e+00
6.279862403869628906e+00 8.477785110473632812e+00 0.000000000000000000e+00
6.966948509216308594e+00 4.954022407531738281e+00 0.000000000000000000e+00
-7.027083396911621094e+00 -1.259097290039062500e+01 0.000000000000000000e+00
-1.332448387145996094e+01 -5.961833477020263672e+00 0.000000000000000000e+00
6.822798252105712891e+00 -3.101217508316040039e+00 0.000000000000000000e+00
3.582755565643310547e+00 1.409490299224853516e+01 0.000000000000000000e+00
-1.267037582397460938e+01 -4.096197128295898438e+00 0.000000000000000000e+00
-9.292591094970703125e+00 -1.098256111145019531e+01 0.000000000000000000e+00
6.724309921264648438e+00 1.561105632781982422e+01 0.000000000000000000e+00
-8.061309814453125000e+00 -1.406675338745117188e+00 0.000000000000000000e+00
-7.053755760192871094e+00 1.903950333595275879e+00 0.000000000000000000e+00
7.172149658203125000e+00 1.210492229461669922e+01 0.000000000000000000e+00
-6.916059494018554688e+00 1.537328338623046875e+01 0.000000000000000000e+00
3.181386590003967285e-01 -1.693642997741699219e+01 0.000000000000000000e+00
1.886380076408386230e+00 1.320575714111328125e+00 0.000000000000000000e+00
5.077161788940429688e+00 5.372284412384033203e+00 0.000000000000000000e+00
-1.561316871643066406e+01 4.422193527221679688e+00 0.000000000000000000e+00
-2.870644092559814453e+00 1.720126342773437500e+01 0.000000000000000000e+00
-3.403476476669311523e+00 -1.300408744812011719e+01 0.000000000000000000e+00
-1.701608276367187500e+01 3.767132282257080078e+00 0.000000000000000000e+00
-8.501242637634277344e+00 -9.690101623535156250e+00 0.000000000000000000e+00
2.626135051250457764e-01 -1.189031600952148438e+01 0.000000000000000000e+00
1.515990257263183594e+01 2.354641199111938477e+00 0.000000000000000000e+00
-1.314733409881591797e+01 7.789547920227050781e+00 0.000000000000000000e+00
-8.561472892761230469e+00 -5.530175685882568359e+00 0.000000000000000000e+00
-2.852673768997192383e+00 -9.761440277099609375e+00 0.000000000000000000e+00
1.140044116973876953e+01 -4.862834930419921875e+00 0.000000000000000000e+00
-4.321455001831054688e+00 1.589980506896972656e+01 0.000000000000000000e+00
7.803546905517578125e+00 9.837934494018554688e+00 0.000000000000000000e+00
1.238733100891113281e+01 4.691783905029296875e+00 0.000000000000000000e+00
-1.890208005905151367e+00 -1.723102951049804688e+01 0.000000000000000000e+00
1.452942132949829102e+00 -3.247148275375366211e+00 0.000000000000000000e+00
7.481084346771240234e+00 -8.023207664489746094e+00 0.000000000000000000e+00
-2.340338230133056641e+00 -1.446542644500732422e+01 0.000000000000000000e+00
9.469327926635742188e+00 -7.169579982757568359e+00 0.000000000000000000e+00
-1.148126029968261719e+01 -1.135129451751708984e+01 0.000000000000000000e+00
-9.259914159774780273e-01 -7.087121009826660156e+00 0.000000000000000000e+00
1.874754309654235840e+00 6.853403091430664062e+00 0.000000000000000000e+00
-9.113811492919921875e+00 -2.495179653167724609e+00 0.000000000000000000e+00
-1.059168338775634766e+01 1.351209354400634766e+01 0.000000000000000000e+00
-1.522052860260009766e+01 -4.251286029815673828e+00 0.000000000000000000e+00
-3.719826221466064453e+00 7.369421124458312988e-01 0.000000000000000000e+00
1.078575897216796875e+01 1.291176986694335938e+01 0.000000000000000000e+00
-7.061114311218261719e+00 -1.522439479827880859e+01 0.000000000000000000e+00
-2.395567893981933594e+00 -3.361199617385864258e+00 0.000000000000000000e+00
1.506762790679931641e+01 -6.348460197448730469e+00 0.000000000000000000e+00
-1.232100200653076172e+01 1.054731559753417969e+01 0.000000000000000000e+00
-2.175967693328857422e+00 1.577260875701904297e+01 0.000000000000000000e+00
-1.445671749114990234e+01 -7.049104690551757812e+00 0.000000000000000000e+00
1.170899391174316406e+01 -1.061639189720153809e+00 0.000000000000000000e+00
-7.730762958526611328e+00 1.053591251373291016e+01 0.000000000000000000e+00
-4.648323655128479004e-01 5.627920150756835938e+00 0.000000000000000000e+00
1.287475395202636719e+01 6.488775730133056641e+00 0.000000000000000000e+00
-8.597331047058105469e+00 -1.433271503448486328e+01 0.000000000000000000e+00
-5.701170921325683594e+00 -7.627568244934082031e+00 0.000000000000000000e+00
1.609184646606445312e+01 6.098115921020507812e+00 0.000000000000000000e+00
9.983726143836975098e-01 5.217009544372558594e+00 0.000000000000000000e+00
-8.745645523071289062e+00 9.187675476074218750e+00 0.000000000000000000e+00
-1.112781143188476562e+01 2.427261829376220703e+00 0.000000000000000000e+00
1.035329818725585938e+01 9.359351158142089844e+00 0.000000000000000000e+00
2.174730539321899414e+00 9.088872909545898438e+00 0.000000000000000000e+00
1.400517749786376953e+01 1.271335601806640625e+00 0.000000000000000000e+00
1.680459976196289062e+01 -4.344355106353759766e+00 0.000000000000000000e+00
1.201700401306152344e+01 -1.194204616546630859e+01 0.000000000000000000e+00
-5.316792011260986328e+00 2.824416637420654297e+00 0.000000000000000000e+00
9.279422760009765625e-01 1.218208980560302734e+01 0.000000000000000000e+00
-6.452965259552001953e+00 -6.286088466644287109e+00 0.000000000000000000e+00
9.289443969726562500e+00 4.448414802551269531e+00 0.000000000000000000e+00
6.114491462707519531e+00 -1.271681880950927734e+01 0.000000000000000000e+00
4.066369056701660156e+00 2.965401172637939453e+00 0.000000000000000000e+00
9.321573257446289062e+00 -9.953696131706237793e-01 0.000000000000000000e+00
9.234975814819335938e+00 1.105113792419433594e+01 0.000000000000000000e+00
-2.569080591201782227e+00 -1.137854766845703125e+01 0.000000000000000000e+00
-1.848210692405700684e+00 4.576831817626953125e+00 0.000000000000000000e+00
2.202220439910888672e+00 -1.592241764068603516e+01 0.000000000000000000e+00
-1.131797313690185547e+01 -1.321208095550537109e+01 0.000000000000000000e+00
-5.337066650390625000e+00 5.688420772552490234e+00 0.000000000000000000e+00
3.794512748718261719e+00 7.607248783111572266e+00 0.000000000000000000e+00
1.737450957298278809e-01 8.411079406738281250e+00 0.000000000000000000e+00
5.534651279449462891e+00 7.143777370452880859e+00 0.000000000000000000e+00
2.142903804779052734e+00 -1.439794540405273438e+01 0.000000000000000000e+00
-2.534988164901733398e+00 -7.661715984344482422e+00 0.000000000000000000e+00
6.972193717956542969e+00 -1.028283023834228516e+01 0.000000000000000000e+00
-1.419360733032226562e+01 2.448160171508789062e+00 0.000000000000000000e+00
-1.601782989501953125e+01 1.423685550689697266e+00 0.000000000000000000e+00
9.381796836853027344e+00 6.164490222930908203e+00 0.000000000000000000e+00
1.476534175872802734e+01 -8.992961883544921875e+00 0.000000000000000000e+00
2.988152265548706055e+00 4.703929424285888672e+00 0.000000000000000000e+00
1.961586475372314453e+00 1.540857028961181641e+01 0.000000000000000000e+00
4.697463512420654297e+00 1.270362019538879395e+00 0.000000000000000000e+00
-3.976113080978393555e+00 -6.831724166870117188e+00 0.000000000000000000e+00
-3.236583709716796875e+00 8.255942344665527344e+00 0.000000000000000000e+00
-9.374790191650390625e+00 1.468059539794921875e+01 0.000000000000000000e+00
-1.004488372802734375e+01 6.017043590545654297e+00 0.000000000000000000e+00
-1.151012516021728516e+01 4.971675395965576172e+00 0.000000000000000000e+00
3.801379919052124023e+00 -1.646351242065429688e+01 0.000000000000000000e+00
-1.338458251953125000e+01 -1.073552131652832031e+01 0.000000000000000000e+00
-1.894778847694396973e+00 1.360647392272949219e+01 0.000000000000000000e+00
7.493029594421386719e+00 -6.046482086181640625e+00 0.000000000000000000e+00
7.625537872314453125e+00 -1.326738357543945312e+00 0.000000000000000000e+00
1.572459983825683594e+01 6.792128682136535645e-01 0.000000000000000000e+00
2.328827381134033203e+00 1.299448776245117188e+01 0.000000000000000000e+00
-1.245925998687744141e+01 6.453391551971435547e+00 0.000000000000000000e+00
2.391776084899902344e+00 -1.082526302337646484e+01 0.000000000000000000e+00
1.324561119079589844e+01 -1.029433536529541016e+01 0.000000000000000000e+00
1.340987110137939453e+01 -5.080092906951904297e+00 0.000000000000000000e+00
-5.218294143676757812e+00 1.429723072052001953e+01 0.000000000000000000e+00
3.147830247879028320e+00 -1.272677332162857056e-01 0.000000000000000000e+00
-5.046309471130371094e+00 -1.329924297332763672e+01 0.000000000000000000e+00
-8.972223281860351562e+00 -4.054939270019531250e+00 0.000000000000000000e+00
4.031494617462158203e+00 -9.625266075134277344e+00 0.000000000000000000e+00
3.386995553970336914e+00 1.609865379333496094e+01 0.000000000000000000e+00
1.316680431365966797e+01 -8.154767990112304688e+00 0.000000000000000000e+00
6.287378787994384766e+00 6.433165073394775391e-01 0.000000000000000000e+00
-9.734852910041809082e-01 1.730468559265136719e+01 0.000000000000000000e+00
1.410324954986572266e+01 1.018013477325439453e+01 0.000000000000000000e+00
-3.641667366027832031e+00 1.166523551940917969e+01 0.000000000000000000e+00
-1.059028339385986328e+01 -9.027270317077636719e+00 0.000000000000000000e+00
5.180402755737304688e+00 -2.859027147293090820e+00 0.000000000000000000e+00
-1.139370250701904297e+01 7.714101314544677734e+00 0.000000000000000000e+00
9.260707855224609375e+00 8.126896858215332031e+00 0.000000000000000000e+00
-1.179418945312500000e+01 4.752259328961372375e-02 0.000000000000000000e+00
-3.921028137207031250e+00 -4.126519680023193359e+00 0.000000000000000000e+00
1.702574348449707031e+01 2.443330287933349609e+00 0.000000000000000000e+00
5.530064105987548828e+00 1.199750995635986328e+01 0.000000000000000000e+00
-7.783658027648925781e+00 7.524068355560302734e+00 0.000000000000000000e+00
1.082462120056152344e+01 4.343702793121337891e+00 0.000000000000000000e+00
-6.466587185859680176e-01 1.274254703521728516e+01 0.000000000000000000e+00
-4.514726161956787109e+00 -1.130816841125488281e+01 0.000000000000000000e+00
9.783203125000000000e+00 1.412755680084228516e+01 0.000000000000000000e+00
1.324020195007324219e+01 -1.641338944435119629e+00 0.000000000000000000e+00
7.638158798217773438e+00 3.559037923812866211e+00 0.000000000000000000e+00
1.097424411773681641e+01 -7.440916538238525391e+00 0.000000000000000000e+00
-1.234577846527099609e+01 1.207204055786132812e+01 0.000000000000000000e+00
7.436165809631347656e+00 -1.583028793334960938e+01 0.000000000000000000e+00
-1.510773754119873047e+01 2.019966393709182739e-01 0.000000000000000000e+00
-1.204134082794189453e+01 -1.448443651199340820e+00 0.000000000000000000e+00
7.904633045196533203e+00 2.253374457359313965e-01 0.000000000000000000e+00
-3.494697809219360352e+00 1.373010826110839844e+01 0.000000000000000000e+00
-1.434297657012939453e+01 -9.513506889343261719e+00 0.000000000000000000e+00
-6.299356937408447266e+00 -1.117035007476806641e+01 0.000000000000000000e+00
-3.971203327178955078e+00 -8.342906951904296875e+00 0.000000000000000000e+00
6.193974494934082031e+00 1.054953384399414062e+01 0.000000000000000000e+00
2.128980636596679688e+00 -1.283520603179931641e+01 0.000000000000000000e+00
9.427397251129150391e-01 -4.819098472595214844e+00 0.000000000000000000e+00
6.831041812896728516e+00 -4.660981178283691406e+00 0.000000000000000000e+00
-1.582386398315429688e+01 6.542708396911621094e+00 0.000000000000000000e+00
2.239517688751220703e+00 1.079453659057617188e+01 0.000000000000000000e+00
4.149639606475830078e+00 -1.495001888275146484e+01 0.000000000000000000e+00
7.035611867904663086e-01 3.823292255401611328e-01 0.000000000000000000e+00
