-2.507253636031413269e+00 8.630928134373837546e-01
-1.383804819541814002e+00 1.411146420968727000e+00
-2.603560030522152902e-01 1.959200028500069912e+00
8.630928134373837546e-01 2.507253636031413269e+00
-1.959200028500069912e+00 -2.603560030522152902e-01
-8.357512120104709785e-01 2.876976044791278442e-01
2.876976044791278442e-01 8.357512120104709785e-01
1.411146420968727000e+00 1.383804819541814002e+00
-1.411146420968727000e+00 -1.383804819541814002e+00
-2.876976044791278442e-01 -8.357512120104709785e-01
8.357512120104709785e-01 -2.876976044791278442e-01
1.959200028500069912e+00 2.603560030522152902e-01
-8.630928134373837546e-01 -2.507253636031413269e+00
2.603560030522152902e-01 -1.959200028500069912e+00
1.383804819541814002e+00 -1.411146420968727000e+00
2.507253636031413269e+00 -8.630928134373837546e-01
