-3.861099720001220703e+00 1.556441497802734375e+01 0.000000000000000000e+00
-8.708509445190429688e+00 -1.030513858795166016e+01 0.000000000000000000e+00
-1.000520610809326172e+01 -8.010988235473632812e+00 0.000000000000000000e+00
-9.773829460144042969e+00 2.275259256362915039e+00 0.000000000000000000e+00
-1.409893035888671875e+01 8.219464302062988281e+00 0.000000000000000000e+00
-1.173335433006286621e+00 1.390968561172485352e+00 0.000000000000000000e+00
-3.995901584625244141e+00 -3.288681030273437500e+00 0.000000000000000000e+00
2.543386816978454590e-01 1.180472946166992188e+01 0.000000000000000000e+00
1.265747165679931641e+01 -4.458548069000244141e+00 0.000000000000000000e+00
-1.245324897766113281e+01 9.175354838371276855e-01 0.000000000000000000e+00
9.797894477844238281e+00 -4.438062191009521484e+00 0.000000000000000000e+00
3.526542425155639648e+00 -7.952633380889892578e+00 0.000000000000000000e+00
-4.350137233734130859e+00 -1.410942935943603516e+01 0.000000000000000000e+00
1.722565269470214844e+01 -2.666076660156250000e+00 0.000000000000000000e+00
1.268594551086425781e+01 -1.078434562683105469e+01 0.000000000000000000e+00
6.731729030609130859e+00 2.948034048080444336e+00 0.000000000000000000e+00
1.107543087005615234e+01 -1.975111603736877441e+00 0.000000000000000000e+00
9.482826232910156250e+00 -1.410043716430664062e+01 0.000000000000000000e+00
-8.099282264709472656e+00 -6.239633083343505859e+00 0.000000000000000000e+00
-9.297328948974609375e+00 6.231217384338378906e+00 0.000000000000000000e+00
-8.916569352149963379e-01 8.051253318786621094e+00 0.000000000000000000e+00
6.779298305511474609e+00 -1.476063823699951172e+01 0.000000000000000000e+00
3.772421121597290039e+00 8.393588066101074219e+00 0.000000000000000000e+00
-5.344871044158935547e+00 -1.278124713897705078e+01 0.000000000000000000e+00
8.274232864379882812e+00 9.947500228881835938e+00 0.000000000000000000e+00
1.581857776641845703e+01 -5.345274806022644043e-01 0.000000000000000000e+00
5.925468921661376953e+00 5.438472270965576172e+00 0.000000000000000000e+00
1.709407448768615723e+00 1.042859077453613281e+01 0.000000000000000000e+00
-9.212642669677734375e+00 -3.729108333587646484e+00 0.000000000000000000e+00
2.778749465942382812e+00 -1.504219913482666016e+01 0.000000000000000000e+00
4.134613037109375000e+00 1.521375942230224609e+01 0.000000000000000000e+00
1.582527875900268555e+00 5.110613822937011719e+00 0.000000000000000000e+00
-1.801488876342773438e+00 -1.542388343811035156e+01 0.000000000000000000e+00
3.861878633499145508e+00 -7.963882088661193848e-01 0.000000000000000000e+00
1.324677276611328125e+01 -7.598306179046630859e+00 0.000000000000000000e+00
1.433515834808349609e+01 -5.906363964080810547e+00 0.000000000000000000e+00
-1.648132514953613281e+01 -2.252510547637939453e+00 0.000000000000000000e+00
1.594605255126953125e+01 6.488121986389160156e+00 0.000000000000000000e+00
6.020715236663818359e+00 -1.184438800811767578e+01 0.000000000000000000e+00
-6.198443889617919922e+00 3.882001638412475586e+00 0.000000000000000000e+00
1.027080821990966797e+01 8.400169372558593750e+00 0.000000000000000000e+00
-1.063776016235351562e+01 9.309205055236816406e+00 0.000000000000000000e+00
-1.470908641815185547e+00 -1.095256996154785156e+01 0.000000000000000000e+00
6.963281154632568359e+00 6.888203620910644531e+00 0.000000000000000000e+00
-3.078686237335205078e+00 -4.367592334747314453e-01 0.000000000000000000e+00
2.594213724136352539e+00 -1.276639842987060547e+01 0.000000000000000000e+00
-1.653496360778808594e+01 -5.276211738586425781e+00 0.000000000000000000e+00
1.252139282226562500e+01 5.571757793426513672e+00 0.000000000000000000e+00
-1.303094959259033203e+01 5.070491313934326172e+00 0.000000000000000000e+00
-5.339544773101806641e+00 -9.590926170349121094e+00 0.000000000000000000e+00
-1.202585506439208984e+01 1.077253532409667969e+01 0.000000000000000000e+00
9.693728446960449219e+00 -1.175476074218750000e+01 0.000000000000000000e+00
6.229387283325195312e+00 -3.876645565032958984e+00 0.000000000000000000e+00
-7.692586898803710938e+00 4.111266136169433594e+00 0.000000000000000000e+00
1.388214111328125000e+01 6.569180965423583984e+00 0.000000000000000000e+00
8.756329536437988281e+00 1.315855503082275391e+01 0.000000000000000000e+00
1.714960098266601562e+00 -2.972179889678955078e+00 0.000000000000000000e+00
6.607877731323242188e+00 -5.369008779525756836e-01 0.000000000000000000e+00
-2.357263326644897461e+00 9.550725936889648438e+00 0.000000000000000000e+00
-5.560381412506103516e+00 1.278508663177490234e+01 0.000000000000000000e+00
1.215550804138183594e+01 1.074809837341308594e+01 0.000000000000000000e+00
-8.047183036804199219e+00 1.311911201477050781e+01 0.000000000000000000e+00
-3.815469980239868164e+00 1.110156059265136719e+00 0.000000000000000000e+00
-7.090094089508056641e+00 6.784604549407958984e+00 0.000000000000000000e+00
-5.685837268829345703e+00 1.583636474609375000e+01 0.000000000000000000e+00
-2.315766334533691406e+00 -5.898138046264648438e+00 0.000000000000000000e+00
1.107654380798339844e+01 1.269044971466064453e+01 0.000000000000000000e+00
-1.133999633789062500e+01 6.832324028015136719e+00 0.000000000000000000e+00
-1.600818252563476562e+01 6.989796161651611328e+00 0.000000000000000000e+00
8.565469831228256226e-02 -2.176169633865356445e+00 0.000000000000000000e+00
6.920940399169921875e+00 8.789093017578125000e+00 0.000000000000000000e+00
7.515963554382324219e+00 1.212060546875000000e+01 0.000000000000000000e+00
-1.472748374938964844e+01 -4.315363883972167969e+00 0.000000000000000000e+00
1.583875370025634766e+01 3.728331565856933594e+00 0.000000000000000000e+00
6.361981391906738281e+00 1.364102363586425781e+01 0.000000000000000000e+00
-1.306998634338378906e+01 -1.059584331512451172e+01 0.000000000000000000e+00
-2.926958084106445312e+00 -9.694700241088867188e+00 0.000000000000000000e+00
1.173330545425415039e+00 8.956933021545410156e+00 0.000000000000000000e+00
-6.935597419738769531e+00 -4.415269494056701660e-01 0.000000000000000000e+00
2.502666473388671875e+00 -1.088229751586914062e+01 0.000000000000000000e+00
6.597282409667968750e+00 -9.294945716857910156e+00 0.000000000000000000e+00
4.693035125732421875e+00 -4.353044033050537109e+00 0.000000000000000000e+00
5.175500392913818359e+00 -1.598930454254150391e+01 0.000000000000000000e+00
5.172473907470703125e+00 2.131050348281860352e+00 0.000000000000000000e+00
-1.290330314636230469e+01 2.517414331436157227e+00 0.000000000000000000e+00
1.632747840881347656e+01 -4.391333580017089844e+00 0.000000000000000000e+00
-5.096281051635742188e+00 6.744433879852294922e+00 0.000000000000000000e+00
-9.030771255493164062e+00 9.751863479614257812e+00 0.000000000000000000e+00
4.180579662322998047e+00 -5.836908817291259766e+00 0.000000000000000000e+00
1.193902397155761719e+01 -3.831499814987182617e-01 0.000000000000000000e+00
-1.921505093574523926e+00 5.250773429870605469e+00 0.000000000000000000e+00
-1.290584850311279297e+01 -6.866447448730468750e+00 0.000000000000000000e+00
-5.003056302666664124e-02 -6.504356861114501953e+00 0.000000000000000000e+00
-1.513540840148925781e+01 4.873043537139892578e+00 0.000000000000000000e+00
-3.737464904785156250e+00 3.377359628677368164e+00 0.000000000000000000e+00
-1.241901278495788574e+00 3.066758871078491211e+00 0.000000000000000000e+00
1.292724609375000000e+01 2.540005445480346680e+00 0.000000000000000000e+00
8.038284301757812500e+00 3.912090301513671875e+00 0.000000000000000000e+00
-1.080704808235168457e+00 -1.121158599853515625e+00 0.000000000000000000e+00
6.364265829324722290e-02 6.061273097991943359e+00 0.000000000000000000e+00
1.156875038146972656e+01 -7.765444755554199219e+00 0.000000000000000000e+00
1.024357700347900391e+01 1.091268348693847656e+01 0.000000000000000000e+00
-1.352244949340820312e+01 -1.426245093345642090e+00 0.000000000000000000e+00
-3.643337726593017578e+00 8.670333862304687500e+00 0.000000000000000000e+00
3.428743600845336914e+00 3.973925352096557617e+00 0.000000000000000000e+00
3.920517116785049438e-02 -1.747108840942382812e+01 0.000000000000000000e+00
5.985826015472412109e+00 1.141036033630371094e+01 0.000000000000000000e+00
-3.618819236755371094e+00 1.148065662384033203e+01 0.000000000000000000e+00
-1.569401264190673828e+00 1.643205070495605469e+01 0.000000000000000000e+00
-1.735762786865234375e+01 -1.116301715373992920e-01 0.000000000000000000e+00
-9.801799774169921875e+00 -1.315536499023437500e+01 0.000000000000000000e+00
5.357164859771728516e+00 -7.639657497406005859e+00 0.000000000000000000e+00
9.710134506225585938e+00 1.450583076477050781e+01 0.000000000000000000e+00
-5.640221118927001953e+00 3.565412759780883789e-01 0.000000000000000000e+00
1.242350196838378906e+01 -5.987404823303222656e+00 0.000000000000000000e+00
1.464760494232177734e+01 -9.009832382202148438e+00 0.000000000000000000e+00
4.733500480651855469e+00 -1.018814086914062500e+01 0.000000000000000000e+00
5.563586235046386719e+00 7.585762500762939453e+00 0.000000000000000000e+00
-7.186996459960937500e+00 2.254553318023681641e+00 0.000000000000000000e+00
8.413300514221191406e+00 -1.069821071624755859e+01 0.000000000000000000e+00
1.131803035736083984e+01 -1.245085620880126953e+01 0.000000000000000000e+00
-6.995902061462402344e+00 1.439044761657714844e+01 0.000000000000000000e+00
-3.477993011474609375e+00 -1.164179515838623047e+01 0.000000000000000000e+00
-2.675908565521240234e+00 1.274015617370605469e+01 0.000000000000000000e+00
-8.362259864807128906e+00 -1.361037611961364746e+00 0.000000000000000000e+00
1.046132183074951172e+01 3.342070817947387695e+00 0.000000000000000000e+00
2.952387809753417969e+00 -4.055706501007080078e+00 0.000000000000000000e+00
1.216600537300109863e+00 1.550917148590087891e+01 0.000000000000000000e+00
-1.133990478515625000e+01 -6.859891891479492188e+00 0.000000000000000000e+00
4.039382934570312500e+00 -1.224007797241210938e+01 0.000000000000000000e+00
-7.116641998291015625e+00 -1.530846977233886719e+01 0.000000000000000000e+00
9.257938385009765625e+00 2.119646072387695312e+00 0.000000000000000000e+00
-7.862452030181884766e+00 -4.392888069152832031e+00 0.000000000000000000e+00
-5.988551974296569824e-01 9.829391479492187500e+00 0.000000000000000000e+00
-8.835775375366210938e+00 1.466442775726318359e+01 0.000000000000000000e+00
2.299766063690185547e+00 1.687662506103515625e+01 0.000000000000000000e+00
7.825191617012023926e-01 2.810316085815429688e+00 0.000000000000000000e+00
4.194290161132812500e+00 6.039232254028320312e+00 0.000000000000000000e+00
-2.084241390228271484e+00 -2.660135746002197266e+00 0.000000000000000000e+00
-9.019335746765136719e+00 -1.481393623352050781e+01 0.000000000000000000e+00
1.082716274261474609e+01 1.745957255363464355e+00 0.000000000000000000e+00
-1.106007003784179688e+01 3.964458703994750977e+00 0.000000000000000000e+00
1.552910089492797852e+00 -7.117481708526611328e+00 0.000000000000000000e+00
-1.229152965545654297e+01 8.125846862792968750e+00 0.000000000000000000e+00
8.057156205177307129e-01 -8.560478210449218750e+00 0.000000000000000000e+00
2.421105384826660156e+00 1.243356323242187500e+01 0.000000000000000000e+00
-6.165093898773193359e+00 -7.481935977935791016e+00 0.000000000000000000e+00
2.932268381118774414e+00 1.422421836853027344e+01 0.000000000000000000e+00
2.614701986312866211e+00 1.838413238525390625e+00 0.000000000000000000e+00
7.492884159088134766e+00 -4.743854045867919922e+00 0.000000000000000000e+00
-1.428989028930664062e+01 -4.407577589154243469e-02 0.000000000000000000e+00
-1.416996669769287109e+01 -8.137478828430175781e+00 0.000000000000000000e+00
-5.442449092864990234e+00 -1.410898089408874512e+00 0.000000000000000000e+00
1.449023246765136719e+01 4.452348232269287109e+00 0.000000000000000000e+00
8.217654228210449219e+00 -8.902863502502441406e+00 0.000000000000000000e+00
1.123401165008544922e+01 4.775138378143310547e+00 0.000000000000000000e+00
-1.640369534492492676e+00 -8.600995063781738281e+00 0.000000000000000000e+00
7.466124296188354492e-01 1.001699924468994141e+00 0.000000000000000000e+00
4.565787315368652344e-01 -4.346240043640136719e+00 0.000000000000000000e+00
-3.970578670501708984e+00 -6.919227600097656250e+00 0.000000000000000000e+00
-1.217431640625000000e+01 -8.442972183227539062e+00 0.000000000000000000e+00
-1.673267555236816406e+01 4.102228164672851562e+00 0.000000000000000000e+00
-5.860922813415527344e+00 -3.138038158416748047e+00 0.000000000000000000e+00
8.718464851379394531e+00 -6.607213497161865234e+00 0.000000000000000000e+00
-1.484044790267944336e+00 1.161210823059082031e+01 0.000000000000000000e+00
1.381443691253662109e+01 8.407872200012207031e+00 0.000000000000000000e+00
1.460469532012939453e+01 -3.276037931442260742e+00 0.000000000000000000e+00
9.140171408653259277e-01 -1.602485847473144531e+01 0.000000000000000000e+00
-1.163331317901611328e+01 -1.250686073303222656e+01 0.000000000000000000e+00
6.427758693695068359e+00 -5.862662792205810547e+00 0.000000000000000000e+00
-5.176842689514160156e+00 2.234365463256835938e+00 0.000000000000000000e+00
-8.941138267517089844e+00 1.169591712951660156e+01 0.000000000000000000e+00
-1.275834083557128906e+01 -3.145040988922119141e+00 0.000000000000000000e+00
5.373329639434814453e+00 4.228622317314147949e-01 0.000000000000000000e+00
-7.101304054260253906e+00 -1.237973022460937500e+01 0.000000000000000000e+00
9.902130126953125000e+00 -9.045589447021484375e+00 0.000000000000000000e+00
9.356613159179687500e+00 6.132277965545654297e+00 0.000000000000000000e+00
4.601056098937988281e+00 1.008272457122802734e+01 0.000000000000000000e+00
-2.333184480667114258e+00 -4.225529670715332031e+00 0.000000000000000000e+00
-5.441394329071044922e+00 -1.534459209442138672e+01 0.000000000000000000e+00
1.215317916870117188e+01 9.112434387207031250e+00 0.000000000000000000e+00
5.331257343292236328e+00 1.631337928771972656e+01 0.000000000000000000e+00
-1.123444557189941406e+01 1.218340969085693359e+01 0.000000000000000000e+00
7.890627384185791016e+00 -2.933910608291625977e+00 0.000000000000000000e+00
-1.038397789001464844e+00 1.439805889129638672e+01 0.000000000000000000e+00
-6.730939388275146484e+00 -1.019004821777343750e+01 0.000000000000000000e+00
-7.934954643249511719e+00 -7.970224857330322266e+00 0.000000000000000000e+00
-6.406459808349609375e+00 -5.652394294738769531e+00 0.000000000000000000e+00
5.839627981185913086e-01 -1.145741844177246094e+01 0.000000000000000000e+00
-8.049303054809570312e+00 -1.359897613525390625e+01 0.000000000000000000e+00
-2.808058738708496094e+00 1.430499553680419922e+01 0.000000000000000000e+00
-1.018020820617675781e+01 -2.477706223726272583e-01 0.000000000000000000e+00
1.556283473968505859e+01 2.072664260864257812e+00 0.000000000000000000e+00
4.101322650909423828e+00 1.279640007019042969e+01 0.000000000000000000e+00
6.674038618803024292e-02 1.719498062133789062e+01 0.000000000000000000e+00
8.891478180885314941e-01 -1.306036949157714844e+01 0.000000000000000000e+00
-1.115042114257812500e+01 -1.066094493865966797e+01 0.000000000000000000e+00
8.054483413696289062e+00 -1.347700786590576172e+01 0.000000000000000000e+00
-1.282532930374145508e+00 -1.263702869415283203e+01 0.000000000000000000e+00
-1.384617614746093750e+01 -5.647037029266357422e+00 0.000000000000000000e+00
-1.569124317169189453e+01 1.997553348541259766e+00 0.000000000000000000e+00
7.269974231719970703e+00 1.586094188690185547e+01 0.000000000000000000e+00
1.196253871917724609e+01 -9.217973709106445312e+00 0.000000000000000000e+00
4.391432285308837891e+00 -1.396064090728759766e+01 0.000000000000000000e+00
-5.805309772491455078e+00 1.001706504821777344e+01 0.000000000000000000e+00
1.569979000091552734e+01 -7.097636699676513672e+00 0.000000000000000000e+00
-1.490901088714599609e+01 -2.085443019866943359e+00 0.000000000000000000e+00
-9.606269836425781250e+00 -5.303924560546875000e+00 0.000000000000000000e+00
-4.946322917938232422e+00 -4.647953510284423828e+00 0.000000000000000000e+00
9.863618850708007812e+00 -8.391663432121276855e-01 0.000000000000000000e+00
1.210655593872070312e+01 7.098633289337158203e+00 0.000000000000000000e+00
-3.190491914749145508e+00 6.280785560607910156e+00 0.000000000000000000e+00
8.852026939392089844e+00 5.653994679450988770e-01 0.000000000000000000e+00
3.468264102935791016e+00 -2.299673080444335938e+00 0.000000000000000000e+00
3.158592462539672852e+00 -1.699706459045410156e+01 0.000000000000000000e+00
-1.084151649475097656e+01 -2.004101991653442383e+00 0.000000000000000000e+00
-1.420978927612304688e+01 1.020572280883789062e+01 0.000000000000000000e+00
-1.162222671508789062e+01 -4.276561737060546875e+00 0.000000000000000000e+00
-9.972776412963867188e+00 1.359677124023437500e+01 0.000000000000000000e+00
-7.029605388641357422e+00 1.136625480651855469e+01 0.000000000000000000e+00
5.225921273231506348e-01 1.363165187835693359e+01 0.000000000000000000e+00
8.438553810119628906e-01 -7.357696294784545898e-01 0.000000000000000000e+00
3.154033660888671875e+00 1.106208801269531250e+01 0.000000000000000000e+00
-4.717560768127441406e+00 4.594969749450683594e+00 0.000000000000000000e+00
1.715408515930175781e+01 1.930554747581481934e+00 0.000000000000000000e+00
-1.722203636169433594e+01 1.745069742202758789e+00 0.000000000000000000e+00
1.532486438751220703e+01 8.436536788940429688e+00 0.000000000000000000e+00
-1.192949771881103516e+01 -6.936367154121398926e-01 0.000000000000000000e+00
1.405488586425781250e+01 -9.169068187475204468e-02 0.000000000000000000e+00
5.363565921783447266e+00 -2.291730880737304688e+00 0.000000000000000000e+00
-3.380351305007934570e+00 -1.538047218322753906e+01 0.000000000000000000e+00
-7.532038688659667969e+00 9.546268463134765625e+00 0.000000000000000000e+00
7.129778385162353516e+00 -7.211897373199462891e+00 0.000000000000000000e+00
-9.371185302734375000e-01 -4.951311111450195312e+00 0.000000000000000000e+00
-9.324851989746093750e+00 4.521803379058837891e+00 0.000000000000000000e+00
2.833126783370971680e+00 6.809894561767578125e+00 0.000000000000000000e+00
-1.376934242248535156e+01 6.661008834838867188e+00 0.000000000000000000e+00
1.394791698455810547e+01 1.049429321289062500e+01 0.000000000000000000e+00
1.073773765563964844e+01 -6.207402706146240234e+00 0.000000000000000000e+00
1.732520294189453125e+01 2.424992173910140991e-01 0.000000000000000000e+00
-1.031049728393554688e+01 1.077699375152587891e+01 0.000000000000000000e+00
9.346429705619812012e-01 7.322832584381103516e+00 0.000000000000000000e+00
1.334316635131835938e+01 -2.411033153533935547e+00 0.000000000000000000e+00
9.427296638488769531e+00 -2.360623359680175781e+00 0.000000000000000000e+00
4.647172987461090088e-01 -1.455338191986083984e+01 0.000000000000000000e+00
1.118179512023925781e+01 -1.077149772644042969e+01 0.000000000000000000e+00
7.133349418640136719e+00 1.267251849174499512e+00 0.000000000000000000e+00
-1.692243385314941406e+01 -3.812910556793212891e+00 0.000000000000000000e+00
-1.647806048393249512e+00 -1.695544052124023438e+01 0.000000000000000000e+00
2.556308746337890625e+00 -9.181890487670898438e+00 0.000000000000000000e+00
-3.390693902969360352e+00 1.704037094116210938e+01 0.000000000000000000e+00
-1.579455852508544922e+01 -3.973065316677093506e-01 0.000000000000000000e+00
-5.448654174804687500e+00 -1.117947673797607422e+01 0.000000000000000000e+00
-9.265922546386718750e+00 8.106552124023437500e+00 0.000000000000000000e+00
-4.995807647705078125e+00 1.432020187377929688e+01 0.000000000000000000e+00
-8.269539833068847656e+00 7.253153324127197266e-01 0.000000000000000000e+00
