-6.155828475952148438e+00 1.059031009674072266e+01 0.000000000000000000e+00
7.975471973419189453e+00 -5.568938255310058594e+00 0.000000000000000000e+00
-8.662555217742919922e-01 2.150601863861083984e+00 0.000000000000000000e+00
6.404153347015380859e+00 -5.625738620758056641e+00 0.000000000000000000e+00
-3.973664522171020508e+00 -1.258168029785156250e+01 0.000000000000000000e+00
-7.040470123291015625e+00 -9.276307106018066406e+00 0.000000000000000000e+00
-6.973393917083740234e+00 1.254406929016113281e+00 0.000000000000000000e+00
-1.188751220703125000e+01 -7.156078815460205078e+00 0.000000000000000000e+00
-4.977264404296875000e+00 -1.666114997863769531e+01 0.000000000000000000e+00
-1.422113513946533203e+01 5.170221328735351562e+00 0.000000000000000000e+00
-7.368930816650390625e+00 -1.311807727813720703e+01 0.000000000000000000e+00
-1.584921479225158691e+00 3.973165988922119141e+00 0.000000000000000000e+00
6.963912487030029297e+00 1.576193809509277344e+01 0.000000000000000000e+00
-4.566400647163391113e-01 9.471759796142578125e+00 0.000000000000000000e+00
1.013922500610351562e+01 5.690429210662841797e+00 0.000000000000000000e+00
8.164193153381347656e+00 -1.527011394500732422e+01 0.000000000000000000e+00
6.407721638679504395e-01 -1.450635337829589844e+01 0.000000000000000000e+00
1.123956012725830078e+01 -4.798965930938720703e+00 0.000000000000000000e+00
-4.061694145202636719e+00 6.829276084899902344e+00 0.000000000000000000e+00
-1.440156459808349609e+01 -7.035393238067626953e+00 0.000000000000000000e+00
9.806391716003417969e+00 2.988363981246948242e+00 0.000000000000000000e+00
-6.466478347778320312e+00 1.495627880096435547e+01 0.000000000000000000e+00
1.360997104644775391e+01 8.583321571350097656e+00 0.000000000000000000e+00
-1.283606052398681641e+01 9.593598842620849609e-01 0.000000000000000000e+00
3.264565467834472656e+00 -4.356618881225585938e+00 0.000000000000000000e+00
5.505265712738037109e+00 3.893568992614746094e+00 0.000000000000000000e+00
1.392185783386230469e+01 -4.755826950073242188e+00 0.000000000000000000e+00
-1.749492287635803223e+00 -8.530540466308593750e+00 0.000000000000000000e+00
-9.462632179260253906e+00 -1.304384994506835938e+01 0.000000000000000000e+00
1.594004631042480469e+01 -6.976294994354248047e+00 0.000000000000000000e+00
1.323551750183105469e+01 2.283181428909301758e+00 0.000000000000000000e+00
7.887600898742675781e+00 2.145518302917480469e+00 0.000000000000000000e+00
8.071656227111816406e+00 4.432258605957031250e+00 0.000000000000000000e+00
-5.280610084533691406e+00 -2.271404743194580078e+00 0.000000000000000000e+00
-5.061492443084716797e+00 -6.805946350097656250e+00 0.000000000000000000e+00
5.524283647537231445e-02 -1.280334758758544922e+01 0.000000000000000000e+00
-8.632823944091796875e+00 -1.324434757232666016e+00 0.000000000000000000e+00
-6.656314373016357422e+00 -2.916359663009643555e+00 0.000000000000000000e+00
-1.098401451110839844e+01 9.314817428588867188e+00 0.000000000000000000e+00
8.678864479064941406e+00 6.851207256317138672e+00 0.000000000000000000e+00
-1.147922515869140625e+01 -1.609030485153198242e+00 0.000000000000000000e+00
1.056222724914550781e+01 -2.267428636550903320e+00 0.000000000000000000e+00
7.166917920112609863e-01 1.846231579780578613e+00 0.000000000000000000e+00
-1.379790306091308594e+01 9.327842712402343750e+00 0.000000000000000000e+00
-1.058638381958007812e+01 7.438760399818420410e-01 0.000000000000000000e+00
1.120314979553222656e+01 8.016771316528320312e+00 0.000000000000000000e+00
2.761433839797973633e+00 -1.531770515441894531e+01 0.000000000000000000e+00
-1.113379669189453125e+01 5.089990139007568359e+00 0.000000000000000000e+00
1.732245326042175293e+00 1.741243362426757812e+01 0.000000000000000000e+00
-1.402780437469482422e+01 -2.324041128158569336e+00 0.000000000000000000e+00
-1.683702278137207031e+01 2.978371858596801758e+00 0.000000000000000000e+00
-3.131420850753784180e+00 -9.560278892517089844e+00 0.000000000000000000e+00
-2.172897338867187500e+00 -4.478126525878906250e+00 0.000000000000000000e+00
6.452395439147949219e+00 -4.189335405826568604e-01 0.000000000000000000e+00
-1.990495800971984863e+00 1.322922801971435547e+01 0.000000000000000000e+00
-2.364033699035644531e+00 -1.226779842376708984e+01 0.000000000000000000e+00
1.189686417579650879e+00 -9.259665489196777344e+00 0.000000000000000000e+00
-3.503433227539062500e+00 -5.171179294586181641e+00 0.000000000000000000e+00
-3.296997547149658203e+00 -3.195991992950439453e+00 0.000000000000000000e+00
-8.306753158569335938e+00 8.061129570007324219e+00 0.000000000000000000e+00
7.657202720642089844e+00 -1.776246905326843262e+00 0.000000000000000000e+00
9.457456588745117188e+00 -1.064006805419921875e+01 0.000000000000000000e+00
1.066735649108886719e+01 -5.248714685440063477e-01 0.000000000000000000e+00
1.447996425628662109e+01 1.693135499954223633e-01 0.000000000000000000e+00
9.186786651611328125e+00 -7.343868732452392578e+00 0.000000000000000000e+00
3.739656925201416016e+00 1.246044158935546875e+01 0.000000000000000000e+00
7.328034400939941406e+00 -1.386340141296386719e+01 0.000000000000000000e+00
-6.454121112823486328e+00 -4.706003189086914062e+00 0.000000000000000000e+00
-3.207303762435913086e+00 5.410844326019287109e+00 0.000000000000000000e+00
-8.870572090148925781e+00 1.204868984222412109e+01 0.000000000000000000e+00
1.215307998657226562e+01 -7.342670440673828125e+00 0.000000000000000000e+00
9.540513038635253906e+00 1.141576385498046875e+01 0.000000000000000000e+00
-2.274369716644287109e+00 1.018969416618347168e+00 0.000000000000000000e+00
1.750202417373657227e+00 -1.134605312347412109e+01 0.000000000000000000e+00
-1.214530944824218750e+01 1.069468688964843750e+01 0.000000000000000000e+00
-1.267879009246826172e-01 6.691685199737548828e+00 0.000000000000000000e+00
-6.238231658935546875e+00 -1.492020511627197266e+01 0.000000000000000000e+00
4.521864414215087891e+00 -1.359444522857666016e+01 0.000000000000000000e+00
7.449338436126708984e+00 -7.653347492218017578e+00 0.000000000000000000e+00
-9.462966918945312500e+00 -3.325009584426879883e+00 0.000000000000000000e+00
1.325014829635620117e+00 -3.335302591323852539e+00 0.000000000000000000e+00
6.740124821662902832e-01 1.154720497131347656e+01 0.000000000000000000e+00
4.602202892303466797e+00 -2.394289493560791016e+00 0.000000000000000000e+00
6.359704971313476562e+00 5.553541660308837891e+00 0.000000000000000000e+00
-4.455031394958496094e+00 1.389947891235351562e+01 0.000000000000000000e+00
4.720820903778076172e+00 7.864750862121582031e+00 0.000000000000000000e+00
-1.853988766670227051e+00 -1.467107653617858887e+00 0.000000000000000000e+00
6.688598155975341797e+00 1.000832653045654297e+01 0.000000000000000000e+00
1.283635330200195312e+01 -1.566067099571228027e+00 0.000000000000000000e+00
3.913563489913940430e+00 4.446410655975341797e+00 0.000000000000000000e+00
1.034205436706542969e+00 -7.358232498168945312e+00 0.000000000000000000e+00
5.638716816902160645e-01 -1.411327719688415527e+00 0.000000000000000000e+00
9.394100189208984375e+00 8.382390022277832031e+00 0.000000000000000000e+00
6.307012557983398438e+00 8.351130485534667969e+00 0.000000000000000000e+00
-3.883634328842163086e+00 -8.033640861511230469e+00 0.000000000000000000e+00
9.092364311218261719e+00 -3.798795938491821289e+00 0.000000000000000000e+00
-1.156379222869873047e+01 -1.030415725708007812e+01 0.000000000000000000e+00
6.095458030700683594e+00 -8.941417694091796875e+00 0.000000000000000000e+00
-3.797907352447509766e+00 1.142285346984863281e+01 0.000000000000000000e+00
-4.707349300384521484e+00 8.703062057495117188e+00 0.000000000000000000e+00
1.040244102478027344e+01 -1.295124340057373047e+01 0.000000000000000000e+00
1.560047912597656250e+01 6.467603206634521484e+00 0.000000000000000000e+00
1.000782489776611328e+01 -8.896422386169433594e+00 0.000000000000000000e+00
-3.085753321647644043e-01 1.427501487731933594e+01 0.000000000000000000e+00
8.106624603271484375e+00 1.086486244201660156e+01 0.000000000000000000e+00
-7.548093795776367188e+00 4.015106201171875000e+00 0.000000000000000000e+00
-2.742902755737304688e+00 -1.725986289978027344e+01 0.000000000000000000e+00
4.239987373352050781e+00 1.692250442504882812e+01 0.000000000000000000e+00
1.597782611846923828e+01 -1.185500860214233398e+00 0.000000000000000000e+00
1.227986907958984375e+01 9.476234316825866699e-01 0.000000000000000000e+00
-1.686882972717285156e+01 -1.637868165969848633e+00 0.000000000000000000e+00
1.416286373138427734e+01 -8.393263816833496094e+00 0.000000000000000000e+00
-4.397075653076171875e+00 1.660900497436523438e+01 0.000000000000000000e+00
-2.741868257522583008e+00 1.717496109008789062e+01 0.000000000000000000e+00
-8.812826156616210938e+00 1.446443271636962891e+01 0.000000000000000000e+00
1.511032962799072266e+01 4.103409767150878906e+00 0.000000000000000000e+00
-9.395170211791992188e+00 4.397217273712158203e+00 0.000000000000000000e+00
7.154510974884033203e+00 1.320429897308349609e+01 0.000000000000000000e+00
4.359667778015136719e+00 -1.022126770019531250e+01 0.000000000000000000e+00
-1.208005714416503906e+01 -4.532274723052978516e+00 0.000000000000000000e+00
2.823137760162353516e+00 -6.904253482818603516e+00 0.000000000000000000e+00
1.627579116821289062e+01 -5.468305587768554688e+00 0.000000000000000000e+00
4.427635669708251953e+00 1.166199803352355957e+00 0.000000000000000000e+00
-4.731788635253906250e+00 1.529171705245971680e+00 0.000000000000000000e+00
-4.017198681831359863e-01 3.652873039245605469e-01 0.000000000000000000e+00
5.051061630249023438e+00 -1.163321781158447266e+01 0.000000000000000000e+00
-1.041186904907226562e+01 7.301053047180175781e+00 0.000000000000000000e+00
-1.099514961242675781e-02 1.701558685302734375e+01 0.000000000000000000e+00
4.276159107685089111e-01 3.804866790771484375e+00 0.000000000000000000e+00
2.390799045562744141e+00 8.306702375411987305e-01 0.000000000000000000e+00
3.457810163497924805e+00 6.402724742889404297e+00 0.000000000000000000e+00
-5.871326446533203125e+00 -6.450636386871337891e-01 0.000000000000000000e+00
9.878130912780761719e+00 1.316369724273681641e+01 0.000000000000000000e+00
2.145139217376708984e+00 9.865589141845703125e+00 0.000000000000000000e+00
1.205208492279052734e+01 1.161657142639160156e+01 0.000000000000000000e+00
-1.600796699523925781e+01 1.454931020736694336e+00 0.000000000000000000e+00
4.110422611236572266e+00 -3.613085746765136719e-01 0.000000000000000000e+00
5.070940494537353516e+00 1.129180431365966797e+01 0.000000000000000000e+00
2.031440019607543945e+00 1.312829494476318359e+01 0.000000000000000000e+00
1.467664718627929688e+00 -5.517306327819824219e+00 0.000000000000000000e+00
9.893283247947692871e-01 5.340775966644287109e+00 0.000000000000000000e+00
5.305417537689208984e+00 1.331634044647216797e+01 0.000000000000000000e+00
-8.133389472961425781e+00 -4.153171062469482422e+00 0.000000000000000000e+00
-5.427348613739013672e+00 1.253446674346923828e+01 0.000000000000000000e+00
6.624137401580810547e+00 1.161309528350830078e+01 0.000000000000000000e+00
-1.067398262023925781e+01 -8.127959251403808594e+00 0.000000000000000000e+00
1.682047462463378906e+01 4.400050163269042969e+00 0.000000000000000000e+00
1.263310241699218750e+01 -3.215648651123046875e+00 0.000000000000000000e+00
-9.073698043823242188e+00 2.145676612854003906e+00 0.000000000000000000e+00
-1.109727382659912109e+01 1.261262321472167969e+01 0.000000000000000000e+00
-1.574862289428710938e+01 -5.395830154418945312e+00 0.000000000000000000e+00
9.866482734680175781e+00 -5.887119293212890625e+00 0.000000000000000000e+00
1.266469860076904297e+01 -9.324479103088378906e+00 0.000000000000000000e+00
2.226914405822753906e+00 1.488956260681152344e+01 0.000000000000000000e+00
-1.128271293640136719e+01 3.474600315093994141e+00 0.000000000000000000e+00
8.029127120971679688e+00 1.442783737182617188e+01 0.000000000000000000e+00
-4.147995948791503906e+00 -1.473507976531982422e+01 0.000000000000000000e+00
3.531166553497314453e+00 9.061059951782226562e+00 0.000000000000000000e+00
4.859066486358642578e+00 -1.585559940338134766e+01 0.000000000000000000e+00
-2.166770935058593750e+00 -1.430341053009033203e+01 0.000000000000000000e+00
-3.272272825241088867e+00 9.444148063659667969e+00 0.000000000000000000e+00
7.410775661468505859e+00 -1.000712776184082031e+01 0.000000000000000000e+00
4.533133506774902344e+00 -5.321887016296386719e+00 0.000000000000000000e+00
-2.198880352079868317e-02 -4.535344123840332031e+00 0.000000000000000000e+00
-1.602693748474121094e+01 5.515171527862548828e+00 0.000000000000000000e+00
-6.531638622283935547e+00 6.687073707580566406e+00 0.000000000000000000e+00
-6.667904853820800781e+00 -6.379942417144775391e+00 0.000000000000000000e+00
-8.047076225280761719e+00 -7.503487586975097656e+00 0.000000000000000000e+00
2.612132072448730469e+00 -1.638689637184143066e+00 0.000000000000000000e+00
9.107599258422851562e+00 -1.227430939674377441e+00 0.000000000000000000e+00
-1.359116840362548828e+01 -9.671305656433105469e+00 0.000000000000000000e+00
-1.444280433654785156e+01 1.986525654792785645e+00 0.000000000000000000e+00
3.261104106903076172e+00 -8.403257369995117188e+00 0.000000000000000000e+00
-1.254602146148681641e+01 8.433494567871093750e+00 0.000000000000000000e+00
9.171468734741210938e+00 1.019489884376525879e+00 0.000000000000000000e+00
-1.035758018493652344e+00 1.141639995574951172e+01 0.000000000000000000e+00
-1.417521858215332031e+01 -1.717155128717422485e-01 0.000000000000000000e+00
-1.131741428375244141e+01 -1.210183429718017578e+01 0.000000000000000000e+00
-5.936777114868164062e+00 2.469527006149291992e+00 0.000000000000000000e+00
-9.370801925659179688e+00 -1.029923629760742188e+01 0.000000000000000000e+00
1.426632022857666016e+01 -1.010904312133789062e+01 0.000000000000000000e+00
-9.899056434631347656e+00 -4.845997810363769531e+00 0.000000000000000000e+00
1.280262947082519531e+01 5.150251388549804688e+00 0.000000000000000000e+00
-7.272373676300048828e+00 1.344542407989501953e+01 0.000000000000000000e+00
1.682549858093261719e+01 -3.417079687118530273e+00 0.000000000000000000e+00
1.714543151855468750e+01 8.408150672912597656e-01 0.000000000000000000e+00
4.538034915924072266e+00 1.480963993072509766e+01 0.000000000000000000e+00
2.587445974349975586e+00 2.916594505310058594e+00 0.000000000000000000e+00
1.457381629943847656e+01 -2.872731447219848633e+00 0.000000000000000000e+00
-1.155209350585937500e+01 -3.115739345550537109e+00 0.000000000000000000e+00
-3.625149726867675781e+00 2.970868349075317383e+00 0.000000000000000000e+00
-8.123322486877441406e+00 6.202854633331298828e+00 0.000000000000000000e+00
-1.565877628326416016e+01 -6.007291674613952637e-01 0.000000000000000000e+00
-1.306074619293212891e+01 3.875568151473999023e+00 0.000000000000000000e+00
2.463841438293457031e+00 -1.689824295043945312e+01 0.000000000000000000e+00
-3.464048624038696289e+00 -2.974668890237808228e-02 0.000000000000000000e+00
-4.907998085021972656e+00 -1.054058361053466797e+01 0.000000000000000000e+00
-5.606476306915283203e+00 -1.276269149780273438e+01 0.000000000000000000e+00
1.337748241424560547e+01 1.014827251434326172e+01 0.000000000000000000e+00
5.068901062011718750e+00 -7.741011142730712891e+00 0.000000000000000000e+00
-1.714672660827636719e+01 4.478345513343811035e-01 0.000000000000000000e+00
9.356409311294555664e-01 -1.703674697875976562e+01 0.000000000000000000e+00
-1.497894001007080078e+01 -8.982564926147460938e+00 0.000000000000000000e+00
9.268310546875000000e+00 9.880127906799316406e+00 0.000000000000000000e+00
-4.309630393981933594e+00 4.312504768371582031e+00 0.000000000000000000e+00
-1.543729972839355469e+01 7.611353397369384766e+00 0.000000000000000000e+00
1.259257507324218750e+01 7.010583877563476562e+00 0.000000000000000000e+00
-8.869905471801757812e+00 9.989609718322753906e+00 0.000000000000000000e+00
-5.677741050720214844e+00 5.234120368957519531e+00 0.000000000000000000e+00
-1.275584411621093750e+01 -7.810389995574951172e-01 0.000000000000000000e+00
-1.198098468780517578e+01 6.388750076293945312e+00 0.000000000000000000e+00
-1.457611918449401855e+00 1.592383193969726562e+01 0.000000000000000000e+00
-1.389173126220703125e+01 6.796906948089599609e+00 0.000000000000000000e+00
-4.549965560436248779e-01 -7.737292289733886719e+00 0.000000000000000000e+00
1.152247238159179688e+01 -1.111329269409179688e+01 0.000000000000000000e+00
-1.012755990028381348e+00 -2.716830492019653320e+00 0.000000000000000000e+00
-2.174602746963500977e+00 8.079055786132812500e+00 0.000000000000000000e+00
-9.745101928710937500e+00 -6.550804615020751953e+00 0.000000000000000000e+00
-1.616861343383789062e+01 -3.163007259368896484e+00 0.000000000000000000e+00
-6.157345771789550781e-01 -1.732712364196777344e+01 0.000000000000000000e+00
1.550405406951904297e+01 2.245822668075561523e+00 0.000000000000000000e+00
-6.725454807281494141e+00 8.815829277038574219e+00 0.000000000000000000e+00
1.202443981170654297e+01 3.189388513565063477e+00 0.000000000000000000e+00
4.211354732513427734e+00 2.775263309478759766e+00 0.000000000000000000e+00
2.485304832458496094e+00 -1.300664520263671875e+01 0.000000000000000000e+00
-1.102392792701721191e+00 -1.543286991119384766e+01 0.000000000000000000e+00
-1.629782557487487793e+00 -1.051847839355468750e+01 0.000000000000000000e+00
6.506589889526367188e+00 -3.484422922134399414e+00 0.000000000000000000e+00
6.005886554718017578e+00 -1.298267173767089844e+01 0.000000000000000000e+00
6.397589206695556641e+00 1.289320230484008789e+00 0.000000000000000000e+00
1.116836833953857422e+01 4.559026241302490234e+00 0.000000000000000000e+00
8.406944274902343750e+00 -1.276487922668457031e+01 0.000000000000000000e+00
-3.920105934143066406e+00 -1.621461272239685059e+00 0.000000000000000000e+00
-1.317463588714599609e+01 -1.139858341217041016e+01 0.000000000000000000e+00
1.308334827423095703e+01 -6.074579715728759766e+00 0.000000000000000000e+00
1.898906469345092773e+00 7.723699092864990234e+00 0.000000000000000000e+00
-2.073116540908813477e+00 -7.043126106262207031e+00 0.000000000000000000e+00
2.467700242996215820e-01 -1.097476577758789062e+01 0.000000000000000000e+00
-5.526683330535888672e+00 -8.454578399658203125e+00 0.000000000000000000e+00
-1.406866168975830078e+01 -4.378430843353271484e+00 0.000000000000000000e+00
1.498986816406250000e+01 7.904118061065673828e+00 0.000000000000000000e+00
-1.758593797683715820e+00 6.443631172180175781e+00 0.000000000000000000e+00
1.204560947418212891e+01 9.331080436706542969e+00 0.000000000000000000e+00
-2.895826816558837891e+00 1.442655754089355469e+01 0.000000000000000000e+00
1.109398746490478516e+01 1.941993594169616699e+00 0.000000000000000000e+00
2.576845407485961914e+00 -9.998598098754882812e+00 0.000000000000000000e+00
1.305956840515136719e+01 -1.138490772247314453e+01 0.000000000000000000e+00
3.454454417806118727e-05 -6.035741806030273438e+00 0.000000000000000000e+00
4.865694046020507812e+00 9.805176734924316406e+00 0.000000000000000000e+00
1.094762992858886719e+01 1.040029621124267578e+01 0.000000000000000000e+00
-7.165669441223144531e+00 -1.127288055419921875e+01 0.000000000000000000e+00
9.574014663696289062e+00 -1.456492900848388672e+01 0.000000000000000000e+00
2.293968677520751953e+00 1.151535320281982422e+01 0.000000000000000000e+00
1.724100685119628906e+01 2.474748611450195312e+00 0.000000000000000000e+00
-8.765655517578125000e+00 -1.447629356384277344e+01 0.000000000000000000e+00
-7.956341743469238281e+00 4.924535378813743591e-02 0.000000000000000000e+00
