-8.913889884948730469e+00 -1.063023662567138672e+01 0.000000000000000000e+00
-1.098196601867675781e+01 9.903978347778320312e+00 0.000000000000000000e+00
1.247470259666442871e+00 1.492559814453125000e+01 0.000000000000000000e+00
9.972950220108032227e-01 8.625298500061035156e+00 0.000000000000000000e+00
-1.397903060913085938e+01 7.128304481506347656e+00 0.000000000000000000e+00
1.052938556671142578e+01 -5.214106082916259766e+00 0.000000000000000000e+00
-7.160832405090332031e+00 -1.160569667816162109e+01 0.000000000000000000e+00
-1.234287071228027344e+01 -4.921310901641845703e+00 0.000000000000000000e+00
-2.100787401199340820e+00 -8.115876197814941406e+00 0.000000000000000000e+00
-1.354207324981689453e+01 -9.316356658935546875e+00 0.000000000000000000e+00
1.024812126159667969e+01 7.070140361785888672e+00 0.000000000000000000e+00
1.618052291870117188e+01 -1.346466779708862305e+00 0.000000000000000000e+00
1.541479682922363281e+01 5.727747440338134766e+00 0.000000000000000000e+00
3.920940637588500977e+00 -2.105920791625976562e+00 0.000000000000000000e+00
-3.590618133544921875e+00 -1.583029842376708984e+01 0.000000000000000000e+00
-6.493681907653808594e+00 -4.168799400329589844e+00 0.000000000000000000e+00
-2.565191268920898438e+00 1.258631038665771484e+01 0.000000000000000000e+00
5.395395278930664062e+00 1.476447391510009766e+01 0.000000000000000000e+00
-1.349276638031005859e+01 3.190294027328491211e+00 0.000000000000000000e+00
-6.346787929534912109e+00 -5.753418922424316406e+00 0.000000000000000000e+00
2.835561990737915039e+00 3.565697908401489258e+00 0.000000000000000000e+00
-9.594564437866210938e+00 1.260297107696533203e+01 0.000000000000000000e+00
-4.933833599090576172e+00 1.592167663574218750e+01 0.000000000000000000e+00
1.233458614349365234e+01 -7.422137260437011719e+00 0.000000000000000000e+00
1.319076633453369141e+01 7.542831897735595703e+00 0.000000000000000000e+00
8.159167289733886719e+00 -1.067225265502929688e+01 0.000000000000000000e+00
-1.472697257995605469e+00 -1.114261865615844727e+00 0.000000000000000000e+00
1.513103365898132324e+00 -5.916443824768066406e+00 0.000000000000000000e+00
5.305740833282470703e+00 1.109496498107910156e+01 0.000000000000000000e+00
1.225042247772216797e+01 -1.457913517951965332e+00 0.000000000000000000e+00
9.779983520507812500e+00 -1.390647602081298828e+01 0.000000000000000000e+00
-4.199411571025848389e-01 3.988032102584838867e+00 0.000000000000000000e+00
-1.267790699005126953e+01 1.110506534576416016e+01 0.000000000000000000e+00
1.211888027191162109e+01 4.935531914234161377e-01 0.000000000000000000e+00
-1.135574340820312500e+01 6.298440933227539062e+00 0.000000000000000000e+00
-9.202969551086425781e+00 8.070571899414062500e+00 0.000000000000000000e+00
-1.557780170440673828e+01 7.289348602294921875e+00 0.000000000000000000e+00
-4.203857898712158203e+00 1.287736606597900391e+01 0.000000000000000000e+00
2.625097036361694336e+00 1.673364830017089844e+01 0.000000000000000000e+00
1.902846217155456543e+00 -1.100866699218750000e+01 0.000000000000000000e+00
-4.202604770660400391e+00 -1.318316841125488281e+01 0.000000000000000000e+00
2.668202161788940430e+00 -1.589341354370117188e+01 0.000000000000000000e+00
-1.438836956024169922e+01 -6.510835886001586914e-01 0.000000000000000000e+00
1.669740867614746094e+01 -3.632169485092163086e+00 0.000000000000000000e+00
6.741931438446044922e+00 -1.491569614410400391e+01 0.000000000000000000e+00
1.349146080017089844e+01 3.150031089782714844e+00 0.000000000000000000e+00
7.599258422851562500e+00 -3.050328969955444336e+00 0.000000000000000000e+00
-1.463014888763427734e+01 -6.243797302246093750e+00 0.000000000000000000e+00
3.383836746215820312e+00 -6.856855392456054688e+00 0.000000000000000000e+00
1.117117977142333984e+01 -1.113439083099365234e+01 0.000000000000000000e+00
-3.723947763442993164e+00 7.342391967773437500e+00 0.000000000000000000e+00
9.306174278259277344e+00 9.959493875503540039e-01 0.000000000000000000e+00
4.897307395935058594e+00 -1.335155963897705078e+01 0.000000000000000000e+00
-3.938774168491363525e-01 -3.427216768264770508e+00 0.000000000000000000e+00
9.631036758422851562e+00 -3.576618432998657227e+00 0.000000000000000000e+00
1.351677036285400391e+01 -3.665356159210205078e+00 0.000000000000000000e+00
9.979485511779785156e+00 1.068064212799072266e+01 0.000000000000000000e+00
1.434258937835693359e+01 1.196449875831604004e+00 0.000000000000000000e+00
-2.378349781036376953e+00 1.569618034362792969e+01 0.000000000000000000e+00
9.024279117584228516e-01 7.799861431121826172e-01 0.000000000000000000e+00
6.485438346862792969e+00 -1.146838092803955078e+01 0.000000000000000000e+00
-6.813591480255126953e+00 1.392537689208984375e+01 0.000000000000000000e+00
-1.518100070953369141e+01 -4.646464347839355469e+00 0.000000000000000000e+00
-6.140398979187011719e+00 -9.291241645812988281e+00 0.000000000000000000e+00
5.216052532196044922e+00 4.704144477844238281e+00 0.000000000000000000e+00
1.061640381813049316e+00 4.810623168945312500e+00 0.000000000000000000e+00
1.198372268676757812e+01 9.557950019836425781e+00 0.000000000000000000e+00
-4.018002986907958984e+00 4.264815151691436768e-01 0.000000000000000000e+00
-1.327478766441345215e+00 -1.360627174377441406e+01 0.000000000000000000e+00
3.936359286308288574e-01 1.334086704254150391e+01 0.000000000000000000e+00
8.445277214050292969e+00 -5.056242942810058594e+00 0.000000000000000000e+00
1.905845522880554199e+00 -1.807381510734558105e+00 0.000000000000000000e+00
8.269523620605468750e+00 8.249194145202636719e+00 0.000000000000000000e+00
-9.381325721740722656e+00 -1.459026908874511719e+01 0.000000000000000000e+00
-6.365696907043457031e+00 -7.633067607879638672e+00 0.000000000000000000e+00
-8.410923957824707031e+00 -1.356234550476074219e+00 0.000000000000000000e+00
1.090368843078613281e+01 -8.459313392639160156e+00 0.000000000000000000e+00
2.451409101486206055e-01 -9.645503044128417969e+00 0.000000000000000000e+00
3.122652053833007812e+00 1.353894710540771484e+01 0.000000000000000000e+00
5.086745262145996094e+00 8.106966972351074219e+00 0.000000000000000000e+00
-1.564324736595153809e+00 9.297429084777832031e+00 0.000000000000000000e+00
-8.817718505859375000e+00 6.017488479614257812e+00 0.000000000000000000e+00
-6.724334716796875000e+00 -1.408041954040527344e+01 0.000000000000000000e+00
-1.040036392211914062e+01 -2.970407485961914062e+00 0.000000000000000000e+00
5.606155872344970703e+00 6.300805091857910156e+00 0.000000000000000000e+00
3.526764154434204102e+00 -1.273414802551269531e+01 0.000000000000000000e+00
-1.781816720962524414e+00 2.913354635238647461e+00 0.000000000000000000e+00
-5.485970497131347656e+00 -1.594782352447509766e+01 0.000000000000000000e+00
-3.912780761718750000e+00 -9.507166862487792969e+00 0.000000000000000000e+00
-1.575191116333007812e+01 5.638752937316894531e+00 0.000000000000000000e+00
7.924270629882812500e+00 4.299546241760253906e+00 0.000000000000000000e+00
6.483168125152587891e+00 -1.308289432525634766e+01 0.000000000000000000e+00
-1.218897914886474609e+01 -8.559557914733886719e+00 0.000000000000000000e+00
6.586778163909912109e+00 -4.345242023468017578e+00 0.000000000000000000e+00
-8.732420921325683594e+00 1.084521102905273438e+01 0.000000000000000000e+00
8.582027435302734375e+00 2.628859281539916992e+00 0.000000000000000000e+00
9.938434600830078125e+00 3.825879812240600586e+00 0.000000000000000000e+00
1.505395126342773438e+01 -7.744720458984375000e+00 0.000000000000000000e+00
-1.059767532348632812e+01 -1.115070724487304688e+01 0.000000000000000000e+00
-8.002977371215820312e-01 -5.350253105163574219e+00 0.000000000000000000e+00
-5.998146533966064453e+00 9.589337348937988281e+00 0.000000000000000000e+00
-1.068895816802978516e+00 1.647750282287597656e+01 0.000000000000000000e+00
-1.609608650207519531e+01 3.182982206344604492e+00 0.000000000000000000e+00
-1.538069343566894531e+01 1.453013181686401367e+00 0.000000000000000000e+00
-1.714180564880371094e+01 1.465512156486511230e+00 0.000000000000000000e+00
-7.555498600006103516e+00 -3.081659793853759766e+00 0.000000000000000000e+00
8.095094680786132812e+00 -1.535892486572265625e+00 0.000000000000000000e+00
1.723985552787780762e+00 -3.604582309722900391e+00 0.000000000000000000e+00
-1.737843513488769531e+01 -1.669165015220642090e+00 0.000000000000000000e+00
-6.994858264923095703e+00 4.653561592102050781e+00 0.000000000000000000e+00
1.564249992370605469e+00 6.459273815155029297e+00 0.000000000000000000e+00
-4.379850864410400391e+00 -6.269145488739013672e+00 0.000000000000000000e+00
7.189247131347656250e+00 1.567082405090332031e+01 0.000000000000000000e+00
-2.546790838241577148e+00 1.197951316833496094e+00 0.000000000000000000e+00
-4.887176990509033203e+00 4.971350669860839844e+00 0.000000000000000000e+00
7.203006744384765625e+00 -7.747829437255859375e+00 0.000000000000000000e+00
1.138123035430908203e+01 2.107295274734497070e+00 0.000000000000000000e+00
3.770890474319458008e+00 7.181898117065429688e+00 0.000000000000000000e+00
1.367949867248535156e+01 -9.912158012390136719e+00 0.000000000000000000e+00
-1.142229366302490234e+01 5.145342350006103516e-01 0.000000000000000000e+00
3.713812828063964844e+00 -1.093189048767089844e+01 0.000000000000000000e+00
-1.294920158386230469e+01 1.126216769218444824e+00 0.000000000000000000e+00
3.202044069766998291e-01 -1.809995055198669434e+00 0.000000000000000000e+00
-1.172308444976806641e+01 3.203252792358398438e+00 0.000000000000000000e+00
1.175245571136474609e+01 1.174937152862548828e+01 0.000000000000000000e+00
-8.936161041259765625e+00 3.417240619659423828e+00 0.000000000000000000e+00
1.072110271453857422e+01 8.638427734375000000e+00 0.000000000000000000e+00
6.851397037506103516e+00 1.083172321319580078e+01 0.000000000000000000e+00
7.041291236877441406e+00 -5.866417884826660156e+00 0.000000000000000000e+00
-1.645534133911132812e+01 -3.264081716537475586e+00 0.000000000000000000e+00
-6.267622470855712891e+00 2.138525724411010742e+00 0.000000000000000000e+00
-1.012268543243408203e+01 -6.394975185394287109e+00 0.000000000000000000e+00
-5.012463569641113281e+00 -2.137682199478149414e+00 0.000000000000000000e+00
-8.765676498413085938e+00 1.372068405151367188e+00 0.000000000000000000e+00
4.204025745391845703e+00 1.812151908874511719e+00 0.000000000000000000e+00
5.272590160369873047e+00 -1.522670459747314453e+01 0.000000000000000000e+00
-4.795118868350982666e-01 6.793833255767822266e+00 0.000000000000000000e+00
5.986819744110107422e+00 -8.850338935852050781e+00 0.000000000000000000e+00
-1.385573482513427734e+01 4.656638145446777344e+00 0.000000000000000000e+00
-2.572333335876464844e+00 1.086543941497802734e+01 0.000000000000000000e+00
1.396701622009277344e+01 9.143425941467285156e+00 0.000000000000000000e+00
-1.064466667175292969e+01 1.373043823242187500e+01 0.000000000000000000e+00
-7.088316440582275391e+00 7.368943691253662109e-01 0.000000000000000000e+00
-8.393823623657226562e+00 -6.241430282592773438e+00 0.000000000000000000e+00
-5.263331890106201172e+00 7.204411029815673828e+00 0.000000000000000000e+00
1.712469291687011719e+01 3.260297775268554688e+00 0.000000000000000000e+00
-7.107018947601318359e+00 1.125041198730468750e+01 0.000000000000000000e+00
9.926929473876953125e-01 1.140019416809082031e+01 0.000000000000000000e+00
6.255216121673583984e+00 -8.442398309707641602e-01 0.000000000000000000e+00
-1.741457939147949219e+00 -2.618915796279907227e+00 0.000000000000000000e+00
-7.631817340850830078e+00 8.332101821899414062e+00 0.000000000000000000e+00
1.074331092834472656e+01 5.123013019561767578e+00 0.000000000000000000e+00
2.634367942810058594e+00 -8.917652130126953125e+00 0.000000000000000000e+00
-1.201635932922363281e+01 7.886473655700683594e+00 0.000000000000000000e+00
8.913354873657226562e+00 -6.578703403472900391e+00 0.000000000000000000e+00
-1.411190319061279297e+01 -7.753875732421875000e+00 0.000000000000000000e+00
-1.060655021667480469e+01 -8.913573265075683594e+00 0.000000000000000000e+00
-1.196219825744628906e+01 -1.264062690734863281e+01 0.000000000000000000e+00
6.267337799072265625e+00 1.804190158843994141e+00 0.000000000000000000e+00
-2.840336561203002930e+00 4.196025848388671875e+00 0.000000000000000000e+00
7.619497776031494141e+00 1.418051624298095703e+01 0.000000000000000000e+00
6.640036106109619141e-01 -1.506621551513671875e+01 0.000000000000000000e+00
-1.256167697906494141e+01 -1.595586299896240234e+00 0.000000000000000000e+00
-6.488559842109680176e-01 3.183484077453613281e-01 0.000000000000000000e+00
-1.325398445129394531e+01 8.965933799743652344e+00 0.000000000000000000e+00
-3.327790975570678711e+00 -1.176070690155029297e+01 0.000000000000000000e+00
4.263728141784667969e+00 -8.775837898254394531e+00 0.000000000000000000e+00
1.124848079681396484e+01 -3.858209371566772461e+00 0.000000000000000000e+00
1.496557426452636719e+01 -2.508768796920776367e+00 0.000000000000000000e+00
-4.705127179622650146e-01 -1.675241851806640625e+01 0.000000000000000000e+00
-1.639061546325683594e+01 -5.636078834533691406e+00 0.000000000000000000e+00
2.520041704177856445e+00 1.194330215454101562e+01 0.000000000000000000e+00
1.324385833740234375e+01 -1.139148330688476562e+01 0.000000000000000000e+00
3.015964031219482422e+00 -5.200993061065673828e+00 0.000000000000000000e+00
-2.772718429565429688e+00 -1.421497535705566406e+01 0.000000000000000000e+00
-4.391574859619140625e+00 2.398550271987915039e+00 0.000000000000000000e+00
7.091910362243652344e+00 7.319907188415527344e+00 0.000000000000000000e+00
4.951550960540771484e-01 -1.152801036834716797e+01 0.000000000000000000e+00
1.214297190308570862e-01 -6.885990142822265625e+00 0.000000000000000000e+00
9.416460990905761719e-01 2.579522609710693359e+00 0.000000000000000000e+00
9.303475379943847656e+00 -8.149543762207031250e+00 0.000000000000000000e+00
-3.277714490890502930e+00 -3.250363111495971680e+00 0.000000000000000000e+00
-1.237731170654296875e+01 -1.079122543334960938e+01 0.000000000000000000e+00
-1.818596601486206055e+00 -4.141243457794189453e+00 0.000000000000000000e+00
-5.283982276916503906e+00 -4.211859703063964844e-01 0.000000000000000000e+00
1.291999340057373047e+01 5.538027763366699219e+00 0.000000000000000000e+00
9.930798530578613281e+00 -1.267349958419799805e+00 0.000000000000000000e+00
4.859726428985595703e+00 1.679649162292480469e+01 0.000000000000000000e+00
-6.898094177246093750e+00 6.821139335632324219e+00 0.000000000000000000e+00
-1.020216751098632812e+01 1.952519059181213379e+00 0.000000000000000000e+00
3.510217905044555664e+00 1.519913196563720703e+01 0.000000000000000000e+00
1.382430267333984375e+01 -5.456331729888916016e+00 0.000000000000000000e+00
2.771980762481689453e+00 -5.256216526031494141e-01 0.000000000000000000e+00
3.480005025863647461e+00 -3.604934453964233398e+00 0.000000000000000000e+00
4.479551315307617188e+00 -5.830040454864501953e+00 0.000000000000000000e+00
9.159401893615722656e+00 1.282518291473388672e+01 0.000000000000000000e+00
1.971919894218444824e+00 -1.723567199707031250e+01 0.000000000000000000e+00
1.668814468383789062e+01 1.631768226623535156e+00 0.000000000000000000e+00
-4.262954711914062500e+00 1.064418601989746094e+01 0.000000000000000000e+00
-1.673159003257751465e+00 -1.041320991516113281e+01 0.000000000000000000e+00
-9.074052810668945312e+00 -8.492626190185546875e+00 0.000000000000000000e+00
1.505915546417236328e+01 3.978865146636962891e+00 0.000000000000000000e+00
-1.051135826110839844e+01 -1.311187362670898438e+01 0.000000000000000000e+00
1.097105693817138672e+01 1.314665126800537109e+01 0.000000000000000000e+00
-1.074214267730712891e+01 4.549388408660888672e+00 0.000000000000000000e+00
-5.080729484558105469e+00 -1.112493038177490234e+01 0.000000000000000000e+00
2.499089241027832031e+00 8.462007522583007812e+00 0.000000000000000000e+00
5.027481555938720703e+00 1.298625755310058594e+01 0.000000000000000000e+00
7.601841449737548828e+00 2.398424297571182251e-01 0.000000000000000000e+00
-3.065692901611328125e+00 1.403875350952148438e+01 0.000000000000000000e+00
1.726529502868652344e+01 -2.424368634819984436e-02 0.000000000000000000e+00
-1.907693028450012207e+00 5.957211494445800781e+00 0.000000000000000000e+00
-9.050047993659973145e-01 1.428662300109863281e+01 0.000000000000000000e+00
9.370391845703125000e+00 5.799046993255615234e+00 0.000000000000000000e+00
1.467967128753662109e+01 -7.452852129936218262e-01 0.000000000000000000e+00
2.945235252380371094e+00 5.361003875732421875e+00 0.000000000000000000e+00
1.276056170463562012e-01 -1.319726753234863281e+01 0.000000000000000000e+00
-1.299855041503906250e+01 -3.075464725494384766e+00 0.000000000000000000e+00
-1.623981285095214844e+01 -3.649796247482299805e-01 0.000000000000000000e+00
5.671265125274658203e+00 -3.036468267440795898e+00 0.000000000000000000e+00
8.249978065490722656e+00 -1.372741317749023438e+01 0.000000000000000000e+00
9.790882110595703125e+00 -9.959261894226074219e+00 0.000000000000000000e+00
8.898626327514648438e+00 -1.220543289184570312e+01 0.000000000000000000e+00
1.174513244628906250e+01 -1.281159114837646484e+01 0.000000000000000000e+00
-2.631556987762451172e-01 1.031201171875000000e+01 0.000000000000000000e+00
-9.045282363891601562e+00 1.463629055023193359e+01 0.000000000000000000e+00
-2.086963653564453125e+00 -1.657220649719238281e+01 0.000000000000000000e+00
2.405955076217651367e+00 1.675227761268615723e+00 0.000000000000000000e+00
1.523553848266601562e+01 8.215560913085937500e+00 0.000000000000000000e+00
-2.568449497222900391e+00 -5.473432064056396484e+00 0.000000000000000000e+00
-1.059808254241943359e+01 -4.680342197418212891e+00 0.000000000000000000e+00
4.338432788848876953e+00 -5.204612612724304199e-01 0.000000000000000000e+00
9.192051887512207031e+00 1.473831558227539062e+01 0.000000000000000000e+00
3.864036321640014648e+00 -1.680305290222167969e+01 0.000000000000000000e+00
-5.820682048797607422e+00 1.274852466583251953e+01 0.000000000000000000e+00
-1.672111392021179199e+00 -1.210215950012207031e+01 0.000000000000000000e+00
7.435740947723388672e+00 1.228448009490966797e+01 0.000000000000000000e+00
1.226544857025146484e+00 -8.007545471191406250e+00 0.000000000000000000e+00
-6.562766075134277344e+00 1.566338634490966797e+01 0.000000000000000000e+00
3.249600887298583984e+00 1.011286926269531250e+01 0.000000000000000000e+00
6.983572483062744141e+00 5.642481803894042969e+00 0.000000000000000000e+00
4.340550303459167480e-01 1.676079559326171875e+01 0.000000000000000000e+00
-8.301776885986328125e+00 -4.593813419342041016e+00 0.000000000000000000e+00
-1.517917823791503906e+01 -2.292369604110717773e+00 0.000000000000000000e+00
-1.136935043334960938e+01 1.222417354583740234e+01 0.000000000000000000e+00
-3.052113294601440430e+00 8.754613876342773438e+00 0.000000000000000000e+00
6.298463344573974609e+00 9.415641784667968750e+00 0.000000000000000000e+00
-9.727635383605957031e+00 -5.614395141601562500e-01 0.000000000000000000e+00
-1.489804840087890625e+01 8.810632705688476562e+00 0.000000000000000000e+00
-1.244712543487548828e+01 -6.914775371551513672e+00 0.000000000000000000e+00
4.961947441101074219e+00 -7.439496517181396484e+00 0.000000000000000000e+00
2.293476819992065430e+00 -1.365826129913330078e+01 0.000000000000000000e+00
-5.284751057624816895e-01 1.827819585800170898e+00 0.000000000000000000e+00
1.524846363067626953e+01 -4.855436325073242188e+00 0.000000000000000000e+00
-8.890360832214355469e+00 -1.297885608673095703e+01 0.000000000000000000e+00
8.194118499755859375e+00 -1.538284587860107422e+01 0.000000000000000000e+00
