-1.187976646423339844e+01 8.880254745483398438e+00 0.000000000000000000e+00
-8.585391044616699219e+00 5.148644447326660156e+00 0.000000000000000000e+00
-6.716311573982238770e-01 -5.173365592956542969e+00 0.000000000000000000e+00
-1.469694995880126953e+01 -3.098129987716674805e+00 0.000000000000000000e+00
-2.913378477096557617e+00 -2.201315879821777344e+00 0.000000000000000000e+00
-1.264113044738769531e+01 -8.006641387939453125e+00 0.000000000000000000e+00
-1.434912681579589844e+01 3.115465164184570312e+00 0.000000000000000000e+00
6.053523063659667969e+00 -6.729419708251953125e+00 0.000000000000000000e+00
1.401371860504150391e+01 -9.621487617492675781e+00 0.000000000000000000e+00
-8.609082221984863281e+00 8.833182334899902344e+00 0.000000000000000000e+00
9.422958374023437500e+00 -1.079813575744628906e+01 0.000000000000000000e+00
-7.059069156646728516e+00 -4.516197681427001953e+00 0.000000000000000000e+00
-1.025350284576416016e+01 -1.336973667144775391e+01 0.000000000000000000e+00
-2.782265841960906982e-01 1.031622409820556641e+01 0.000000000000000000e+00
-1.259518146514892578e+01 -4.615856647491455078e+00 0.000000000000000000e+00
4.670859813690185547e+00 -1.524194717407226562e+01 0.000000000000000000e+00
8.795584440231323242e-01 -8.352452278137207031e+00 0.000000000000000000e+00
1.456448364257812500e+01 4.882866859436035156e+00 0.000000000000000000e+00
-6.563649654388427734e+00 -1.137399578094482422e+01 0.000000000000000000e+00
5.469348430633544922e-01 -1.638310241699218750e+01 0.000000000000000000e+00
1.097055816650390625e+01 1.300832176208496094e+01 0.000000000000000000e+00
1.117203235626220703e+01 -1.395751237869262695e+00 0.000000000000000000e+00
-1.351547622680664062e+01 1.098277664184570312e+01 0.000000000000000000e+00
-5.781273365020751953e+00 -1.655835151672363281e+00 0.000000000000000000e+00
9.036364555358886719e+00 6.032197475433349609e+00 0.000000000000000000e+00
7.343080997467041016e+00 1.434351348876953125e+01 0.000000000000000000e+00
1.487144470214843750e+01 -7.287524223327636719e+00 0.000000000000000000e+00
5.750693321228027344e+00 6.643888473510742188e+00 0.000000000000000000e+00
1.324656105041503906e+01 5.922415733337402344e+00 0.000000000000000000e+00
4.981660246849060059e-01 4.048216819763183594e+00 0.000000000000000000e+00
-1.288219261169433594e+01 2.171739816665649414e+00 0.000000000000000000e+00
4.987565994262695312e+00 -1.288782215118408203e+01 0.000000000000000000e+00
-5.097135066986083984e+00 6.153216838836669922e+00 0.000000000000000000e+00
-6.417022705078125000e+00 -7.154351234436035156e+00 0.000000000000000000e+00
7.546092510223388672e+00 -1.322790050506591797e+01 0.000000000000000000e+00
2.224105358123779297e+00 -1.803943514823913574e+00 0.000000000000000000e+00
-7.598010063171386719e+00 6.427112579345703125e+00 0.000000000000000000e+00
6.316114902496337891e+00 8.182416558265686035e-01 0.000000000000000000e+00
-6.066781997680664062e+00 9.592212677001953125e+00 0.000000000000000000e+00
-1.109819030761718750e+01 9.344323277473449707e-01 0.000000000000000000e+00
-3.188863992691040039e-01 1.741583251953125000e+01 0.000000000000000000e+00
1.037375831604003906e+01 1.157820597290992737e-01 0.000000000000000000e+00
-1.197998714447021484e+01 5.292564868927001953e+00 0.000000000000000000e+00
1.464432334899902344e+01 1.450979590415954590e+00 0.000000000000000000e+00
3.317003965377807617e+00 1.129380893707275391e+01 0.000000000000000000e+00
-1.367872619628906250e+01 -4.470073878765106201e-01 0.000000000000000000e+00
-1.455621433258056641e+01 6.866087436676025391e+00 0.000000000000000000e+00
-9.013493537902832031e+00 -1.227538585662841797e+01 0.000000000000000000e+00
1.186004281044006348e+00 -1.039435482025146484e+01 0.000000000000000000e+00
-2.687259912490844727e+00 4.346132755279541016e+00 0.000000000000000000e+00
-4.166445732116699219e+00 -1.938222944736480713e-01 0.000000000000000000e+00
-1.568906307220458984e+00 -1.411580944061279297e+01 0.000000000000000000e+00
6.445381641387939453e+00 -1.112759590148925781e+01 0.000000000000000000e+00
-8.090265274047851562e+00 -2.947423696517944336e+00 0.000000000000000000e+00
3.735333204269409180e+00 -8.962663650512695312e+00 0.000000000000000000e+00
-3.866180181503295898e+00 -1.149318885803222656e+01 0.000000000000000000e+00
-7.653544425964355469e+00 -5.469953417778015137e-01 0.000000000000000000e+00
1.130351161956787109e+01 -4.110633850097656250e+00 0.000000000000000000e+00
-1.154453086853027344e+01 -2.599652051925659180e+00 0.000000000000000000e+00
3.974908113479614258e+00 -1.661474227905273438e+01 0.000000000000000000e+00
-7.462558150291442871e-01 -7.339565753936767578e+00 0.000000000000000000e+00
-7.393717765808105469e+00 -1.558554172515869141e+01 0.000000000000000000e+00
2.106816321611404419e-01 -1.208536434173583984e+01 0.000000000000000000e+00
2.411947965621948242e+00 -4.939445495605468750e+00 0.000000000000000000e+00
1.239282703399658203e+01 -1.197496986389160156e+01 0.000000000000000000e+00
7.391108036041259766e+00 4.938064098358154297e+00 0.000000000000000000e+00
1.352295970916748047e+01 8.527678489685058594e+00 0.000000000000000000e+00
-1.363564109802246094e+01 4.811985969543457031e+00 0.000000000000000000e+00
6.391316652297973633e-01 5.772423744201660156e+00 0.000000000000000000e+00
2.351074457168579102e+00 7.718860149383544922e+00 0.000000000000000000e+00
-1.320147895812988281e+01 -9.466516494750976562e+00 0.000000000000000000e+00
-5.284825325012207031e+00 -5.107659339904785156e+00 0.000000000000000000e+00
1.484239101409912109e+00 1.061249160766601562e+01 0.000000000000000000e+00
7.550757527351379395e-01 1.980880618095397949e+00 0.000000000000000000e+00
-9.053809165954589844e+00 -5.746651172637939453e+00 0.000000000000000000e+00
3.941456079483032227e+00 -4.363128185272216797e+00 0.000000000000000000e+00
4.460455894470214844e+00 8.293328285217285156e+00 0.000000000000000000e+00
-2.966468095779418945e+00 -8.445776939392089844e+00 0.000000000000000000e+00
8.009951591491699219e+00 -4.843554496765136719e+00 0.000000000000000000e+00
1.220062065124511719e+01 1.794940590858459473e+00 0.000000000000000000e+00
-2.236680746078491211e+00 9.608450889587402344e+00 0.000000000000000000e+00
5.588198184967041016e+00 1.348212909698486328e+01 0.000000000000000000e+00
-1.646803474426269531e+01 5.115091800689697266e+00 0.000000000000000000e+00
1.082524681091308594e+01 1.089058113098144531e+01 0.000000000000000000e+00
9.493502974510192871e-01 8.254920005798339844e+00 0.000000000000000000e+00
8.749154090881347656e+00 -2.448072910308837891e+00 0.000000000000000000e+00
-7.538907527923583984e+00 -1.016164684295654297e+01 0.000000000000000000e+00
-1.073944664001464844e+01 1.141170120239257812e+01 0.000000000000000000e+00
-1.035481548309326172e+01 -3.947134256362915039e+00 0.000000000000000000e+00
1.069333744049072266e+01 -9.485487937927246094e+00 0.000000000000000000e+00
-1.135711479187011719e+01 -9.736194610595703125e+00 0.000000000000000000e+00
1.351817417144775391e+01 -1.151290297508239746e+00 0.000000000000000000e+00
7.637981414794921875e+00 -7.635375976562500000e+00 0.000000000000000000e+00
1.438863515853881836e+00 -1.510718536376953125e+01 0.000000000000000000e+00
-1.093984985351562500e+01 7.563050270080566406e+00 0.000000000000000000e+00
-8.962036132812500000e+00 -9.128943443298339844e+00 0.000000000000000000e+00
-1.236130905151367188e+01 1.234748649597167969e+01 0.000000000000000000e+00
9.210840225219726562e+00 1.130610275268554688e+01 0.000000000000000000e+00
8.195729255676269531e+00 -9.221769332885742188e+00 0.000000000000000000e+00
8.055066108703613281e+00 1.007422542572021484e+01 0.000000000000000000e+00
-1.650774383544921875e+01 2.096148252487182617e+00 0.000000000000000000e+00
-4.265561103820800781e+00 -6.747834205627441406e+00 0.000000000000000000e+00
-1.119226932525634766e+01 3.211739063262939453e+00 0.000000000000000000e+00
6.193622589111328125e+00 -9.239361286163330078e-01 0.000000000000000000e+00
1.107922077178955078e+01 4.289880752563476562e+00 0.000000000000000000e+00
-1.072188758850097656e+01 -5.419068813323974609e+00 0.000000000000000000e+00
-2.898058414459228516e+00 1.110091495513916016e+01 0.000000000000000000e+00
-6.953235149383544922e+00 1.579303932189941406e+01 0.000000000000000000e+00
5.591495990753173828e+00 -5.060075759887695312e+00 0.000000000000000000e+00
1.099589538574218750e+01 -7.232410430908203125e+00 0.000000000000000000e+00
4.919333934783935547e+00 -1.025357341766357422e+01 0.000000000000000000e+00
-5.469252109527587891e+00 -8.768022537231445312e+00 0.000000000000000000e+00
1.596063709259033203e+01 -4.697486400604248047e+00 0.000000000000000000e+00
4.312104225158691406e+00 9.392127990722656250e-01 0.000000000000000000e+00
-7.413970470428466797e+00 -8.495046615600585938e+00 0.000000000000000000e+00
-6.548279762268066406e+00 5.146573066711425781e+00 0.000000000000000000e+00
5.880937099456787109e+00 -3.083331823348999023e+00 0.000000000000000000e+00
-5.557524681091308594e+00 1.312739753723144531e+01 0.000000000000000000e+00
-7.113334655761718750e+00 2.932149648666381836e+00 0.000000000000000000e+00
8.373326301574707031e+00 3.391949176788330078e+00 0.000000000000000000e+00
1.573124885559082031e+01 -1.284431457519531250e+00 0.000000000000000000e+00
-1.571640968322753906e+00 3.132492542266845703e+00 0.000000000000000000e+00
-1.924569487571716309e+00 -4.904984831809997559e-01 0.000000000000000000e+00
6.543611526489257812e+00 1.083471870422363281e+01 0.000000000000000000e+00
1.392067241668701172e+01 -4.377933979034423828e+00 0.000000000000000000e+00
-1.686902809143066406e+01 -1.356611490249633789e+00 0.000000000000000000e+00
-2.307797431945800781e+00 1.372264266014099121e+00 0.000000000000000000e+00
3.219053506851196289e+00 1.597497367858886719e+01 0.000000000000000000e+00
-3.845292806625366211e+00 -1.456153678894042969e+01 0.000000000000000000e+00
1.295104694366455078e+01 -5.529139518737792969e+00 0.000000000000000000e+00
-1.219842433929443359e+01 -1.242850971221923828e+01 0.000000000000000000e+00
6.062447071075439453e+00 1.581031322479248047e+01 0.000000000000000000e+00
5.849770069122314453e+00 2.558191537857055664e+00 0.000000000000000000e+00
9.909974098205566406e+00 2.974327564239501953e+00 0.000000000000000000e+00
1.432980060577392578e+00 -3.204201459884643555e+00 0.000000000000000000e+00
-4.277154445648193359e+00 -1.293864440917968750e+01 0.000000000000000000e+00
1.063068294525146484e+01 8.519332885742187500e+00 0.000000000000000000e+00
-1.410874557495117188e+01 -5.908820629119873047e+00 0.000000000000000000e+00
3.794395208358764648e+00 3.623092651367187500e+00 0.000000000000000000e+00
1.810005664825439453e+00 1.251510334014892578e+01 0.000000000000000000e+00
1.016773319244384766e+01 -1.273904895782470703e+01 0.000000000000000000e+00
-1.131139469146728516e+01 -6.526522636413574219e-01 0.000000000000000000e+00
-1.048073196411132812e+01 4.723675727844238281e+00 0.000000000000000000e+00
-4.347690105438232422e+00 8.745391845703125000e+00 0.000000000000000000e+00
-9.336161613464355469e+00 6.859595775604248047e+00 0.000000000000000000e+00
8.001361846923828125e+00 -8.201854825019836426e-01 0.000000000000000000e+00
-7.847203731536865234e+00 1.390640449523925781e+01 0.000000000000000000e+00
-6.723590850830078125e+00 -1.357772922515869141e+01 0.000000000000000000e+00
-4.832143783569335938e+00 2.827119112014770508e+00 0.000000000000000000e+00
5.107300758361816406e+00 1.143955421447753906e+01 0.000000000000000000e+00
3.019959926605224609e+00 5.488766193389892578e+00 0.000000000000000000e+00
-1.184467077255249023e+00 -9.997035980224609375e+00 0.000000000000000000e+00
-8.835605621337890625e+00 1.111928749084472656e+01 0.000000000000000000e+00
-1.705377388000488281e+01 3.684754133224487305e+00 0.000000000000000000e+00
3.344583749771118164e+00 -6.118525981903076172e+00 0.000000000000000000e+00
-9.580463409423828125e+00 -1.818262338638305664e+00 0.000000000000000000e+00
1.297161388397216797e+01 -7.598212718963623047e+00 0.000000000000000000e+00
1.986244767904281616e-01 1.385960769653320312e+01 0.000000000000000000e+00
-3.783842802047729492e+00 -5.206332683563232422e+00 0.000000000000000000e+00
-5.268908023834228516e+00 1.379045963287353516e+00 0.000000000000000000e+00
-1.134858131408691406e+00 1.615226745605468750e+01 0.000000000000000000e+00
5.106461048126220703e+00 5.100866317749023438e+00 0.000000000000000000e+00
2.341557741165161133e+00 -1.294808387756347656e+01 0.000000000000000000e+00
-1.316699886322021484e+01 -1.098590469360351562e+01 0.000000000000000000e+00
-9.592913627624511719e+00 -5.775216594338417053e-02 0.000000000000000000e+00
-1.486448192596435547e+01 -8.963746070861816406e+00 0.000000000000000000e+00
2.763547420501708984e+00 1.420424747467041016e+01 0.000000000000000000e+00
-1.159304857254028320e+00 5.807573795318603516e+00 0.000000000000000000e+00
4.721878528594970703e+00 9.786566734313964844e+00 0.000000000000000000e+00
-2.350875377655029297e+00 -3.923879623413085938e+00 0.000000000000000000e+00
-5.111330509185791016e+00 -1.600336456298828125e+01 0.000000000000000000e+00
-1.019947433471679688e+01 -8.050911903381347656e+00 0.000000000000000000e+00
-1.019435882568359375e+00 -1.702595901489257812e+01 0.000000000000000000e+00
-1.548977184295654297e+01 -2.905003167688846588e-02 0.000000000000000000e+00
9.407665252685546875e+00 -7.368265628814697266e+00 0.000000000000000000e+00
8.874094963073730469e+00 7.531181335449218750e+00 0.000000000000000000e+00
-2.541773557662963867e+00 1.511670970916748047e+01 0.000000000000000000e+00
-1.207205486297607422e+01 -6.276313304901123047e+00 0.000000000000000000e+00
-1.510995745658874512e+00 -1.206969928741455078e+01 0.000000000000000000e+00
4.027072429656982422e+00 -1.852227330207824707e+00 0.000000000000000000e+00
1.526488876342773438e+01 6.531158924102783203e+00 0.000000000000000000e+00
2.143798589706420898e+00 -7.295359611511230469e+00 0.000000000000000000e+00
-1.704025506973266602e+00 1.202244186401367188e+01 0.000000000000000000e+00
-2.073833703994750977e+00 1.367133808135986328e+01 0.000000000000000000e+00
6.542867183685302734e+00 8.807628631591796875e+00 0.000000000000000000e+00
9.024001121520996094e+00 -1.467770290374755859e+01 0.000000000000000000e+00
3.467577457427978516e+00 -1.411792087554931641e+01 0.000000000000000000e+00
5.314720273017883301e-01 3.321814239025115967e-01 0.000000000000000000e+00
-3.380457401275634766e+00 6.146673202514648438e+00 0.000000000000000000e+00
-1.031596374511718750e+01 1.321475696563720703e+01 0.000000000000000000e+00
1.329419708251953125e+01 3.925248146057128906e+00 0.000000000000000000e+00
9.013740539550781250e+00 1.440665531158447266e+01 0.000000000000000000e+00
6.426516771316528320e-01 -6.362347602844238281e+00 0.000000000000000000e+00
1.655293655395507812e+01 -2.777354240417480469e+00 0.000000000000000000e+00
3.806111216545104980e-01 -1.378350639343261719e+01 0.000000000000000000e+00
-1.320796012878417969e+01 -1.881935596466064453e+00 0.000000000000000000e+00
-4.178800582885742188e+00 1.699281120300292969e+01 0.000000000000000000e+00
-7.077232360839843750e+00 1.253129959106445312e+01 0.000000000000000000e+00
2.803233146667480469e+00 2.220400333404541016e+00 0.000000000000000000e+00
-2.592175483703613281e+00 -6.467559337615966797e+00 0.000000000000000000e+00
-9.084200859069824219e+00 -1.494036674499511719e+01 0.000000000000000000e+00
-5.881846904754638672e+00 1.161384773254394531e+01 0.000000000000000000e+00
-1.513218021392822266e+01 -1.623479485511779785e+00 0.000000000000000000e+00
-2.679092407226562500e+00 -1.628515243530273438e+01 0.000000000000000000e+00
-1.350662112236022949e+00 7.873897552490234375e+00 0.000000000000000000e+00
1.272568798065185547e+01 9.836579322814941406e+00 0.000000000000000000e+00
-7.918531894683837891e+00 1.212018251419067383e+00 0.000000000000000000e+00
-6.234724044799804688e+00 7.685546875000000000e+00 0.000000000000000000e+00
3.308629274368286133e+00 -4.485234022140502930e-01 0.000000000000000000e+00
-7.782195210456848145e-01 -3.627630233764648438e+00 0.000000000000000000e+00
-4.107901096343994141e+00 -3.284461259841918945e+00 0.000000000000000000e+00
1.077460670471191406e+01 6.966112136840820312e+00 0.000000000000000000e+00
5.740965843200683594e+00 -8.904713630676269531e+00 0.000000000000000000e+00
7.283467769622802734e+00 7.244707107543945312e+00 0.000000000000000000e+00
1.738881301879882812e+01 -7.820631861686706543e-01 0.000000000000000000e+00
-4.790043354034423828e+00 1.557189655303955078e+01 0.000000000000000000e+00
3.832496166229248047e+00 -1.181229686737060547e+01 0.000000000000000000e+00
1.610739517211914062e+01 2.658773899078369141e+00 0.000000000000000000e+00
-4.512674331665039062e+00 -1.004380226135253906e+01 0.000000000000000000e+00
9.505375862121582031e+00 -5.132697105407714844e+00 0.000000000000000000e+00
-1.659583091735839844e+01 -3.921765565872192383e+00 0.000000000000000000e+00
-1.461100196838378906e+01 9.506695747375488281e+00 0.000000000000000000e+00
1.719843864440917969e+01 8.486483097076416016e-01 0.000000000000000000e+00
8.720259666442871094e+00 5.141850709915161133e-01 0.000000000000000000e+00
-8.022293090820312500e+00 -7.101965427398681641e+00 0.000000000000000000e+00
-9.002407073974609375e+00 2.818943977355957031e+00 0.000000000000000000e+00
-1.315193748474121094e+01 7.454017162322998047e+00 0.000000000000000000e+00
1.218382477760314941e+00 1.697845840454101562e+01 0.000000000000000000e+00
1.219260096549987793e+00 1.506473636627197266e+01 0.000000000000000000e+00
1.312242126464843750e+01 -2.974760532379150391e+00 0.000000000000000000e+00
1.493287086486816406e+01 -3.101291418075561523e+00 0.000000000000000000e+00
6.109961509704589844e+00 -1.411279201507568359e+01 0.000000000000000000e+00
-5.972766876220703125e+00 1.464128017425537109e+01 0.000000000000000000e+00
-1.002310943603515625e+01 -1.077145195007324219e+01 0.000000000000000000e+00
6.787544250488281250e+00 -1.580545330047607422e+01 0.000000000000000000e+00
4.131506443023681641e+00 1.263119411468505859e+01 0.000000000000000000e+00
1.502765655517578125e+01 8.142840385437011719e+00 0.000000000000000000e+00
4.526652336120605469e+00 -7.218953132629394531e+00 0.000000000000000000e+00
1.217573261260986328e+01 -9.119896888732910156e+00 0.000000000000000000e+00
-3.892262935638427734e+00 1.328772735595703125e+01 0.000000000000000000e+00
2.497816085815429688e+00 -1.695044898986816406e+01 0.000000000000000000e+00
1.321575355529785156e+01 5.936571359634399414e-01 0.000000000000000000e+00
-9.272446632385253906e+00 1.482497406005859375e+01 0.000000000000000000e+00
-1.576792812347412109e+01 -5.627645492553710938e+00 0.000000000000000000e+00
6.835026144981384277e-01 -1.665815472602844238e+00 0.000000000000000000e+00
-4.467811107635498047e+00 4.527914524078369141e+00 0.000000000000000000e+00
7.226844787597656250e+00 1.273163223266601562e+01 0.000000000000000000e+00
1.249258518218994141e+01 1.179639339447021484e+01 0.000000000000000000e+00
-8.737619519233703613e-01 -1.547329998016357422e+01 0.000000000000000000e+00
-1.727953147888183594e+01 5.392120480537414551e-01 0.000000000000000000e+00
1.124797534942626953e+01 -5.626703739166259766e+00 0.000000000000000000e+00
3.036226034164428711e+00 9.713985443115234375e+00 0.000000000000000000e+00
-2.738677740097045898e+00 -1.016960525512695312e+01 0.000000000000000000e+00
7.705278396606445312e+00 1.920777082443237305e+00 0.000000000000000000e+00
-1.547237586975097656e+01 -7.412487030029296875e+00 0.000000000000000000e+00
-3.219450235366821289e+00 2.650694131851196289e+00 0.000000000000000000e+00
