-1.787975072860717773e+00 -6.647885799407958984e+00 0.000000000000000000e+00
8.581326484680175781e+00 2.023192405700683594e+00 0.000000000000000000e+00
-5.209133148193359375e+00 -1.000097656250000000e+01 0.000000000000000000e+00
-1.980877280235290527e+00 -2.543403021991252899e-02 0.000000000000000000e+00
5.838866233825683594e+00 2.940297603607177734e+00 0.000000000000000000e+00
-5.827279090881347656e+00 1.645503997802734375e+01 0.000000000000000000e+00
-6.462707519531250000e-01 -3.651752710342407227e+00 0.000000000000000000e+00
8.762787818908691406e+00 5.957590103149414062e+00 0.000000000000000000e+00
-1.217580795288085938e+01 -1.199886512756347656e+01 0.000000000000000000e+00
-6.863476276397705078e+00 2.148237228393554688e+00 0.000000000000000000e+00
6.711774826049804688e+00 -5.370203495025634766e+00 0.000000000000000000e+00
-9.016055464744567871e-01 8.212551116943359375e+00 0.000000000000000000e+00
1.718561172485351562e+01 2.446733787655830383e-02 0.000000000000000000e+00
1.106641292572021484e+01 1.139437580108642578e+01 0.000000000000000000e+00
-7.762637138366699219e-01 1.688322067260742188e+01 0.000000000000000000e+00
-5.305570125579833984e+00 -1.637272453308105469e+01 0.000000000000000000e+00
-5.025163173675537109e+00 -8.059095382690429688e+00 0.000000000000000000e+00
-1.416217803955078125e+01 6.413603782653808594e+00 0.000000000000000000e+00
-2.452084302902221680e+00 1.651794242858886719e+01 0.000000000000000000e+00
-1.247816085815429688e+00 -1.678741645812988281e+01 0.000000000000000000e+00
7.835947990417480469e+00 -1.298769092559814453e+01 0.000000000000000000e+00
4.648201942443847656e+00 6.221355438232421875e+00 0.000000000000000000e+00
3.876168251037597656e+00 1.600167465209960938e+01 0.000000000000000000e+00
7.275082588195800781e+00 -1.712461471557617188e+00 0.000000000000000000e+00
5.135714054107666016e+00 -1.187683391571044922e+01 0.000000000000000000e+00
-1.225582695007324219e+01 -3.633678674697875977e+00 0.000000000000000000e+00
3.641860961914062500e+00 -7.063940525054931641e+00 0.000000000000000000e+00
2.956259965896606445e+00 -1.181623554229736328e+01 0.000000000000000000e+00
6.594592332839965820e-01 1.067992973327636719e+01 0.000000000000000000e+00
-4.884374141693115234e-02 -1.857048511505126953e+00 0.000000000000000000e+00
1.314584350585937500e+01 -5.872687816619873047e+00 0.000000000000000000e+00
-5.251402378082275391e+00 4.813519001007080078e+00 0.000000000000000000e+00
-6.567043662071228027e-01 -1.530458354949951172e+01 0.000000000000000000e+00
-1.422260284423828125e+01 8.237485885620117188e+00 0.000000000000000000e+00
-3.033135414123535156e+00 -1.465391826629638672e+01 0.000000000000000000e+00
5.822171211242675781e+00 -7.397686004638671875e+00 0.000000000000000000e+00
2.170750141143798828e+00 -1.420175933837890625e+01 0.000000000000000000e+00
-1.045855402946472168e+00 2.408679246902465820e+00 0.000000000000000000e+00
-1.676462745666503906e+01 -3.785417079925537109e+00 0.000000000000000000e+00
-1.483968162536621094e+01 3.323645114898681641e+00 0.000000000000000000e+00
4.013803005218505859e+00 -2.916566848754882812e+00 0.000000000000000000e+00
1.044421195983886719e+00 1.327034473419189453e+01 0.000000000000000000e+00
-1.117549133300781250e+01 -8.767463684082031250e+00 0.000000000000000000e+00
7.536222457885742188e+00 7.966105341911315918e-01 0.000000000000000000e+00
8.399608612060546875e+00 1.331653690338134766e+01 0.000000000000000000e+00
2.718618631362915039e+00 3.597746849060058594e+00 0.000000000000000000e+00
-8.451153755187988281e+00 -4.016228199005126953e+00 0.000000000000000000e+00
-5.804842472076416016e+00 -1.174975395202636719e+01 0.000000000000000000e+00
5.448098182678222656e+00 8.149744033813476562e+00 0.000000000000000000e+00
-3.765313029289245605e-01 -1.220044040679931641e+01 0.000000000000000000e+00
-7.810510158538818359e+00 -7.328153610229492188e+00 0.000000000000000000e+00
-1.549141979217529297e+01 1.445266366004943848e+00 0.000000000000000000e+00
9.072596549987792969e+00 -3.487411499023437500e+00 0.000000000000000000e+00
-4.021020889282226562e+00 1.486518955230712891e+01 0.000000000000000000e+00
-1.160012006759643555e+00 1.082594203948974609e+01 0.000000000000000000e+00
1.452051162719726562e+01 -4.592077255249023438e+00 0.000000000000000000e+00
-9.653115272521972656e+00 8.634200096130371094e+00 0.000000000000000000e+00
-1.128573775291442871e+00 1.524837207794189453e+01 0.000000000000000000e+00
9.917757987976074219e+00 -8.054812431335449219e+00 0.000000000000000000e+00
2.178580999374389648e+00 -4.236395359039306641e+00 0.000000000000000000e+00
1.131901359558105469e+01 -6.517294883728027344e+00 0.000000000000000000e+00
-1.131230449676513672e+01 7.208547592163085938e+00 0.000000000000000000e+00
-1.477343082427978516e+01 -7.008409023284912109e+00 0.000000000000000000e+00
1.336531448364257812e+01 2.883289575576782227e+00 0.000000000000000000e+00
7.478034973144531250e+00 1.040573787689208984e+01 0.000000000000000000e+00
8.790579795837402344e+00 -6.719203948974609375e+00 0.000000000000000000e+00
-1.444565296173095703e+01 4.816102504730224609e+00 0.000000000000000000e+00
-5.477367401123046875e+00 -1.339198684692382812e+01 0.000000000000000000e+00
-9.684427261352539062e+00 -2.209675073623657227e+00 0.000000000000000000e+00
7.247265815734863281e+00 -6.799356937408447266e+00 0.000000000000000000e+00
-1.349997901916503906e+01 1.570568442344665527e+00 0.000000000000000000e+00
4.851811885833740234e+00 1.428002834320068359e+01 0.000000000000000000e+00
-2.148552417755126953e+00 -3.200488567352294922e+00 0.000000000000000000e+00
1.067998695373535156e+01 8.392518043518066406e+00 0.000000000000000000e+00
-1.424977302551269531e+01 -5.026483058929443359e+00 0.000000000000000000e+00
9.905704498291015625e+00 -1.208439540863037109e+01 0.000000000000000000e+00
5.454833507537841797e+00 -1.658202934265136719e+01 0.000000000000000000e+00
-3.120735645294189453e+00 2.523567914962768555e+00 0.000000000000000000e+00
1.411066055297851562e+01 -8.605280876159667969e+00 0.000000000000000000e+00
1.871174573898315430e+00 -1.395082235336303711e+00 0.000000000000000000e+00
-5.450245857238769531e+00 -3.001505613327026367e+00 0.000000000000000000e+00
-1.128227901458740234e+01 -7.036501884460449219e+00 0.000000000000000000e+00
1.890971660614013672e-01 3.431503057479858398e+00 0.000000000000000000e+00
9.228070259094238281e+00 1.354863941669464111e-01 0.000000000000000000e+00
-5.520934104919433594e+00 -5.465165615081787109e+00 0.000000000000000000e+00
-4.729290008544921875e+00 7.816522568464279175e-02 0.000000000000000000e+00
-5.672963619232177734e+00 7.577999591827392578e+00 0.000000000000000000e+00
1.690512084960937500e+01 -2.235203504562377930e+00 0.000000000000000000e+00
4.919987678527832031e+00 1.226486206054687500e+01 0.000000000000000000e+00
-6.570086956024169922e+00 1.235805416107177734e+01 0.000000000000000000e+00
7.817584276199340820e-01 1.862336277961730957e+00 0.000000000000000000e+00
-7.629524707794189453e+00 3.834308147430419922e+00 0.000000000000000000e+00
-1.491324520111083984e+01 -8.608958244323730469e+00 0.000000000000000000e+00
-1.212986946105957031e+01 1.122430419921875000e+01 0.000000000000000000e+00
-8.005956649780273438e+00 -1.299750900268554688e+01 0.000000000000000000e+00
3.026373386383056641e+00 1.446198081970214844e+01 0.000000000000000000e+00
9.963573455810546875e+00 1.437839984893798828e+01 0.000000000000000000e+00
-8.091946601867675781e+00 -9.374841690063476562e+00 0.000000000000000000e+00
-7.040043354034423828e+00 -1.676569104194641113e+00 0.000000000000000000e+00
2.712958574295043945e+00 1.117120027542114258e+00 0.000000000000000000e+00
1.199238967895507812e+01 -1.141855621337890625e+01 0.000000000000000000e+00
-1.675195884704589844e+01 4.522365570068359375e+00 0.000000000000000000e+00
-1.373473453521728516e+01 -1.279362082481384277e+00 0.000000000000000000e+00
-3.567976713180541992e+00 6.563483715057373047e+00 0.000000000000000000e+00
5.322527885437011719e-01 -7.454576969146728516e+00 0.000000000000000000e+00
-3.238846063613891602e+00 1.029749870300292969e+01 0.000000000000000000e+00
-1.566108989715576172e+01 7.673608779907226562e+00 0.000000000000000000e+00
1.452120423316955566e+00 -8.672413825988769531e+00 0.000000000000000000e+00
1.760592341423034668e+00 -1.644468498229980469e+01 0.000000000000000000e+00
1.413383197784423828e+01 4.362949848175048828e+00 0.000000000000000000e+00
-8.529049873352050781e+00 1.073682880401611328e+01 0.000000000000000000e+00
6.587113738059997559e-01 5.395449638366699219e+00 0.000000000000000000e+00
8.268746137619018555e-01 -5.009432315826416016e+00 0.000000000000000000e+00
3.677464246749877930e+00 -1.432075500488281250e+01 0.000000000000000000e+00
-7.038285732269287109e+00 8.252099037170410156e+00 0.000000000000000000e+00
2.147234916687011719e+00 7.086867809295654297e+00 0.000000000000000000e+00
-6.392353534698486328e+00 -1.503896617889404297e+01 0.000000000000000000e+00
5.847059249877929688e+00 -3.907341718673706055e+00 0.000000000000000000e+00
1.797168374061584473e+00 8.551858901977539062e+00 0.000000000000000000e+00
1.350087356567382812e+01 -1.071416664123535156e+01 0.000000000000000000e+00
-9.450747489929199219e+00 -1.389446544647216797e+01 0.000000000000000000e+00
1.459252166748046875e+01 -6.688074588775634766e+00 0.000000000000000000e+00
-2.817374467849731445e+00 -9.681584358215332031e+00 0.000000000000000000e+00
1.389106559753417969e+01 7.297481536865234375e+00 0.000000000000000000e+00
7.527728080749511719e-01 1.618054389953613281e+01 0.000000000000000000e+00
-5.255666255950927734e+00 1.060591602325439453e+01 0.000000000000000000e+00
-1.310152626037597656e+01 -7.349940776824951172e+00 0.000000000000000000e+00
9.238440513610839844e+00 4.444196224212646484e+00 0.000000000000000000e+00
5.560332298278808594e+00 -1.425849723815917969e+01 0.000000000000000000e+00
1.410047626495361328e+01 1.549526453018188477e+00 0.000000000000000000e+00
-9.861446619033813477e-01 -8.078984260559082031e+00 0.000000000000000000e+00
-8.488127708435058594e+00 -1.278486609458923340e+00 0.000000000000000000e+00
1.493894577026367188e+01 -6.025380492210388184e-01 0.000000000000000000e+00
-3.712083816528320312e+00 -1.284808826446533203e+01 0.000000000000000000e+00
1.211713790893554688e+01 8.289301395416259766e-01 0.000000000000000000e+00
-8.481628417968750000e+00 -5.767855644226074219e+00 0.000000000000000000e+00
-1.201165008544921875e+01 9.368577003479003906e-01 0.000000000000000000e+00
-8.314676284790039062e+00 7.428600311279296875e+00 0.000000000000000000e+00
-2.759890079498291016e+00 1.223010540008544922e+01 0.000000000000000000e+00
-1.270817947387695312e+01 4.759709358215332031e+00 0.000000000000000000e+00
-1.017349624633789062e+01 -3.879453420639038086e+00 0.000000000000000000e+00
-1.701433944702148438e+01 9.836572408676147461e-01 0.000000000000000000e+00
-9.690115928649902344e+00 -6.870521545410156250e+00 0.000000000000000000e+00
-1.030214691162109375e+01 1.408928012847900391e+01 0.000000000000000000e+00
-1.102003479003906250e+01 -1.306109142303466797e+01 0.000000000000000000e+00
1.703631591796875000e+01 1.815845847129821777e+00 0.000000000000000000e+00
1.127788639068603516e+01 -9.843461036682128906e+00 0.000000000000000000e+00
4.991181373596191406e+00 -1.070710301399230957e+00 0.000000000000000000e+00
-4.948327541351318359e+00 1.334168720245361328e+01 0.000000000000000000e+00
-1.095399284362792969e+01 9.386360168457031250e+00 0.000000000000000000e+00
-3.890852689743041992e+00 -1.950845718383789062e+00 0.000000000000000000e+00
-6.590311050415039062e+00 -4.039741516113281250e+00 0.000000000000000000e+00
5.961372256278991699e-01 7.411719799041748047e+00 0.000000000000000000e+00
-9.843581199645996094e+00 4.318307399749755859e+00 0.000000000000000000e+00
-3.400552272796630859e+00 -1.715398979187011719e+01 0.000000000000000000e+00
-3.729705572128295898e+00 4.616916656494140625e+00 0.000000000000000000e+00
8.382761955261230469e+00 -8.179738044738769531e+00 0.000000000000000000e+00
-8.036249160766601562e+00 -1.143765640258789062e+01 0.000000000000000000e+00
1.692619895935058594e+01 -4.398521900177001953e+00 0.000000000000000000e+00
-1.036470699310302734e+01 2.569733619689941406e+00 0.000000000000000000e+00
1.053028678894042969e+01 3.529382944107055664e+00 0.000000000000000000e+00
-2.497877597808837891e+00 8.297348022460937500e+00 0.000000000000000000e+00
-1.079735755920410156e+01 -8.003708124160766602e-01 0.000000000000000000e+00
7.248743057250976562e+00 -1.062788677215576172e+01 0.000000000000000000e+00
6.795055389404296875e+00 6.399551391601562500e+00 0.000000000000000000e+00
1.289180278778076172e+01 1.158586692810058594e+01 0.000000000000000000e+00
-2.923577308654785156e+00 -4.993860721588134766e+00 0.000000000000000000e+00
-1.930164337158203125e+00 6.639588832855224609e+00 0.000000000000000000e+00
1.134068965911865234e+00 -1.072920227050781250e+01 0.000000000000000000e+00
1.205540943145751953e+01 9.155169486999511719e+00 0.000000000000000000e+00
5.656103134155273438e+00 -9.884214401245117188e+00 0.000000000000000000e+00
-1.303397417068481445e+00 1.294594001770019531e+01 0.000000000000000000e+00
-1.393489122390747070e+00 5.128636837005615234e+00 0.000000000000000000e+00
-5.363364219665527344e-01 7.256779670715332031e-01 0.000000000000000000e+00
-9.836206436157226562e+00 1.236576843261718750e+01 0.000000000000000000e+00
1.604250335693359375e+01 4.173277854919433594e+00 0.000000000000000000e+00
7.229533672332763672e+00 -1.531963634490966797e+01 0.000000000000000000e+00
1.126005935668945312e+01 -1.693392157554626465e+00 0.000000000000000000e+00
6.330271720886230469e+00 1.284940052032470703e+01 0.000000000000000000e+00
1.510144710540771484e+01 -2.447123527526855469e+00 0.000000000000000000e+00
4.257444858551025391e+00 1.051116657257080078e+01 0.000000000000000000e+00
-1.258239269256591797e+01 -5.127289295196533203e+00 0.000000000000000000e+00
6.035632610321044922e+00 4.613553047180175781e+00 0.000000000000000000e+00
1.120712852478027344e+01 5.050722599029541016e+00 0.000000000000000000e+00
-4.959538936614990234e+00 1.825942158699035645e+00 0.000000000000000000e+00
7.230422496795654297e+00 1.517690849304199219e+01 0.000000000000000000e+00
-1.067556571960449219e+01 -1.041129589080810547e+01 0.000000000000000000e+00
9.120589256286621094e+00 7.891385078430175781e+00 0.000000000000000000e+00
3.800563573837280273e+00 7.623903751373291016e+00 0.000000000000000000e+00
-5.968872547149658203e+00 3.441007852554321289e+00 0.000000000000000000e+00
4.509939670562744141e+00 3.857980966567993164e+00 0.000000000000000000e+00
3.871301651000976562e+00 -1.011063861846923828e+01 0.000000000000000000e+00
1.070279693603515625e+01 -4.707584857940673828e+00 0.000000000000000000e+00
3.376645326614379883e+00 -7.756623625755310059e-01 0.000000000000000000e+00
-7.101253986358642578e+00 5.902204036712646484e+00 0.000000000000000000e+00
-1.669564628601074219e+01 -1.256322264671325684e+00 0.000000000000000000e+00
4.889781951904296875e+00 -5.064196586608886719e+00 0.000000000000000000e+00
-1.593071746826171875e+01 6.185260772705078125e+00 0.000000000000000000e+00
-1.532439804077148438e+01 -2.147675514221191406e+00 0.000000000000000000e+00
1.265407180786132812e+01 5.573842048645019531e+00 0.000000000000000000e+00
1.593298149108886719e+01 -5.964368343353271484e+00 0.000000000000000000e+00
2.057173728942871094e+00 -7.244612693786621094e+00 0.000000000000000000e+00
1.555086898803710938e+01 6.187951087951660156e+00 0.000000000000000000e+00
-1.259126281738281250e+01 9.672322273254394531e+00 0.000000000000000000e+00
7.412962913513183594e+00 3.721104145050048828e+00 0.000000000000000000e+00
-1.027288818359375000e+01 1.009877085685729980e+00 0.000000000000000000e+00
1.006428241729736328e+01 1.024688529968261719e+01 0.000000000000000000e+00
1.380568504333496094e+01 -3.245916843414306641e+00 0.000000000000000000e+00
-1.303093338012695312e+01 -1.006047344207763672e+01 0.000000000000000000e+00
3.990205228328704834e-01 9.116820335388183594e+00 0.000000000000000000e+00
1.269832515716552734e+01 -9.274915695190429688e+00 0.000000000000000000e+00
-1.587173175811767578e+01 -5.281020641326904297e+00 0.000000000000000000e+00
2.916333675384521484e+00 5.377325534820556641e+00 0.000000000000000000e+00
-7.474078178405761719e+00 6.702153086662292480e-01 0.000000000000000000e+00
2.373735189437866211e+00 1.130292320251464844e+01 0.000000000000000000e+00
-5.001078248023986816e-01 -1.068252468109130859e+01 0.000000000000000000e+00
-1.533233761787414551e+00 -1.381788253784179688e+01 0.000000000000000000e+00
-6.427692890167236328e+00 -8.892687797546386719e+00 0.000000000000000000e+00
9.222736954689025879e-01 3.891070559620857239e-02 0.000000000000000000e+00
-9.880443572998046875e+00 6.277347564697265625e+00 0.000000000000000000e+00
-7.107061862945556641e+00 1.404464149475097656e+01 0.000000000000000000e+00
4.798629760742187500e+00 1.381650567054748535e+00 0.000000000000000000e+00
-3.874071598052978516e+00 -6.562125682830810547e+00 0.000000000000000000e+00
1.273617935180664062e+01 -8.109079003334045410e-01 0.000000000000000000e+00
-1.201350688934326172e+01 3.029726743698120117e+00 0.000000000000000000e+00
1.030968189239501953e+01 -1.409405040740966797e+01 0.000000000000000000e+00
9.493518829345703125e+00 -9.614193916320800781e+00 0.000000000000000000e+00
7.342860221862792969e+00 8.126222610473632812e+00 0.000000000000000000e+00
9.622001647949218750e+00 1.224082088470458984e+01 0.000000000000000000e+00
1.454145526885986328e+01 9.610923767089843750e+00 0.000000000000000000e+00
5.750921249389648438e+00 9.837594032287597656e+00 0.000000000000000000e+00
-4.314604282379150391e+00 8.246103286743164062e+00 0.000000000000000000e+00
1.237073421478271484e+01 7.116408824920654297e+00 0.000000000000000000e+00
2.294368028640747070e+00 1.588786697387695312e+01 0.000000000000000000e+00
-3.070016860961914062e+00 -8.097318649291992188e+00 0.000000000000000000e+00
-1.161361598968505859e+01 -2.102980613708496094e+00 0.000000000000000000e+00
1.561959838867187500e+01 7.765518665313720703e+00 0.000000000000000000e+00
3.217459440231323242e+00 -8.595519065856933594e+00 0.000000000000000000e+00
-2.342916488647460938e+00 -1.141233730316162109e+01 0.000000000000000000e+00
-1.159942817687988281e+01 1.274420166015625000e+01 0.000000000000000000e+00
7.924359321594238281e+00 1.186193084716796875e+01 0.000000000000000000e+00
-8.815429687500000000e+00 1.347509670257568359e+01 0.000000000000000000e+00
-8.766536712646484375e+00 1.998363733291625977e+00 0.000000000000000000e+00
1.035086059570312500e+01 6.916692733764648438e+00 0.000000000000000000e+00
1.233269023895263672e+01 -3.831629276275634766e+00 0.000000000000000000e+00
3.425474405288696289e+00 9.181288719177246094e+00 0.000000000000000000e+00
2.559712409973144531e+00 1.294794654846191406e+01 0.000000000000000000e+00
-6.919102668762207031e+00 1.039207744598388672e+01 0.000000000000000000e+00
-1.113762569427490234e+01 5.328552722930908203e+00 0.000000000000000000e+00
8.440142631530761719e+00 -4.858300685882568359e+00 0.000000000000000000e+00
6.457825183868408203e+00 -2.658364772796630859e-01 0.000000000000000000e+00
-8.380262374877929688e+00 -1.503211975097656250e+01 0.000000000000000000e+00
-1.473066425323486328e+01 2.560997754335403442e-02 0.000000000000000000e+00
9.122760772705078125e+00 -1.698085546493530273e+00 0.000000000000000000e+00
-6.422582864761352539e-01 -5.458494663238525391e+00 0.000000000000000000e+00
1.395085930824279785e+00 -1.282685184478759766e+01 0.000000000000000000e+00
