4.212065219879150391e+00 -1.484056758880615234e+01 0.000000000000000000e+00
-2.677199363708496094e+00 1.066826534271240234e+01 0.000000000000000000e+00
-1.517025589942932129e+00 1.668978309631347656e+01 0.000000000000000000e+00
-1.118627738952636719e+01 -7.826521873474121094e+00 0.000000000000000000e+00
1.318449115753173828e+01 5.321996688842773438e+00 0.000000000000000000e+00
3.905287504196166992e+00 6.998935222625732422e+00 0.000000000000000000e+00
-9.902767181396484375e+00 5.830791950225830078e+00 0.000000000000000000e+00
4.906970024108886719e+00 -1.331169319152832031e+01 0.000000000000000000e+00
2.727922439575195312e+00 1.526372075080871582e+00 0.000000000000000000e+00
-2.014555692672729492e+00 -1.307068634033203125e+01 0.000000000000000000e+00
-1.108621120452880859e+01 -6.216600894927978516e+00 0.000000000000000000e+00
3.971183538436889648e+00 1.407685661315917969e+01 0.000000000000000000e+00
6.726343154907226562e+00 4.955095767974853516e+00 0.000000000000000000e+00
-4.662017345428466797e+00 1.685307884216308594e+01 0.000000000000000000e+00
1.075741386413574219e+01 -5.226269245147705078e+00 0.000000000000000000e+00
-4.909964084625244141e+00 3.264886438846588135e-01 0.000000000000000000e+00
-5.592244863510131836e-01 -1.345697402954101562e+01 0.000000000000000000e+00
1.126344299316406250e+01 5.903364181518554688e+00 0.000000000000000000e+00
1.375006556510925293e+00 -1.886761784553527832e+00 0.000000000000000000e+00
6.015617370605468750e+00 1.178862667083740234e+01 0.000000000000000000e+00
1.543660926818847656e+01 -5.683794498443603516e+00 0.000000000000000000e+00
8.866083145141601562e+00 -8.289136886596679688e+00 0.000000000000000000e+00
-9.193431854248046875e+00 1.453245258331298828e+01 0.000000000000000000e+00
-1.278497695922851562e+01 8.440656661987304688e+00 0.000000000000000000e+00
6.837141036987304688e+00 1.516422367095947266e+01 0.000000000000000000e+00
1.090603637695312500e+01 -8.902359962463378906e+00 0.000000000000000000e+00
-1.063791751861572266e+01 7.395365238189697266e+00 0.000000000000000000e+00
1.066476631164550781e+01 -2.042439460754394531e+00 0.000000000000000000e+00
-1.249015808105468750e+01 -3.691066265106201172e+00 0.000000000000000000e+00
1.070186042785644531e+01 -3.589482784271240234e+00 0.000000000000000000e+00
-8.602757453918457031e+00 1.920508146286010742e+00 0.000000000000000000e+00
-3.235802352428436279e-01 -2.789728879928588867e+00 0.000000000000000000e+00
-8.493188858032226562e+00 1.152479839324951172e+01 0.000000000000000000e+00
-9.746468544006347656e+00 3.493025541305541992e+00 0.000000000000000000e+00
8.397690773010253906e+00 9.374440193176269531e+00 0.000000000000000000e+00
4.367218017578125000e-01 1.568329429626464844e+01 0.000000000000000000e+00
1.241102695465087891e+01 1.156500911712646484e+01 0.000000000000000000e+00
5.310789585113525391e+00 1.523680210113525391e+01 0.000000000000000000e+00
7.270288467407226562e+00 6.579504489898681641e+00 0.000000000000000000e+00
-1.159312438964843750e+01 1.058068943023681641e+01 0.000000000000000000e+00
6.529455661773681641e+00 -1.001328945159912109e+01 0.000000000000000000e+00
1.480270576477050781e+01 -7.897974491119384766e+00 0.000000000000000000e+00
-1.368323683738708496e+00 -1.616327285766601562e+01 0.000000000000000000e+00
-1.895950555801391602e+00 -4.754069328308105469e+00 0.000000000000000000e+00
-3.074910879135131836e+00 4.590828418731689453e+00 0.000000000000000000e+00
8.552287101745605469e+00 -1.156162643432617188e+01 0.000000000000000000e+00
7.710019111633300781e+00 2.231566667556762695e+00 0.000000000000000000e+00
6.913226127624511719e+00 8.052915573120117188e+00 0.000000000000000000e+00
-4.840988636016845703e+00 8.298906326293945312e+00 0.000000000000000000e+00
-1.028964233398437500e+01 -3.970493793487548828e+00 0.000000000000000000e+00
7.110201358795166016e+00 -8.549985885620117188e+00 0.000000000000000000e+00
-1.183374023437500000e+01 3.267347335815429688e+00 0.000000000000000000e+00
7.555995941162109375e+00 -5.434693813323974609e+00 0.000000000000000000e+00
-1.059879112243652344e+01 1.263381290435791016e+01 0.000000000000000000e+00
1.591007709503173828e+01 -2.199910163879394531e+00 0.000000000000000000e+00
1.302532553672790527e+00 -1.157747077941894531e+01 0.000000000000000000e+00
-1.516153717041015625e+01 -8.724514007568359375e+00 0.000000000000000000e+00
1.814187020063400269e-01 6.996853351593017578e-01 0.000000000000000000e+00
6.853264331817626953e+00 -3.192739486694335938e+00 0.000000000000000000e+00
1.474935817718505859e+01 2.050009489059448242e+00 0.000000000000000000e+00
-5.885447025299072266e+00 1.532817173004150391e+01 0.000000000000000000e+00
1.570498108863830566e+00 -1.361825180053710938e+01 0.000000000000000000e+00
-6.256829738616943359e+00 3.042806625366210938e+00 0.000000000000000000e+00
-1.561797046661376953e+01 -6.339920163154602051e-01 0.000000000000000000e+00
-7.096373081207275391e+00 -1.039724159240722656e+01 0.000000000000000000e+00
1.520522880554199219e+01 4.776864051818847656e+00 0.000000000000000000e+00
-5.557496547698974609e+00 6.633534431457519531e+00 0.000000000000000000e+00
-4.126285076141357422e+00 9.684744834899902344e+00 0.000000000000000000e+00
1.055032062530517578e+01 9.997555732727050781e+00 0.000000000000000000e+00
3.921584367752075195e+00 -9.324880599975585938e+00 0.000000000000000000e+00
-1.546671867370605469e+01 5.061001777648925781e+00 0.000000000000000000e+00
2.850063085556030273e+00 1.243808555603027344e+01 0.000000000000000000e+00
1.296597862243652344e+01 5.077924132347106934e-01 0.000000000000000000e+00
2.243101358413696289e+00 1.560846710205078125e+01 0.000000000000000000e+00
1.478134691715240479e-01 1.234085178375244141e+01 0.000000000000000000e+00
1.152088928222656250e+01 3.464733839035034180e+00 0.000000000000000000e+00
-2.876662969589233398e+00 2.898849725723266602e+00 0.000000000000000000e+00
-1.218402481079101562e+01 -1.207851409912109375e+01 0.000000000000000000e+00
5.318125247955322266e+00 9.792681694030761719e+00 0.000000000000000000e+00
3.132142066955566406e+00 1.055933570861816406e+01 0.000000000000000000e+00
-4.755081176757812500e+00 -6.013122558593750000e+00 0.000000000000000000e+00
1.252761363983154297e+01 6.876864433288574219e+00 0.000000000000000000e+00
9.230447769165039062e+00 4.373287200927734375e+00 0.000000000000000000e+00
5.336976051330566406e+00 8.235104560852050781e+00 0.000000000000000000e+00
7.206564903259277344e+00 1.283924579620361328e+01 0.000000000000000000e+00
-1.808345317840576172e+00 -6.815794944763183594e+00 0.000000000000000000e+00
8.550933837890625000e+00 -1.456295967102050781e+01 0.000000000000000000e+00
-9.189545631408691406e+00 -2.336482763290405273e+00 0.000000000000000000e+00
-1.047604084014892578e+01 7.106560468673706055e-01 0.000000000000000000e+00
-4.460254669189453125e+00 -1.428759098052978516e+01 0.000000000000000000e+00
-7.320093631744384766e+00 1.283327865600585938e+01 0.000000000000000000e+00
4.256717681884765625e+00 1.081397771835327148e+00 0.000000000000000000e+00
-2.316534042358398438e+00 -8.948664665222167969e-01 0.000000000000000000e+00
3.689534902572631836e+00 -1.168365120887756348e+00 0.000000000000000000e+00
1.036286354064941406e+01 -1.255508327484130859e+01 0.000000000000000000e+00
7.086444854736328125e+00 -1.566288185119628906e+01 0.000000000000000000e+00
5.276381969451904297e+00 1.310491752624511719e+01 0.000000000000000000e+00
-5.799277305603027344e+00 1.215197658538818359e+01 0.000000000000000000e+00
-9.385560035705566406e+00 -5.491047859191894531e+00 0.000000000000000000e+00
1.642803192138671875e+01 -4.928258955478668213e-01 0.000000000000000000e+00
-6.988005161285400391e+00 -9.565024971961975098e-01 0.000000000000000000e+00
-8.361092567443847656e+00 4.177228927612304688e+00 0.000000000000000000e+00
-6.251361846923828125e+00 -6.868976116180419922e+00 0.000000000000000000e+00
-1.257542228698730469e+01 -1.006886386871337891e+01 0.000000000000000000e+00
8.097582817077636719e+00 -1.005585765838623047e+01 0.000000000000000000e+00
-1.398843193054199219e+01 7.331861972808837891e+00 0.000000000000000000e+00
1.375829601287841797e+01 8.749764442443847656e+00 0.000000000000000000e+00
5.382083892822265625e+00 -7.116699218750000000e+00 0.000000000000000000e+00
1.852762326598167419e-02 -5.945500373840332031e+00 0.000000000000000000e+00
2.427796840667724609e+00 8.234719276428222656e+00 0.000000000000000000e+00
4.428829669952392578e+00 4.451241970062255859e+00 0.000000000000000000e+00
-1.214916133880615234e+01 5.465224266052246094e+00 0.000000000000000000e+00
8.461352348327636719e+00 7.349417209625244141e-01 0.000000000000000000e+00
-2.104394435882568359e+00 1.355837535858154297e+01 0.000000000000000000e+00
-3.320544958114624023e+00 -5.397212505340576172e+00 0.000000000000000000e+00
-8.537137031555175781e+00 8.022121429443359375e+00 0.000000000000000000e+00
1.010958385467529297e+01 -5.371591076254844666e-02 0.000000000000000000e+00
8.699371337890625000e+00 1.434016513824462891e+01 0.000000000000000000e+00
-7.617555260658264160e-01 6.330335140228271484e+00 0.000000000000000000e+00
1.195772051811218262e+00 6.620044708251953125e+00 0.000000000000000000e+00
2.833253383636474609e+00 -1.595952415466308594e+01 0.000000000000000000e+00
-6.757592678070068359e+00 -3.820585966110229492e+00 0.000000000000000000e+00
-2.126008510589599609e+00 -1.024857521057128906e+01 0.000000000000000000e+00
-7.224171638488769531e+00 1.000170350074768066e+00 0.000000000000000000e+00
-8.461673736572265625e+00 -1.259676265716552734e+01 0.000000000000000000e+00
1.436328125000000000e+01 -1.523810505867004395e+00 0.000000000000000000e+00
1.178030014038085938e+00 -1.726524162292480469e+01 0.000000000000000000e+00
-1.576765918731689453e+01 6.727482318878173828e+00 0.000000000000000000e+00
1.952750205993652344e+00 3.285335063934326172e+00 0.000000000000000000e+00
-1.013720393180847168e+00 2.366468429565429688e+00 0.000000000000000000e+00
6.045015528798103333e-02 -9.061078071594238281e+00 0.000000000000000000e+00
1.678512001037597656e+01 3.620554447174072266e+00 0.000000000000000000e+00
1.308622598648071289e+00 -7.662119865417480469e+00 0.000000000000000000e+00
-1.311624908447265625e+01 -6.214437484741210938e+00 0.000000000000000000e+00
-4.460211277008056641e+00 -8.418014526367187500e+00 0.000000000000000000e+00
5.633136749267578125e+00 2.082003355026245117e+00 0.000000000000000000e+00
-1.414136600494384766e+01 -3.529050827026367188e+00 0.000000000000000000e+00
-9.215908050537109375e+00 -9.877114295959472656e+00 0.000000000000000000e+00
-1.125471115112304688e+01 8.880058288574218750e+00 0.000000000000000000e+00
5.297212123870849609e+00 -1.134114837646484375e+01 0.000000000000000000e+00
-4.259461402893066406e+00 1.764547586441040039e+00 0.000000000000000000e+00
-9.525030136108398438e+00 1.008136463165283203e+01 0.000000000000000000e+00
-1.549433135986328125e+01 3.404767990112304688e+00 0.000000000000000000e+00
-3.325228691101074219e+00 6.555756568908691406e+00 0.000000000000000000e+00
-1.291362476348876953e+01 2.103955268859863281e+00 0.000000000000000000e+00
-6.420856952667236328e+00 -1.357188606262207031e+01 0.000000000000000000e+00
1.014921545982360840e+00 -3.916238069534301758e+00 0.000000000000000000e+00
1.492127799987792969e+01 6.679009437561035156e+00 0.000000000000000000e+00
1.209266066551208496e+00 4.995299816131591797e+00 0.000000000000000000e+00
1.334744071960449219e+01 -8.678395271301269531e+00 0.000000000000000000e+00
1.238455772399902344e+01 9.622724533081054688e+00 0.000000000000000000e+00
-1.941874504089355469e+00 -1.467872905731201172e+01 0.000000000000000000e+00
1.019716072082519531e+01 1.352082920074462891e+01 0.000000000000000000e+00
-8.899078369140625000e+00 -5.463159680366516113e-01 0.000000000000000000e+00
-1.702423286437988281e+01 2.870217084884643555e+00 0.000000000000000000e+00
-1.403216743469238281e+01 -1.668633103370666504e+00 0.000000000000000000e+00
1.661378288269042969e+01 -4.100856304168701172e+00 0.000000000000000000e+00
-6.537261009216308594e+00 9.475938796997070312e+00 0.000000000000000000e+00
1.210058975219726562e+01 -9.944285392761230469e+00 0.000000000000000000e+00
-6.962313652038574219e+00 7.475612640380859375e+00 0.000000000000000000e+00
-5.451317787170410156e+00 -1.316906809806823730e+00 0.000000000000000000e+00
-2.767540454864501953e+00 1.217206859588623047e+01 0.000000000000000000e+00
-1.083452320098876953e+01 -1.228586792945861816e+00 0.000000000000000000e+00
-5.401676177978515625e+00 4.979261398315429688e+00 0.000000000000000000e+00
1.714475059509277344e+01 1.534298539161682129e+00 0.000000000000000000e+00
2.891524076461791992e+00 -7.794894218444824219e+00 0.000000000000000000e+00
-1.374826145172119141e+01 5.471970081329345703e+00 0.000000000000000000e+00
5.005853652954101562e+00 -1.640270996093750000e+01 0.000000000000000000e+00
-5.346144437789916992e-01 4.304221153259277344e+00 0.000000000000000000e+00
-9.496260285377502441e-01 9.976916313171386719e+00 0.000000000000000000e+00
1.320957756042480469e+01 -6.278024673461914062e+00 0.000000000000000000e+00
7.156413078308105469e+00 1.041136550903320312e+01 0.000000000000000000e+00
5.937489986419677734e+00 -5.200460433959960938e+00 0.000000000000000000e+00
-3.781538009643554688e+00 -1.129758834838867188e+01 0.000000000000000000e+00
1.344574451446533203e+01 -3.924736976623535156e+00 0.000000000000000000e+00
-1.586837482452392578e+01 -7.098972797393798828e+00 0.000000000000000000e+00
-5.084272101521492004e-02 -1.110517024993896484e+00 0.000000000000000000e+00
6.572945713996887207e-01 1.727034568786621094e+01 0.000000000000000000e+00
6.844348430633544922e+00 -1.253832817077636719e+01 0.000000000000000000e+00
9.068916320800781250e+00 -4.418193817138671875e+00 0.000000000000000000e+00
1.158851623535156250e+00 1.436747264862060547e+01 0.000000000000000000e+00
-7.539629459381103516e+00 -5.648944377899169922e+00 0.000000000000000000e+00
9.980521202087402344e+00 2.292512178421020508e+00 0.000000000000000000e+00
5.222418308258056641e+00 5.837285041809082031e+00 0.000000000000000000e+00
-1.606276512145996094e+01 -2.217696428298950195e+00 0.000000000000000000e+00
-2.609159708023071289e+00 -8.315436363220214844e+00 0.000000000000000000e+00
4.467681407928466797e+00 -5.571078777313232422e+00 0.000000000000000000e+00
1.260707759857177734e+01 2.397050619125366211e+00 0.000000000000000000e+00
6.828823685646057129e-01 9.945350646972656250e+00 0.000000000000000000e+00
-7.231818437576293945e-01 1.444679164886474609e+01 0.000000000000000000e+00
3.458046436309814453e+00 -4.399459838867187500e+00 0.000000000000000000e+00
-8.912870407104492188e+00 -1.442576408386230469e+01 0.000000000000000000e+00
-4.680470466613769531e+00 -3.228427410125732422e+00 0.000000000000000000e+00
-1.655149459838867188e+01 8.656422495841979980e-01 0.000000000000000000e+00
1.189380455017089844e+01 -7.400772571563720703e+00 0.000000000000000000e+00
-4.640338897705078125e+00 3.434594631195068359e+00 0.000000000000000000e+00
-5.759992122650146484e+00 -1.626964378356933594e+01 0.000000000000000000e+00
5.424033164978027344e+00 -3.655018806457519531e+00 0.000000000000000000e+00
-7.831955909729003906e+00 -7.978837966918945312e+00 0.000000000000000000e+00
3.789746522903442383e+00 -1.169927883148193359e+01 0.000000000000000000e+00
-3.802979469299316406e+00 1.475695705413818359e+01 0.000000000000000000e+00
-3.760116338729858398e+00 -1.704288363456726074e+00 0.000000000000000000e+00
1.262388992309570312e+01 -1.647023558616638184e+00 0.000000000000000000e+00
5.815073966979980469e+00 -1.477865409851074219e+01 0.000000000000000000e+00
1.100308704376220703e+01 1.219486713409423828e+01 0.000000000000000000e+00
-1.404433727264404297e+01 1.047565579414367676e+00 0.000000000000000000e+00
1.454470539093017578e+01 1.607889495790004730e-02 0.000000000000000000e+00
-7.117761611938476562e+00 5.362774372100830078e+00 0.000000000000000000e+00
8.286292076110839844e+00 -1.127054572105407715e+00 0.000000000000000000e+00
-1.093861961364746094e+01 4.493816375732421875e+00 0.000000000000000000e+00
9.376178741455078125e+00 1.140409374237060547e+01 0.000000000000000000e+00
9.797974586486816406e+00 -1.014866161346435547e+01 0.000000000000000000e+00
-1.476484680175781250e+01 -5.122481822967529297e+00 0.000000000000000000e+00
9.400369644165039062e+00 6.933738708496093750e+00 0.000000000000000000e+00
7.428191304206848145e-01 -1.555170059204101562e+01 0.000000000000000000e+00
-3.016874313354492188e+00 -1.685247611999511719e+01 0.000000000000000000e+00
-4.341028690338134766e+00 1.288842391967773438e+01 0.000000000000000000e+00
-1.334472274780273438e+01 1.059729003906250000e+01 0.000000000000000000e+00
9.369235038757324219e+00 -6.625308990478515625e+00 0.000000000000000000e+00
-6.162991046905517578e+00 -9.004601478576660156e+00 0.000000000000000000e+00
-1.070801830291748047e+01 -9.618711471557617188e+00 0.000000000000000000e+00
-1.350238513946533203e+01 -8.035619735717773438e+00 0.000000000000000000e+00
1.363533687591552734e+01 -1.093406677246093750e+01 0.000000000000000000e+00
-4.367873966693878174e-01 8.331145286560058594e+00 0.000000000000000000e+00
1.698823451995849609e+00 -9.270812034606933594e+00 0.000000000000000000e+00
-7.673473954200744629e-01 -1.153697490692138672e+01 0.000000000000000000e+00
-1.188032341003417969e+01 -1.382327526807785034e-01 0.000000000000000000e+00
-2.112360239028930664e+00 -2.996089935302734375e+00 0.000000000000000000e+00
1.494802284240722656e+01 -4.094578266143798828e+00 0.000000000000000000e+00
-1.474901962280273438e+01 8.705583572387695312e+00 0.000000000000000000e+00
1.214805245399475098e+00 1.976801037788391113e+00 0.000000000000000000e+00
-1.216464138031005859e+01 -2.184468746185302734e+00 0.000000000000000000e+00
-2.684756278991699219e+00 8.348937034606933594e+00 0.000000000000000000e+00
2.347207784652709961e+00 2.405069768428802490e-02 0.000000000000000000e+00
-1.019413185119628906e+01 -1.193570518493652344e+01 0.000000000000000000e+00
1.051973342895507812e+01 8.304143905639648438e+00 0.000000000000000000e+00
-2.557502031326293945e+00 1.294913887977600098e+00 0.000000000000000000e+00
-4.961223125457763672e+00 -1.226381492614746094e+01 0.000000000000000000e+00
4.014350891113281250e+00 -2.669794082641601562e+00 0.000000000000000000e+00
-1.672073745727539062e+01 -3.955050468444824219e+00 0.000000000000000000e+00
1.214238548278808594e+01 -1.176849555969238281e+01 0.000000000000000000e+00
3.023768663406372070e+00 -1.323904323577880859e+01 0.000000000000000000e+00
-1.306663608551025391e+01 4.127725124359130859e+00 0.000000000000000000e+00
1.720442891120910645e+00 -5.513233184814453125e+00 0.000000000000000000e+00
2.315387487411499023e+00 -3.123958587646484375e+00 0.000000000000000000e+00
5.318965435028076172e+00 -8.763904571533203125e+00 0.000000000000000000e+00
1.143818378448486328e+01 1.240699410438537598e+00 0.000000000000000000e+00
-1.689964103698730469e+01 4.401348114013671875e+00 0.000000000000000000e+00
-1.061810970306396484e+01 -1.342896842956542969e+01 0.000000000000000000e+00
6.168914794921875000e+00 -1.482978105545043945e+00 0.000000000000000000e+00
1.360495090484619141e+01 1.051686191558837891e+01 0.000000000000000000e+00
5.686841011047363281e+00 5.424189567565917969e-01 0.000000000000000000e+00
3.897271156311035156e+00 1.610714530944824219e+01 0.000000000000000000e+00
3.671933889389038086e+00 2.984252929687500000e+00 0.000000000000000000e+00
8.875014305114746094e+00 -1.303105068206787109e+01 0.000000000000000000e+00
-1.251138496398925781e+01 1.221129608154296875e+01 0.000000000000000000e+00
