-8.995781898498535156e+00 -1.031227397918701172e+01 0.000000000000000000e+00
-1.253861618041992188e+01 2.426626682281494141e+00 0.000000000000000000e+00
-7.142330646514892578e+00 3.480928897857666016e+00 0.000000000000000000e+00
-1.090670680999755859e+01 8.169730186462402344e+00 0.000000000000000000e+00
-1.536294937133789062e+01 -2.136701822280883789e+00 0.000000000000000000e+00
1.310017967224121094e+01 3.571737289428710938e+00 0.000000000000000000e+00
1.175205326080322266e+01 -4.403030395507812500e+00 0.000000000000000000e+00
1.140652084350585938e+01 4.813807487487792969e+00 0.000000000000000000e+00
1.202806472778320312e+01 9.054162979125976562e+00 0.000000000000000000e+00
6.503057003021240234e+00 -3.932980775833129883e+00 0.000000000000000000e+00
-1.120465946197509766e+01 -1.066632175445556641e+01 0.000000000000000000e+00
-7.485111236572265625e+00 -3.982909917831420898e+00 0.000000000000000000e+00
-8.250713348388671875e+00 5.905750751495361328e+00 0.000000000000000000e+00
1.116537952423095703e+01 -1.081269836425781250e+01 0.000000000000000000e+00
6.307082176208496094e+00 2.434129476547241211e+00 0.000000000000000000e+00
1.136133384704589844e+01 1.305190086364746094e+01 0.000000000000000000e+00
-6.169361621141433716e-02 2.349408864974975586e+00 0.000000000000000000e+00
5.711906030774116516e-02 2.836408019065856934e-01 0.000000000000000000e+00
-5.090228557586669922e+00 -5.022243976593017578e+00 0.000000000000000000e+00
4.393225193023681641e+00 9.205907583236694336e-02 0.000000000000000000e+00
9.641394615173339844e+00 1.056762790679931641e+01 0.000000000000000000e+00
-1.205075168609619141e+01 -9.916355460882186890e-02 0.000000000000000000e+00
9.636075019836425781e+00 -7.034506320953369141e+00 0.000000000000000000e+00
8.295341491699218750e+00 -8.827783584594726562e+00 0.000000000000000000e+00
-1.586694812774658203e+01 6.150096893310546875e+00 0.000000000000000000e+00
-3.373321533203125000e+00 -6.904592037200927734e+00 0.000000000000000000e+00
-1.216625785827636719e+01 -1.919717073440551758e+00 0.000000000000000000e+00
-6.947097778320312500e+00 -7.067513465881347656e+00 0.000000000000000000e+00
7.569932937622070312e+00 7.611411094665527344e+00 0.000000000000000000e+00
-1.980440139770507812e+00 1.710104560852050781e+01 0.000000000000000000e+00
-1.375836753845214844e+01 3.714694023132324219e+00 0.000000000000000000e+00
3.957220792770385742e+00 -1.117257308959960938e+01 0.000000000000000000e+00
1.012340426445007324e+00 -1.023588943481445312e+01 0.000000000000000000e+00
-5.630622386932373047e+00 6.422914028167724609e+00 0.000000000000000000e+00
-2.056939840316772461e+00 5.695301890373229980e-01 0.000000000000000000e+00
7.024441719055175781e+00 -1.556575107574462891e+01 0.000000000000000000e+00
-8.094801902770996094e+00 1.036986255645751953e+01 0.000000000000000000e+00
5.708861351013183594e+00 1.167408657073974609e+01 0.000000000000000000e+00
1.255498790740966797e+01 -1.673939704895019531e+00 0.000000000000000000e+00
6.265825271606445312e+00 4.685196876525878906e+00 0.000000000000000000e+00
-1.182023048400878906e+00 -3.732723236083984375e+00 0.000000000000000000e+00
7.236841678619384766e+00 1.244718933105468750e+01 0.000000000000000000e+00
-6.257448196411132812e+00 -9.405291557312011719e+00 0.000000000000000000e+00
-1.369526100158691406e+01 1.238059163093566895e+00 0.000000000000000000e+00
-9.909220695495605469e+00 1.456783890724182129e+00 0.000000000000000000e+00
-9.461998939514160156e+00 -8.235870361328125000e+00 0.000000000000000000e+00
-5.820597171783447266e+00 6.392139196395874023e-01 0.000000000000000000e+00
-9.341239929199218750e+00 -3.390778064727783203e+00 0.000000000000000000e+00
-2.801147222518920898e+00 8.583894729614257812e+00 0.000000000000000000e+00
7.697586417198181152e-01 1.583707714080810547e+01 0.000000000000000000e+00
-1.155542087554931641e+01 -8.966103553771972656e+00 0.000000000000000000e+00
3.452535867691040039e+00 8.756316184997558594e+00 0.000000000000000000e+00
5.177034854888916016e+00 -7.219981193542480469e+00 0.000000000000000000e+00
1.459214687347412109e+01 6.863111019134521484e+00 0.000000000000000000e+00
2.092911243438720703e+00 -1.239709949493408203e+01 0.000000000000000000e+00
-9.161585807800292969e+00 -1.474232077598571777e+00 0.000000000000000000e+00
7.781177520751953125e+00 3.374152779579162598e-01 0.000000000000000000e+00
9.569373130798339844e+00 -7.231526374816894531e-01 0.000000000000000000e+00
-5.731171131134033203e+00 -1.554537010192871094e+01 0.000000000000000000e+00
1.933184385299682617e+00 -1.722891235351562500e+01 0.000000000000000000e+00
1.225049018859863281e+01 1.159371471405029297e+01 0.000000000000000000e+00
-4.546180248260498047e+00 -7.974337577819824219e+00 0.000000000000000000e+00
-1.314101028442382812e+01 8.966221809387207031e+00 0.000000000000000000e+00
6.577049732208251953e+00 -1.027063655853271484e+01 0.000000000000000000e+00
-1.112639522552490234e+01 4.493141174316406250e+00 0.000000000000000000e+00
4.010208606719970703e+00 1.032244586944580078e+01 0.000000000000000000e+00
7.096074223518371582e-01 5.210253715515136719e+00 0.000000000000000000e+00
-1.411503696441650391e+01 -6.031107425689697266e+00 0.000000000000000000e+00
-3.185582399368286133e+00 -1.600426554679870605e+00 0.000000000000000000e+00
-1.179859352111816406e+01 -3.587430477142333984e+00 0.000000000000000000e+00
-1.062054538726806641e+01 -2.244312763214111328e+00 0.000000000000000000e+00
-3.416337966918945312e-01 8.930438995361328125e+00 0.000000000000000000e+00
1.202499961853027344e+01 1.545390129089355469e+00 0.000000000000000000e+00
-6.212529659271240234e+00 -1.356281566619873047e+01 0.000000000000000000e+00
-9.167125701904296875e+00 1.395842075347900391e+01 0.000000000000000000e+00
-1.245649242401123047e+01 1.143920612335205078e+01 0.000000000000000000e+00
-7.666091442108154297e+00 1.127624154090881348e+00 0.000000000000000000e+00
3.910936594009399414e+00 1.257662105560302734e+01 0.000000000000000000e+00
-1.758940577507019043e+00 1.030712413787841797e+01 0.000000000000000000e+00
-3.764887809753417969e+00 4.665825843811035156e+00 0.000000000000000000e+00
1.556043148040771484e+01 5.118714570999145508e-01 0.000000000000000000e+00
-6.311585307121276855e-01 -9.383373260498046875e+00 0.000000000000000000e+00
7.861526489257812500e+00 3.303122520446777344e+00 0.000000000000000000e+00
2.767693519592285156e+00 -8.967839241027832031e+00 0.000000000000000000e+00
-4.194028377532958984e+00 -3.280062198638916016e+00 0.000000000000000000e+00
-1.676284790039062500e+01 2.873560190200805664e+00 0.000000000000000000e+00
1.486782550811767578e+01 9.208754539489746094e+00 0.000000000000000000e+00
-4.716264724731445312e+00 1.051526546478271484e+01 0.000000000000000000e+00
1.155461215972900391e+01 3.151532411575317383e+00 0.000000000000000000e+00
-5.505870819091796875e+00 4.926034927368164062e+00 0.000000000000000000e+00
-1.108805370330810547e+01 -5.676249980926513672e+00 0.000000000000000000e+00
-1.215146923065185547e+01 -7.119984149932861328e+00 0.000000000000000000e+00
1.356072998046875000e+01 1.041480636596679688e+01 0.000000000000000000e+00
-1.543534040451049805e+00 -7.714214324951171875e+00 0.000000000000000000e+00
3.004523992538452148e+00 2.077428102493286133e+00 0.000000000000000000e+00
2.576353311538696289e+00 -4.894576549530029297e+00 0.000000000000000000e+00
-1.001399421691894531e+01 1.089740371704101562e+01 0.000000000000000000e+00
4.288210868835449219e+00 3.554092884063720703e+00 0.000000000000000000e+00
-4.938191890716552734e+00 1.240822505950927734e+01 0.000000000000000000e+00
-5.480777263641357422e+00 8.728388786315917969e+00 0.000000000000000000e+00
1.343189001083374023e+00 -1.511502361297607422e+01 0.000000000000000000e+00
-7.512304306030273438e+00 1.558536052703857422e+01 0.000000000000000000e+00
4.095411777496337891e+00 1.509715652465820312e+01 0.000000000000000000e+00
1.470779037475585938e+01 -9.863218069076538086e-01 0.000000000000000000e+00
1.400200575590133667e-01 -2.621970415115356445e+00 0.000000000000000000e+00
1.269926929473876953e+01 -8.356754302978515625e+00 0.000000000000000000e+00
-1.482561016082763672e+01 4.890272617340087891e+00 0.000000000000000000e+00
-8.135742187500000000e+00 1.206636810302734375e+01 0.000000000000000000e+00
-2.560089588165283203e+00 1.510640716552734375e+01 0.000000000000000000e+00
8.982325553894042969e+00 -1.408870410919189453e+01 0.000000000000000000e+00
-4.340094029903411865e-01 1.249645233154296875e+01 0.000000000000000000e+00
3.001780986785888672e+00 5.956019878387451172e+00 0.000000000000000000e+00
1.322215366363525391e+01 -3.486758232116699219e+00 0.000000000000000000e+00
-2.446165084838867188e+00 -1.040706348419189453e+01 0.000000000000000000e+00
-4.461850166320800781e+00 1.989827275276184082e+00 0.000000000000000000e+00
-5.559331774711608887e-01 -1.659424591064453125e+01 0.000000000000000000e+00
-5.243467688560485840e-01 -1.136591911315917969e+01 0.000000000000000000e+00
8.503663063049316406e+00 5.569280147552490234e+00 0.000000000000000000e+00
6.792259693145751953e+00 -1.242490386962890625e+01 0.000000000000000000e+00
8.902800559997558594e+00 1.205631446838378906e+01 0.000000000000000000e+00
3.995683431625366211e+00 -1.295955181121826172e+01 0.000000000000000000e+00
-6.098544597625732422e+00 -1.791229009628295898e+00 0.000000000000000000e+00
2.011680364608764648e+00 1.249909210205078125e+01 0.000000000000000000e+00
-5.145865440368652344e+00 1.615361595153808594e+01 0.000000000000000000e+00
-9.305856704711914062e+00 -1.450380039215087891e+01 0.000000000000000000e+00
-1.348328304290771484e+01 -4.505062103271484375e+00 0.000000000000000000e+00
1.459009265899658203e+01 -6.769739627838134766e+00 0.000000000000000000e+00
9.563251495361328125e+00 2.984452962875366211e+00 0.000000000000000000e+00
6.172303676605224609e+00 1.443783569335937500e+01 0.000000000000000000e+00
1.343595123291015625e+01 -1.057140541076660156e+01 0.000000000000000000e+00
7.138683795928955078e-01 -7.174717426300048828e+00 0.000000000000000000e+00
-9.255541801452636719e+00 -6.124308109283447266e+00 0.000000000000000000e+00
-1.709086227416992188e+01 -1.613847494125366211e+00 0.000000000000000000e+00
-4.134700298309326172e+00 7.017520427703857422e+00 0.000000000000000000e+00
6.926520347595214844e+00 -1.399462127685546875e+01 0.000000000000000000e+00
1.351194477081298828e+01 8.172348976135253906e+00 0.000000000000000000e+00
-1.763381838798522949e+00 6.937916278839111328e+00 0.000000000000000000e+00
8.328924179077148438e+00 -1.171424198150634766e+01 0.000000000000000000e+00
1.495006465911865234e+01 4.984176635742187500e+00 0.000000000000000000e+00
1.705443572998046875e+01 3.775267601013183594e+00 0.000000000000000000e+00
-1.445067977905273438e+01 -9.096581459045410156e+00 0.000000000000000000e+00
-1.520508861541748047e+01 -7.756408214569091797e+00 0.000000000000000000e+00
-7.617561817169189453e+00 7.679674148559570312e+00 0.000000000000000000e+00
1.360475730895996094e+01 -5.374650955200195312e+00 0.000000000000000000e+00
-4.040805339813232422e+00 -1.204066753387451172e+01 0.000000000000000000e+00
8.027967453002929688e+00 -6.811744689941406250e+00 0.000000000000000000e+00
7.174292564392089844e+00 1.589700126647949219e+01 0.000000000000000000e+00
-2.420522451400756836e+00 1.186590003967285156e+01 0.000000000000000000e+00
6.337839603424072266e+00 -1.972918629646301270e+00 0.000000000000000000e+00
2.368833303451538086e+00 7.472021102905273438e+00 0.000000000000000000e+00
-7.660180568695068359e+00 -1.446460247039794922e+01 0.000000000000000000e+00
-1.111666774749755859e+01 1.272554206848144531e+01 0.000000000000000000e+00
8.968785285949707031e+00 9.125474929809570312e+00 0.000000000000000000e+00
1.472414016723632812e+01 2.300558805465698242e+00 0.000000000000000000e+00
9.907329559326171875e+00 -1.248922348022460938e+01 0.000000000000000000e+00
-1.534120941162109375e+01 -3.695225954055786133e+00 0.000000000000000000e+00
-3.136124134063720703e+00 -5.217206954956054688e+00 0.000000000000000000e+00
5.472582340240478516e+00 7.432183742523193359e+00 0.000000000000000000e+00
-1.317139053344726562e+01 5.491970539093017578e+00 0.000000000000000000e+00
1.587237739562988281e+01 -4.525220394134521484e+00 0.000000000000000000e+00
-9.921914935111999512e-01 -9.556363224983215332e-01 0.000000000000000000e+00
-1.123322010040283203e+00 1.581427764892578125e+01 0.000000000000000000e+00
-7.020966529846191406e+00 1.381052780151367188e+01 0.000000000000000000e+00
1.094152641296386719e+01 6.919805049896240234e+00 0.000000000000000000e+00
6.761912822723388672e+00 1.027275657653808594e+01 0.000000000000000000e+00
-1.416714859008789062e+01 -4.073746800422668457e-01 0.000000000000000000e+00
1.717307472229003906e+01 1.346079945564270020e+00 0.000000000000000000e+00
9.102622032165527344e+00 1.485392665863037109e+01 0.000000000000000000e+00
2.468738079071044922e+00 1.668714332580566406e+01 0.000000000000000000e+00
6.424396514892578125e+00 -5.885755538940429688e+00 0.000000000000000000e+00
8.067783355712890625e+00 -4.206227779388427734e+00 0.000000000000000000e+00
1.259308528900146484e+01 -1.726852953433990479e-01 0.000000000000000000e+00
1.585026264190673828e+01 -2.032134294509887695e+00 0.000000000000000000e+00
6.754414558410644531e+00 -8.510357856750488281e+00 0.000000000000000000e+00
4.393794059753417969e+00 -5.229067802429199219e+00 0.000000000000000000e+00
1.107610893249511719e+01 2.366436123847961426e-01 0.000000000000000000e+00
-2.700813114643096924e-01 3.844590663909912109e+00 0.000000000000000000e+00
-4.231708049774169922e+00 -1.020030117034912109e+01 0.000000000000000000e+00
-1.457647800445556641e+01 7.484941005706787109e+00 0.000000000000000000e+00
-1.613280868530273438e+01 1.389106631278991699e+00 0.000000000000000000e+00
1.202687931060791016e+01 -6.972362041473388672e+00 0.000000000000000000e+00
6.161371707916259766e+00 6.822093129158020020e-01 0.000000000000000000e+00
5.467993736267089844e+00 -1.327167987823486328e+01 0.000000000000000000e+00
1.109020233154296875e+01 -8.504938125610351562e+00 0.000000000000000000e+00
-1.134169340133666992e+00 1.419247817993164062e+01 0.000000000000000000e+00
-9.179819107055664062e+00 3.081555128097534180e+00 0.000000000000000000e+00
-4.364607810974121094e+00 1.482603168487548828e+01 0.000000000000000000e+00
8.616937637329101562e+00 -2.066919088363647461e+00 0.000000000000000000e+00
2.252647638320922852e+00 3.742050230503082275e-01 0.000000000000000000e+00
5.064544200897216797e+00 -1.481845664978027344e+01 0.000000000000000000e+00
2.559203863143920898e+00 -2.002964496612548828e+00 0.000000000000000000e+00
-8.105151653289794922e-01 -1.427398777008056641e+01 0.000000000000000000e+00
-4.785982131958007812e+00 -1.406521129608154297e+01 0.000000000000000000e+00
-2.732525348663330078e+00 -1.682846069335937500e+01 0.000000000000000000e+00
-1.642351031303405762e+00 -5.436366558074951172e+00 0.000000000000000000e+00
-5.482989788055419922e+00 -1.105826663970947266e+01 0.000000000000000000e+00
1.819146513938903809e+00 1.023314666748046875e+01 0.000000000000000000e+00
5.921925902366638184e-01 7.650581836700439453e+00 0.000000000000000000e+00
-1.370501708984375000e+01 -2.825981140136718750e+00 0.000000000000000000e+00
5.029912948608398438e+00 9.000712394714355469e+00 0.000000000000000000e+00
1.277899384498596191e+00 3.586473226547241211e+00 0.000000000000000000e+00
-6.213828563690185547e+00 1.016130542755126953e+01 0.000000000000000000e+00
9.109540939331054688e+00 7.363548755645751953e+00 0.000000000000000000e+00
-1.250149631500244141e+01 -1.195977210998535156e+01 0.000000000000000000e+00
-1.361493492126464844e+01 -7.523831844329833984e+00 0.000000000000000000e+00
1.458760976791381836e+00 1.964407801628112793e+00 0.000000000000000000e+00
-1.567170143127441406e+01 -5.701057434082031250e+00 0.000000000000000000e+00
1.310588836669921875e+01 5.679885864257812500e+00 0.000000000000000000e+00
-3.542367219924926758e+00 -1.495262145996093750e+01 0.000000000000000000e+00
1.399853038787841797e+01 3.819529414176940918e-01 0.000000000000000000e+00
5.338531017303466797e+00 1.601603126525878906e+01 0.000000000000000000e+00
1.230446243286132812e+01 -1.182440376281738281e+01 0.000000000000000000e+00
-1.022047042846679688e+01 6.122821331024169922e+00 0.000000000000000000e+00
-7.423864841461181641e+00 -4.712222218513488770e-01 0.000000000000000000e+00
3.238933086395263672e+00 -7.023561000823974609e+00 0.000000000000000000e+00
-7.035317420959472656e+00 -1.192887878417968750e+01 0.000000000000000000e+00
5.273142814636230469e+00 -9.379779815673828125e+00 0.000000000000000000e+00
-4.149278640747070312e+00 3.983877599239349365e-01 0.000000000000000000e+00
-1.346307659149169922e+01 -1.047068595886230469e+01 0.000000000000000000e+00
-2.676447391510009766e+00 5.700041294097900391e+00 0.000000000000000000e+00
9.580640792846679688e+00 -3.466643333435058594e+00 0.000000000000000000e+00
2.601078271865844727e+00 -1.407049655914306641e+01 0.000000000000000000e+00
4.335305213928222656e+00 -3.426851034164428711e+00 0.000000000000000000e+00
-8.789674758911132812e+00 -1.250343513488769531e+01 0.000000000000000000e+00
5.023900985717773438e+00 -1.662912750244140625e+01 0.000000000000000000e+00
-8.931510925292968750e+00 8.688143730163574219e+00 0.000000000000000000e+00
-3.020590782165527344e+00 -8.795134544372558594e+00 0.000000000000000000e+00
-3.159914255142211914e+00 1.349843788146972656e+01 0.000000000000000000e+00
7.879400253295898438e+00 1.391432285308837891e+01 0.000000000000000000e+00
1.077034759521484375e+01 -5.794554233551025391e+00 0.000000000000000000e+00
1.104336071014404297e+01 -1.347193908691406250e+01 0.000000000000000000e+00
1.244027093052864075e-01 -1.307653427124023438e+01 0.000000000000000000e+00
4.648217856884002686e-01 -4.407562255859375000e+00 0.000000000000000000e+00
4.604901790618896484e+00 -1.635857701301574707e+00 0.000000000000000000e+00
1.597300648689270020e+00 1.396396541595458984e+01 0.000000000000000000e+00
1.098599147796630859e+01 -1.759159684181213379e+00 0.000000000000000000e+00
1.726509666442871094e+01 -5.792202353477478027e-01 0.000000000000000000e+00
-2.339471101760864258e+00 3.247656345367431641e+00 0.000000000000000000e+00
-1.223860645294189453e+01 7.027953624725341797e+00 0.000000000000000000e+00
-1.638478279113769531e+00 -1.257208824157714844e+01 0.000000000000000000e+00
-5.723088741302490234e+00 -3.274976968765258789e+00 0.000000000000000000e+00
-1.109147548675537109e+01 -1.341894626617431641e+01 0.000000000000000000e+00
1.165386080741882324e+00 -1.056147813796997070e+00 0.000000000000000000e+00
-1.051883983612060547e+01 -2.418298870325088501e-01 0.000000000000000000e+00
1.629636573791503906e+01 6.297003746032714844e+00 0.000000000000000000e+00
-2.663959503173828125e+00 -3.325996637344360352e+00 0.000000000000000000e+00
1.454765319824218750e+01 -8.555244445800781250e+00 0.000000000000000000e+00
9.808457374572753906e+00 -9.553580284118652344e+00 0.000000000000000000e+00
-7.453201293945312500e+00 -1.043046569824218750e+01 0.000000000000000000e+00
-2.681933879852294922e+00 -1.365927886962890625e+01 0.000000000000000000e+00
9.943927764892578125e+00 4.464906692504882812e+00 0.000000000000000000e+00
-1.480789947509765625e+01 2.471421480178833008e+00 0.000000000000000000e+00
4.904207307845354080e-04 1.041058826446533203e+01 0.000000000000000000e+00
-6.444012641906738281e+00 1.227371501922607422e+01 0.000000000000000000e+00
3.355732440948486328e+00 -1.557838916778564453e+01 0.000000000000000000e+00
-4.453329563140869141e+00 -1.650111770629882812e+01 0.000000000000000000e+00
