8.560370259089337353e+00 9.955891686216357783e+00 6.639649141053638459e-04
1.173098655014576153e+01 5.897852941457934151e+00 -3.256040910728508209e-04
1.331132865100020046e+00 1.084257156819736601e+01 4.120090978343426968e-05
4.501749189156419639e+00 6.785135900976133172e+00 -1.506867075438123038e-04
7.673239733955384168e+00 2.726812765773599878e+00 3.283506107520928197e-04
1.084286323490896820e+01 -1.330527482250222437e+00 6.436501171602770910e-05
-5.897984867869713987e+00 1.173124955994422791e+01 4.150473259194598086e-04
-2.727368576871077810e+00 7.673210815191358947e+00 -5.745216834553978913e-04
4.440023729660729779e-01 3.614095725853459395e+00 5.032687371806510157e-04
3.613625840975341674e+00 -4.438475999004325434e-01 -5.583992714219554454e-04
6.785115392945813895e+00 -4.502170640619236330e+00 -7.943451256142708417e-05
9.955731716944455911e+00 -8.559606307273254444e+00 -2.713213911853529225e-04
-9.955732709890625642e+00 8.559606402142430071e+00 2.712485403435493936e-04
-6.785115393003635198e+00 4.502170640063130058e+00 7.943376546570846131e-05
-3.613625841035261299e+00 4.438475997186629995e-01 5.583982413131238776e-04
-4.440023730238936150e-01 -3.614095726409566112e+00 -5.032694842765916832e-04
2.727367583924907635e+00 -7.673210720322183320e+00 5.744488326135943623e-04
5.897984867754103355e+00 -1.173124956049478129e+01 -4.150480772118214645e-04
-1.084286323502457883e+01 1.330527481699670389e+00 -6.436576300883345425e-05
-7.673239734070994800e+00 -2.726812766324151482e+00 -3.283513620446765202e-04
-4.501750182044800042e+00 -6.785135806112512213e+00 1.506138608990958971e-04
-1.331132865215630456e+00 -1.084257156874791761e+01 -4.120166107579592563e-05
-1.173098754303411262e+01 -5.897852846032654028e+00 3.255319873272100040e-04
-8.560370259204947985e+00 -9.955891686766909388e+00 -6.639656653977255019e-04
