-6.351653099060058594e+00 -3.530202627182006836e+00 0.000000000000000000e+00
1.109252643585205078e+01 -8.965765953063964844e+00 0.000000000000000000e+00
1.270210361480712891e+01 -1.159375667572021484e+01 0.000000000000000000e+00
-1.340014457702636719e+01 -2.487206220626831055e+00 0.000000000000000000e+00
1.122431659698486328e+01 5.756546020507812500e+00 0.000000000000000000e+00
-8.604552268981933594e+00 -1.351954078674316406e+01 0.000000000000000000e+00
1.258766937255859375e+01 4.362160563468933105e-01 0.000000000000000000e+00
-1.464130592346191406e+01 2.457711219787597656e+00 0.000000000000000000e+00
1.794691085815429688e+00 9.463999748229980469e+00 0.000000000000000000e+00
1.554703116416931152e+00 -1.380042266845703125e+01 0.000000000000000000e+00
-2.820286750793457031e+00 1.194020557403564453e+01 0.000000000000000000e+00
-8.955239295959472656e+00 5.613588809967041016e+00 0.000000000000000000e+00
1.484448432922363281e+01 6.704465866088867188e+00 0.000000000000000000e+00
5.662843227386474609e+00 1.138225555419921875e+01 0.000000000000000000e+00
-2.891721487045288086e+00 9.224911689758300781e+00 0.000000000000000000e+00
-4.820624351501464844e+00 -3.660491228103637695e+00 0.000000000000000000e+00
-1.474141502380371094e+01 5.953571796417236328e+00 0.000000000000000000e+00
-3.074004173278808594e+00 5.803620338439941406e+00 0.000000000000000000e+00
1.413102531433105469e+01 -9.733718872070312500e+00 0.000000000000000000e+00
-1.343900680541992188e+00 -1.036760902404785156e+01 0.000000000000000000e+00
-4.715479850769042969e+00 7.782180786132812500e+00 0.000000000000000000e+00
1.833037734031677246e+00 -1.467854022979736328e+00 0.000000000000000000e+00
3.182461023330688477e+00 -1.128217124938964844e+01 0.000000000000000000e+00
-4.059886634349822998e-01 8.373619079589843750e+00 0.000000000000000000e+00
5.673701763153076172e+00 -1.488831520080566406e+01 0.000000000000000000e+00
-8.587879180908203125e+00 1.335360050201416016e+01 0.000000000000000000e+00
-7.554478168487548828e+00 1.670621395111083984e+00 0.000000000000000000e+00
4.516376972198486328e+00 6.002655625343322754e-01 0.000000000000000000e+00
-1.646875572204589844e+01 -3.539417266845703125e+00 0.000000000000000000e+00
5.667482852935791016e+00 -2.834511756896972656e+00 0.000000000000000000e+00
3.078294992446899414e+00 1.060889434814453125e+01 0.000000000000000000e+00
-8.458271980285644531e+00 -6.760985374450683594e+00 0.000000000000000000e+00
-1.608489418029785156e+01 3.169170856475830078e+00 0.000000000000000000e+00
-4.894375801086425781e-02 -2.644677400588989258e+00 0.000000000000000000e+00
-5.169554233551025391e+00 3.317837953567504883e+00 0.000000000000000000e+00
3.152876615524291992e+00 7.646193504333496094e+00 0.000000000000000000e+00
1.402993488311767578e+01 9.376992225646972656e+00 0.000000000000000000e+00
7.381195068359375000e+00 -5.471235752105712891e+00 0.000000000000000000e+00
-1.123656463623046875e+01 -8.290249705314636230e-01 0.000000000000000000e+00
1.277252578735351562e+01 -2.214551210403442383e+00 0.000000000000000000e+00
7.699632167816162109e+00 2.491778850555419922e+00 0.000000000000000000e+00
5.841527462005615234e+00 5.165318489074707031e+00 0.000000000000000000e+00
1.885824680328369141e+00 1.576935005187988281e+01 0.000000000000000000e+00
-8.730712890625000000e+00 1.126084041595458984e+01 0.000000000000000000e+00
8.027717590332031250e+00 1.171375370025634766e+01 0.000000000000000000e+00
1.514722347259521484e+01 -6.435966491699218750e+00 0.000000000000000000e+00
1.431676197052001953e+01 2.735586881637573242e+00 0.000000000000000000e+00
-3.100630760192871094e+00 2.191052436828613281e+00 0.000000000000000000e+00
8.601145744323730469e+00 -3.964944601058959961e+00 0.000000000000000000e+00
1.763272523880004883e+00 -8.585111618041992188e+00 0.000000000000000000e+00
-1.170820140838623047e+01 9.349384307861328125e+00 0.000000000000000000e+00
-4.284626960754394531e+00 -8.054082870483398438e+00 0.000000000000000000e+00
-4.577467441558837891e+00 1.337026023864746094e+01 0.000000000000000000e+00
-6.924030780792236328e-01 -5.894125461578369141e+00 0.000000000000000000e+00
4.000622749328613281e+00 -4.672245979309082031e+00 0.000000000000000000e+00
1.277084541320800781e+01 5.237563133239746094e+00 0.000000000000000000e+00
-6.527108669281005859e+00 8.067538261413574219e+00 0.000000000000000000e+00
-1.157370567321777344e+01 -3.418751716613769531e+00 0.000000000000000000e+00
-1.199670600891113281e+01 -6.173812389373779297e+00 0.000000000000000000e+00
-1.258590316772460938e+01 3.322248756885528564e-01 0.000000000000000000e+00
-2.450994968414306641e+00 -8.457076072692871094e+00 0.000000000000000000e+00
-1.073224925994873047e+01 1.325469493865966797e+01 0.000000000000000000e+00
9.884433150291442871e-01 1.415284442901611328e+01 0.000000000000000000e+00
8.267537117004394531e+00 4.174032688140869141e+00 0.000000000000000000e+00
-1.488100719451904297e+01 -3.924594402313232422e+00 0.000000000000000000e+00
2.778043508529663086e+00 4.749121189117431641e+00 0.000000000000000000e+00
-6.891655445098876953e+00 -1.319630241394042969e+01 0.000000000000000000e+00
9.169908523559570312e+00 8.319617271423339844e+00 0.000000000000000000e+00
-3.864459276199340820e+00 -5.587711811065673828e+00 0.000000000000000000e+00
8.063183784484863281e+00 1.538170051574707031e+01 0.000000000000000000e+00
-1.283358478546142578e+01 6.687509059906005859e+00 0.000000000000000000e+00
7.671944618225097656e+00 5.639944076538085938e+00 0.000000000000000000e+00
-2.222488671541213989e-01 1.506086826324462891e+01 0.000000000000000000e+00
-9.687542319297790527e-01 1.210128307342529297e+01 0.000000000000000000e+00
-1.679347801208496094e+01 4.303939640522003174e-01 0.000000000000000000e+00
-1.006333255767822266e+01 -1.058881855010986328e+01 0.000000000000000000e+00
-1.088015747070312500e+01 -9.195698738098144531e+00 0.000000000000000000e+00
6.500486373901367188e+00 -8.231948852539062500e+00 0.000000000000000000e+00
3.062646150588989258e+00 -2.645279169082641602e+00 0.000000000000000000e+00
-5.541432380676269531e+00 1.620091819763183594e+01 0.000000000000000000e+00
1.023989772796630859e+01 1.417892169952392578e+01 0.000000000000000000e+00
-1.046792507171630859e+01 5.354503631591796875e+00 0.000000000000000000e+00
-1.436129856109619141e+01 -8.869906425476074219e+00 0.000000000000000000e+00
-5.187426090240478516e+00 9.880610466003417969e+00 0.000000000000000000e+00
-5.064973831176757812e+00 -1.004947471618652344e+01 0.000000000000000000e+00
8.454688072204589844e+00 -8.354465484619140625e+00 0.000000000000000000e+00
-2.905860185623168945e+00 -1.552068233489990234e+01 0.000000000000000000e+00
1.652512359619140625e+01 -5.215018272399902344e+00 0.000000000000000000e+00
5.099653244018554688e+00 2.334582090377807617e+00 0.000000000000000000e+00
1.550675678253173828e+01 4.281161308288574219e+00 0.000000000000000000e+00
-5.533333778381347656e+00 4.878810882568359375e+00 0.000000000000000000e+00
-7.191934585571289062e+00 5.557259559631347656e+00 0.000000000000000000e+00
1.299433503299951553e-02 -1.211372566223144531e+01 0.000000000000000000e+00
-5.445908546447753906e+00 -1.276217579841613770e+00 0.000000000000000000e+00
4.311481475830078125e+00 -1.637878417968750000e+01 0.000000000000000000e+00
-8.952997922897338867e-01 2.007197141647338867e+00 0.000000000000000000e+00
-1.384356689453125000e+01 8.336703300476074219e+00 0.000000000000000000e+00
6.462777614593505859e+00 -1.139739704132080078e+01 0.000000000000000000e+00
-1.021938991546630859e+01 6.839047431945800781e+00 0.000000000000000000e+00
1.613719940185546875e+01 -2.054630041122436523e+00 0.000000000000000000e+00
-6.404758453369140625e+00 1.470114898681640625e+01 0.000000000000000000e+00
6.984591007232666016e+00 9.863956451416015625e+00 0.000000000000000000e+00
1.979784369468688965e+00 2.506584405899047852e+00 0.000000000000000000e+00
6.413053989410400391e+00 1.372900104522705078e+01 0.000000000000000000e+00
-5.220897793769836426e-01 1.701260757446289062e+01 0.000000000000000000e+00
5.336830615997314453e+00 8.450494766235351562e+00 0.000000000000000000e+00
-3.122347831726074219e+00 -1.111991405487060547e+01 0.000000000000000000e+00
-8.110949516296386719e+00 -3.410343170166015625e+00 0.000000000000000000e+00
1.237793159484863281e+01 1.236289024353027344e+01 0.000000000000000000e+00
-1.449355983734130859e+01 -5.642910003662109375e+00 0.000000000000000000e+00
3.314286470413208008e+00 1.494447898864746094e+01 0.000000000000000000e+00
1.154355335235595703e+01 -6.866072177886962891e+00 0.000000000000000000e+00
-1.212491393089294434e+00 -1.713645744323730469e+01 0.000000000000000000e+00
8.762509346008300781e+00 -1.357029914855957031e+01 0.000000000000000000e+00
-1.280727195739746094e+01 1.157741451263427734e+01 0.000000000000000000e+00
9.458336830139160156e+00 -7.852469682693481445e-01 0.000000000000000000e+00
-3.372586965560913086e-01 -7.957905530929565430e-01 0.000000000000000000e+00
5.671657085418701172e+00 -1.272977924346923828e+01 0.000000000000000000e+00
-1.035692119598388672e+01 -6.882584095001220703e+00 0.000000000000000000e+00
5.990800380706787109e+00 -4.770731925964355469e+00 0.000000000000000000e+00
1.463498687744140625e+01 -8.166850090026855469e+00 0.000000000000000000e+00
1.309022045135498047e+01 1.072912693023681641e+01 0.000000000000000000e+00
-3.633988201618194580e-01 4.476852416992187500e+00 0.000000000000000000e+00
-8.723023414611816406e+00 3.574740886688232422e-01 0.000000000000000000e+00
1.103891658782958984e+01 2.844394683837890625e+00 0.000000000000000000e+00
-1.972590327262878418e+00 1.552449512481689453e+01 0.000000000000000000e+00
-2.658847570419311523e+00 -1.289615154266357422e+01 0.000000000000000000e+00
5.631312131881713867e-01 -6.921564102172851562e+00 0.000000000000000000e+00
-4.174850463867187500e+00 -1.469079589843750000e+01 0.000000000000000000e+00
-2.223331689834594727e+00 3.856851577758789062e+00 0.000000000000000000e+00
-5.335786342620849609e+00 -1.583691787719726562e+01 0.000000000000000000e+00
7.518068552017211914e-01 7.136124134063720703e+00 0.000000000000000000e+00
1.876231908798217773e+00 -6.101373672485351562e+00 0.000000000000000000e+00
-1.278862380981445312e+01 -8.669628143310546875e+00 0.000000000000000000e+00
-1.383693599700927734e+01 1.007147312164306641e+01 0.000000000000000000e+00
-1.438230323791503906e+01 -7.042316198348999023e-01 0.000000000000000000e+00
-1.634258079528808594e+01 -6.244454383850097656e+00 0.000000000000000000e+00
-2.660721302032470703e+00 2.729561924934387207e-01 0.000000000000000000e+00
4.111362099647521973e-01 -1.684115982055664062e+01 0.000000000000000000e+00
8.617362022399902344e+00 -2.151011943817138672e+00 0.000000000000000000e+00
-3.107952833175659180e+00 -3.287569522857666016e+00 0.000000000000000000e+00
1.669087982177734375e+01 2.189246654510498047e+00 0.000000000000000000e+00
5.866661071777343750e-01 -1.034846210479736328e+01 0.000000000000000000e+00
-1.028303623199462891e+01 9.814014434814453125e-01 0.000000000000000000e+00
-4.961423397064208984e+00 -1.316363620758056641e+01 0.000000000000000000e+00
1.059432125091552734e+01 1.136635780334472656e+01 0.000000000000000000e+00
-7.949074268341064453e+00 -8.928203582763671875e+00 0.000000000000000000e+00
1.305844879150390625e+01 7.200421333312988281e+00 0.000000000000000000e+00
-2.397311925888061523e+00 -1.550886034965515137e+00 0.000000000000000000e+00
-1.208051586151123047e+01 2.063132286071777344e+00 0.000000000000000000e+00
-8.398761749267578125e-01 9.962823867797851562e+00 0.000000000000000000e+00
7.560017585754394531e+00 -1.578109836578369141e+01 0.000000000000000000e+00
1.402465105056762695e+00 -3.763144016265869141e+00 0.000000000000000000e+00
2.217015027999877930e+00 1.293935680389404297e+01 0.000000000000000000e+00
-1.283036231994628906e+00 6.114224910736083984e+00 0.000000000000000000e+00
-5.730951309204101562e+00 1.138620853424072266e+01 0.000000000000000000e+00
-6.780973434448242188e+00 3.707263708114624023e+00 0.000000000000000000e+00
1.044037151336669922e+01 -1.040326595306396484e+01 0.000000000000000000e+00
-1.575573730468750000e+01 -2.074568986892700195e+00 0.000000000000000000e+00
6.942129135131835938e+00 -2.869729399681091309e-01 0.000000000000000000e+00
1.050885200500488281e+01 -3.849979400634765625e+00 0.000000000000000000e+00
-5.884871482849121094e+00 -6.422293186187744141e+00 0.000000000000000000e+00
-1.229077434539794922e+01 4.899794101715087891e+00 0.000000000000000000e+00
1.202395319938659668e+00 5.633419513702392578e+00 0.000000000000000000e+00
-1.056900215148925781e+01 -5.216793060302734375e+00 0.000000000000000000e+00
-1.657489776611328125e+00 -4.299062728881835938e+00 0.000000000000000000e+00
3.806081533432006836e+00 -7.920695304870605469e+00 0.000000000000000000e+00
1.280307865142822266e+01 -8.823120117187500000e+00 0.000000000000000000e+00
1.704021644592285156e+01 3.794908761978149414e+00 0.000000000000000000e+00
1.070029497146606445e+00 1.132457447052001953e+01 0.000000000000000000e+00
5.776871681213378906e+00 1.633571243286132812e+01 0.000000000000000000e+00
1.418908500671386719e+01 -3.906165599822998047e+00 0.000000000000000000e+00
-3.795877933502197266e+00 -8.987944126129150391e-01 0.000000000000000000e+00
9.219838142395019531e+00 5.366375923156738281e+00 0.000000000000000000e+00
-6.037339210510253906e+00 -1.172264766693115234e+01 0.000000000000000000e+00
6.544129848480224609e+00 3.654692888259887695e+00 0.000000000000000000e+00
1.733777999877929688e+01 4.601086378097534180e-01 0.000000000000000000e+00
-1.951439976692199707e+00 1.340852260589599609e+01 0.000000000000000000e+00
-1.173228549957275391e+01 -1.105112648010253906e+01 0.000000000000000000e+00
-9.022342681884765625e+00 -1.205771923065185547e+01 0.000000000000000000e+00
1.168987751007080078e+01 1.014266204833984375e+01 0.000000000000000000e+00
-2.772924602031707764e-01 -8.348219871520996094e+00 0.000000000000000000e+00
1.108394813537597656e+01 -1.092909812927246094e+00 0.000000000000000000e+00
4.274076461791992188e+00 -1.122248411178588867e+00 0.000000000000000000e+00
2.928634881973266602e+00 2.194706201553344727e-01 0.000000000000000000e+00
-6.940218925476074219e+00 -1.407632827758789062e+00 0.000000000000000000e+00
-9.837592124938964844e+00 3.556834697723388672e+00 0.000000000000000000e+00
-1.670653343200683594e+01 5.167367935180664062e+00 0.000000000000000000e+00
5.627688407897949219e+00 -1.002477455139160156e+01 0.000000000000000000e+00
8.418089866638183594e+00 5.196992158889770508e-01 0.000000000000000000e+00
1.373139286041259766e+01 -1.048947811126708984e+00 0.000000000000000000e+00
-7.441643714904785156e+00 -1.505088520050048828e+01 0.000000000000000000e+00
-1.989778518676757812e+00 -6.828734397888183594e+00 0.000000000000000000e+00
-1.584072828292846680e+00 -1.403035926818847656e+01 0.000000000000000000e+00
9.360775947570800781e+00 -6.927464008331298828e+00 0.000000000000000000e+00
7.222745895385742188e+00 -2.925046205520629883e+00 0.000000000000000000e+00
1.239646530151367188e+01 8.570438385009765625e+00 0.000000000000000000e+00
1.025742053985595703e+01 7.092673182487487793e-01 0.000000000000000000e+00
1.069269847869873047e+01 -1.207015895843505859e+01 0.000000000000000000e+00
-6.228476047515869141e+00 8.243485689163208008e-01 0.000000000000000000e+00
3.798247814178466797e+00 -1.388073539733886719e+01 0.000000000000000000e+00
-1.355153465270996094e+01 4.015944480895996094e+00 0.000000000000000000e+00
-5.768171310424804688e+00 6.508791446685791016e+00 0.000000000000000000e+00
1.631752777099609375e+01 5.811501026153564453e+00 0.000000000000000000e+00
-8.244781494140625000e+00 8.262347221374511719e+00 0.000000000000000000e+00
1.082842254638671875e+01 8.451136589050292969e+00 0.000000000000000000e+00
1.256559944152832031e+01 3.071783065795898438e+00 0.000000000000000000e+00
-9.497527122497558594e+00 -1.383955478668212891e+00 0.000000000000000000e+00
4.251499176025390625e+00 5.449530124664306641e+00 0.000000000000000000e+00
-8.037775039672851562e+00 1.491422462463378906e+01 0.000000000000000000e+00
-4.328154623508453369e-01 -1.517699337005615234e+01 0.000000000000000000e+00
-1.024341487884521484e+01 -1.416227149963378906e+01 0.000000000000000000e+00
-1.049162197113037109e+01 1.085714817047119141e+01 0.000000000000000000e+00
3.547560691833496094e+00 2.204651355743408203e+00 0.000000000000000000e+00
4.323413372039794922e+00 -6.468361854553222656e+00 0.000000000000000000e+00
-1.465829086303710938e+01 -7.198401927947998047e+00 0.000000000000000000e+00
8.378117561340332031e+00 1.387180042266845703e+01 0.000000000000000000e+00
4.836126327514648438e+00 6.997776031494140625e+00 0.000000000000000000e+00
-1.082279014587402344e+01 -1.242397594451904297e+01 0.000000000000000000e+00
9.431793212890625000e+00 2.991018295288085938e+00 0.000000000000000000e+00
-3.489308118820190430e+00 1.475793743133544922e+01 0.000000000000000000e+00
-6.308678150177001953e+00 -8.108752250671386719e+00 0.000000000000000000e+00
9.750411033630371094e+00 9.772807121276855469e+00 0.000000000000000000e+00
-7.278720855712890625e+00 1.213183975219726562e+01 0.000000000000000000e+00
-1.336041259765625000e+01 -1.094175243377685547e+01 0.000000000000000000e+00
8.267787933349609375e+00 -1.188193893432617188e+01 0.000000000000000000e+00
1.533421134948730469e+01 8.321961402893066406e+00 0.000000000000000000e+00
-1.331016731262207031e+01 -4.116508483886718750e+00 0.000000000000000000e+00
4.970259666442871094e+00 1.418001461029052734e+01 0.000000000000000000e+00
-4.157461166381835938e+00 1.119589805603027344e+01 0.000000000000000000e+00
1.530355453491210938e+00 -1.163250255584716797e+01 0.000000000000000000e+00
1.717052268981933594e+01 -3.267283201217651367e+00 0.000000000000000000e+00
-9.052046775817871094e+00 -4.977998733520507812e+00 0.000000000000000000e+00
-3.769792318344116211e+00 1.705998039245605469e+01 0.000000000000000000e+00
7.883242607116699219e+00 7.305472373962402344e+00 0.000000000000000000e+00
3.874543428421020508e+00 1.674806976318359375e+01 0.000000000000000000e+00
1.462642097473144531e+01 9.393482208251953125e-01 0.000000000000000000e+00
2.577988147735595703e+00 -1.594677734375000000e+01 0.000000000000000000e+00
1.341306686401367188e+01 -6.016964912414550781e+00 0.000000000000000000e+00
-1.036086007952690125e-01 -1.364679908752441406e+01 0.000000000000000000e+00
1.207724666595458984e+01 -4.437506198883056641e+00 0.000000000000000000e+00
-8.063738822937011719e+00 -1.086477375030517578e+01 0.000000000000000000e+00
-4.624426841735839844e+00 5.606590509414672852e-01 0.000000000000000000e+00
-7.106535911560058594e+00 9.486730575561523438e+00 0.000000000000000000e+00
5.556297302246093750e-01 9.577398300170898438e-01 0.000000000000000000e+00
-1.994319438934326172e+00 7.932801723480224609e+00 0.000000000000000000e+00
-1.554433345794677734e+01 7.465237140655517578e+00 0.000000000000000000e+00
6.516286849975585938e+00 1.426138401031494141e+00 0.000000000000000000e+00
2.812252759933471680e+00 -9.671310424804687500e+00 0.000000000000000000e+00
7.445164680480957031e+00 -1.004762649536132812e+01 0.000000000000000000e+00
-7.364531040191650391e+00 -4.806095600128173828e+00 0.000000000000000000e+00
9.400038719177246094e+00 1.275017929077148438e+01 0.000000000000000000e+00
1.035239458084106445e+00 1.713720321655273438e+01 0.000000000000000000e+00
-9.693368911743164062e+00 9.448054313659667969e+00 0.000000000000000000e+00
-1.002845668792724609e+01 -3.004583597183227539e+00 0.000000000000000000e+00
1.018456840515136719e+01 7.073943614959716797e+00 0.000000000000000000e+00
