-2.224021117270685632e+00 -1.443946006585444142e+00
-1.963996080375605136e+00 -2.212902986334009947e-01
-1.703971043480524639e+00 1.001365409318642374e+00
-1.443946006585444142e+00 2.224021117270685632e+00
-1.001365409318642374e+00 -1.703971043480524639e+00
-7.413403724235618775e-01 -4.813153355284814361e-01
-4.813153355284814361e-01 7.413403724235618775e-01
-2.212902986334009947e-01 1.963996080375605136e+00
2.212902986334009947e-01 -1.963996080375605136e+00
4.813153355284814361e-01 -7.413403724235618775e-01
7.413403724235618775e-01 4.813153355284814361e-01
1.001365409318642374e+00 1.703971043480524639e+00
1.443946006585444142e+00 -2.224021117270685632e+00
1.703971043480524639e+00 -1.001365409318642374e+00
1.963996080375605136e+00 2.212902986334009947e-01
2.224021117270685632e+00 1.443946006585444142e+00
