7.278389453887939453e+00 -8.729814529418945312e+00 0.000000000000000000e+00
7.027796745300292969e+00 -1.342183589935302734e+01 0.000000000000000000e+00
4.609789371490478516e+00 4.499987602233886719e+00 0.000000000000000000e+00
8.212880134582519531e+00 2.541946887969970703e+00 0.000000000000000000e+00
1.618819999694824219e+01 1.312685489654541016e+00 0.000000000000000000e+00
-5.025348663330078125e+00 -8.082187175750732422e-02 0.000000000000000000e+00
9.346750259399414062e+00 -1.092105102539062500e+01 0.000000000000000000e+00
7.119796276092529297e+00 5.719965457916259766e+00 0.000000000000000000e+00
-5.027530193328857422e+00 1.539939045906066895e+00 0.000000000000000000e+00
-7.058554649353027344e+00 1.361100316047668457e+00 0.000000000000000000e+00
-1.695943260192871094e+01 2.438435792922973633e+00 0.000000000000000000e+00
5.551749706268310547e+00 -1.186084270477294922e+01 0.000000000000000000e+00
1.697408795356750488e+00 -1.319397640228271484e+01 0.000000000000000000e+00
1.372851943969726562e+01 5.742967128753662109e+00 0.000000000000000000e+00
-5.924042701721191406e+00 8.238638877868652344e+00 0.000000000000000000e+00
-2.791254281997680664e+00 1.362704181671142578e+01 0.000000000000000000e+00
9.430217742919921875e+00 1.397487449645996094e+01 0.000000000000000000e+00
-9.459504127502441406e+00 6.535466313362121582e-01 0.000000000000000000e+00
4.711558341979980469e+00 7.081398487091064453e+00 0.000000000000000000e+00
-1.187052440643310547e+01 -1.180307483673095703e+01 0.000000000000000000e+00
2.001425027847290039e+00 1.518769168853759766e+01 0.000000000000000000e+00
-1.480233550071716309e+00 1.215370082855224609e+01 0.000000000000000000e+00
-5.038874626159667969e+00 -1.254442691802978516e+01 0.000000000000000000e+00
7.498108744621276855e-01 -7.828882694244384766e+00 0.000000000000000000e+00
1.458498001098632812e+01 -6.483493328094482422e+00 0.000000000000000000e+00
4.035786151885986328e+00 -1.778355121612548828e+00 0.000000000000000000e+00
-1.670155525207519531e+01 -4.969377517700195312e+00 0.000000000000000000e+00
1.101406478881835938e+01 -6.357752323150634766e+00 0.000000000000000000e+00
6.373728752136230469e+00 -6.636998653411865234e+00 0.000000000000000000e+00
-3.925501823425292969e+00 -1.692969322204589844e+01 0.000000000000000000e+00
-3.198295354843139648e+00 3.131858587265014648e+00 0.000000000000000000e+00
1.297705268859863281e+01 -1.004678383469581604e-01 0.000000000000000000e+00
-1.213606452941894531e+01 -6.834755897521972656e+00 0.000000000000000000e+00
9.830826759338378906e+00 -1.519070506095886230e+00 0.000000000000000000e+00
-8.796076774597167969e+00 2.719283103942871094e+00 0.000000000000000000e+00
6.952094435691833496e-01 1.516534090042114258e+00 0.000000000000000000e+00
-8.613041877746582031e+00 -1.328051948547363281e+01 0.000000000000000000e+00
-5.039239406585693359e+00 -1.006437015533447266e+01 0.000000000000000000e+00
3.283057212829589844e+00 -9.846316337585449219e+00 0.000000000000000000e+00
5.187662601470947266e+00 1.146891498565673828e+01 0.000000000000000000e+00
-1.595782089233398438e+01 -1.406543850898742676e+00 0.000000000000000000e+00
-1.120817279815673828e+01 -1.045714092254638672e+01 0.000000000000000000e+00
-2.777271747589111328e+00 8.343061447143554688e+00 0.000000000000000000e+00
-5.105379104614257812e+00 -2.813403129577636719e+00 0.000000000000000000e+00
7.429239749908447266e+00 -3.020061969757080078e+00 0.000000000000000000e+00
-2.368470907211303711e+00 -1.030332565307617188e+01 0.000000000000000000e+00
-5.118753314018249512e-01 1.432978534698486328e+01 0.000000000000000000e+00
1.124400043487548828e+01 -1.076309871673583984e+01 0.000000000000000000e+00
-1.998737335205078125e+00 -1.379327106475830078e+01 0.000000000000000000e+00
-1.469676208496093750e+01 -3.136114835739135742e+00 0.000000000000000000e+00
-1.431992149353027344e+01 -7.593606412410736084e-02 0.000000000000000000e+00
8.764319419860839844e+00 -1.380371379852294922e+01 0.000000000000000000e+00
1.929246187210083008e+00 -3.668445587158203125e+00 0.000000000000000000e+00
8.495723724365234375e+00 1.070765304565429688e+01 0.000000000000000000e+00
1.629317665100097656e+01 3.972199678421020508e+00 0.000000000000000000e+00
2.552333831787109375e+00 1.719399261474609375e+01 0.000000000000000000e+00
-8.065300941467285156e+00 1.452835178375244141e+01 0.000000000000000000e+00
9.747093200683593750e+00 -3.414860486984252930e+00 0.000000000000000000e+00
-1.327067947387695312e+01 -1.780923962593078613e+00 0.000000000000000000e+00
-7.862277507781982422e+00 5.135811328887939453e+00 0.000000000000000000e+00
-2.128720045089721680e+00 2.573700249195098877e-01 0.000000000000000000e+00
1.454547595977783203e+01 -8.448974609375000000e+00 0.000000000000000000e+00
-1.123791790008544922e+01 4.996023178100585938e+00 0.000000000000000000e+00
-1.171197319030761719e+01 1.712088346481323242e+00 0.000000000000000000e+00
1.419312000274658203e+01 -4.732076644897460938e+00 0.000000000000000000e+00
-7.823322772979736328e+00 1.145436668395996094e+01 0.000000000000000000e+00
4.640749931335449219e+00 -8.963895797729492188e+00 0.000000000000000000e+00
-1.329674530029296875e+01 2.483434915542602539e+00 0.000000000000000000e+00
-9.345362663269042969e+00 -5.175759315490722656e+00 0.000000000000000000e+00
1.934192299842834473e+00 -9.108999252319335938e+00 0.000000000000000000e+00
3.910896778106689453e+00 8.645541071891784668e-01 0.000000000000000000e+00
1.467008590698242188e+01 5.698914527893066406e-01 0.000000000000000000e+00
6.187355041503906250e+00 2.541572749614715576e-01 0.000000000000000000e+00
-7.406529903411865234e+00 -1.405577063560485840e+00 0.000000000000000000e+00
-4.853487491607666016e+00 1.225886726379394531e+01 0.000000000000000000e+00
-5.796399593353271484e+00 1.639013481140136719e+01 0.000000000000000000e+00
5.722855091094970703e+00 -1.505948543548583984e+01 0.000000000000000000e+00
6.362348079681396484e+00 1.504641819000244141e+01 0.000000000000000000e+00
1.236048603057861328e+01 1.691051602363586426e+00 0.000000000000000000e+00
-3.112505197525024414e+00 -3.498483180999755859e+00 0.000000000000000000e+00
6.568815231323242188e+00 7.179566860198974609e+00 0.000000000000000000e+00
1.356437110900878906e+01 -3.018841981887817383e+00 0.000000000000000000e+00
5.468164104968309402e-03 -9.884557723999023438e-01 0.000000000000000000e+00
-7.042231559753417969e+00 -3.816531419754028320e+00 0.000000000000000000e+00
-3.448826074600219727e+00 -1.316742897033691406e+01 0.000000000000000000e+00
-7.882088422775268555e-01 7.599666595458984375e+00 0.000000000000000000e+00
-6.207994461059570312e+00 -7.920093536376953125e+00 0.000000000000000000e+00
-1.328865718841552734e+01 5.220104694366455078e+00 0.000000000000000000e+00
1.043343186378479004e+00 6.064567089080810547e+00 0.000000000000000000e+00
-1.395094203948974609e+01 8.208533287048339844e+00 0.000000000000000000e+00
-1.065409088134765625e+01 -6.487194538116455078e+00 0.000000000000000000e+00
4.088559150695800781e+00 -6.517873287200927734e+00 0.000000000000000000e+00
7.662687301635742188e+00 -4.774759292602539062e+00 0.000000000000000000e+00
1.022684001922607422e+01 1.439109444618225098e+00 0.000000000000000000e+00
-1.296562671661376953e+01 1.033285713195800781e+01 0.000000000000000000e+00
-8.163930892944335938e+00 -9.184259414672851562e+00 0.000000000000000000e+00
3.272122859954833984e+00 -1.352085208892822266e+01 0.000000000000000000e+00
2.560431241989135742e+00 1.006400108337402344e+01 0.000000000000000000e+00
-5.973574161529541016e+00 -5.790442943572998047e+00 0.000000000000000000e+00
-9.964205741882324219e+00 -9.258003830909729004e-01 0.000000000000000000e+00
-1.404705429077148438e+01 -7.657588481903076172e+00 0.000000000000000000e+00
-6.440761089324951172e-01 2.253253936767578125e+00 0.000000000000000000e+00
9.561649322509765625e+00 4.519398212432861328e+00 0.000000000000000000e+00
3.141731917858123779e-01 -4.649338245391845703e+00 0.000000000000000000e+00
1.536191368103027344e+01 -1.796279549598693848e+00 0.000000000000000000e+00
-1.389941883087158203e+01 -5.599058628082275391e+00 0.000000000000000000e+00
-3.282296657562255859e-01 -1.463455009460449219e+01 0.000000000000000000e+00
-6.229338169097900391e+00 -1.098628139495849609e+01 0.000000000000000000e+00
3.637109398841857910e-01 4.389417171478271484e+00 0.000000000000000000e+00
-2.819827318191528320e+00 -7.829292297363281250e+00 0.000000000000000000e+00
-1.191235256195068359e+01 -8.533467292785644531e+00 0.000000000000000000e+00
2.532775640487670898e+00 3.679093599319458008e+00 0.000000000000000000e+00
-2.031070947647094727e+00 -4.829042911529541016e+00 0.000000000000000000e+00
-9.445769309997558594e+00 4.405035495758056641e+00 0.000000000000000000e+00
-3.218726217746734619e-01 1.057225608825683594e+01 0.000000000000000000e+00
1.243193626403808594e+01 7.192924976348876953e+00 0.000000000000000000e+00
-4.873397350311279297e+00 1.490993404388427734e+01 0.000000000000000000e+00
8.726597785949707031e+00 -6.131516933441162109e+00 0.000000000000000000e+00
1.627715110778808594e+01 -6.313210964202880859e+00 0.000000000000000000e+00
1.752938151359558105e+00 1.366246414184570312e+01 0.000000000000000000e+00
-1.507786273956298828e+01 5.277509212493896484e+00 0.000000000000000000e+00
-6.400210857391357422e+00 9.911087989807128906e+00 0.000000000000000000e+00
1.714766120910644531e+01 -6.855757236480712891e-01 0.000000000000000000e+00
3.314978361129760742e+00 1.326417827606201172e+01 0.000000000000000000e+00
-8.607586860656738281e+00 -1.159330558776855469e+01 0.000000000000000000e+00
-1.859877824783325195e+00 -1.816653728485107422e+00 0.000000000000000000e+00
9.481253623962402344e+00 7.532620429992675781e+00 0.000000000000000000e+00
1.390451622009277344e+01 2.188610076904296875e+00 0.000000000000000000e+00
-1.121014976501464844e+01 7.177432060241699219e+00 0.000000000000000000e+00
1.228516960144042969e+01 -5.164933204650878906e+00 0.000000000000000000e+00
-2.117691040039062500e+00 1.597750663757324219e+01 0.000000000000000000e+00
6.838243961334228516e+00 1.333100128173828125e+01 0.000000000000000000e+00
-6.393102645874023438e+00 1.212538146972656250e+01 0.000000000000000000e+00
5.696960926055908203e+00 8.864820480346679688e+00 0.000000000000000000e+00
-1.058172893524169922e+01 -1.264875698089599609e+01 0.000000000000000000e+00
7.814953327178955078e-01 -1.150064849853515625e+01 0.000000000000000000e+00
-9.716804504394531250e+00 9.920082092285156250e+00 0.000000000000000000e+00
-1.613960647583007812e+01 -6.736181735992431641e+00 0.000000000000000000e+00
4.538043975830078125e+00 2.533351659774780273e+00 0.000000000000000000e+00
-6.041490554809570312e+00 6.069510936737060547e+00 0.000000000000000000e+00
9.292937278747558594e+00 2.391335070133209229e-01 0.000000000000000000e+00
-1.919849872589111328e+00 -1.668340682983398438e+01 0.000000000000000000e+00
2.827445030212402344e+00 8.357567787170410156e+00 0.000000000000000000e+00
1.144960021972656250e+01 -1.538419961929321289e+00 0.000000000000000000e+00
1.274987030029296875e+01 -7.142750740051269531e+00 0.000000000000000000e+00
-1.390503501892089844e+01 -9.325188636779785156e+00 0.000000000000000000e+00
5.244334697723388672e+00 -4.376440048217773438e+00 0.000000000000000000e+00
3.702405691146850586e+00 -1.515157413482666016e+01 0.000000000000000000e+00
-1.639694404602050781e+01 5.109696388244628906e-01 0.000000000000000000e+00
-8.007364273071289062e+00 7.807096481323242188e+00 0.000000000000000000e+00
1.083771896362304688e+01 -4.744400024414062500e+00 0.000000000000000000e+00
-1.894365549087524414e+00 -6.633714675903320312e+00 0.000000000000000000e+00
7.312190532684326172e-01 7.899962425231933594e+00 0.000000000000000000e+00
1.461553764343261719e+01 3.937272310256958008e+00 0.000000000000000000e+00
3.461409091949462891e+00 -3.991965293884277344e+00 0.000000000000000000e+00
-3.821119546890258789e+00 -1.158099079132080078e+01 0.000000000000000000e+00
4.193294048309326172e+00 -1.685208320617675781e+01 0.000000000000000000e+00
1.274271488189697266e+01 4.421632766723632812e+00 0.000000000000000000e+00
5.439230442047119141e+00 -2.690961599349975586e+00 0.000000000000000000e+00
-1.506448459625244141e+01 1.591049790382385254e+00 0.000000000000000000e+00
-4.521156311035156250e+00 6.239644527435302734e+00 0.000000000000000000e+00
1.122610330581665039e+00 -1.722856140136718750e+01 0.000000000000000000e+00
1.588284683227539062e+01 5.532502651214599609e+00 0.000000000000000000e+00
-9.544038772583007812e+00 8.372597694396972656e+00 0.000000000000000000e+00
-6.675279617309570312e+00 2.872794389724731445e+00 0.000000000000000000e+00
-1.686352729797363281e+01 4.092636585235595703e+00 0.000000000000000000e+00
1.680805206298828125e+01 -2.463898420333862305e+00 0.000000000000000000e+00
1.644884347915649414e-01 1.272274684906005859e+01 0.000000000000000000e+00
2.474886655807495117e+00 -1.618319702148437500e+01 0.000000000000000000e+00
1.155139923095703125e+01 1.241100788116455078e+01 0.000000000000000000e+00
1.250411796569824219e+01 8.868228912353515625e+00 0.000000000000000000e+00
-4.089141368865966797e+00 1.699308013916015625e+01 0.000000000000000000e+00
-1.271101117134094238e+00 5.694419860839843750e+00 0.000000000000000000e+00
-1.475790619850158691e+00 3.932095766067504883e+00 0.000000000000000000e+00
-1.139004516601562500e+01 9.937954902648925781e+00 0.000000000000000000e+00
-9.966361045837402344e+00 1.376865768432617188e+01 0.000000000000000000e+00
1.240031814575195312e+01 1.108946800231933594e+01 0.000000000000000000e+00
1.127794170379638672e+01 -1.258983802795410156e+01 0.000000000000000000e+00
-9.033380508422851562e+00 -7.877748012542724609e+00 0.000000000000000000e+00
1.021089649200439453e+01 1.041992187500000000e+01 0.000000000000000000e+00
7.373733520507812500e+00 1.257907390594482422e+00 0.000000000000000000e+00
-9.782288551330566406e+00 1.164536952972412109e+01 0.000000000000000000e+00
-1.234584522247314453e+01 -5.313398838043212891e+00 0.000000000000000000e+00
1.515914440155029297e+01 7.002144813537597656e+00 0.000000000000000000e+00
7.517400741577148438e+00 -1.532465362548828125e+01 0.000000000000000000e+00
8.663230895996093750e+00 9.068459510803222656e+00 0.000000000000000000e+00
-6.108847618103027344e+00 -1.398292160034179688e+01 0.000000000000000000e+00
1.070106124877929688e+01 8.679077148437500000e+00 0.000000000000000000e+00
1.204617214202880859e+01 -3.160317897796630859e+00 0.000000000000000000e+00
-7.454906702041625977e-01 -1.106905269622802734e+01 0.000000000000000000e+00
-1.183472251892089844e+01 3.429697275161743164e+00 0.000000000000000000e+00
-9.786404371261596680e-01 1.717604255676269531e+01 0.000000000000000000e+00
1.523039913177490234e+01 -3.521740436553955078e+00 0.000000000000000000e+00
4.202184200286865234e+00 1.687583923339843750e+01 0.000000000000000000e+00
4.220774173736572266e+00 1.026749706268310547e+01 0.000000000000000000e+00
-4.054225921630859375e+00 9.615620613098144531e+00 0.000000000000000000e+00
8.830139160156250000e+00 5.936544418334960938e+00 0.000000000000000000e+00
2.662529706954956055e+00 -6.973211169242858887e-01 0.000000000000000000e+00
8.244766235351562500e+00 -1.663634777069091797e+00 0.000000000000000000e+00
-1.196016120910644531e+01 1.213841438293457031e+01 0.000000000000000000e+00
-5.398057460784912109e+00 3.984684228897094727e+00 0.000000000000000000e+00
-4.993464469909667969e+00 -1.569314289093017578e+01 0.000000000000000000e+00
1.369669437408447266e+01 -1.069814682006835938e+01 0.000000000000000000e+00
7.928964138031005859e+00 4.165143966674804688e+00 0.000000000000000000e+00
-3.290803730487823486e-01 -2.592114448547363281e+00 0.000000000000000000e+00
3.198489427566528320e+00 5.787189006805419922e+00 0.000000000000000000e+00
-1.611144828796386719e+01 6.429034709930419922e+00 0.000000000000000000e+00
1.137432670593261719e+01 5.922921657562255859e+00 0.000000000000000000e+00
2.021071672439575195e+00 2.244091272354125977e+00 0.000000000000000000e+00
-7.866231352090835571e-02 -9.327092170715332031e+00 0.000000000000000000e+00
5.781646966934204102e-01 1.630516815185546875e+01 0.000000000000000000e+00
-1.550388431549072266e+01 7.869069099426269531e+00 0.000000000000000000e+00
-2.826193094253540039e+00 1.128025054931640625e+01 0.000000000000000000e+00
-4.712199211120605469e+00 -7.250082015991210938e+00 0.000000000000000000e+00
-1.153992748260498047e+01 -4.929199516773223877e-01 0.000000000000000000e+00
-8.148739814758300781e+00 -6.316449642181396484e+00 0.000000000000000000e+00
-1.417545986175537109e+01 3.835525512695312500e+00 0.000000000000000000e+00
-3.345319032669067383e-01 -1.619844055175781250e+01 0.000000000000000000e+00
1.026612281799316406e+01 -1.397731399536132812e+01 0.000000000000000000e+00
-8.652488708496093750e+00 -3.004966735839843750e+00 0.000000000000000000e+00
-6.993152141571044922e+00 -1.589466285705566406e+01 0.000000000000000000e+00
-1.132326412200927734e+01 -2.932658433914184570e+00 0.000000000000000000e+00
1.150174903869628906e+01 -8.803622245788574219e+00 0.000000000000000000e+00
1.449824523925781250e+01 8.682839393615722656e+00 0.000000000000000000e+00
1.113196086883544922e+01 3.844562292098999023e+00 0.000000000000000000e+00
9.984102249145507812e+00 -8.032175064086914062e+00 0.000000000000000000e+00
2.118466854095458984e+00 1.179380416870117188e+01 0.000000000000000000e+00
-8.456288337707519531e+00 -1.531244945526123047e+01 0.000000000000000000e+00
8.903384208679199219e+00 -9.400631904602050781e+00 0.000000000000000000e+00
1.816280484199523926e+00 -5.482144832611083984e+00 0.000000000000000000e+00
2.974779367446899414e+00 -1.154505443572998047e+01 0.000000000000000000e+00
-3.220852613449096680e+00 -5.747007846832275391e+00 0.000000000000000000e+00
4.662508487701416016e+00 1.468695449829101562e+01 0.000000000000000000e+00
9.507122993469238281e+00 1.226890945434570312e+01 0.000000000000000000e+00
-4.644135475158691406e+00 -4.637306213378906250e+00 0.000000000000000000e+00
-1.289805507659912109e+01 6.987091541290283203e+00 0.000000000000000000e+00
1.180889725685119629e+00 7.460326701402664185e-02 0.000000000000000000e+00
6.994910240173339844e+00 1.115446281433105469e+01 0.000000000000000000e+00
6.194497585296630859e+00 -1.034852790832519531e+01 0.000000000000000000e+00
2.786686897277832031e+00 -7.689053058624267578e+00 0.000000000000000000e+00
-9.063696861267089844e+00 6.683247089385986328e+00 0.000000000000000000e+00
-1.551769924163818359e+01 3.071862459182739258e+00 0.000000000000000000e+00
-6.281735897064208984e+00 1.389077281951904297e+01 0.000000000000000000e+00
1.677534484863281250e+01 -4.474406242370605469e+00 0.000000000000000000e+00
1.298273658752441406e+01 -1.626950860023498535e+00 0.000000000000000000e+00
6.333554267883300781e+00 3.498749017715454102e+00 0.000000000000000000e+00
-3.047139167785644531e+00 5.052251815795898438e+00 0.000000000000000000e+00
-1.321368789672851562e+01 -4.089426994323730469e+00 0.000000000000000000e+00
-3.800132513046264648e+00 -1.462253451347351074e+00 0.000000000000000000e+00
-1.622000885009765625e+01 -3.352938413619995117e+00 0.000000000000000000e+00
-8.192011713981628418e-01 -1.269866657257080078e+01 0.000000000000000000e+00
-3.608754873275756836e+00 -9.204431533813476562e+00 0.000000000000000000e+00
1.136961841583251953e+01 -1.261683180928230286e-02 0.000000000000000000e+00
-3.288533687591552734e+00 1.483521342277526855e+00 0.000000000000000000e+00
-1.587643146514892578e+00 9.458708763122558594e+00 0.000000000000000000e+00
4.895343303680419922e+00 1.313276290893554688e+01 0.000000000000000000e+00
