3.056775093078613281e+00 7.160688877105712891e+00 0.000000000000000000e+00
1.022808456420898438e+01 8.671870231628417969e+00 0.000000000000000000e+00
3.569468498229980469e+00 1.427335453033447266e+01 0.000000000000000000e+00
-9.162849426269531250e+00 1.154863929748535156e+01 0.000000000000000000e+00
7.134909152984619141e+00 -1.006901741027832031e+01 0.000000000000000000e+00
5.380405902862548828e+00 -1.015143871307373047e+01 0.000000000000000000e+00
-1.461470508575439453e+01 -6.817947864532470703e+00 0.000000000000000000e+00
8.122242927551269531e+00 5.962610244750976562e+00 0.000000000000000000e+00
8.962870597839355469e+00 9.658078193664550781e+00 0.000000000000000000e+00
6.458087921142578125e+00 -1.624431800842285156e+01 0.000000000000000000e+00
-1.403858089447021484e+01 2.645700216293334961e+00 0.000000000000000000e+00
-2.438946217298507690e-01 5.456880092620849609e+00 0.000000000000000000e+00
7.215572357177734375e+00 1.748962283134460449e+00 0.000000000000000000e+00
-4.010542035102844238e-01 1.486368274688720703e+01 0.000000000000000000e+00
-1.244816017150878906e+01 -5.554031372070312500e+00 0.000000000000000000e+00
6.874778270721435547e+00 1.002272415161132812e+01 0.000000000000000000e+00
5.713621616363525391e+00 -1.206411361694335938e+01 0.000000000000000000e+00
-7.531134128570556641e+00 -5.699668884277343750e+00 0.000000000000000000e+00
-1.365765094757080078e+01 9.660547256469726562e+00 0.000000000000000000e+00
1.190617847442626953e+01 -2.487268447875976562e+00 0.000000000000000000e+00
1.103930282592773438e+01 -9.437167167663574219e+00 0.000000000000000000e+00
1.453492832183837891e+01 -8.179546594619750977e-01 0.000000000000000000e+00
1.168252587318420410e+00 1.992866754531860352e+00 0.000000000000000000e+00
1.033641338348388672e+00 -7.094983577728271484e+00 0.000000000000000000e+00
-9.705850601196289062e+00 7.070826530456542969e+00 0.000000000000000000e+00
-5.499329090118408203e+00 9.164598464965820312e+00 0.000000000000000000e+00
5.293308734893798828e+00 8.213154792785644531e+00 0.000000000000000000e+00
-4.656679630279541016e+00 1.507057571411132812e+01 0.000000000000000000e+00
-1.677544784545898438e+01 4.784012794494628906e+00 0.000000000000000000e+00
1.182772159576416016e+01 1.257669734954833984e+01 0.000000000000000000e+00
1.178768634796142578e+01 -6.602594852447509766e+00 0.000000000000000000e+00
-3.503198862075805664e+00 -1.356578922271728516e+01 0.000000000000000000e+00
3.572796583175659180e+00 1.271547031402587891e+01 0.000000000000000000e+00
1.572624015808105469e+01 4.022599220275878906e+00 0.000000000000000000e+00
-7.291215062141418457e-01 3.013594865798950195e+00 0.000000000000000000e+00
9.993406295776367188e+00 -3.249091506004333496e-01 0.000000000000000000e+00
1.256835079193115234e+01 -5.009943842887878418e-01 0.000000000000000000e+00
1.029526948928833008e+00 -1.075782489776611328e+01 0.000000000000000000e+00
-2.847316265106201172e+00 -6.750221252441406250e+00 0.000000000000000000e+00
8.628973960876464844e+00 -1.150722885131835938e+01 0.000000000000000000e+00
-1.922404170036315918e+00 1.137675285339355469e+01 0.000000000000000000e+00
-9.399133682250976562e+00 -8.127205848693847656e+00 0.000000000000000000e+00
1.606912422180175781e+01 -6.784132957458496094e+00 0.000000000000000000e+00
-3.037901163101196289e+00 8.440401077270507812e+00 0.000000000000000000e+00
-8.512838363647460938e+00 -1.250731754302978516e+01 0.000000000000000000e+00
1.395105648040771484e+01 -2.785256862640380859e+00 0.000000000000000000e+00
-9.996788978576660156e+00 -4.294905662536621094e+00 0.000000000000000000e+00
-1.206861305236816406e+01 -9.250836372375488281e+00 0.000000000000000000e+00
-7.392824172973632812e+00 -4.144066870212554932e-01 0.000000000000000000e+00
-4.172490119934082031e+00 2.264953613281250000e+00 0.000000000000000000e+00
-1.051941490173339844e+01 1.666777849197387695e+00 0.000000000000000000e+00
1.317386054992675781e+01 1.105605030059814453e+01 0.000000000000000000e+00
-8.070451736450195312e+00 2.489782094955444336e+00 0.000000000000000000e+00
-2.920899152755737305e+00 1.075657129287719727e+00 0.000000000000000000e+00
1.400898265838623047e+01 4.325027942657470703e+00 0.000000000000000000e+00
-1.420879840850830078e+01 -2.959300994873046875e+00 0.000000000000000000e+00
3.798056840896606445e+00 1.029568099975585938e+01 0.000000000000000000e+00
1.091627693176269531e+01 6.881521224975585938e+00 0.000000000000000000e+00
8.458590507507324219e+00 3.980435371398925781e+00 0.000000000000000000e+00
-6.981764316558837891e+00 1.253389239311218262e+00 0.000000000000000000e+00
-9.476774215698242188e+00 -1.413117408752441406e+01 0.000000000000000000e+00
-1.967041850090026855e+00 -1.505719757080078125e+01 0.000000000000000000e+00
4.685853004455566406e+00 1.677349853515625000e+01 0.000000000000000000e+00
-5.160669326782226562e+00 -1.273012733459472656e+01 0.000000000000000000e+00
-6.551114082336425781e+00 -8.094176292419433594e+00 0.000000000000000000e+00
-4.109549045562744141e+00 -4.122695326805114746e-01 0.000000000000000000e+00
-8.906168937683105469e+00 -1.747692227363586426e+00 0.000000000000000000e+00
-1.461084747314453125e+01 6.844229698181152344e+00 0.000000000000000000e+00
1.084549069404602051e+00 -1.661709547042846680e+00 0.000000000000000000e+00
4.400199353694915771e-01 -8.573357582092285156e+00 0.000000000000000000e+00
1.700420022010803223e+00 1.497744941711425781e+01 0.000000000000000000e+00
-1.428660154342651367e+00 -5.778592586517333984e+00 0.000000000000000000e+00
1.197541999816894531e+01 -1.220414829254150391e+01 0.000000000000000000e+00
-1.187672901153564453e+01 -3.398079395294189453e+00 0.000000000000000000e+00
-1.023430728912353516e+01 -9.472416877746582031e+00 0.000000000000000000e+00
4.437726497650146484e+00 -1.788448810577392578e+00 0.000000000000000000e+00
-1.637121963500976562e+01 -4.019690990447998047e+00 0.000000000000000000e+00
-2.585753798484802246e-01 -1.690248107910156250e+01 0.000000000000000000e+00
7.769092559814453125e+00 -1.251859217882156372e-01 0.000000000000000000e+00
1.016432523727416992e+00 1.338725948333740234e+01 0.000000000000000000e+00
4.225644111633300781e+00 -1.626703262329101562e+01 0.000000000000000000e+00
-1.298534965515136719e+01 8.003514289855957031e+00 0.000000000000000000e+00
3.782303035259246826e-01 3.381598591804504395e-01 0.000000000000000000e+00
-1.660496711730957031e+01 -4.036172628402709961e-01 0.000000000000000000e+00
-8.573187828063964844e+00 4.246764659881591797e+00 0.000000000000000000e+00
9.744231224060058594e+00 -1.293196392059326172e+01 0.000000000000000000e+00
1.170062351226806641e+01 9.289187431335449219e+00 0.000000000000000000e+00
-2.397008985280990601e-01 -3.346559762954711914e+00 0.000000000000000000e+00
-6.006502628326416016e+00 -1.048658084869384766e+01 0.000000000000000000e+00
-3.434474706649780273e+00 -1.656363677978515625e+01 0.000000000000000000e+00
-1.443656063079833984e+01 -1.280396103858947754e+00 0.000000000000000000e+00
6.774225711822509766e+00 -5.702298164367675781e+00 0.000000000000000000e+00
-1.116012382507324219e+01 1.197488975524902344e+01 0.000000000000000000e+00
1.639536476135253906e+01 6.034342646598815918e-01 0.000000000000000000e+00
-2.920878171920776367e+00 -2.107881784439086914e+00 0.000000000000000000e+00
1.054014205932617188e+00 4.041926860809326172e+00 0.000000000000000000e+00
-7.509390354156494141e+00 -2.577112674713134766e+00 0.000000000000000000e+00
-5.428101539611816406e+00 -1.316100597381591797e+00 0.000000000000000000e+00
7.946097850799560547e+00 1.526081085205078125e+01 0.000000000000000000e+00
-1.075379562377929688e+01 -1.166916942596435547e+01 0.000000000000000000e+00
1.312715435028076172e+01 -9.334460258483886719e+00 0.000000000000000000e+00
-1.101595306396484375e+01 3.661685228347778320e+00 0.000000000000000000e+00
-5.584776878356933594e+00 -6.073992729187011719e+00 0.000000000000000000e+00
5.288753986358642578e+00 4.892976284027099609e+00 0.000000000000000000e+00
9.423910140991210938e+00 1.399460220336914062e+01 0.000000000000000000e+00
1.526245498657226562e+01 6.555219650268554688e+00 0.000000000000000000e+00
1.033244514465332031e+01 1.063682842254638672e+01 0.000000000000000000e+00
-2.335175275802612305e+00 1.526857566833496094e+01 0.000000000000000000e+00
2.032217025756835938e+00 9.234944343566894531e+00 0.000000000000000000e+00
8.161185264587402344e+00 -2.109748363494873047e+00 0.000000000000000000e+00
-3.731604576110839844e+00 4.055831909179687500e+00 0.000000000000000000e+00
-6.393012523651123047e+00 5.429710388183593750e+00 0.000000000000000000e+00
2.345004320144653320e+00 -5.905373573303222656e+00 0.000000000000000000e+00
3.715277194976806641e+00 -1.082952022552490234e+01 0.000000000000000000e+00
-4.615474700927734375e+00 6.570695400238037109e+00 0.000000000000000000e+00
5.152504444122314453e+00 -1.356077861785888672e+01 0.000000000000000000e+00
-5.517718791961669922e+00 -1.611453247070312500e+01 0.000000000000000000e+00
1.438997459411621094e+01 -7.502727985382080078e+00 0.000000000000000000e+00
4.203105449676513672e+00 2.559103488922119141e+00 0.000000000000000000e+00
-1.524057984352111816e+00 -1.315081214904785156e+01 0.000000000000000000e+00
1.055576896667480469e+01 3.666577339172363281e+00 0.000000000000000000e+00
-8.170612335205078125e+00 9.399705886840820312e+00 0.000000000000000000e+00
-1.197822570800781250e+01 7.000945806503295898e-01 0.000000000000000000e+00
1.943624615669250488e+00 1.130349445343017578e+01 0.000000000000000000e+00
2.674775600433349609e+00 -1.417111968994140625e+01 0.000000000000000000e+00
4.646710395812988281e+00 -4.813437461853027344e+00 0.000000000000000000e+00
-6.109337806701660156e+00 1.095134162902832031e+01 0.000000000000000000e+00
7.021268367767333984e+00 -7.676198959350585938e+00 0.000000000000000000e+00
-1.316394567489624023e+00 1.731831932067871094e+01 0.000000000000000000e+00
7.972151279449462891e+00 1.109269142150878906e+01 0.000000000000000000e+00
-1.380133724212646484e+01 1.142738461494445801e+00 0.000000000000000000e+00
1.250203418731689453e+01 1.110387325286865234e+00 0.000000000000000000e+00
-5.452215671539306641e+00 3.214559316635131836e+00 0.000000000000000000e+00
1.617687416076660156e+01 -5.153214454650878906e+00 0.000000000000000000e+00
-7.589349269866943359e+00 1.189342784881591797e+01 0.000000000000000000e+00
9.103751182556152344e+00 -8.384219169616699219e+00 0.000000000000000000e+00
7.577064633369445801e-01 6.881068706512451172e+00 0.000000000000000000e+00
-9.622722625732421875e+00 -6.619557380676269531e+00 0.000000000000000000e+00
1.315988183021545410e+00 -1.721402168273925781e+01 0.000000000000000000e+00
-9.866397857666015625e+00 1.413420581817626953e+01 0.000000000000000000e+00
2.474810361862182617e+00 2.935738563537597656e+00 0.000000000000000000e+00
-2.525789260864257812e+00 -1.045899677276611328e+01 0.000000000000000000e+00
1.263411140441894531e+01 5.237645626068115234e+00 0.000000000000000000e+00
-1.482898902893066406e+01 4.284783840179443359e+00 0.000000000000000000e+00
1.328326511383056641e+01 7.267331600189208984e+00 0.000000000000000000e+00
1.625189971923828125e+01 -2.643269300460815430e+00 0.000000000000000000e+00
-1.517463588714599609e+01 -5.365427494049072266e+00 0.000000000000000000e+00
6.938747406005859375e+00 8.336441040039062500e+00 0.000000000000000000e+00
-6.431457996368408203e+00 7.350516319274902344e+00 0.000000000000000000e+00
5.032267570495605469e+00 -7.892625331878662109e+00 0.000000000000000000e+00
-1.313911151885986328e+01 -7.958826541900634766e+00 0.000000000000000000e+00
3.140567541122436523e+00 -7.547871589660644531e+00 0.000000000000000000e+00
1.014308166503906250e+01 -2.115508794784545898e+00 0.000000000000000000e+00
-9.396471023559570312e+00 5.591052055358886719e+00 0.000000000000000000e+00
2.532028675079345703e+00 -3.723865747451782227e+00 0.000000000000000000e+00
6.245491981506347656e+00 -4.600534141063690186e-01 0.000000000000000000e+00
2.210349291563034058e-01 1.669072532653808594e+01 0.000000000000000000e+00
2.067768812179565430e+00 1.646564865112304688e+01 0.000000000000000000e+00
-2.062560319900512695e+00 4.283861160278320312e+00 0.000000000000000000e+00
-6.960976123809814453e+00 1.438830471038818359e+01 0.000000000000000000e+00
-6.022162914276123047e+00 1.611825370788574219e+01 0.000000000000000000e+00
-1.263478398323059082e+00 1.698871515691280365e-02 0.000000000000000000e+00
-1.362846469879150391e+01 -4.553528785705566406e+00 0.000000000000000000e+00
3.494525432586669922e+00 4.276944160461425781e+00 0.000000000000000000e+00
5.751635879278182983e-02 9.313602447509765625e+00 0.000000000000000000e+00
8.324006080627441406e+00 1.275141048431396484e+01 0.000000000000000000e+00
-4.408171653747558594e+00 1.299836444854736328e+01 0.000000000000000000e+00
-1.053666591644287109e+01 -9.057391285896301270e-01 0.000000000000000000e+00
-2.045978307723999023e+00 1.326140213012695312e+01 0.000000000000000000e+00
-6.203527450561523438e+00 -1.451749038696289062e+01 0.000000000000000000e+00
-2.805796861648559570e+00 -3.984026670455932617e+00 0.000000000000000000e+00
-1.674698829650878906e+01 2.774979114532470703e+00 0.000000000000000000e+00
1.023175120353698730e+00 -1.491089534759521484e+01 0.000000000000000000e+00
1.024583816528320312e+01 -6.588015079498291016e+00 0.000000000000000000e+00
-9.060033798217773438e+00 5.081267952919006348e-01 0.000000000000000000e+00
5.293253898620605469e+00 1.218688678741455078e+01 0.000000000000000000e+00
2.113428115844726562e-01 -5.202954769134521484e+00 0.000000000000000000e+00
1.380108833312988281e+01 9.356884002685546875e+00 0.000000000000000000e+00
-1.163471889495849609e+01 1.040316104888916016e+01 0.000000000000000000e+00
-9.180359840393066406e+00 -1.074872016906738281e+01 0.000000000000000000e+00
1.359459972381591797e+01 -4.597487926483154297e+00 0.000000000000000000e+00
1.246364879608154297e+01 -1.071850872039794922e+01 0.000000000000000000e+00
-7.335637569427490234e+00 -1.587548542022705078e+01 0.000000000000000000e+00
-5.557820320129394531e+00 -3.655870437622070312e+00 0.000000000000000000e+00
6.735283374786376953e+00 -1.356722259521484375e+01 0.000000000000000000e+00
6.227000713348388672e+00 -2.359312295913696289e+00 0.000000000000000000e+00
-1.302276802062988281e+01 -1.119634342193603516e+01 0.000000000000000000e+00
1.471173763275146484e+01 -9.006153106689453125e+00 0.000000000000000000e+00
6.157930850982666016e+00 1.504687023162841797e+01 0.000000000000000000e+00
-1.123867893218994141e+01 5.191162109375000000e+00 0.000000000000000000e+00
-1.411077404022216797e+01 -9.942794799804687500e+00 0.000000000000000000e+00
-9.931307435035705566e-01 -9.073775291442871094e+00 0.000000000000000000e+00
-4.550651550292968750e+00 1.066924476623535156e+01 0.000000000000000000e+00
9.214815139770507812e+00 -1.433771228790283203e+01 0.000000000000000000e+00
-1.258061981201171875e+01 6.445136547088623047e+00 0.000000000000000000e+00
-1.886731982231140137e+00 6.489198684692382812e+00 0.000000000000000000e+00
2.046343803405761719e+00 -9.339301109313964844e+00 0.000000000000000000e+00
-4.131829738616943359e+00 -1.023082923889160156e+01 0.000000000000000000e+00
1.021467924118041992e+00 -1.269645977020263672e+01 0.000000000000000000e+00
8.084514617919921875e+00 -4.741002559661865234e+00 0.000000000000000000e+00
-1.160318946838378906e+01 -7.665187835693359375e+00 0.000000000000000000e+00
1.151340103149414062e+01 -4.231733798980712891e+00 0.000000000000000000e+00
3.582643747329711914e+00 -4.279519319534301758e-01 0.000000000000000000e+00
-7.550755739212036133e-01 -1.575481057167053223e+00 0.000000000000000000e+00
-1.513016939163208008e+00 1.733266711235046387e+00 0.000000000000000000e+00
-1.718502426147460938e+01 1.297029733657836914e+00 0.000000000000000000e+00
-2.785931348800659180e+00 -8.921884536743164062e+00 0.000000000000000000e+00
-1.008444309234619141e+01 8.828970909118652344e+00 0.000000000000000000e+00
-4.355034828186035156e+00 -7.783514022827148438e+00 0.000000000000000000e+00
1.697431564331054688e+01 2.016064167022705078e+00 0.000000000000000000e+00
6.534479618072509766e+00 -3.928495645523071289e+00 0.000000000000000000e+00
9.208743095397949219e+00 2.431094646453857422e+00 0.000000000000000000e+00
1.470180988311767578e+01 1.666629314422607422e+00 0.000000000000000000e+00
6.903383731842041016e+00 3.229884386062622070e+00 0.000000000000000000e+00
-3.353024244308471680e+00 -1.201047706604003906e+01 0.000000000000000000e+00
6.425128459930419922e+00 1.318152809143066406e+01 0.000000000000000000e+00
1.033363628387451172e+01 5.292145252227783203e+00 0.000000000000000000e+00
5.509091854095458984e+00 9.332718849182128906e-01 0.000000000000000000e+00
-1.195193958282470703e+01 -1.863586544990539551e+00 0.000000000000000000e+00
-1.253197193145751953e+01 2.106001615524291992e+00 0.000000000000000000e+00
5.288870811462402344e+00 6.711695671081542969e+00 0.000000000000000000e+00
3.352952301502227783e-01 1.150271224975585938e+01 0.000000000000000000e+00
-1.470752525329589844e+01 -8.548628807067871094e+00 0.000000000000000000e+00
-1.110686063766479492e+00 -1.159457397460937500e+01 0.000000000000000000e+00
-3.313806295394897461e+00 5.628806591033935547e+00 0.000000000000000000e+00
-1.725539970397949219e+01 -1.818797826766967773e+00 0.000000000000000000e+00
3.872557163238525391e+00 -1.273888587951660156e+01 0.000000000000000000e+00
-5.704429626464843750e+00 4.418850541114807129e-01 0.000000000000000000e+00
8.994017601013183594e+00 7.742574691772460938e+00 0.000000000000000000e+00
-1.271413898468017578e+01 4.666152477264404297e+00 0.000000000000000000e+00
3.467797279357910156e+00 8.639191627502441406e+00 0.000000000000000000e+00
-1.127709960937500000e+01 7.718817710876464844e+00 0.000000000000000000e+00
7.738219738006591797e+00 -1.537449741363525391e+01 0.000000000000000000e+00
-6.606175899505615234e+00 -1.220696258544921875e+01 0.000000000000000000e+00
-7.957574367523193359e+00 6.075629234313964844e+00 0.000000000000000000e+00
-6.289463043212890625e+00 1.279396820068359375e+01 0.000000000000000000e+00
-7.949351787567138672e+00 -9.434229850769042969e+00 0.000000000000000000e+00
-1.652782678604125977e+00 9.592958450317382812e+00 0.000000000000000000e+00
1.069603729248046875e+01 2.034420013427734375e+00 0.000000000000000000e+00
-1.107444167137145996e+00 8.018548965454101562e+00 0.000000000000000000e+00
-4.312242031097412109e+00 -1.504520225524902344e+01 0.000000000000000000e+00
-7.880722045898437500e+00 -1.425393867492675781e+01 0.000000000000000000e+00
-4.134141445159912109e+00 -5.401754856109619141e+00 0.000000000000000000e+00
1.215805625915527344e+01 3.613811254501342773e+00 0.000000000000000000e+00
-1.533835983276367188e+01 5.808376073837280273e-01 0.000000000000000000e+00
3.555037498474121094e+00 -9.051358222961425781e+00 0.000000000000000000e+00
-1.131561756134033203e+01 -1.311025619506835938e+01 0.000000000000000000e+00
-1.507679271697998047e+01 8.510477066040039062e+00 0.000000000000000000e+00
-1.084406566619873047e+01 -5.659291744232177734e+00 0.000000000000000000e+00
1.327040100097656250e+01 2.530738353729248047e+00 0.000000000000000000e+00
5.414493560791015625e+00 1.039935111999511719e+01 0.000000000000000000e+00
9.750850677490234375e+00 -4.469046592712402344e+00 0.000000000000000000e+00
-3.082053363323211670e-01 -1.420961380004882812e+01 0.000000000000000000e+00
8.341747283935546875e+00 -6.794650554656982422e+00 0.000000000000000000e+00
-1.266932106018066406e+01 1.194752597808837891e+01 0.000000000000000000e+00
-8.666127204895019531e+00 1.311002254486083984e+01 0.000000000000000000e+00
