-7.708604335784912109e+00 6.805727005004882812e+00 0.000000000000000000e+00
-8.803322792053222656e+00 -2.351853609085083008e+00 0.000000000000000000e+00
-7.074546813964843750e+00 -5.316411495208740234e+00 0.000000000000000000e+00
-2.667571067810058594e+00 3.555187225341796875e+00 0.000000000000000000e+00
-4.704222679138183594e+00 -1.316695570945739746e+00 0.000000000000000000e+00
1.125122070312500000e+01 7.868904113769531250e+00 0.000000000000000000e+00
1.136834049224853516e+01 -1.097481536865234375e+01 0.000000000000000000e+00
1.152804660797119141e+01 1.574154734611511230e+00 0.000000000000000000e+00
2.690537452697753906e+00 3.875818967819213867e+00 0.000000000000000000e+00
3.971141278743743896e-01 -1.960690617561340332e+00 0.000000000000000000e+00
-1.633886146545410156e+01 -6.114539504051208496e-01 0.000000000000000000e+00
-1.324983882904052734e+01 -8.492588043212890625e+00 0.000000000000000000e+00
-5.875261783599853516e+00 2.515340745449066162e-01 0.000000000000000000e+00
1.420483398437500000e+01 -6.664849758148193359e+00 0.000000000000000000e+00
1.142815208435058594e+01 1.021467876434326172e+01 0.000000000000000000e+00
-7.970493793487548828e+00 -7.621934264898300171e-02 0.000000000000000000e+00
7.084927558898925781e-01 9.341468811035156250e+00 0.000000000000000000e+00
1.491358757019042969e+01 5.881741523742675781e+00 0.000000000000000000e+00
-1.035225868225097656e+00 6.228740692138671875e+00 0.000000000000000000e+00
1.194505882263183594e+01 3.276772260665893555e+00 0.000000000000000000e+00
5.337721705436706543e-01 -1.454390335083007812e+01 0.000000000000000000e+00
1.136883831024169922e+01 -4.869888305664062500e+00 0.000000000000000000e+00
8.166534423828125000e+00 -9.590880274772644043e-01 0.000000000000000000e+00
-4.924692153930664062e+00 -1.024583911895751953e+01 0.000000000000000000e+00
7.659931182861328125e+00 2.439275741577148438e+00 0.000000000000000000e+00
1.196671676635742188e+01 5.725356578826904297e+00 0.000000000000000000e+00
-5.138663768768310547e+00 7.610462188720703125e+00 0.000000000000000000e+00
8.074042320251464844e+00 5.871176719665527344e+00 0.000000000000000000e+00
-8.143521547317504883e-01 -5.841053128242492676e-01 0.000000000000000000e+00
1.427274227142333984e+00 -8.172483444213867188e+00 0.000000000000000000e+00
1.461699390411376953e+01 -3.629956483840942383e+00 0.000000000000000000e+00
-3.241855621337890625e+00 -4.454849720001220703e+00 0.000000000000000000e+00
1.106984615325927734e+01 -1.325432968139648438e+01 0.000000000000000000e+00
9.625019073486328125e+00 1.264989566802978516e+01 0.000000000000000000e+00
1.978520035743713379e+00 7.557871937751770020e-01 0.000000000000000000e+00
-1.373497867584228516e+01 -1.048446178436279297e+00 0.000000000000000000e+00
1.372314167022705078e+01 1.517238736152648926e+00 0.000000000000000000e+00
4.381497859954833984e+00 1.264524650573730469e+01 0.000000000000000000e+00
-1.101934432983398438e+01 1.537317633628845215e+00 0.000000000000000000e+00
3.247646331787109375e+00 2.191389083862304688e+00 0.000000000000000000e+00
-1.243177533149719238e+00 -3.271345138549804688e+00 0.000000000000000000e+00
1.684758186340332031e+01 1.407923102378845215e+00 0.000000000000000000e+00
8.544072151184082031e+00 8.653964042663574219e+00 0.000000000000000000e+00
-3.991344451904296875e+00 1.462291812896728516e+01 0.000000000000000000e+00
9.202319145202636719e+00 -1.408528327941894531e+01 0.000000000000000000e+00
-3.811242341995239258e+00 1.634441947937011719e+01 0.000000000000000000e+00
-8.682308197021484375e+00 1.491851425170898438e+01 0.000000000000000000e+00
-2.736478328704833984e+00 1.978326201438903809e+00 0.000000000000000000e+00
-1.972211122512817383e+00 -1.294890689849853516e+01 0.000000000000000000e+00
-1.599921894073486328e+01 -7.015141963958740234e+00 0.000000000000000000e+00
1.662662506103515625e+01 -1.303604245185852051e+00 0.000000000000000000e+00
-1.464343357086181641e+01 -2.372825145721435547e+00 0.000000000000000000e+00
9.272410392761230469e+00 -8.495589256286621094e+00 0.000000000000000000e+00
-1.158964443206787109e+01 -6.793223857879638672e+00 0.000000000000000000e+00
1.269965457916259766e+01 -3.901829481124877930e+00 0.000000000000000000e+00
-1.445252418518066406e+01 5.437815189361572266e+00 0.000000000000000000e+00
2.160082578659057617e+00 -2.840528488159179688e+00 0.000000000000000000e+00
-3.800246715545654297e+00 -1.255950927734375000e+01 0.000000000000000000e+00
4.261070251464843750e+00 1.013626575469970703e+01 0.000000000000000000e+00
-2.934063196182250977e+00 -1.724598884582519531e+01 0.000000000000000000e+00
-2.569500684738159180e+00 3.841871023178100586e-01 0.000000000000000000e+00
9.961241722106933594e+00 4.363297939300537109e+00 0.000000000000000000e+00
1.233939647674560547e+00 4.497470378875732422e+00 0.000000000000000000e+00
5.127199172973632812e+00 -5.956069469451904297e+00 0.000000000000000000e+00
2.918126583099365234e-01 -5.406551837921142578e+00 0.000000000000000000e+00
-1.209012150764465332e+00 -8.050874710083007812e+00 0.000000000000000000e+00
5.802679061889648438e+00 1.642471885681152344e+01 0.000000000000000000e+00
-3.746268033981323242e+00 -8.806618690490722656e+00 0.000000000000000000e+00
-2.364764451980590820e+00 1.021519565582275391e+01 0.000000000000000000e+00
5.871141910552978516e+00 -2.779355287551879883e+00 0.000000000000000000e+00
-1.357646107673645020e+00 -1.658900833129882812e+01 0.000000000000000000e+00
5.986258983612060547e+00 5.990790843963623047e+00 0.000000000000000000e+00
-1.435313606262207031e+01 8.989547729492187500e+00 0.000000000000000000e+00
-7.830713748931884766e+00 -1.419260787963867188e+01 0.000000000000000000e+00
-9.054137229919433594e+00 -5.697875022888183594e+00 0.000000000000000000e+00
1.093078422546386719e+01 -6.661896228790283203e+00 0.000000000000000000e+00
-1.572653102874755859e+01 6.816781044006347656e+00 0.000000000000000000e+00
-9.820488929748535156e+00 1.092403793334960938e+01 0.000000000000000000e+00
-9.590161323547363281e+00 1.550998985767364502e-01 0.000000000000000000e+00
7.040532112121582031e+00 -7.646162033081054688e+00 0.000000000000000000e+00
7.335861206054687500e+00 7.003718614578247070e-01 0.000000000000000000e+00
1.389621257781982422e+00 7.820732116699218750e+00 0.000000000000000000e+00
-8.084207773208618164e-02 2.553590297698974609e+00 0.000000000000000000e+00
6.045689582824707031e-01 1.315573310852050781e+01 0.000000000000000000e+00
5.504478454589843750e+00 -1.307362842559814453e+01 0.000000000000000000e+00
8.578382492065429688e+00 1.156613445281982422e+01 0.000000000000000000e+00
3.550950288772583008e+00 1.700698471069335938e+01 0.000000000000000000e+00
-1.407417678833007812e+01 -1.017201709747314453e+01 0.000000000000000000e+00
-1.042016887664794922e+01 8.822308540344238281e+00 0.000000000000000000e+00
9.505970001220703125e+00 7.258237838745117188e+00 0.000000000000000000e+00
1.148013782501220703e+01 -9.338957786560058594e+00 0.000000000000000000e+00
4.701425075531005859e+00 -1.137899589538574219e+01 0.000000000000000000e+00
2.287268400192260742e+00 1.514970970153808594e+01 0.000000000000000000e+00
1.110734462738037109e+01 -2.585344076156616211e+00 0.000000000000000000e+00
-9.059469223022460938e+00 -8.626132011413574219e+00 0.000000000000000000e+00
-1.481429386138916016e+01 3.481300830841064453e+00 0.000000000000000000e+00
1.514247035980224609e+01 -8.299487113952636719e+00 0.000000000000000000e+00
-5.777328968048095703e+00 1.273861122131347656e+01 0.000000000000000000e+00
1.445583057403564453e+01 9.119650840759277344e+00 0.000000000000000000e+00
3.003011226654052734e+00 -1.596257114410400391e+01 0.000000000000000000e+00
-1.369176769256591797e+01 1.335816264152526855e+00 0.000000000000000000e+00
-8.018136024475097656e+00 1.856364965438842773e+00 0.000000000000000000e+00
-8.335674285888671875e+00 1.336474800109863281e+01 0.000000000000000000e+00
-9.526880383491516113e-01 1.490873241424560547e+01 0.000000000000000000e+00
-1.149304294586181641e+01 -8.456418991088867188e+00 0.000000000000000000e+00
5.505344390869140625e+00 -7.495891094207763672e+00 0.000000000000000000e+00
6.346679687500000000e+00 -9.241950035095214844e+00 0.000000000000000000e+00
1.314691066741943359e+01 -2.223150253295898438e+00 0.000000000000000000e+00
-1.165396118164062500e+01 -1.122438716888427734e+01 0.000000000000000000e+00
-2.333858728408813477e+00 -1.037326908111572266e+01 0.000000000000000000e+00
-1.007151412963867188e+01 5.658475875854492188e+00 0.000000000000000000e+00
3.635194063186645508e+00 6.891722202301025391e+00 0.000000000000000000e+00
-1.613577079772949219e+01 2.318242549896240234e+00 0.000000000000000000e+00
5.741929531097412109e+00 4.103271067142486572e-01 0.000000000000000000e+00
2.587249994277954102e+00 1.287895679473876953e+01 0.000000000000000000e+00
-1.602620315551757812e+01 -3.462680101394653320e+00 0.000000000000000000e+00
9.271398544311523438e+00 -6.423577785491943359e+00 0.000000000000000000e+00
-1.045842361450195312e+01 -1.369772148132324219e+01 0.000000000000000000e+00
7.501855373382568359e+00 -3.605406761169433594e+00 0.000000000000000000e+00
3.523720979690551758e+00 -6.072344779968261719e+00 0.000000000000000000e+00
-1.429285812377929688e+01 -6.735439777374267578e+00 0.000000000000000000e+00
-1.138594722747802734e+01 -3.338832855224609375e-01 0.000000000000000000e+00
-4.124098777770996094e+00 4.867364406585693359e+00 0.000000000000000000e+00
1.796697974205017090e+00 -9.811513900756835938e+00 0.000000000000000000e+00
8.408057212829589844e+00 -1.120972919464111328e+01 0.000000000000000000e+00
-1.894099712371826172e+00 -5.974517345428466797e+00 0.000000000000000000e+00
6.219841957092285156e+00 -1.490076351165771484e+01 0.000000000000000000e+00
-1.072224903106689453e+01 3.190767288208007812e+00 0.000000000000000000e+00
-1.157773494720458984e+01 -4.495216846466064453e+00 0.000000000000000000e+00
-5.620632648468017578e+00 -1.190008926391601562e+01 0.000000000000000000e+00
4.522200107574462891e+00 3.945706367492675781e+00 0.000000000000000000e+00
-6.934168338775634766e+00 -7.294933319091796875e+00 0.000000000000000000e+00
1.323328590393066406e+01 -1.026975345611572266e+01 0.000000000000000000e+00
-7.876693725585937500e+00 -1.186524009704589844e+01 0.000000000000000000e+00
-8.566451072692871094e+00 5.539131164550781250e+00 0.000000000000000000e+00
1.316329288482666016e+01 4.691290855407714844e+00 0.000000000000000000e+00
-1.374586868286132812e+01 1.044753456115722656e+01 0.000000000000000000e+00
2.571439027786254883e+00 -1.150996303558349609e+01 0.000000000000000000e+00
-7.161957740783691406e+00 -9.697664260864257812e+00 0.000000000000000000e+00
6.202817916870117188e+00 2.813502311706542969e+00 0.000000000000000000e+00
-7.116210937500000000e+00 3.603641271591186523e+00 0.000000000000000000e+00
2.188298940658569336e+00 -4.896490573883056641e+00 0.000000000000000000e+00
9.471673965454101562e+00 -3.452694416046142578e+00 0.000000000000000000e+00
-9.344710350036621094e+00 -1.268429374694824219e+01 0.000000000000000000e+00
2.135951995849609375e+00 -1.434512519836425781e+01 0.000000000000000000e+00
4.691019058227539062e+00 1.479546642303466797e+01 0.000000000000000000e+00
1.571905612945556641e+01 3.634277820587158203e+00 0.000000000000000000e+00
-5.095716953277587891e+00 -2.872877597808837891e+00 0.000000000000000000e+00
1.309363937377929688e+01 -5.515673637390136719e+00 0.000000000000000000e+00
6.408731460571289062e+00 1.262135887145996094e+01 0.000000000000000000e+00
3.771700859069824219e+00 3.948421180248260498e-01 0.000000000000000000e+00
-4.574621200561523438e+00 -6.482910156250000000e+00 0.000000000000000000e+00
-5.674462795257568359e+00 -1.411916923522949219e+01 0.000000000000000000e+00
7.062365531921386719e+00 -1.242845344543457031e+01 0.000000000000000000e+00
8.519392967224121094e+00 1.392951393127441406e+01 0.000000000000000000e+00
4.656871795654296875e+00 -1.642061233520507812e+01 0.000000000000000000e+00
8.384457588195800781e+00 -4.990730762481689453e+00 0.000000000000000000e+00
-5.672365665435791016e+00 1.587859630584716797e+01 0.000000000000000000e+00
2.765584707260131836e+00 -1.196529269218444824e+00 0.000000000000000000e+00
-8.520907402038574219e+00 1.011502552032470703e+01 0.000000000000000000e+00
3.036144018173217773e+00 8.732939720153808594e+00 0.000000000000000000e+00
1.344934272766113281e+01 -8.723623275756835938e+00 0.000000000000000000e+00
4.327394485473632812e+00 -2.012989759445190430e+00 0.000000000000000000e+00
1.062596893310546875e+01 -2.088376283645629883e-01 0.000000000000000000e+00
-5.873868465423583984e+00 5.574689388275146484e+00 0.000000000000000000e+00
-1.186741447448730469e+01 1.004838848114013672e+01 0.000000000000000000e+00
5.363737583160400391e+00 9.094184875488281250e+00 0.000000000000000000e+00
4.401329159736633301e-01 -1.288567161560058594e+01 0.000000000000000000e+00
5.985428333282470703e+00 1.104789543151855469e+01 0.000000000000000000e+00
-4.863908767700195312e+00 9.139937400817871094e+00 0.000000000000000000e+00
-7.290120124816894531e+00 -2.934935331344604492e+00 0.000000000000000000e+00
1.299456310272216797e+01 1.050558757781982422e+01 0.000000000000000000e+00
-7.032832503318786621e-01 1.047417879104614258e+00 0.000000000000000000e+00
9.833690643310546875e+00 -1.224300670623779297e+01 0.000000000000000000e+00
-6.408494472503662109e+00 -1.477527856826782227e+00 0.000000000000000000e+00
-1.649766349792480469e+01 5.133421421051025391e+00 0.000000000000000000e+00
1.658900451660156250e+01 5.062532424926757812e+00 0.000000000000000000e+00
1.266410636901855469e+01 -1.204435920715332031e+01 0.000000000000000000e+00
7.770742893218994141e+00 1.548612022399902344e+01 0.000000000000000000e+00
1.676473999023437500e+01 -4.227143287658691406e+00 0.000000000000000000e+00
-6.422808647155761719e+00 1.424668884277343750e+01 0.000000000000000000e+00
1.466801166534423828e+01 -1.819657236337661743e-01 0.000000000000000000e+00
-5.436585903167724609e+00 1.121779727935791016e+01 0.000000000000000000e+00
-4.296718597412109375e+00 2.619302272796630859e+00 0.000000000000000000e+00
-2.531695127487182617e+00 -1.501158618927001953e+01 0.000000000000000000e+00
9.603674411773681641e-01 1.107572078704833984e+01 0.000000000000000000e+00
-2.773202657699584961e+00 1.369033145904541016e+01 0.000000000000000000e+00
-9.208401679992675781e+00 7.748235702514648438e+00 0.000000000000000000e+00
-1.042016220092773438e+01 -3.494678974151611328e+00 0.000000000000000000e+00
-1.097244834899902344e+01 7.150671958923339844e+00 0.000000000000000000e+00
-4.483735561370849609e+00 -1.628011703491210938e+01 0.000000000000000000e+00
1.055184245109558105e+00 1.610578918457031250e+01 0.000000000000000000e+00
-1.212043476104736328e+01 5.554834842681884766e+00 0.000000000000000000e+00
-1.596751022338867188e+01 -5.461539745330810547e+00 0.000000000000000000e+00
-7.501344084739685059e-01 1.642602729797363281e+01 0.000000000000000000e+00
3.968865871429443359e-01 -1.084152793884277344e+01 0.000000000000000000e+00
-7.035947322845458984e+00 8.357316970825195312e+00 0.000000000000000000e+00
-1.009050559997558594e+01 1.240145874023437500e+01 0.000000000000000000e+00
-8.871415257453918457e-01 8.829630851745605469e+00 0.000000000000000000e+00
1.396260356903076172e+01 7.136744976043701172e+00 0.000000000000000000e+00
-1.209315586090087891e+01 -1.940477371215820312e+00 0.000000000000000000e+00
-9.790957450866699219e+00 -9.991713523864746094e+00 0.000000000000000000e+00
1.369196033477783203e+01 3.051633834838867188e+00 0.000000000000000000e+00
-7.492879390716552734e+00 1.209679698944091797e+01 0.000000000000000000e+00
2.722916364669799805e+00 1.097693538665771484e+01 0.000000000000000000e+00
2.337906837463378906e+00 5.702520370483398438e+00 0.000000000000000000e+00
6.783913612365722656e+00 8.061403274536132812e+00 0.000000000000000000e+00
-3.133615493774414062e+00 -2.244959115982055664e+00 0.000000000000000000e+00
-1.314480781555175781e+01 -4.737868309020996094e+00 0.000000000000000000e+00
-8.824548721313476562e+00 3.315447092056274414e+00 0.000000000000000000e+00
-1.274836063385009766e+01 2.836774587631225586e+00 0.000000000000000000e+00
3.770055055618286133e+00 -1.372907352447509766e+01 0.000000000000000000e+00
1.273009872436523438e+01 -7.287834167480468750e+00 0.000000000000000000e+00
1.276781749725341797e+01 -3.288030326366424561e-01 0.000000000000000000e+00
6.640258789062500000e+00 -4.902148723602294922e+00 0.000000000000000000e+00
9.340737342834472656e+00 1.013117694854736328e+01 0.000000000000000000e+00
-2.230623483657836914e+00 1.602694511413574219e+01 0.000000000000000000e+00
1.594902896881103516e+01 -2.940239667892456055e+00 0.000000000000000000e+00
-1.729697608947753906e+01 -1.768410444259643555e+00 0.000000000000000000e+00
-3.857923507690429688e+00 1.163359928131103516e+01 0.000000000000000000e+00
7.653404712677001953e+00 4.326953887939453125e+00 0.000000000000000000e+00
9.313809394836425781e+00 1.427412033081054688e+00 0.000000000000000000e+00
-5.609739303588867188e+00 -8.421688079833984375e+00 0.000000000000000000e+00
-1.215681076049804688e+00 1.194660472869873047e+01 0.000000000000000000e+00
1.545808219909667969e+01 -5.233667373657226562e+00 0.000000000000000000e+00
-6.960186004638671875e+00 9.941146850585937500e+00 0.000000000000000000e+00
-4.361071586608886719e+00 8.596470952033996582e-01 0.000000000000000000e+00
-1.720121383666992188e+01 7.719209194183349609e-01 0.000000000000000000e+00
6.845987796783447266e+00 -1.081751060485839844e+01 0.000000000000000000e+00
5.998449325561523438e-01 -1.712063026428222656e+01 0.000000000000000000e+00
7.813698768615722656e+00 -1.467162895202636719e+01 0.000000000000000000e+00
-1.181761860847473145e+00 -1.148515892028808594e+01 0.000000000000000000e+00
4.216781139373779297e+00 -8.308036804199218750e+00 0.000000000000000000e+00
-1.001331710815429688e+01 -7.154258251190185547e+00 0.000000000000000000e+00
3.410520553588867188e+00 -9.804756164550781250e+00 0.000000000000000000e+00
-1.177698802947998047e+01 1.223453330993652344e+01 0.000000000000000000e+00
1.119113638997077942e-01 -9.132984161376953125e+00 0.000000000000000000e+00
8.905943036079406738e-01 -3.748577594757080078e+00 0.000000000000000000e+00
-2.995559215545654297e+00 6.606498241424560547e+00 0.000000000000000000e+00
1.190326118469238281e+01 1.240002155303955078e+01 0.000000000000000000e+00
-6.278068065643310547e+00 -1.631977081298828125e+01 0.000000000000000000e+00
4.484951019287109375e+00 -3.645823478698730469e+00 0.000000000000000000e+00
-5.974174976348876953e+00 2.626089096069335938e+00 0.000000000000000000e+00
2.154340028762817383e+00 -6.696309089660644531e+00 0.000000000000000000e+00
9.798871040344238281e+00 -1.828244805335998535e+00 0.000000000000000000e+00
-1.487528514862060547e+01 1.981048611924052238e-03 0.000000000000000000e+00
1.464961528778076172e+01 -1.841762542724609375e+00 0.000000000000000000e+00
-1.498692798614501953e+01 -8.214038848876953125e+00 0.000000000000000000e+00
1.248227977752685547e+01 9.015053749084472656e+00 0.000000000000000000e+00
-2.462230443954467773e+00 8.555018424987792969e+00 0.000000000000000000e+00
-1.322611045837402344e+01 7.590687751770019531e+00 0.000000000000000000e+00
-5.805866718292236328e+00 -4.292686939239501953e+00 0.000000000000000000e+00
-2.406804800033569336e+00 5.065156459808349609e+00 0.000000000000000000e+00
6.817549228668212891e+00 1.420109081268310547e+01 0.000000000000000000e+00
-2.984823465347290039e+00 -7.400647640228271484e+00 0.000000000000000000e+00
6.734723091125488281e+00 9.704876899719238281e+00 0.000000000000000000e+00
