-5.256393909454345703e+00 8.086977005004882812e+00 0.000000000000000000e+00
1.288531112670898438e+01 3.125941991806030273e+00 0.000000000000000000e+00
-1.399268245697021484e+01 -2.594458341598510742e+00 0.000000000000000000e+00
1.608215713500976562e+01 -3.742392539978027344e+00 0.000000000000000000e+00
5.708110332489013672e+00 -1.254935073852539062e+01 0.000000000000000000e+00
-1.170250892639160156e+00 -1.459752202033996582e+00 0.000000000000000000e+00
-2.417239904403686523e+00 1.396033000946044922e+01 0.000000000000000000e+00
5.388385295867919922e+00 1.014778709411621094e+01 0.000000000000000000e+00
2.783614397048950195e+00 1.127109432220458984e+01 0.000000000000000000e+00
-1.280360889434814453e+01 7.518063068389892578e+00 0.000000000000000000e+00
1.055260753631591797e+01 -1.121101284027099609e+01 0.000000000000000000e+00
1.007287263870239258e+00 -1.514000892639160156e+00 0.000000000000000000e+00
-4.439112186431884766e+00 1.358627796173095703e+01 0.000000000000000000e+00
-3.110655069351196289e+00 3.044342279434204102e+00 0.000000000000000000e+00
-7.602766036987304688e+00 1.198397278785705566e+00 0.000000000000000000e+00
1.328315734863281250e+01 7.587823867797851562e+00 0.000000000000000000e+00
3.746474087238311768e-01 -1.669678688049316406e+01 0.000000000000000000e+00
4.638078212738037109e+00 5.530073165893554688e+00 0.000000000000000000e+00
-3.935839653015136719e+00 -1.186308193206787109e+01 0.000000000000000000e+00
2.943036556243896484e+00 -4.985810756683349609e+00 0.000000000000000000e+00
9.152346611022949219e+00 -3.891368865966796875e+00 0.000000000000000000e+00
1.022996997833251953e+01 6.312760353088378906e+00 0.000000000000000000e+00
1.493171405792236328e+01 3.461700201034545898e+00 0.000000000000000000e+00
-2.283256530761718750e+00 -9.134194374084472656e+00 0.000000000000000000e+00
2.790043354034423828e+00 -1.535946655273437500e+01 0.000000000000000000e+00
7.891081809997558594e+00 9.276213645935058594e+00 0.000000000000000000e+00
-1.278592205047607422e+01 -9.542093276977539062e+00 0.000000000000000000e+00
-1.480791282653808594e+01 -8.420653343200683594e+00 0.000000000000000000e+00
5.829247474670410156e+00 7.544020175933837891e+00 0.000000000000000000e+00
9.457671165466308594e+00 -1.598844408988952637e+00 0.000000000000000000e+00
-1.051732826232910156e+01 2.481112957000732422e+00 0.000000000000000000e+00
-4.765499114990234375e+00 3.217156410217285156e+00 0.000000000000000000e+00
1.405790996551513672e+01 9.319323897361755371e-01 0.000000000000000000e+00
1.224981188774108887e+00 -7.041803359985351562e+00 0.000000000000000000e+00
-1.007298564910888672e+01 -6.137623310089111328e+00 0.000000000000000000e+00
1.226778507232666016e+00 -5.312873840332031250e+00 0.000000000000000000e+00
-1.256108856201171875e+01 2.203529596328735352e+00 0.000000000000000000e+00
-7.419597148895263672e+00 4.051949501037597656e+00 0.000000000000000000e+00
-1.408691692352294922e+01 -5.419023513793945312e+00 0.000000000000000000e+00
-6.628359794616699219e+00 -7.248315811157226562e+00 0.000000000000000000e+00
5.900129318237304688e+00 -1.541660213470458984e+01 0.000000000000000000e+00
8.644668579101562500e+00 -8.693380355834960938e+00 0.000000000000000000e+00
-1.615320396423339844e+01 -2.815530538558959961e+00 0.000000000000000000e+00
-4.932611942291259766e+00 5.867299437522888184e-01 0.000000000000000000e+00
-3.692996740341186523e+00 -3.792600154876708984e+00 0.000000000000000000e+00
1.282137584686279297e+01 -5.420341014862060547e+00 0.000000000000000000e+00
7.698816299438476562e+00 -1.354673099517822266e+01 0.000000000000000000e+00
9.580170631408691406e+00 -1.354819393157958984e+01 0.000000000000000000e+00
-2.137784957885742188e+00 -5.990253925323486328e+00 0.000000000000000000e+00
1.071375274658203125e+01 -8.378579139709472656e+00 0.000000000000000000e+00
2.690414190292358398e-01 5.237249374389648438e+00 0.000000000000000000e+00
-4.405170440673828125e+00 -6.690489292144775391e+00 0.000000000000000000e+00
4.599838733673095703e+00 -1.544934809207916260e-01 0.000000000000000000e+00
4.447178840637207031e+00 1.272788619995117188e+01 0.000000000000000000e+00
1.328391432762145996e+00 1.524721050262451172e+01 0.000000000000000000e+00
-7.528990268707275391e+00 9.081870079040527344e+00 0.000000000000000000e+00
-4.106424808502197266e+00 4.874781608581542969e+00 0.000000000000000000e+00
7.687119007110595703e+00 1.315703487396240234e+01 0.000000000000000000e+00
4.336528778076171875e+00 -1.704428672790527344e+00 0.000000000000000000e+00
1.317070865631103516e+01 4.688549518585205078e+00 0.000000000000000000e+00
-7.641321182250976562e+00 -1.238327407836914062e+01 0.000000000000000000e+00
-9.992401123046875000e+00 1.182754707336425781e+01 0.000000000000000000e+00
1.332677006721496582e+00 6.765003800392150879e-01 0.000000000000000000e+00
-1.203533935546875000e+01 4.022078514099121094e+00 0.000000000000000000e+00
1.735745048522949219e+01 -6.016680598258972168e-01 0.000000000000000000e+00
4.183794021606445312e+00 -7.314404964447021484e+00 0.000000000000000000e+00
1.347266006469726562e+01 -3.054869890213012695e+00 0.000000000000000000e+00
1.080851745605468750e+01 2.026862382888793945e+00 0.000000000000000000e+00
-9.551749229431152344e+00 -1.205238246917724609e+01 0.000000000000000000e+00
-1.023781204223632812e+01 -1.067278575897216797e+01 0.000000000000000000e+00
1.533427810668945312e+01 -6.216329097747802734e+00 0.000000000000000000e+00
6.662936687469482422e+00 -3.786798000335693359e+00 0.000000000000000000e+00
-8.151377677917480469e+00 1.144844913482666016e+01 0.000000000000000000e+00
-5.776530265808105469e+00 -4.087479114532470703e+00 0.000000000000000000e+00
-6.608456134796142578e+00 1.399876403808593750e+01 0.000000000000000000e+00
1.660651588439941406e+01 4.282154083251953125e+00 0.000000000000000000e+00
1.078947162628173828e+01 1.222002601623535156e+01 0.000000000000000000e+00
-4.122095108032226562e+00 -1.652505493164062500e+01 0.000000000000000000e+00
-1.006147861480712891e+01 4.498305797576904297e+00 0.000000000000000000e+00
2.451503038406372070e+00 -6.147777438163757324e-01 0.000000000000000000e+00
-1.359139204025268555e+00 1.287971973419189453e+01 0.000000000000000000e+00
-6.195058226585388184e-01 -1.356608676910400391e+01 0.000000000000000000e+00
-2.829750537872314453e+00 7.441781044006347656e+00 0.000000000000000000e+00
1.139543437957763672e+01 3.707398474216461182e-01 0.000000000000000000e+00
-1.421487045288085938e+01 3.813082575798034668e-01 0.000000000000000000e+00
7.143928527832031250e+00 1.133070850372314453e+01 0.000000000000000000e+00
3.444654941558837891e+00 3.033141613006591797e+00 0.000000000000000000e+00
1.008755111694335938e+01 9.005401611328125000e+00 0.000000000000000000e+00
-1.604612541198730469e+01 -5.532989978790283203e+00 0.000000000000000000e+00
-1.619853782653808594e+01 5.505694389343261719e+00 0.000000000000000000e+00
-8.803465843200683594e+00 1.336232376098632812e+01 0.000000000000000000e+00
-9.771389007568359375e+00 -2.101619720458984375e+00 0.000000000000000000e+00
-8.226228713989257812e+00 -8.515816688537597656e+00 0.000000000000000000e+00
-5.735404968261718750e+00 -1.468728733062744141e+01 0.000000000000000000e+00
4.043629646301269531e+00 1.492809104919433594e+01 0.000000000000000000e+00
-8.739388465881347656e+00 -3.968336582183837891e+00 0.000000000000000000e+00
1.939765177667140961e-02 1.194652175903320312e+01 0.000000000000000000e+00
1.382407093048095703e+01 -9.683944702148437500e+00 0.000000000000000000e+00
9.251688003540039062e+00 -5.564122200012207031e+00 0.000000000000000000e+00
-3.423274278640747070e+00 -1.459054756164550781e+01 0.000000000000000000e+00
1.767227292060852051e+00 -3.656164407730102539e+00 0.000000000000000000e+00
6.425858497619628906e+00 -8.789629936218261719e+00 0.000000000000000000e+00
-1.426067352294921875e+01 5.977811813354492188e+00 0.000000000000000000e+00
-1.509190750122070312e+01 3.667156934738159180e+00 0.000000000000000000e+00
-1.572045326232910156e+00 1.594759273529052734e+01 0.000000000000000000e+00
-1.719973945617675781e+01 3.137593507766723633e+00 0.000000000000000000e+00
-6.300645828247070312e+00 -1.608752369880676270e+00 0.000000000000000000e+00
-5.767804145812988281e+00 4.688157558441162109e+00 0.000000000000000000e+00
4.376863241195678711e-01 1.004940414428710938e+01 0.000000000000000000e+00
-1.188625526428222656e+01 -3.638608455657958984e+00 0.000000000000000000e+00
5.954596996307373047e+00 1.282204532623291016e+01 0.000000000000000000e+00
7.218573093414306641e+00 -1.184504985809326172e+01 0.000000000000000000e+00
-7.600904703140258789e-01 6.560162067413330078e+00 0.000000000000000000e+00
-1.507701015472412109e+01 -3.954694986343383789e+00 0.000000000000000000e+00
7.294957160949707031e+00 2.098888397216796875e+00 0.000000000000000000e+00
8.130348205566406250e+00 4.100821316242218018e-01 0.000000000000000000e+00
7.807362556457519531e+00 -1.548009014129638672e+01 0.000000000000000000e+00
-1.653763771057128906e+01 -1.187628507614135742e+00 0.000000000000000000e+00
-1.104834461212158203e+01 1.291585350036621094e+01 0.000000000000000000e+00
-4.621705055236816406e+00 -9.775470733642578125e+00 0.000000000000000000e+00
-2.397504329681396484e+00 -1.141270732879638672e+01 0.000000000000000000e+00
1.633468055725097656e+01 -1.909960508346557617e+00 0.000000000000000000e+00
1.074064016342163086e+00 -1.313376903533935547e+01 0.000000000000000000e+00
8.666761398315429688e+00 4.056138038635253906e+00 0.000000000000000000e+00
4.520298957824707031e+00 -5.644737243652343750e+00 0.000000000000000000e+00
-2.645751953125000000e+00 -7.611211299896240234e+00 0.000000000000000000e+00
1.399676418304443359e+01 9.061937332153320312e+00 0.000000000000000000e+00
-1.673078155517578125e+01 1.496657967567443848e+00 0.000000000000000000e+00
1.121655368804931641e+01 -5.342258930206298828e+00 0.000000000000000000e+00
8.288554191589355469e+00 6.219173431396484375e+00 0.000000000000000000e+00
-1.459030532836914062e+01 8.714800834655761719e+00 0.000000000000000000e+00
-1.046889019012451172e+01 8.413884162902832031e+00 0.000000000000000000e+00
3.000443220138549805e+00 1.328013420104980469e+01 0.000000000000000000e+00
2.756425857543945312e+00 -1.138044834136962891e+01 0.000000000000000000e+00
-9.909671783447265625e+00 6.201237678527832031e+00 0.000000000000000000e+00
1.808376908302307129e+00 3.977337121963500977e+00 0.000000000000000000e+00
4.073391914367675781e+00 7.366411209106445312e+00 0.000000000000000000e+00
-6.891245841979980469e-01 -9.490790367126464844e+00 0.000000000000000000e+00
-9.577939987182617188e+00 4.404204785823822021e-01 0.000000000000000000e+00
1.527801609039306641e+01 1.838394165039062500e+00 0.000000000000000000e+00
3.735078334808349609e+00 -1.322628307342529297e+01 0.000000000000000000e+00
9.116335868835449219e+00 1.382539653778076172e+01 0.000000000000000000e+00
-1.076067447662353516e+00 -1.583173274993896484e+01 0.000000000000000000e+00
5.056414604187011719e+00 -1.403284645080566406e+01 0.000000000000000000e+00
-8.031936645507812500e+00 5.483984947204589844e+00 0.000000000000000000e+00
-1.119803428649902344e+01 -8.928242683410644531e+00 0.000000000000000000e+00
4.298416137695312500e+00 -9.701328277587890625e+00 0.000000000000000000e+00
1.272742080688476562e+01 -7.477017402648925781e+00 0.000000000000000000e+00
-1.386319160461425781e+00 3.707697629928588867e+00 0.000000000000000000e+00
6.284594058990478516e+00 -1.694928169250488281e+00 0.000000000000000000e+00
4.023643136024475098e-01 1.659495925903320312e+01 0.000000000000000000e+00
-5.743847846984863281e+00 1.615678787231445312e+01 0.000000000000000000e+00
8.883666038513183594e+00 -1.024884605407714844e+01 0.000000000000000000e+00
-7.149840831756591797e+00 7.574856758117675781e+00 0.000000000000000000e+00
-2.158684015274047852e+00 5.662343502044677734e+00 0.000000000000000000e+00
-1.030572175979614258e+00 7.131862640380859375e-02 0.000000000000000000e+00
1.139310741424560547e+01 5.099697113037109375e+00 0.000000000000000000e+00
-1.217259693145751953e+01 -7.401626110076904297e+00 0.000000000000000000e+00
-4.309613227844238281e+00 1.533692550659179688e+01 0.000000000000000000e+00
1.168281650543212891e+01 -2.502397060394287109e+00 0.000000000000000000e+00
-8.746449470520019531e+00 1.501443576812744141e+01 0.000000000000000000e+00
-2.204108983278274536e-01 7.967894077301025391e+00 0.000000000000000000e+00
1.251171207427978516e+01 -1.073824024200439453e+01 0.000000000000000000e+00
-3.221896171569824219e+00 -5.801976323127746582e-01 0.000000000000000000e+00
1.439791679382324219e+00 -9.195178031921386719e+00 0.000000000000000000e+00
1.731334686279296875e+01 1.740144968032836914e+00 0.000000000000000000e+00
2.883841276168823242e+00 -1.692621231079101562e+01 0.000000000000000000e+00
-3.954233407974243164e+00 1.053073883056640625e+01 0.000000000000000000e+00
1.505176663398742676e+00 1.314754772186279297e+01 0.000000000000000000e+00
1.561586761474609375e+01 7.118059635162353516e+00 0.000000000000000000e+00
1.473766040802001953e+01 5.122197628021240234e+00 0.000000000000000000e+00
-1.545313358306884766e+00 -3.128136157989501953e+00 0.000000000000000000e+00
-1.267115783691406250e+01 -1.155262374877929688e+01 0.000000000000000000e+00
-2.724156379699707031e+00 9.260128021240234375e+00 0.000000000000000000e+00
4.238731861114501953e-01 3.275539159774780273e+00 0.000000000000000000e+00
5.174790382385253906e+00 -3.241110086441040039e+00 0.000000000000000000e+00
3.130313634872436523e+00 1.671604347229003906e+01 0.000000000000000000e+00
-5.409072875976562500e+00 1.196049404144287109e+01 0.000000000000000000e+00
-5.789646625518798828e+00 -1.173521327972412109e+01 0.000000000000000000e+00
-5.971604585647583008e-01 1.989879012107849121e+00 0.000000000000000000e+00
-1.211895084381103516e+01 1.133404445648193359e+01 0.000000000000000000e+00
-8.943302154541015625e+00 9.788477897644042969e+00 0.000000000000000000e+00
8.756961226463317871e-01 -1.121980094909667969e+01 0.000000000000000000e+00
-6.358289718627929688e+00 -1.318773460388183594e+01 0.000000000000000000e+00
5.378352642059326172e+00 1.700176000595092773e+00 0.000000000000000000e+00
-6.722517609596252441e-01 -4.461119651794433594e+00 0.000000000000000000e+00
7.735863685607910156e+00 -7.227219581604003906e+00 0.000000000000000000e+00
-6.584204673767089844e+00 6.007628440856933594e+00 0.000000000000000000e+00
9.188575744628906250e+00 7.752824306488037109e+00 0.000000000000000000e+00
4.205669403076171875e+00 -1.614542579650878906e+01 0.000000000000000000e+00
-7.715027332305908203e+00 -1.410904598236083984e+01 0.000000000000000000e+00
1.207597923278808594e+01 9.739645004272460938e+00 0.000000000000000000e+00
-6.348994255065917969e+00 -5.540728092193603516e+00 0.000000000000000000e+00
-1.324532413482666016e+01 1.025585651397705078e+01 0.000000000000000000e+00
-1.094013500213623047e+01 -8.147882223129272461e-01 0.000000000000000000e+00
2.486872673034667969e+00 5.901885509490966797e+00 0.000000000000000000e+00
-3.510810852050781250e+00 -2.271450042724609375e+00 0.000000000000000000e+00
-1.104824161529541016e+01 1.001588153839111328e+01 0.000000000000000000e+00
6.761828422546386719e+00 3.861883878707885742e+00 0.000000000000000000e+00
1.049997687339782715e+00 6.658819198608398438e+00 0.000000000000000000e+00
-8.753501892089843750e+00 -8.871107697486877441e-01 0.000000000000000000e+00
-1.129301786422729492e+00 1.021528816223144531e+01 0.000000000000000000e+00
2.134099483489990234e+00 9.556939125061035156e+00 0.000000000000000000e+00
3.836629152297973633e+00 8.972559928894042969e+00 0.000000000000000000e+00
-1.143399906158447266e+01 7.817589044570922852e-01 0.000000000000000000e+00
-4.292814254760742188e+00 -8.297615051269531250e+00 0.000000000000000000e+00
-8.509922027587890625e+00 -6.234617233276367188e+00 0.000000000000000000e+00
-1.467690849304199219e+01 1.837876796722412109e+00 0.000000000000000000e+00
7.756238460540771484e+00 -2.617794513702392578e+00 0.000000000000000000e+00
6.041034221649169922e+00 -5.719314575195312500e+00 0.000000000000000000e+00
-6.085561752319335938e+00 1.049137973785400391e+01 0.000000000000000000e+00
-4.995165467262268066e-01 -7.119438648223876953e+00 0.000000000000000000e+00
8.392629027366638184e-01 -1.525352573394775391e+01 0.000000000000000000e+00
-1.353016090393066406e+01 -1.078271746635437012e+00 0.000000000000000000e+00
3.401631116867065430e+00 1.125788569450378418e+00 0.000000000000000000e+00
1.309070205688476562e+01 -9.692444801330566406e-01 0.000000000000000000e+00
-8.891930580139160156e+00 7.889697551727294922e+00 0.000000000000000000e+00
-9.684853553771972656e+00 -9.159043312072753906e+00 0.000000000000000000e+00
1.597547245025634766e+01 4.894272089004516602e-01 0.000000000000000000e+00
-2.880440473556518555e+00 1.178826045989990234e+01 0.000000000000000000e+00
1.459770774841308594e+01 -1.775863647460937500e+00 0.000000000000000000e+00
1.131684589385986328e+01 -1.270575618743896484e+01 0.000000000000000000e+00
9.747771263122558594e+00 1.101094818115234375e+01 0.000000000000000000e+00
-1.254014110565185547e+01 5.992402076721191406e+00 0.000000000000000000e+00
-6.203382492065429688e+00 -1.006431579589843750e+01 0.000000000000000000e+00
6.303852081298828125e+00 1.508286094665527344e+01 0.000000000000000000e+00
-2.280605792999267578e+00 1.184322595596313477e+00 0.000000000000000000e+00
6.365019321441650391e+00 3.334238231182098389e-01 0.000000000000000000e+00
1.127298450469970703e+01 -6.954708099365234375e+00 0.000000000000000000e+00
2.540670633316040039e+00 7.488957405090332031e+00 0.000000000000000000e+00
-1.181485366821289062e+01 -5.922690868377685547e+00 0.000000000000000000e+00
-3.225711345672607422e+00 1.691145896911621094e+01 0.000000000000000000e+00
9.658098220825195312e+00 7.285435199737548828e-01 0.000000000000000000e+00
6.480236053466796875e+00 5.336678981781005859e+00 0.000000000000000000e+00
-7.219846248626708984e+00 -1.590871524810791016e+01 0.000000000000000000e+00
-1.227655124664306641e+01 -2.127274990081787109e+00 0.000000000000000000e+00
-1.227935695648193359e+01 8.950304031372070312e+00 0.000000000000000000e+00
-4.916246414184570312e+00 6.478570938110351562e+00 0.000000000000000000e+00
-9.720270156860351562e+00 -1.397177696228027344e+01 0.000000000000000000e+00
1.289869403839111328e+01 1.115400123596191406e+01 0.000000000000000000e+00
-1.056874847412109375e+01 -4.582741737365722656e+00 0.000000000000000000e+00
-8.975648880004882812e+00 3.244006633758544922e+00 0.000000000000000000e+00
1.127685356140136719e+01 7.686117649078369141e+00 0.000000000000000000e+00
1.507989501953125000e+01 -7.819515228271484375e+00 0.000000000000000000e+00
-1.548614120483398438e+01 7.494322299957275391e+00 0.000000000000000000e+00
5.121771335601806641e+00 1.619457817077636719e+01 0.000000000000000000e+00
-4.696284830570220947e-01 -1.207297134399414062e+01 0.000000000000000000e+00
-9.421525955200195312e+00 -7.563292980194091797e+00 0.000000000000000000e+00
5.008907794952392578e+00 3.383169651031494141e+00 0.000000000000000000e+00
-2.958962135016918182e-02 1.390161323547363281e+01 0.000000000000000000e+00
-8.169004440307617188e+00 -1.067611789703369141e+01 0.000000000000000000e+00
-5.991240024566650391e+00 1.852776169776916504e+00 0.000000000000000000e+00
2.797483444213867188e+00 -6.723255157470703125e+00 0.000000000000000000e+00
1.209222888946533203e+01 -3.998455524444580078e+00 0.000000000000000000e+00
-1.125324344635009766e+01 -1.223944377899169922e+01 0.000000000000000000e+00
6.541082382202148438e+00 -1.032648086547851562e+01 0.000000000000000000e+00
