1.093479514122009277e+00 9.127657890319824219e+00 0.000000000000000000e+00
1.519151020050048828e+01 -1.252440452575683594e+00 0.000000000000000000e+00
-4.852918624877929688e+00 -3.084960222244262695e+00 0.000000000000000000e+00
-4.856382310390472412e-01 6.063305854797363281e+00 0.000000000000000000e+00
-9.180394172668457031e+00 -1.346862411499023438e+01 0.000000000000000000e+00
-4.415951251983642578e+00 -9.079378128051757812e+00 0.000000000000000000e+00
1.407400989532470703e+01 -8.912048339843750000e+00 0.000000000000000000e+00
5.054314136505126953e+00 1.542475032806396484e+01 0.000000000000000000e+00
1.489546656608581543e+00 -6.452138423919677734e+00 0.000000000000000000e+00
-1.135317993164062500e+01 1.983551383018493652e+00 0.000000000000000000e+00
-7.588110566139221191e-01 1.673259353637695312e+01 0.000000000000000000e+00
1.085394001007080078e+01 1.405029177665710449e+00 0.000000000000000000e+00
1.080567002296447754e+00 1.609729003906250000e+01 0.000000000000000000e+00
-7.642790794372558594e+00 -1.487306976318359375e+01 0.000000000000000000e+00
7.875608921051025391e+00 2.154281139373779297e+00 0.000000000000000000e+00
-1.503006339073181152e+00 1.094503402709960938e+00 0.000000000000000000e+00
6.175753593444824219e+00 -5.788287639617919922e+00 0.000000000000000000e+00
3.021725416183471680e+00 1.144594383239746094e+01 0.000000000000000000e+00
8.662689208984375000e+00 -8.081775665283203125e+00 0.000000000000000000e+00
-6.831118106842041016e+00 2.618671417236328125e+00 0.000000000000000000e+00
1.431698226928710938e+01 3.310607194900512695e+00 0.000000000000000000e+00
-3.656448841094970703e+00 -5.339195728302001953e+00 0.000000000000000000e+00
-9.385938644409179688e+00 5.769052028656005859e+00 0.000000000000000000e+00
2.452076911926269531e+00 4.287257671356201172e+00 0.000000000000000000e+00
-8.470408439636230469e+00 1.370006561279296875e+01 0.000000000000000000e+00
-5.085422992706298828e+00 -7.628428339958190918e-01 0.000000000000000000e+00
6.003642082214355469e+00 9.839986801147460938e+00 0.000000000000000000e+00
-1.374015331268310547e+01 -5.355318546295166016e+00 0.000000000000000000e+00
4.705930709838867188e+00 3.056970834732055664e+00 0.000000000000000000e+00
-1.557941436767578125e+00 4.816965579986572266e+00 0.000000000000000000e+00
1.219360446929931641e+01 2.745253324508666992e+00 0.000000000000000000e+00
3.468722105026245117e+00 8.298525810241699219e-01 0.000000000000000000e+00
9.965071678161621094e+00 9.142725944519042969e+00 0.000000000000000000e+00
5.875366687774658203e+00 -1.420097255706787109e+01 0.000000000000000000e+00
-9.520886421203613281e+00 -2.633835971355438232e-01 0.000000000000000000e+00
5.749004840850830078e+00 -2.878731250762939453e+00 0.000000000000000000e+00
-6.129168033599853516e+00 9.455959320068359375e+00 0.000000000000000000e+00
-2.710392713546752930e+00 -3.966980874538421631e-01 0.000000000000000000e+00
-8.003280639648437500e+00 8.228784561157226562e+00 0.000000000000000000e+00
1.457769298553466797e+01 4.789609432220458984e+00 0.000000000000000000e+00
-5.494867801666259766e+00 7.556657791137695312e+00 0.000000000000000000e+00
-4.017555713653564453e+00 -1.688142585754394531e+01 0.000000000000000000e+00
-4.753615379333496094e+00 -7.378405570983886719e+00 0.000000000000000000e+00
6.622314929962158203e+00 3.577748835086822510e-01 0.000000000000000000e+00
-1.656265497207641602e+00 -5.952973365783691406e+00 0.000000000000000000e+00
-1.533170127868652344e+01 -3.974985837936401367e+00 0.000000000000000000e+00
9.188549041748046875e+00 3.870965242385864258e+00 0.000000000000000000e+00
-6.183286190032958984e+00 1.469936656951904297e+01 0.000000000000000000e+00
1.177025508880615234e+01 -4.604631423950195312e+00 0.000000000000000000e+00
-1.486774730682373047e+01 -7.389826297760009766e+00 0.000000000000000000e+00
-1.217092704772949219e+01 6.937322139739990234e+00 0.000000000000000000e+00
-1.128170394897460938e+01 -1.184624195098876953e+01 0.000000000000000000e+00
1.183035182952880859e+01 -8.372184038162231445e-01 0.000000000000000000e+00
-1.098800945281982422e+01 -6.818483829498291016e+00 0.000000000000000000e+00
2.691704750061035156e+00 -5.421146750450134277e-01 0.000000000000000000e+00
5.050053596496582031e+00 -9.968572616577148438e+00 0.000000000000000000e+00
-1.170708370208740234e+01 -2.303581476211547852e+00 0.000000000000000000e+00
-1.293042755126953125e+01 1.115830039978027344e+01 0.000000000000000000e+00
1.250163078308105469e+01 -6.262671470642089844e+00 0.000000000000000000e+00
4.074339389801025391e+00 9.082159996032714844e+00 0.000000000000000000e+00
4.310131549835205078e+00 -1.163228034973144531e+01 0.000000000000000000e+00
6.293914318084716797e+00 -8.948310852050781250e+00 0.000000000000000000e+00
-1.196698188781738281e+01 5.950189232826232910e-01 0.000000000000000000e+00
-6.303040504455566406e+00 -6.771714210510253906e+00 0.000000000000000000e+00
9.115044593811035156e+00 -9.934695243835449219e+00 0.000000000000000000e+00
1.875252842903137207e+00 -1.199382877349853516e+01 0.000000000000000000e+00
-3.582991600036621094e+00 1.009562778472900391e+01 0.000000000000000000e+00
-5.292088985443115234e+00 1.269712257385253906e+01 0.000000000000000000e+00
-1.659697341918945312e+01 3.302777051925659180e+00 0.000000000000000000e+00
1.239793586730957031e+01 -1.222486877441406250e+01 0.000000000000000000e+00
-1.025605010986328125e+01 8.236733436584472656e+00 0.000000000000000000e+00
1.642334747314453125e+01 -5.357502460479736328e+00 0.000000000000000000e+00
-2.331609964370727539e+00 -1.431321716308593750e+01 0.000000000000000000e+00
-5.605163574218750000e+00 -1.312533855438232422e+01 0.000000000000000000e+00
8.664244651794433594e+00 -6.567334175109863281e+00 0.000000000000000000e+00
5.764917850494384766e+00 -1.221416568756103516e+01 0.000000000000000000e+00
-1.762989640235900879e+00 1.362048244476318359e+01 0.000000000000000000e+00
1.639748191833496094e+01 4.676760673522949219e+00 0.000000000000000000e+00
-1.554333972930908203e+01 5.937789916992187500e+00 0.000000000000000000e+00
-8.504846572875976562e+00 1.181997776031494141e+01 0.000000000000000000e+00
1.045604109764099121e+00 1.403520011901855469e+01 0.000000000000000000e+00
-1.609029769897460938e+01 -6.334290027618408203e+00 0.000000000000000000e+00
1.559757423400878906e+01 -3.873367309570312500e+00 0.000000000000000000e+00
-1.162173938751220703e+01 -4.027403831481933594e+00 0.000000000000000000e+00
2.390276342630386353e-01 -1.757791757583618164e+00 0.000000000000000000e+00
-7.116583585739135742e-01 8.055052757263183594e+00 0.000000000000000000e+00
3.757117748260498047e+00 -4.189002990722656250e+00 0.000000000000000000e+00
2.797675848007202148e+00 -1.026271247863769531e+01 0.000000000000000000e+00
-1.440015220642089844e+01 1.515043616294860840e+00 0.000000000000000000e+00
1.031659126281738281e+01 -7.145571231842041016e+00 0.000000000000000000e+00
-4.013497829437255859e-01 -1.718182182312011719e+01 0.000000000000000000e+00
5.203890323638916016e+00 -1.621693229675292969e+01 0.000000000000000000e+00
-1.555352115631103516e+01 7.651330471038818359e+00 0.000000000000000000e+00
8.868429809808731079e-02 -1.507242488861083984e+01 0.000000000000000000e+00
-1.465071773529052734e+01 3.132483482360839844e+00 0.000000000000000000e+00
8.827603340148925781e+00 1.280909061431884766e+01 0.000000000000000000e+00
-9.283280372619628906e+00 -1.064648914337158203e+01 0.000000000000000000e+00
6.755395531654357910e-01 -1.074833297729492188e+01 0.000000000000000000e+00
-5.083549976348876953e+00 3.574731111526489258e+00 0.000000000000000000e+00
8.514947891235351562e+00 5.851826667785644531e+00 0.000000000000000000e+00
4.435055255889892578e+00 -6.943443775177001953e+00 0.000000000000000000e+00
-4.167697429656982422e+00 -1.069637966156005859e+01 0.000000000000000000e+00
-5.824475884437561035e-01 1.150344562530517578e+01 0.000000000000000000e+00
4.175877094268798828e+00 -1.436262989044189453e+01 0.000000000000000000e+00
1.097872924804687500e+01 1.134295749664306641e+01 0.000000000000000000e+00
1.514029598236083984e+01 7.521454811096191406e+00 0.000000000000000000e+00
1.640118980407714844e+01 -3.328667581081390381e-01 0.000000000000000000e+00
9.246661186218261719e+00 1.484210872650146484e+01 0.000000000000000000e+00
-7.549651145935058594e+00 -1.761377930641174316e+00 0.000000000000000000e+00
-5.174684047698974609e+00 5.201381683349609375e+00 0.000000000000000000e+00
2.162544965744018555e+00 6.509879589080810547e+00 0.000000000000000000e+00
1.578304195404052734e+01 1.453233361244201660e+00 0.000000000000000000e+00
2.154492616653442383e+00 -8.239981651306152344e+00 0.000000000000000000e+00
-8.618525505065917969e+00 2.864728212356567383e+00 0.000000000000000000e+00
-6.374322175979614258e-01 -7.899745941162109375e+00 0.000000000000000000e+00
8.064516067504882812e+00 -1.378268432617187500e+01 0.000000000000000000e+00
8.307195663452148438e+00 -9.165044426918029785e-01 0.000000000000000000e+00
-1.307699298858642578e+01 -8.899623870849609375e+00 0.000000000000000000e+00
5.102097988128662109e+00 7.448437690734863281e+00 0.000000000000000000e+00
6.355301856994628906e+00 6.358819961547851562e+00 0.000000000000000000e+00
-2.553153514862060547e+00 1.161960697174072266e+01 0.000000000000000000e+00
7.034087657928466797e+00 8.353627204895019531e+00 0.000000000000000000e+00
9.006234169006347656e+00 -2.600698947906494141e+00 0.000000000000000000e+00
2.117304086685180664e+00 -2.767940998077392578e+00 0.000000000000000000e+00
-5.642278194427490234e+00 1.620842552185058594e+01 0.000000000000000000e+00
1.572126507759094238e+00 -1.561269950866699219e+01 0.000000000000000000e+00
-3.415657758712768555e+00 1.395816230773925781e+01 0.000000000000000000e+00
-7.596625328063964844e+00 -1.161020183563232422e+01 0.000000000000000000e+00
9.502797126770019531e+00 1.072808837890625000e+01 0.000000000000000000e+00
-3.295164346694946289e+00 -3.355263948440551758e+00 0.000000000000000000e+00
-1.047926807403564453e+01 3.691347360610961914e+00 0.000000000000000000e+00
-3.870177507400512695e+00 -1.232108974456787109e+01 0.000000000000000000e+00
1.038495159149169922e+01 -3.826201200485229492e+00 0.000000000000000000e+00
-8.634541511535644531e+00 -9.063263893127441406e+00 0.000000000000000000e+00
9.491711616516113281e+00 7.594234466552734375e+00 0.000000000000000000e+00
-1.656036758422851562e+01 -1.604660630226135254e+00 0.000000000000000000e+00
1.356903076171875000e+01 -4.119805812835693359e+00 0.000000000000000000e+00
-1.415682029724121094e+01 -1.295377373695373535e+00 0.000000000000000000e+00
1.706392168998718262e+00 -1.361605644226074219e+01 0.000000000000000000e+00
-1.244759845733642578e+01 -1.067333316802978516e+01 0.000000000000000000e+00
9.258637428283691406e+00 -1.286896038055419922e+01 0.000000000000000000e+00
-7.826409816741943359e+00 5.018749713897705078e+00 0.000000000000000000e+00
-1.114239025115966797e+01 5.151288032531738281e+00 0.000000000000000000e+00
-6.273954510688781738e-01 -3.654053211212158203e+00 0.000000000000000000e+00
-7.722441673278808594e+00 9.740330696105957031e+00 0.000000000000000000e+00
-1.151216697692871094e+01 -8.780365943908691406e+00 0.000000000000000000e+00
-4.156002998352050781e+00 8.682703018188476562e+00 0.000000000000000000e+00
9.310229301452636719e+00 -1.480365657806396484e+01 0.000000000000000000e+00
1.353532886505126953e+01 1.637347698211669922e+00 0.000000000000000000e+00
-6.146553516387939453e+00 -8.587897300720214844e+00 0.000000000000000000e+00
1.355403041839599609e+01 7.387427806854248047e+00 0.000000000000000000e+00
-9.695135951042175293e-01 -1.026056003570556641e+01 0.000000000000000000e+00
-3.179126501083374023e+00 6.806220054626464844e+00 0.000000000000000000e+00
-1.097820377349853516e+01 9.557836532592773438e+00 0.000000000000000000e+00
3.202968835830688477e+00 -1.658750915527343750e+01 0.000000000000000000e+00
-4.356888771057128906e+00 -1.473692512512207031e+01 0.000000000000000000e+00
8.346445083618164062e+00 -4.401839256286621094e+00 0.000000000000000000e+00
-9.968494415283203125e+00 1.217664241790771484e+01 0.000000000000000000e+00
-9.057156562805175781e+00 -3.222808361053466797e+00 0.000000000000000000e+00
-7.458972454071044922e+00 8.822717517614364624e-02 0.000000000000000000e+00
-1.147564411163330078e+01 1.169655227661132812e+01 0.000000000000000000e+00
-6.357827186584472656e+00 -5.073740959167480469e+00 0.000000000000000000e+00
1.570368671417236328e+01 -7.607354164123535156e+00 0.000000000000000000e+00
4.302029609680175781e+00 -8.656424522399902344e+00 0.000000000000000000e+00
3.484710931777954102e+00 1.695272445678710938e+01 0.000000000000000000e+00
1.104918193817138672e+01 -9.921106338500976562e+00 0.000000000000000000e+00
-1.304056406021118164e+00 2.871131896972656250e+00 0.000000000000000000e+00
5.965138912200927734e+00 1.981741070747375488e+00 0.000000000000000000e+00
1.666179656982421875e+01 -2.271989583969116211e+00 0.000000000000000000e+00
-3.657468795776367188e+00 1.982893228530883789e+00 0.000000000000000000e+00
6.721052169799804688e+00 4.791556358337402344e+00 0.000000000000000000e+00
-6.261309146881103516e+00 -1.594080162048339844e+01 0.000000000000000000e+00
-6.925066709518432617e-01 -1.346787452697753906e+01 0.000000000000000000e+00
-2.148986101150512695e+00 -1.613129425048828125e+01 0.000000000000000000e+00
1.931438803672790527e+00 1.183640241622924805e+00 0.000000000000000000e+00
-6.606148719787597656e+00 -3.266443252563476562e+00 0.000000000000000000e+00
-5.159169435501098633e-01 -1.190649127960205078e+01 0.000000000000000000e+00
7.593996524810791016e+00 -1.121167564392089844e+01 0.000000000000000000e+00
1.294956493377685547e+01 -7.861479282379150391e+00 0.000000000000000000e+00
-1.244621753692626953e+01 3.778288125991821289e+00 0.000000000000000000e+00
4.899014949798583984e+00 1.179582214355468750e+01 0.000000000000000000e+00
-1.417619943618774414e+00 1.522361946105957031e+01 0.000000000000000000e+00
6.437406063079833984e+00 1.352997684478759766e+01 0.000000000000000000e+00
-6.834054470062255859e+00 1.242271709442138672e+01 0.000000000000000000e+00
-7.054233074188232422e+00 6.541479110717773438e+00 0.000000000000000000e+00
1.166296195983886719e+01 9.259116172790527344e+00 0.000000000000000000e+00
-1.175727128982543945e+00 -1.034632921218872070e+00 0.000000000000000000e+00
-1.382197952270507812e+01 7.831378459930419922e+00 0.000000000000000000e+00
1.253975009918212891e+01 1.159496784210205078e+01 0.000000000000000000e+00
-3.810795545578002930e+00 1.644399833679199219e+01 0.000000000000000000e+00
-1.521463775634765625e+01 -2.470818758010864258e+00 0.000000000000000000e+00
1.323810005187988281e+01 9.452274322509765625e+00 0.000000000000000000e+00
1.060659885406494141e+01 6.071545124053955078e+00 0.000000000000000000e+00
1.133573532104492188e+00 -1.724760437011718750e+01 0.000000000000000000e+00
-1.589625835418701172e+01 9.992634057998657227e-01 0.000000000000000000e+00
6.570337772369384766e+00 -4.279988765716552734e+00 0.000000000000000000e+00
7.876716852188110352e-01 3.670561075210571289e+00 0.000000000000000000e+00
-1.332336235046386719e+01 -6.886677742004394531e+00 0.000000000000000000e+00
-1.740435028076171875e+01 1.375024080276489258e+00 0.000000000000000000e+00
1.026693916320800781e+01 -1.138508605957031250e+01 0.000000000000000000e+00
-1.673918914794921875e+01 -4.795370578765869141e+00 0.000000000000000000e+00
7.149458408355712891e+00 1.203927326202392578e+01 0.000000000000000000e+00
-2.181355476379394531e+00 -2.316002845764160156e+00 0.000000000000000000e+00
-1.329247379302978516e+01 5.384498119354248047e+00 0.000000000000000000e+00
9.642828106880187988e-01 1.243649291992187500e+01 0.000000000000000000e+00
6.701900959014892578e+00 -1.587534523010253906e+01 0.000000000000000000e+00
-3.052621126174926758e+00 -6.917009353637695312e+00 0.000000000000000000e+00
6.649489402770996094e+00 -7.320209026336669922e+00 0.000000000000000000e+00
-2.620626926422119141e+00 -1.136013984680175781e+01 0.000000000000000000e+00
-6.451028823852539062e+00 -1.039339542388916016e+01 0.000000000000000000e+00
3.136506319046020508e+00 -6.037609577178955078e+00 0.000000000000000000e+00
1.007953643798828125e+00 -4.211094081401824951e-01 0.000000000000000000e+00
-8.388516426086425781e+00 -6.394815921783447266e+00 0.000000000000000000e+00
2.746332406997680664e+00 1.405013942718505859e+01 0.000000000000000000e+00
1.099549198150634766e+01 1.302771472930908203e+01 0.000000000000000000e+00
1.298747158050537109e+01 4.398303031921386719e+00 0.000000000000000000e+00
7.948700428009033203e+00 9.784128189086914062e+00 0.000000000000000000e+00
1.316349411010742188e+01 -1.033029651641845703e+01 0.000000000000000000e+00
9.489703774452209473e-01 5.621858119964599609e+00 0.000000000000000000e+00
-3.316727638244628906e+00 3.540881156921386719e+00 0.000000000000000000e+00
-1.099253559112548828e+01 -8.978077769279479980e-01 0.000000000000000000e+00
-9.786047339439392090e-01 9.838153839111328125e+00 0.000000000000000000e+00
4.812477588653564453e+00 -1.397629976272583008e-01 0.000000000000000000e+00
-1.052894020080566406e+01 6.755532741546630859e+00 0.000000000000000000e+00
3.786833286285400391e+00 -1.971044421195983887e+00 0.000000000000000000e+00
9.774193763732910156e+00 3.547520339488983154e-01 0.000000000000000000e+00
-2.406731843948364258e+00 8.567736625671386719e+00 0.000000000000000000e+00
1.284977048635482788e-02 -5.686972618103027344e+00 0.000000000000000000e+00
-1.034162712097167969e+01 -5.112284183502197266e+00 0.000000000000000000e+00
1.491359329223632812e+01 -5.448956012725830078e+00 0.000000000000000000e+00
7.640125751495361328e+00 1.511709880828857422e+01 0.000000000000000000e+00
-9.440425872802734375e+00 1.340456604957580566e+00 0.000000000000000000e+00
3.460601568222045898e-01 1.997006416320800781e+00 0.000000000000000000e+00
7.071636915206909180e-01 7.398468017578125000e+00 0.000000000000000000e+00
7.441827297210693359e+00 -2.585120201110839844e+00 0.000000000000000000e+00
3.906198978424072266e+00 4.684422016143798828e+00 0.000000000000000000e+00
-1.093624305725097656e+01 -1.364679050445556641e+01 0.000000000000000000e+00
1.136794948577880859e+01 4.725841045379638672e+00 0.000000000000000000e+00
-1.136453437805175781e+01 1.320702552795410156e+01 0.000000000000000000e+00
5.312788486480712891e-01 -9.106120109558105469e+00 0.000000000000000000e+00
-1.474339103698730469e+01 -8.992437362670898438e+00 0.000000000000000000e+00
1.386751270294189453e+01 9.454274177551269531e-02 0.000000000000000000e+00
-1.394857597351074219e+01 9.592864990234375000e+00 0.000000000000000000e+00
-9.710249900817871094e+00 -7.985686779022216797e+00 0.000000000000000000e+00
1.586800193786621094e+01 3.145579338073730469e+00 0.000000000000000000e+00
1.190315818786621094e+01 7.093090534210205078e+00 0.000000000000000000e+00
9.680491447448730469e+00 -5.309226036071777344e+00 0.000000000000000000e+00
2.604326963424682617e+00 8.145284652709960938e+00 0.000000000000000000e+00
-1.340164947509765625e+01 -3.886568546295166016e+00 0.000000000000000000e+00
1.208840966224670410e+00 -4.634333610534667969e+00 0.000000000000000000e+00
-7.613537311553955078e+00 -7.828045845031738281e+00 0.000000000000000000e+00
3.239148378372192383e+00 -1.305495166778564453e+01 0.000000000000000000e+00
-4.551659107208251953e+00 1.497389125823974609e+01 0.000000000000000000e+00
-9.442595481872558594e+00 1.058961009979248047e+01 0.000000000000000000e+00
-2.660573720932006836e+00 -9.038804054260253906e+00 0.000000000000000000e+00
1.105550384521484375e+01 -1.345084857940673828e+01 0.000000000000000000e+00
