8.577716827392578125e+00 -5.443377971649169922e+00 0.000000000000000000e+00
7.655157566070556641e+00 7.179481506347656250e+00 0.000000000000000000e+00
1.118262386322021484e+01 -3.915764570236206055e+00 0.000000000000000000e+00
-7.860849380493164062e+00 1.239112091064453125e+01 0.000000000000000000e+00
-7.689263820648193359e+00 -1.159863281250000000e+01 0.000000000000000000e+00
-4.381101727485656738e-01 -1.578106021881103516e+01 0.000000000000000000e+00
-1.397277641296386719e+01 3.460662603378295898e+00 0.000000000000000000e+00
1.612105131149291992e+00 -1.827374339103698730e+00 0.000000000000000000e+00
7.840697288513183594e+00 2.781059980392456055e+00 0.000000000000000000e+00
5.042751789093017578e+00 3.301535367965698242e+00 0.000000000000000000e+00
3.665385723114013672e+00 5.770902156829833984e+00 0.000000000000000000e+00
1.205563068389892578e+01 2.290855646133422852e+00 0.000000000000000000e+00
-1.034530544281005859e+01 1.169394850730895996e+00 0.000000000000000000e+00
-5.892560958862304688e+00 1.232672500610351562e+01 0.000000000000000000e+00
-7.765289783477783203e+00 1.426990127563476562e+01 0.000000000000000000e+00
-3.264538049697875977e+00 -1.477918434143066406e+01 0.000000000000000000e+00
3.858168363571166992e+00 -1.333209419250488281e+01 0.000000000000000000e+00
-5.296931862831115723e-01 1.669473648071289062e+01 0.000000000000000000e+00
4.402754783630371094e+00 -7.686758041381835938e-01 0.000000000000000000e+00
-4.807842731475830078e+00 -1.280330753326416016e+01 0.000000000000000000e+00
5.578426837921142578e+00 -6.358523368835449219e+00 0.000000000000000000e+00
2.077907562255859375e+00 1.047707080841064453e+01 0.000000000000000000e+00
5.463053226470947266e+00 -1.340724182128906250e+01 0.000000000000000000e+00
2.232122898101806641e+00 -1.568604660034179688e+01 0.000000000000000000e+00
-7.850540161132812500e+00 -1.681374192237854004e+00 0.000000000000000000e+00
-1.357852077484130859e+01 -1.095083594322204590e+00 0.000000000000000000e+00
1.580837726593017578e+01 1.051115632057189941e+00 0.000000000000000000e+00
-5.271085739135742188e+00 9.657266616821289062e+00 0.000000000000000000e+00
5.559129238128662109e+00 9.935731887817382812e+00 0.000000000000000000e+00
5.891782283782958984e+00 1.645962715148925781e+01 0.000000000000000000e+00
-9.075674057006835938e+00 -9.268400192260742188e+00 0.000000000000000000e+00
1.695552587509155273e+00 1.917164087295532227e+00 0.000000000000000000e+00
-1.123548889160156250e+01 1.175804519653320312e+01 0.000000000000000000e+00
1.568260073661804199e+00 1.278805160522460938e+01 0.000000000000000000e+00
1.308148097991943359e+01 -4.663932323455810547e+00 0.000000000000000000e+00
3.850798606872558594e+00 1.520718932151794434e+00 0.000000000000000000e+00
6.539162993431091309e-01 -1.236545085906982422e+01 0.000000000000000000e+00
8.587141036987304688e+00 -1.501593399047851562e+01 0.000000000000000000e+00
-6.172267436981201172e+00 5.398940563201904297e+00 0.000000000000000000e+00
1.469199752807617188e+01 -7.093750953674316406e+00 0.000000000000000000e+00
3.923618793487548828e-01 1.142187786102294922e+01 0.000000000000000000e+00
1.354856610298156738e+00 -1.397197532653808594e+01 0.000000000000000000e+00
-8.934062004089355469e+00 1.021812152862548828e+01 0.000000000000000000e+00
-4.514365673065185547e+00 5.516148567199707031e+00 0.000000000000000000e+00
-1.688305139541625977e+00 -1.405443668365478516e+01 0.000000000000000000e+00
1.075446724891662598e+00 7.228600025177001953e+00 0.000000000000000000e+00
-3.660272121429443359e+00 -1.668965530395507812e+01 0.000000000000000000e+00
3.206326246261596680e+00 -7.632361412048339844e+00 0.000000000000000000e+00
5.122498512268066406e+00 6.400137424468994141e+00 0.000000000000000000e+00
-1.466344833374023438e+01 -2.326508522033691406e+00 0.000000000000000000e+00
6.581187248229980469e+00 1.375087547302246094e+01 0.000000000000000000e+00
-2.974051713943481445e+00 5.204108238220214844e+00 0.000000000000000000e+00
-6.305654048919677734e+00 2.337019681930541992e+00 0.000000000000000000e+00
1.079021930694580078e+01 -1.291447257995605469e+01 0.000000000000000000e+00
1.214172720909118652e+00 -6.633796691894531250e+00 0.000000000000000000e+00
-8.250248908996582031e+00 -6.579738140106201172e+00 0.000000000000000000e+00
-1.053799057006835938e+01 -1.085906219482421875e+01 0.000000000000000000e+00
3.282311916351318359e+00 1.429913520812988281e+01 0.000000000000000000e+00
1.164026069641113281e+01 -1.958757042884826660e+00 0.000000000000000000e+00
1.371035671234130859e+01 -9.585721969604492188e+00 0.000000000000000000e+00
-9.199682235717773438e+00 1.170404148101806641e+01 0.000000000000000000e+00
1.049880695343017578e+01 8.079765319824218750e+00 0.000000000000000000e+00
-5.961168408393859863e-01 3.513926506042480469e+00 0.000000000000000000e+00
-6.619458675384521484e+00 -4.003583431243896484e+00 0.000000000000000000e+00
-1.291106033325195312e+01 1.148505210876464844e+01 0.000000000000000000e+00
-1.019184207916259766e+01 -5.399262428283691406e+00 0.000000000000000000e+00
8.740015029907226562e+00 -8.677384376525878906e+00 0.000000000000000000e+00
-5.916554450988769531e+00 8.011403083801269531e+00 0.000000000000000000e+00
9.573326110839843750e+00 -2.235466480255126953e+00 0.000000000000000000e+00
-1.197163581848144531e+01 -1.260012912750244141e+01 0.000000000000000000e+00
-3.616830825805664062e+00 1.461160564422607422e+01 0.000000000000000000e+00
3.116059780120849609e+00 -1.112701797485351562e+01 0.000000000000000000e+00
-1.456394481658935547e+01 7.300562381744384766e+00 0.000000000000000000e+00
1.544624233245849609e+01 -3.896773338317871094e+00 0.000000000000000000e+00
-3.969088315963745117e+00 1.272504806518554688e+01 0.000000000000000000e+00
2.408209800720214844e+00 -4.521029949188232422e+00 0.000000000000000000e+00
-7.303801059722900391e+00 -8.987774141132831573e-03 0.000000000000000000e+00
-9.042034745216369629e-01 6.687613964080810547e+00 0.000000000000000000e+00
-1.261751461029052734e+01 -1.065554046630859375e+01 0.000000000000000000e+00
-4.356174468994140625e+00 -2.927901148796081543e-01 0.000000000000000000e+00
8.366993904113769531e+00 1.202798748016357422e+01 0.000000000000000000e+00
-8.537049591541290283e-02 2.107351869344711304e-01 0.000000000000000000e+00
-5.089047908782958984e+00 -9.283781051635742188e+00 0.000000000000000000e+00
-1.728213787078857422e+00 -2.865244150161743164e+00 0.000000000000000000e+00
5.465631484985351562e+00 -1.618640327453613281e+01 0.000000000000000000e+00
-1.560782527923583984e+01 4.228702545166015625e+00 0.000000000000000000e+00
5.348286628723144531e+00 -8.116038322448730469e+00 0.000000000000000000e+00
7.694011211395263672e+00 1.517146778106689453e+01 0.000000000000000000e+00
1.043880462646484375e+01 1.009369087219238281e+01 0.000000000000000000e+00
1.669281768798828125e+01 -1.802135109901428223e+00 0.000000000000000000e+00
1.129345512390136719e+01 1.169022274017333984e+01 0.000000000000000000e+00
1.225617313385009766e+01 -1.165165901184082031e+01 0.000000000000000000e+00
-1.724403572082519531e+01 -4.154565334320068359e-01 0.000000000000000000e+00
-2.919096946716308594e+00 9.514695167541503906e+00 0.000000000000000000e+00
-3.570369958877563477e+00 -4.909749031066894531e+00 0.000000000000000000e+00
6.904562950134277344e+00 -3.732872009277343750e+00 0.000000000000000000e+00
-2.549525976181030273e+00 -1.308621406555175781e+00 0.000000000000000000e+00
-1.304223346710205078e+01 -3.375491142272949219e+00 0.000000000000000000e+00
8.885616302490234375e+00 -7.135545253753662109e+00 0.000000000000000000e+00
-6.316440105438232422e+00 -1.249001598358154297e+01 0.000000000000000000e+00
-2.802532196044921875e+00 -1.173338222503662109e+01 0.000000000000000000e+00
1.160849571228027344e+01 5.427406311035156250e+00 0.000000000000000000e+00
-1.246755504608154297e+01 -6.037877082824707031e+00 0.000000000000000000e+00
-3.220084428787231445e+00 2.082619667053222656e+00 0.000000000000000000e+00
3.444290876388549805e+00 3.421723604202270508e+00 0.000000000000000000e+00
-5.772429943084716797e+00 -1.550565814971923828e+01 0.000000000000000000e+00
-1.460613441467285156e+01 -6.125831604003906250e+00 0.000000000000000000e+00
3.407086849212646484e+00 1.120120334625244141e+01 0.000000000000000000e+00
-3.076232433319091797e+00 -8.361997604370117188e+00 0.000000000000000000e+00
-5.885921955108642578e+00 -1.168656945228576660e+00 0.000000000000000000e+00
-7.650869846343994141e+00 8.155436515808105469e+00 0.000000000000000000e+00
1.235249805450439453e+01 7.883320808410644531e+00 0.000000000000000000e+00
4.941045284271240234e+00 -2.364192485809326172e+00 0.000000000000000000e+00
-5.933938503265380859e+00 1.521211910247802734e+01 0.000000000000000000e+00
-1.605803680419921875e+01 6.193213939666748047e+00 0.000000000000000000e+00
1.364191055297851562e+01 9.745692253112792969e+00 0.000000000000000000e+00
-1.644384562969207764e-01 1.516106414794921875e+01 0.000000000000000000e+00
-6.495856642723083496e-01 1.014851474761962891e+01 0.000000000000000000e+00
-5.676356792449951172e+00 -5.575534820556640625e+00 0.000000000000000000e+00
7.427479267120361328e+00 -9.699352264404296875e+00 0.000000000000000000e+00
5.347318172454833984e+00 1.813881278038024902e+00 0.000000000000000000e+00
-5.016805171966552734e+00 1.659745216369628906e+01 0.000000000000000000e+00
6.699386119842529297e+00 -7.356889247894287109e+00 0.000000000000000000e+00
-1.212024688720703125e+01 9.531411170959472656e+00 0.000000000000000000e+00
-8.722002029418945312e+00 1.585924983024597168e+00 0.000000000000000000e+00
-6.286563396453857422e+00 -7.103108406066894531e+00 0.000000000000000000e+00
-1.364828586578369141e+01 5.869282722473144531e+00 0.000000000000000000e+00
2.012619256973266602e+00 -8.817709922790527344e+00 0.000000000000000000e+00
-4.479724407196044922e+00 -3.195396423339843750e+00 0.000000000000000000e+00
3.592472076416015625e+00 9.407559394836425781e+00 0.000000000000000000e+00
-1.030733299255371094e+01 6.773418426513671875e+00 0.000000000000000000e+00
-1.131070899963378906e+01 -9.064845085144042969e+00 0.000000000000000000e+00
-1.505809211730957031e+01 -4.373084068298339844e+00 0.000000000000000000e+00
-1.347677803039550781e+01 -7.436046600341796875e+00 0.000000000000000000e+00
1.442760086059570312e+01 5.468633651733398438e+00 0.000000000000000000e+00
8.942770004272460938e+00 3.877724170684814453e+00 0.000000000000000000e+00
-1.018583869934082031e+01 -3.262616157531738281e+00 0.000000000000000000e+00
-9.927956581115722656e+00 -1.567805528640747070e+00 0.000000000000000000e+00
1.736547279357910156e+01 1.408943176269531250e+00 0.000000000000000000e+00
1.314536094665527344e+01 1.149903106689453125e+01 0.000000000000000000e+00
-1.392705249786376953e+01 -9.923756599426269531e+00 0.000000000000000000e+00
5.308870792388916016e+00 8.018682479858398438e+00 0.000000000000000000e+00
2.253459453582763672e+00 4.483983993530273438e+00 0.000000000000000000e+00
-1.373696804046630859e+00 -4.751740932464599609e+00 0.000000000000000000e+00
1.431783771514892578e+01 3.077189683914184570e+00 0.000000000000000000e+00
-1.416322326660156250e+01 9.335321784019470215e-01 0.000000000000000000e+00
-3.572304487228393555e+00 -1.036489200592041016e+01 0.000000000000000000e+00
-9.632837295532226562e+00 -1.456614875793457031e+01 0.000000000000000000e+00
9.988173484802246094e+00 8.698416352272033691e-01 0.000000000000000000e+00
-6.928615570068359375e+00 -8.690447807312011719e+00 0.000000000000000000e+00
7.951396465301513672e+00 -2.609858751296997070e+00 0.000000000000000000e+00
-1.175725173950195312e+01 -1.047004386782646179e-01 0.000000000000000000e+00
-8.496243476867675781e+00 -1.312032699584960938e+01 0.000000000000000000e+00
6.158382892608642578e+00 6.668539717793464661e-03 0.000000000000000000e+00
-7.375807762145996094e-01 2.006222963333129883e+00 0.000000000000000000e+00
6.851848363876342773e-01 -1.718179702758789062e+01 0.000000000000000000e+00
7.568028926849365234e+00 4.534414291381835938e+00 0.000000000000000000e+00
7.765582203865051270e-01 8.860399246215820312e+00 0.000000000000000000e+00
-1.528180122375488281e+00 -7.129155158996582031e+00 0.000000000000000000e+00
-2.153711318969726562e+00 1.677576446533203125e+01 0.000000000000000000e+00
-3.587835550308227539e+00 1.117690181732177734e+01 0.000000000000000000e+00
1.069866943359375000e+01 -7.437899589538574219e+00 0.000000000000000000e+00
-7.963895201683044434e-01 5.130049705505371094e+00 0.000000000000000000e+00
-4.609694957733154297e+00 -6.827545166015625000e+00 0.000000000000000000e+00
1.359593296051025391e+01 -2.935912311077117920e-01 0.000000000000000000e+00
1.158363437652587891e+01 3.842374086380004883e+00 0.000000000000000000e+00
-1.090784931182861328e+01 8.567855834960937500e+00 0.000000000000000000e+00
1.200404071807861328e+01 1.017744731903076172e+01 0.000000000000000000e+00
-8.388112783432006836e-01 -8.807577133178710938e+00 0.000000000000000000e+00
-2.039417743682861328e+00 1.290541839599609375e+01 0.000000000000000000e+00
1.593338394165039062e+01 -6.197616577148437500e+00 0.000000000000000000e+00
-7.724007129669189453e+00 3.546971321105957031e+00 0.000000000000000000e+00
9.764762878417968750e+00 6.662363529205322266e+00 0.000000000000000000e+00
3.248050928115844727e+00 -1.899935841560363770e+00 0.000000000000000000e+00
1.514981555938720703e+01 -2.016154050827026367e+00 0.000000000000000000e+00
4.776119709014892578e+00 1.195816326141357422e+01 0.000000000000000000e+00
4.006028652191162109e+00 -9.106815338134765625e+00 0.000000000000000000e+00
-1.512426757812500000e+01 -8.035099029541015625e+00 0.000000000000000000e+00
3.744610786437988281e+00 1.622065162658691406e+01 0.000000000000000000e+00
8.852588653564453125e+00 -1.321352863311767578e+01 0.000000000000000000e+00
-1.217678546905517578e+01 2.720473289489746094e+00 0.000000000000000000e+00
-1.511022567749023438e+01 2.238212347030639648e+00 0.000000000000000000e+00
-1.144672584533691406e+01 5.014783859252929688e+00 0.000000000000000000e+00
9.937047004699707031e+00 -1.090139007568359375e+01 0.000000000000000000e+00
1.085851097106933594e+01 -9.545796394348144531e+00 0.000000000000000000e+00
1.051323637366294861e-01 -1.284716725349426270e+00 0.000000000000000000e+00
3.963631868362426758e+00 -1.527967166900634766e+01 0.000000000000000000e+00
-9.446302413940429688e+00 3.541665315628051758e+00 0.000000000000000000e+00
-5.871253013610839844e-01 1.328635883331298828e+01 0.000000000000000000e+00
-1.137030410766601562e+01 -2.338928937911987305e+00 0.000000000000000000e+00
-1.709305000305175781e+01 2.685520172119140625e+00 0.000000000000000000e+00
1.607504844665527344e+01 5.122476577758789062e+00 0.000000000000000000e+00
-1.547819042205810547e+01 -4.756706357002258301e-01 0.000000000000000000e+00
-6.310973167419433594e+00 -1.022424697875976562e+01 0.000000000000000000e+00
1.190606117248535156e+01 -1.234401836991310120e-01 0.000000000000000000e+00
-2.079058170318603516e+00 1.473685169219970703e+01 0.000000000000000000e+00
-1.428396129608154297e+01 9.620079994201660156e+00 0.000000000000000000e+00
-2.303916931152343750e+00 3.659466981887817383e+00 0.000000000000000000e+00
1.657691383361816406e+01 3.539676427841186523e+00 0.000000000000000000e+00
-1.045522022247314453e+01 1.008340835571289062e+01 0.000000000000000000e+00
-2.567116975784301758e+00 7.016382694244384766e+00 0.000000000000000000e+00
1.228273582458496094e+01 -7.039877414703369141e+00 0.000000000000000000e+00
5.202575206756591797e+00 -1.027690505981445312e+01 0.000000000000000000e+00
6.163044452667236328e+00 -1.191150951385498047e+01 0.000000000000000000e+00
1.454253911972045898e+00 -1.108274555206298828e+01 0.000000000000000000e+00
-5.243005275726318359e+00 1.058350801467895508e+00 0.000000000000000000e+00
2.702376842498779297e+00 3.627896606922149658e-01 0.000000000000000000e+00
-4.074540138244628906e+00 3.751615524291992188e+00 0.000000000000000000e+00
-1.122958540916442871e+00 -1.204964542388916016e+01 0.000000000000000000e+00
8.311401367187500000e+00 9.543807029724121094e+00 0.000000000000000000e+00
1.272552847862243652e+00 1.718797874450683594e+01 0.000000000000000000e+00
7.435129642486572266e+00 -1.075333952903747559e+00 0.000000000000000000e+00
6.765515804290771484e-01 -3.781203269958496094e+00 0.000000000000000000e+00
-2.016726016998291016e+00 3.915610909461975098e-01 0.000000000000000000e+00
-9.351306915283203125e+00 1.383647918701171875e+01 0.000000000000000000e+00
-9.154726028442382812e+00 7.968952655792236328e+00 0.000000000000000000e+00
-9.656739234924316406e+00 -7.542490005493164062e+00 0.000000000000000000e+00
-1.854744702577590942e-01 -1.384309864044189453e+01 0.000000000000000000e+00
-1.837680578231811523e+00 1.114440727233886719e+01 0.000000000000000000e+00
2.564420938491821289e+00 7.463801383972167969e+00 0.000000000000000000e+00
-1.216736984252929688e+01 6.724624633789062500e+00 0.000000000000000000e+00
5.069436073303222656e+00 -4.001737117767333984e+00 0.000000000000000000e+00
-4.566656112670898438e+00 7.224880218505859375e+00 0.000000000000000000e+00
-7.915169239044189453e+00 -5.013895034790039062e+00 0.000000000000000000e+00
1.554242229461669922e+01 7.681660175323486328e+00 0.000000000000000000e+00
1.025334548950195312e+01 -5.967072486877441406e+00 0.000000000000000000e+00
-1.039388465881347656e+01 -1.323218345642089844e+01 0.000000000000000000e+00
4.577628374099731445e-01 -5.316459178924560547e+00 0.000000000000000000e+00
-7.114756584167480469e+00 -1.420555114746093750e+01 0.000000000000000000e+00
-7.851101875305175781e+00 6.628321647644042969e+00 0.000000000000000000e+00
-1.186427116394042969e+01 -4.455492973327636719e+00 0.000000000000000000e+00
1.377283096313476562e+01 -3.051936149597167969e+00 0.000000000000000000e+00
7.146252632141113281e+00 1.178073167800903320e+00 0.000000000000000000e+00
6.648937225341796875e+00 1.167157459259033203e+01 0.000000000000000000e+00
-1.653236389160156250e+01 -3.145981073379516602e+00 0.000000000000000000e+00
-7.314577579498291016e+00 -1.579088115692138672e+01 0.000000000000000000e+00
3.231253623962402344e+00 -1.712725830078125000e+01 0.000000000000000000e+00
9.054634094238281250e+00 -3.816221356391906738e-01 0.000000000000000000e+00
-6.657274365425109863e-01 8.186680793762207031e+00 0.000000000000000000e+00
1.002654075622558594e+01 1.296019744873046875e+01 0.000000000000000000e+00
5.646032810211181641e+00 4.915761470794677734e+00 0.000000000000000000e+00
-1.853504776954650879e+00 -9.977594375610351562e+00 0.000000000000000000e+00
-8.980334281921386719e+00 5.353850841522216797e+00 0.000000000000000000e+00
-1.122601985931396484e+01 -7.381463050842285156e+00 0.000000000000000000e+00
-6.900808334350585938e+00 9.959824562072753906e+00 0.000000000000000000e+00
1.407536411285400391e+01 1.473006963729858398e+00 0.000000000000000000e+00
7.052614212036132812e+00 -1.344955730438232422e+01 0.000000000000000000e+00
-2.246058702468872070e+00 -1.605843734741210938e+01 0.000000000000000000e+00
-3.078808307647705078e+00 -6.593147277832031250e+00 0.000000000000000000e+00
-8.466667175292968750e+00 -3.422908306121826172e+00 0.000000000000000000e+00
-6.091643810272216797e+00 3.892441987991333008e+00 0.000000000000000000e+00
1.304015541076660156e+01 4.778553962707519531e+00 0.000000000000000000e+00
7.838152647018432617e-01 5.132973670959472656e+00 0.000000000000000000e+00
1.316634714603424072e-01 -1.028629207611083984e+01 0.000000000000000000e+00
-8.991723060607910156e+00 -3.543165028095245361e-01 0.000000000000000000e+00
1.702365279197692871e+00 1.454751014709472656e+01 0.000000000000000000e+00
