-2.561220360904183480e+00 6.865859471980492179e-01
-1.478618258203439506e+00 1.311464085100094046e+00
-3.960161555026949776e-01 1.936342223002138763e+00
6.865859471980492179e-01 2.561220360904183480e+00
-1.936342223002138763e+00 -3.960161555026949776e-01
-8.537401203013945672e-01 2.288619823993497948e-01
2.288619823993497948e-01 8.537401203013945672e-01
1.311464085100094046e+00 1.478618258203439506e+00
-1.311464085100094046e+00 -1.478618258203439506e+00
-2.288619823993497948e-01 -8.537401203013945672e-01
8.537401203013945672e-01 -2.288619823993497948e-01
1.936342223002138763e+00 3.960161555026949776e-01
-6.865859471980492179e-01 -2.561220360904183480e+00
3.960161555026949776e-01 -1.936342223002138763e+00
1.478618258203439506e+00 -1.311464085100094046e+00
2.561220360904183480e+00 -6.865859471980492179e-01
