-2.651239384826113543e+00 4.668751810550753056e-02
-1.751930417182239630e+00 9.148714736790427571e-01
-8.526214495383661607e-01 1.783055429252577984e+00
4.668751810550753056e-02 2.651239384826113543e+00
-1.783055429252577984e+00 -8.526214495383661607e-01
-8.837464616087045144e-01 1.556250603516912134e-02
1.556250603516912134e-02 8.837464616087045144e-01
9.148714736790427571e-01 1.751930417182239630e+00
-9.148714736790427571e-01 -1.751930417182239630e+00
-1.556250603516912134e-02 -8.837464616087045144e-01
8.837464616087045144e-01 -1.556250603516912134e-02
1.783055429252577984e+00 8.526214495383661607e-01
-4.668751810550753056e-02 -2.651239384826113543e+00
8.526214495383661607e-01 -1.783055429252577984e+00
1.751930417182239630e+00 -9.148714736790427571e-01
2.651239384826113543e+00 -4.668751810550753056e-02
