-2.631891805005202478e+00 3.231029661678441744e-01
-1.646893547947520187e+00 1.092699245780296868e+00
-6.618952908898380061e-01 1.862295525392749562e+00
3.231029661678441744e-01 2.631891805005202478e+00
-1.862295525392749562e+00 -6.618952908898380061e-01
-8.772972683350673817e-01 1.077009887226146878e-01
1.077009887226146878e-01 8.772972683350673817e-01
1.092699245780296868e+00 1.646893547947520187e+00
-1.092699245780296868e+00 -1.646893547947520187e+00
-1.077009887226146878e-01 -8.772972683350673817e-01
8.772972683350673817e-01 -1.077009887226146878e-01
1.862295525392749562e+00 6.618952908898380061e-01
-3.231029661678441744e-01 -2.631891805005202478e+00
6.618952908898380061e-01 -1.862295525392749562e+00
1.646893547947520187e+00 -1.092699245780296868e+00
2.631891805005202478e+00 -3.231029661678441744e-01
