3.003159761428833008e+00 -1.047540187835693359e+01 0.000000000000000000e+00
-1.374608802795410156e+01 8.766281127929687500e+00 0.000000000000000000e+00
-2.505321741104125977e+00 9.137074470520019531e+00 0.000000000000000000e+00
1.175139331817626953e+01 1.113722443580627441e+00 0.000000000000000000e+00
9.138447761535644531e+00 1.068601965904235840e+00 0.000000000000000000e+00
7.101804733276367188e+00 6.165316581726074219e+00 0.000000000000000000e+00
-5.829020977020263672e+00 -1.446856212615966797e+01 0.000000000000000000e+00
1.690561866760253906e+01 6.764375567436218262e-01 0.000000000000000000e+00
1.133026885986328125e+01 1.105637073516845703e+01 0.000000000000000000e+00
-2.299933910369873047e+00 -2.973580360412597656e+00 0.000000000000000000e+00
9.248271584510803223e-01 -1.488897037506103516e+01 0.000000000000000000e+00
-6.929540157318115234e+00 5.963786125183105469e+00 0.000000000000000000e+00
-1.683578252792358398e+00 -1.036925601959228516e+01 0.000000000000000000e+00
2.040149211883544922e+00 -1.387542057037353516e+01 0.000000000000000000e+00
6.798038005828857422e+00 8.113909721374511719e+00 0.000000000000000000e+00
3.063189983367919922e-01 1.588432598114013672e+01 0.000000000000000000e+00
1.551307678222656250e+01 5.538338661193847656e+00 0.000000000000000000e+00
-1.087825870513916016e+01 7.581927299499511719e+00 0.000000000000000000e+00
-1.446387195587158203e+01 -4.413396835327148438e+00 0.000000000000000000e+00
4.655492305755615234e+00 -1.244537830352783203e+01 0.000000000000000000e+00
4.268884658813476562e+00 -7.539225101470947266e+00 0.000000000000000000e+00
8.667031288146972656e+00 -1.278930091857910156e+01 0.000000000000000000e+00
-9.473529815673828125e+00 -4.403745174407958984e+00 0.000000000000000000e+00
-1.479432296752929688e+01 2.631827354431152344e+00 0.000000000000000000e+00
-4.765451431274414062e+00 1.664925956726074219e+01 0.000000000000000000e+00
6.526233196258544922e+00 -1.380082988739013672e+01 0.000000000000000000e+00
5.448375701904296875e+00 -5.651119709014892578e+00 0.000000000000000000e+00
-6.774792194366455078e+00 1.442834472656250000e+01 0.000000000000000000e+00
-7.723739147186279297e-01 -6.045839786529541016e+00 0.000000000000000000e+00
-4.317193031311035156e+00 -9.208546638488769531e+00 0.000000000000000000e+00
-1.241453361511230469e+01 1.165251350402832031e+01 0.000000000000000000e+00
7.317115783691406250e+00 -1.205796909332275391e+01 0.000000000000000000e+00
-8.079610824584960938e+00 6.758867502212524414e-01 0.000000000000000000e+00
-3.474083423614501953e+00 -1.585821819305419922e+01 0.000000000000000000e+00
-4.863812446594238281e+00 -1.079759883880615234e+01 0.000000000000000000e+00
-9.359712600708007812e+00 8.613957405090332031e+00 0.000000000000000000e+00
4.946017742156982422e+00 4.283931732177734375e+00 0.000000000000000000e+00
-8.945268630981445312e+00 -9.340213775634765625e+00 0.000000000000000000e+00
3.510427102446556091e-02 9.882916450500488281e+00 0.000000000000000000e+00
1.434611797332763672e+01 -9.136863708496093750e+00 0.000000000000000000e+00
7.729706764221191406e+00 -6.195211410522460938e+00 0.000000000000000000e+00
-9.228572845458984375e+00 1.185416507720947266e+01 0.000000000000000000e+00
-1.554730415344238281e+01 -1.941962838172912598e+00 0.000000000000000000e+00
6.363987922668457031e+00 1.375067710876464844e+01 0.000000000000000000e+00
-9.328570365905761719e+00 1.444493198394775391e+01 0.000000000000000000e+00
-8.906231880187988281e+00 -2.304004430770874023e+00 0.000000000000000000e+00
-7.169465541839599609e+00 8.019435882568359375e+00 0.000000000000000000e+00
-4.831719398498535156e+00 1.019295501708984375e+01 0.000000000000000000e+00
1.175653839111328125e+01 -6.558983802795410156e+00 0.000000000000000000e+00
-3.378042578697204590e-02 3.772924542427062988e-01 0.000000000000000000e+00
3.277193069458007812e+00 -1.546704673767089844e+01 0.000000000000000000e+00
-6.151911735534667969e+00 2.948287010192871094e+00 0.000000000000000000e+00
1.314201802015304565e-01 5.684934616088867188e+00 0.000000000000000000e+00
1.034823417663574219e+00 1.729083418846130371e+00 0.000000000000000000e+00
1.224045562744140625e+01 7.828870773315429688e+00 0.000000000000000000e+00
-1.227444839477539062e+01 -8.480365753173828125e+00 0.000000000000000000e+00
1.345921611785888672e+01 4.639928340911865234e+00 0.000000000000000000e+00
1.489040660858154297e+01 7.078398466110229492e-01 0.000000000000000000e+00
-1.148893356323242188e+01 1.861192107200622559e+00 0.000000000000000000e+00
-5.336543321609497070e-01 -2.922834157943725586e+00 0.000000000000000000e+00
-4.996763229370117188e+00 4.931351184844970703e+00 0.000000000000000000e+00
8.517071723937988281e+00 1.282327175140380859e+01 0.000000000000000000e+00
-3.283571958541870117e+00 7.632631778717041016e+00 0.000000000000000000e+00
-1.067864775657653809e+00 4.234035015106201172e+00 0.000000000000000000e+00
-6.271394252777099609e+00 -3.673654079437255859e+00 0.000000000000000000e+00
9.397916793823242188e+00 -3.748257160186767578e+00 0.000000000000000000e+00
1.240854358673095703e+01 -4.666920185089111328e+00 0.000000000000000000e+00
1.509405136108398438e+01 -3.652094841003417969e+00 0.000000000000000000e+00
-2.605002403259277344e+00 -6.118388652801513672e+00 0.000000000000000000e+00
-2.272184848785400391e+00 1.425398635864257812e+01 0.000000000000000000e+00
-3.631127357482910156e+00 -1.209867382049560547e+01 0.000000000000000000e+00
1.054951381683349609e+01 2.406580209732055664e+00 0.000000000000000000e+00
8.187685966491699219e+00 9.760055541992187500e+00 0.000000000000000000e+00
7.145310878753662109e+00 1.096496486663818359e+01 0.000000000000000000e+00
3.600989341735839844e+00 1.710563468933105469e+01 0.000000000000000000e+00
-9.637023925781250000e+00 -1.131461715698242188e+01 0.000000000000000000e+00
5.126791954040527344e+00 -3.577639818191528320e+00 0.000000000000000000e+00
4.868337154388427734e+00 -1.005854701995849609e+01 0.000000000000000000e+00
-1.371675682067871094e+01 -9.149341583251953125e+00 0.000000000000000000e+00
8.041337966918945312e+00 1.483937644958496094e+01 0.000000000000000000e+00
1.415728473663330078e+01 -2.476000070571899414e+00 0.000000000000000000e+00
-1.254072570800781250e+01 -4.498821735382080078e+00 0.000000000000000000e+00
-4.195160388946533203e+00 2.889484405517578125e+00 0.000000000000000000e+00
-1.323379421234130859e+01 -5.614562705159187317e-02 0.000000000000000000e+00
-1.174255657196044922e+01 -3.176089048385620117e+00 0.000000000000000000e+00
-2.563259601593017578e+00 3.754528522491455078e+00 0.000000000000000000e+00
-2.787375688552856445e+00 -2.038814574480056763e-01 0.000000000000000000e+00
-9.376156806945800781e+00 6.629232406616210938e+00 0.000000000000000000e+00
1.080006027221679688e+01 -1.103786563873291016e+01 0.000000000000000000e+00
-5.405758023262023926e-01 -9.247578620910644531e+00 0.000000000000000000e+00
2.923795938491821289e+00 6.843105316162109375e+00 0.000000000000000000e+00
7.988387346267700195e-01 -1.084340572357177734e+01 0.000000000000000000e+00
7.308344841003417969e+00 -4.546654701232910156e+00 0.000000000000000000e+00
9.274292945861816406e+00 -6.540329933166503906e+00 0.000000000000000000e+00
1.644672393798828125e+01 -5.633714675903320312e+00 0.000000000000000000e+00
-3.669620513916015625e+00 -5.037040233612060547e+00 0.000000000000000000e+00
7.966555595397949219e+00 4.638260841369628906e+00 0.000000000000000000e+00
-1.702229690551757812e+01 -2.615374326705932617e+00 0.000000000000000000e+00
1.413690948486328125e+01 9.722327232360839844e+00 0.000000000000000000e+00
1.502855968475341797e+01 -6.564097881317138672e+00 0.000000000000000000e+00
6.545708656311035156e+00 1.593979549407958984e+01 0.000000000000000000e+00
8.124117851257324219e+00 -1.460942363739013672e+01 0.000000000000000000e+00
-1.362509822845458984e+01 3.933333873748779297e+00 0.000000000000000000e+00
2.006920725107192993e-01 7.210995674133300781e+00 0.000000000000000000e+00
5.396774768829345703e+00 9.405381202697753906e+00 0.000000000000000000e+00
-1.017663717269897461e+00 -1.189142704010009766e+01 0.000000000000000000e+00
2.943228721618652344e+00 2.672871589660644531e+00 0.000000000000000000e+00
1.406581687927246094e+01 7.942495822906494141e+00 0.000000000000000000e+00
-1.009491252899169922e+01 5.301177978515625000e+00 0.000000000000000000e+00
4.822539329528808594e+00 1.245217323303222656e+00 0.000000000000000000e+00
1.491808533668518066e+00 3.881217002868652344e+00 0.000000000000000000e+00
-7.829449653625488281e+00 2.456602573394775391e+00 0.000000000000000000e+00
1.366314530372619629e+00 -7.435169219970703125e+00 0.000000000000000000e+00
-6.345323085784912109e+00 -9.908870607614517212e-02 0.000000000000000000e+00
1.558479499816894531e+01 2.522286891937255859e+00 0.000000000000000000e+00
-1.195957851409912109e+01 8.960181236267089844e+00 0.000000000000000000e+00
9.070918083190917969e+00 -8.233942031860351562e+00 0.000000000000000000e+00
-2.686953783035278320e+00 1.632119750976562500e+01 0.000000000000000000e+00
-1.127908229827880859e+01 1.269458580017089844e+01 0.000000000000000000e+00
6.419151306152343750e+00 2.693171739578247070e+00 0.000000000000000000e+00
-1.002049541473388672e+01 1.035995292663574219e+01 0.000000000000000000e+00
3.144403696060180664e+00 8.965105056762695312e+00 0.000000000000000000e+00
-8.230795860290527344e+00 -6.338306903839111328e+00 0.000000000000000000e+00
3.936774253845214844e+00 -2.495523214340209961e+00 0.000000000000000000e+00
1.133651161193847656e+01 -8.421068191528320312e+00 0.000000000000000000e+00
4.457869052886962891e+00 -3.868760168552398682e-01 0.000000000000000000e+00
3.402542591094970703e+00 1.154105186462402344e+01 0.000000000000000000e+00
-1.450072288513183594e+01 -6.317914485931396484e+00 0.000000000000000000e+00
4.799940586090087891e+00 -1.461329936981201172e+01 0.000000000000000000e+00
8.372816443443298340e-01 -1.678939223289489746e+00 0.000000000000000000e+00
1.283582973480224609e+01 2.325703859329223633e+00 0.000000000000000000e+00
-4.981461048126220703e+00 5.667518973350524902e-01 0.000000000000000000e+00
-4.856554031372070312e+00 1.344309902191162109e+01 0.000000000000000000e+00
1.347591876983642578e+00 -5.616827487945556641e+00 0.000000000000000000e+00
-2.718843221664428711e+00 1.786372303962707520e+00 0.000000000000000000e+00
2.512097835540771484e+00 1.777155548334121704e-01 0.000000000000000000e+00
-7.827110886573791504e-01 1.138638401031494141e+01 0.000000000000000000e+00
4.970729827880859375e+00 1.643967247009277344e+01 0.000000000000000000e+00
1.295995044708251953e+01 -7.669369697570800781e+00 0.000000000000000000e+00
3.181335210800170898e+00 5.063242912292480469e+00 0.000000000000000000e+00
5.440643310546875000e+00 -1.545572757720947266e+00 0.000000000000000000e+00
7.834144115447998047e+00 -1.033868789672851562e+01 0.000000000000000000e+00
1.138098907470703125e+01 -1.275358772277832031e+01 0.000000000000000000e+00
1.358038306236267090e+00 -4.052393913269042969e+00 0.000000000000000000e+00
-8.007890701293945312e+00 9.663433074951171875e+00 0.000000000000000000e+00
-1.385941600799560547e+01 6.538080692291259766e+00 0.000000000000000000e+00
-1.588587284088134766e+00 -4.781370162963867188e+00 0.000000000000000000e+00
3.270387172698974609e+00 1.526463317871093750e+01 0.000000000000000000e+00
-7.056313037872314453e+00 1.148081588745117188e+01 0.000000000000000000e+00
9.563187599182128906e+00 3.540010929107666016e+00 0.000000000000000000e+00
6.279552459716796875e+00 3.051866292953491211e-01 0.000000000000000000e+00
-1.722725868225097656e+01 4.422141015529632568e-01 0.000000000000000000e+00
-8.589595556259155273e-01 -9.405564069747924805e-01 0.000000000000000000e+00
-1.330928802490234375e+01 -3.061979532241821289e+00 0.000000000000000000e+00
1.116821408271789551e+00 -1.661030769348144531e+01 0.000000000000000000e+00
1.672375488281250000e+01 -3.440012454986572266e+00 0.000000000000000000e+00
9.828679084777832031e+00 7.533282279968261719e+00 0.000000000000000000e+00
-7.746255397796630859e+00 -1.059656906127929688e+01 0.000000000000000000e+00
-4.649362087249755859e+00 -3.375766515731811523e+00 0.000000000000000000e+00
4.053879976272583008e-01 1.248322296142578125e+01 0.000000000000000000e+00
1.332149219512939453e+01 -5.900576114654541016e+00 0.000000000000000000e+00
7.093654274940490723e-01 1.443773078918457031e+01 0.000000000000000000e+00
-5.147159576416015625e+00 -1.313067150115966797e+01 0.000000000000000000e+00
-1.014799690246582031e+01 6.989843845367431641e-01 0.000000000000000000e+00
-1.625966644287109375e+01 6.325176239013671875e+00 0.000000000000000000e+00
1.167710876464843750e+01 5.367819786071777344e+00 0.000000000000000000e+00
6.812317371368408203e+00 -2.838008403778076172e+00 0.000000000000000000e+00
1.635902214050292969e+01 4.117331504821777344e+00 0.000000000000000000e+00
1.252544116973876953e+01 -2.445616006851196289e+00 0.000000000000000000e+00
4.969290256500244141e+00 1.130173969268798828e+01 0.000000000000000000e+00
1.063621044158935547e+01 -2.812024116516113281e+00 0.000000000000000000e+00
1.491856455802917480e+00 1.681846809387207031e+01 0.000000000000000000e+00
-6.343738555908203125e+00 9.913867950439453125e+00 0.000000000000000000e+00
9.865262031555175781e+00 -1.098143935203552246e+00 0.000000000000000000e+00
1.276260757446289062e+01 -1.042563915252685547e+01 0.000000000000000000e+00
-8.178786277770996094e+00 4.914760589599609375e+00 0.000000000000000000e+00
-1.357518315315246582e+00 -1.445047473907470703e+01 0.000000000000000000e+00
-1.534745573997497559e+00 5.689681529998779297e+00 0.000000000000000000e+00
-1.408918857574462891e+00 1.283231544494628906e+01 0.000000000000000000e+00
2.329050064086914062e+00 -2.445588588714599609e+00 0.000000000000000000e+00
1.014549255371093750e+01 1.275536537170410156e+01 0.000000000000000000e+00
2.181552886962890625e+00 1.015184879302978516e+01 0.000000000000000000e+00
-1.181333065032958984e+01 -6.104387760162353516e+00 0.000000000000000000e+00
-7.068036079406738281e+00 -1.360125637054443359e+01 0.000000000000000000e+00
-1.737996864318847656e+01 1.942643642425537109e+00 0.000000000000000000e+00
-1.624634742736816406e+01 4.731554031372070312e+00 0.000000000000000000e+00
-1.059967899322509766e+01 -1.300392436981201172e+01 0.000000000000000000e+00
6.658681869506835938e+00 -1.595605182647705078e+01 0.000000000000000000e+00
2.146018266677856445e+00 -1.237829303741455078e+01 0.000000000000000000e+00
-3.160492658615112305e+00 -7.687414169311523438e+00 0.000000000000000000e+00
-6.662343502044677734e+00 -7.460338592529296875e+00 0.000000000000000000e+00
2.816021203994750977e+00 -4.885264396667480469e+00 0.000000000000000000e+00
-4.709269523620605469e+00 -7.441421508789062500e+00 0.000000000000000000e+00
-1.971221446990966797e+00 -1.590901851654052734e+01 0.000000000000000000e+00
-1.212100791931152344e+01 3.669836521148681641e+00 0.000000000000000000e+00
1.299487209320068359e+01 -7.771462798118591309e-01 0.000000000000000000e+00
6.121445178985595703e+00 -9.151482582092285156e+00 0.000000000000000000e+00
-1.408820390701293945e+00 1.729598236083984375e+01 0.000000000000000000e+00
-9.260436058044433594e+00 -8.402063250541687012e-01 0.000000000000000000e+00
-5.415820121765136719e+00 1.528631019592285156e+01 0.000000000000000000e+00
-8.348709106445312500e+00 -1.522065544128417969e+01 0.000000000000000000e+00
2.584837198257446289e+00 1.299806690216064453e+01 0.000000000000000000e+00
-9.865968704223632812e+00 -6.795429706573486328e+00 0.000000000000000000e+00
-1.063442611694335938e+01 -8.399491310119628906e+00 0.000000000000000000e+00
-3.319304227828979492e+00 -1.426496505737304688e+01 0.000000000000000000e+00
9.833518981933593750e+00 1.431796169281005859e+01 0.000000000000000000e+00
-3.899020910263061523e+00 -2.004257202148437500e+00 0.000000000000000000e+00
-1.159142112731933594e+01 -4.718362987041473389e-01 0.000000000000000000e+00
-1.444192695617675781e+01 -7.834258556365966797e+00 0.000000000000000000e+00
-1.232380294799804688e+01 -1.036838054656982422e+01 0.000000000000000000e+00
4.357192039489746094e+00 1.331432914733886719e+01 0.000000000000000000e+00
-3.339824914932250977e+00 1.083809661865234375e+01 0.000000000000000000e+00
-1.489330387115478516e+01 -4.065201804041862488e-02 0.000000000000000000e+00
2.675618886947631836e+00 -8.735006332397460938e+00 0.000000000000000000e+00
-6.437632560729980469e+00 -9.645039558410644531e+00 0.000000000000000000e+00
-4.846940994262695312e+00 6.678357124328613281e+00 0.000000000000000000e+00
5.582873821258544922e+00 5.746940612792968750e+00 0.000000000000000000e+00
-7.318242073059082031e+00 -5.095543861389160156e+00 0.000000000000000000e+00
-2.906601190567016602e+00 1.263945579528808594e+01 0.000000000000000000e+00
-1.021158981323242188e+01 3.437338590621948242e+00 0.000000000000000000e+00
6.358541011810302734e+00 -7.593271255493164062e+00 0.000000000000000000e+00
-2.686245553195476532e-02 -1.328408527374267578e+01 0.000000000000000000e+00
-5.594607353210449219e+00 -1.733293771743774414e+00 0.000000000000000000e+00
-1.237361335754394531e+01 -1.794151544570922852e+00 0.000000000000000000e+00
-1.544115257263183594e+01 8.045363426208496094e+00 0.000000000000000000e+00
-3.709373474121093750e+00 1.501954650878906250e+01 0.000000000000000000e+00
-1.697615242004394531e+01 -4.197572708129882812e+00 0.000000000000000000e+00
1.076106548309326172e+01 9.589342117309570312e+00 0.000000000000000000e+00
-1.307843494415283203e+01 -7.087965488433837891e+00 0.000000000000000000e+00
-1.270052790641784668e+00 2.623220682144165039e+00 0.000000000000000000e+00
-1.054385566711425781e+01 -1.806305408477783203e+00 0.000000000000000000e+00
-6.739275932312011719e+00 -1.570684528350830078e+01 0.000000000000000000e+00
9.667258262634277344e+00 -1.440505313873291016e+01 0.000000000000000000e+00
1.037832736968994141e+01 -5.006983280181884766e+00 0.000000000000000000e+00
-5.613197326660156250e+00 -5.645869255065917969e+00 0.000000000000000000e+00
1.279041481018066406e+01 1.159119129180908203e+01 0.000000000000000000e+00
-7.996860027313232422e+00 1.312148761749267578e+01 0.000000000000000000e+00
-4.886412143707275391e+00 -1.655304336547851562e+01 0.000000000000000000e+00
9.500371932983398438e+00 1.052238464355468750e+01 0.000000000000000000e+00
-1.178147315979003906e+01 5.865542888641357422e+00 0.000000000000000000e+00
5.228930950164794922e+00 -1.664095306396484375e+01 0.000000000000000000e+00
-1.395678615570068359e+01 1.028205204010009766e+01 0.000000000000000000e+00
-6.274491310119628906e+00 -1.189275264739990234e+01 0.000000000000000000e+00
2.984241485595703125e+00 -1.709201812744140625e+01 0.000000000000000000e+00
1.569560909271240234e+01 -1.418332457542419434e+00 0.000000000000000000e+00
-1.235100746154785156e+00 7.849592685699462891e+00 0.000000000000000000e+00
9.673283576965332031e+00 5.964676856994628906e+00 0.000000000000000000e+00
-1.102602958679199219e+00 -1.741308975219726562e+01 0.000000000000000000e+00
-1.081942653656005859e+01 -1.029890060424804688e+01 0.000000000000000000e+00
-8.733921051025390625e+00 -1.324738407135009766e+01 0.000000000000000000e+00
2.983798027038574219e+00 -6.547599315643310547e+00 0.000000000000000000e+00
1.703925609588623047e+00 5.438846111297607422e+00 0.000000000000000000e+00
-1.219200229644775391e+01 -1.223879146575927734e+01 0.000000000000000000e+00
4.431931018829345703e+00 7.479101657867431641e+00 0.000000000000000000e+00
-3.317390918731689453e+00 5.074576854705810547e+00 0.000000000000000000e+00
7.421144485473632812e+00 1.297598719596862793e+00 0.000000000000000000e+00
