-5.160050868988037109e+00 1.515771770477294922e+01 0.000000000000000000e+00
-1.040080928802490234e+01 -1.082355785369873047e+01 0.000000000000000000e+00
-5.687926769256591797e+00 -1.263539314270019531e+01 0.000000000000000000e+00
-8.378391265869140625e+00 -3.127018690109252930e+00 0.000000000000000000e+00
8.242849349975585938e+00 -1.444708156585693359e+01 0.000000000000000000e+00
2.295373916625976562e+00 -1.685867500305175781e+01 0.000000000000000000e+00
-1.488956642150878906e+01 9.701979160308837891e-01 0.000000000000000000e+00
-6.106825828552246094e+00 -1.051473712921142578e+01 0.000000000000000000e+00
3.119597911834716797e+00 1.001365947723388672e+01 0.000000000000000000e+00
1.191781616210937500e+01 3.691995739936828613e-01 0.000000000000000000e+00
1.092861461639404297e+01 8.923311233520507812e+00 0.000000000000000000e+00
2.218837976455688477e+00 -3.024701356887817383e+00 0.000000000000000000e+00
-1.122579383850097656e+01 -1.809804201126098633e+00 0.000000000000000000e+00
5.942090511322021484e+00 -1.290851116180419922e+01 0.000000000000000000e+00
-8.394265174865722656e+00 -6.367706298828125000e+00 0.000000000000000000e+00
1.599072265625000000e+01 4.558301925659179688e+00 0.000000000000000000e+00
-3.020466327667236328e+00 3.929870367050170898e+00 0.000000000000000000e+00
-8.047367095947265625e+00 -9.238558769226074219e+00 0.000000000000000000e+00
-1.713602542877197266e+00 1.678532409667968750e+01 0.000000000000000000e+00
-1.363783931732177734e+01 -1.604845523834228516e+00 0.000000000000000000e+00
-9.971683502197265625e+00 -4.912776470184326172e+00 0.000000000000000000e+00
-1.195233821868896484e+01 -1.237666988372802734e+01 0.000000000000000000e+00
2.352554321289062500e+00 4.127008438110351562e+00 0.000000000000000000e+00
1.637908744812011719e+01 -1.088647603988647461e+00 0.000000000000000000e+00
1.686157798767089844e+01 5.448012351989746094e-01 0.000000000000000000e+00
-5.674495697021484375e-01 3.233719110488891602e+00 0.000000000000000000e+00
1.464929199218750000e+01 6.278367042541503906e+00 0.000000000000000000e+00
4.173486232757568359e+00 -1.267089843750000000e+01 0.000000000000000000e+00
1.910206437110900879e+00 6.251865386962890625e+00 0.000000000000000000e+00
4.357226848602294922e+00 6.186363220214843750e+00 0.000000000000000000e+00
-3.210635900497436523e+00 6.216239452362060547e+00 0.000000000000000000e+00
-7.809743881225585938e+00 6.463654518127441406e+00 0.000000000000000000e+00
-1.048286819458007812e+01 5.581482648849487305e-01 0.000000000000000000e+00
-1.483743762969970703e+01 -8.901157379150390625e+00 0.000000000000000000e+00
2.281331777572631836e+00 1.178591823577880859e+01 0.000000000000000000e+00
1.550182914733886719e+01 -7.141952991485595703e+00 0.000000000000000000e+00
1.014702320098876953e+01 -1.019717311859130859e+01 0.000000000000000000e+00
1.682459068298339844e+01 2.582695245742797852e+00 0.000000000000000000e+00
1.910837173461914062e+00 -1.380481243133544922e+01 0.000000000000000000e+00
1.140106558799743652e+00 -5.198352813720703125e+00 0.000000000000000000e+00
-1.021327781677246094e+01 8.597795486450195312e+00 0.000000000000000000e+00
7.289099216461181641e+00 -8.905122876167297363e-01 0.000000000000000000e+00
-1.359306871891021729e-01 -4.288116931915283203e+00 0.000000000000000000e+00
1.305275535583496094e+01 -1.905926227569580078e+00 0.000000000000000000e+00
4.858516216278076172e+00 -6.420218944549560547e+00 0.000000000000000000e+00
-7.651927471160888672e+00 1.280678653717041016e+01 0.000000000000000000e+00
-3.370891332626342773e+00 -1.339672088623046875e+01 0.000000000000000000e+00
-1.651487159729003906e+01 5.066611766815185547e+00 0.000000000000000000e+00
1.235492897033691406e+01 -6.269783020019531250e+00 0.000000000000000000e+00
-5.866411685943603516e+00 -1.473582172393798828e+01 0.000000000000000000e+00
-2.700518369674682617e+00 -7.760748863220214844e+00 0.000000000000000000e+00
-1.945879220962524414e+00 7.165965080261230469e+00 0.000000000000000000e+00
-1.176070690155029297e+01 -4.006461620330810547e+00 0.000000000000000000e+00
-4.651116847991943359e+00 3.069208621978759766e+00 0.000000000000000000e+00
4.736659049987792969e+00 1.442770481109619141e+01 0.000000000000000000e+00
-4.086323738098144531e+00 -1.553177070617675781e+01 0.000000000000000000e+00
-4.305805206298828125e+00 -1.029136180877685547e+01 0.000000000000000000e+00
-9.457493782043457031e+00 -8.490414619445800781e+00 0.000000000000000000e+00
1.592870616912841797e+01 -4.828326702117919922e+00 0.000000000000000000e+00
-1.182898330688476562e+01 -9.228099822998046875e+00 0.000000000000000000e+00
-6.327364444732666016e+00 2.180910348892211914e+00 0.000000000000000000e+00
-6.499140262603759766e+00 1.417668342590332031e+01 0.000000000000000000e+00
1.228176975250244141e+01 1.000611591339111328e+01 0.000000000000000000e+00
1.491144943237304688e+01 -2.801080465316772461e+00 0.000000000000000000e+00
1.686764526367187500e+01 -2.802174568176269531e+00 0.000000000000000000e+00
7.641118049621582031e+00 -3.591074228286743164e+00 0.000000000000000000e+00
4.806921482086181641e+00 1.281797504425048828e+01 0.000000000000000000e+00
4.670919418334960938e+00 -1.520420742034912109e+01 0.000000000000000000e+00
5.203822851181030273e-01 1.626894187927246094e+01 0.000000000000000000e+00
1.027527523040771484e+01 -6.406778812408447266e+00 0.000000000000000000e+00
-6.046867370605468750e+00 -2.317847684025764465e-02 0.000000000000000000e+00
3.536668539047241211e+00 -2.632814049720764160e-01 0.000000000000000000e+00
-1.330547142028808594e+01 -5.762156009674072266e+00 0.000000000000000000e+00
5.408272743225097656e-01 1.268226528167724609e+01 0.000000000000000000e+00
-8.507722020149230957e-01 -8.426186561584472656e+00 0.000000000000000000e+00
2.860981822013854980e-01 6.070553064346313477e-01 0.000000000000000000e+00
1.374200916290283203e+01 -3.370156586170196533e-01 0.000000000000000000e+00
-3.386798858642578125e+00 1.397658061981201172e+01 0.000000000000000000e+00
7.747682571411132812e+00 8.147251129150390625e+00 0.000000000000000000e+00
1.042158031463623047e+01 -8.194437026977539062e+00 0.000000000000000000e+00
-9.566934585571289062e+00 1.154101181030273438e+01 0.000000000000000000e+00
4.837320327758789062e+00 9.050276756286621094e+00 0.000000000000000000e+00
3.043352365493774414e+00 1.688801574707031250e+01 0.000000000000000000e+00
-6.121579170227050781e+00 7.632073402404785156e+00 0.000000000000000000e+00
1.066484689712524414e+00 9.222781181335449219e+00 0.000000000000000000e+00
-1.409238696098327637e+00 -1.038161373138427734e+01 0.000000000000000000e+00
7.784331321716308594e+00 2.705723524093627930e+00 0.000000000000000000e+00
-7.258076071739196777e-01 -1.681820487976074219e+01 0.000000000000000000e+00
-1.010415554046630859e+01 5.529009819030761719e+00 0.000000000000000000e+00
-1.248642921447753906e+01 1.041491413116455078e+01 0.000000000000000000e+00
2.231828719377517700e-01 -2.160909891128540039e+00 0.000000000000000000e+00
1.529796695709228516e+01 1.557276606559753418e+00 0.000000000000000000e+00
1.068344402313232422e+01 1.385531234741210938e+01 0.000000000000000000e+00
8.247399330139160156e+00 -5.384779453277587891e+00 0.000000000000000000e+00
9.442886352539062500e+00 5.841197490692138672e+00 0.000000000000000000e+00
-1.449797034263610840e+00 -5.779619216918945312e+00 0.000000000000000000e+00
9.347103118896484375e+00 -1.203792190551757812e+01 0.000000000000000000e+00
-1.544369125366210938e+01 -3.160278558731079102e+00 0.000000000000000000e+00
1.352859497070312500e+01 -1.002311038970947266e+01 0.000000000000000000e+00
8.055875778198242188e+00 -1.051336765289306641e+01 0.000000000000000000e+00
6.461996555328369141e+00 -7.513591289520263672e+00 0.000000000000000000e+00
-2.261095285415649414e+00 1.511295223236083984e+01 0.000000000000000000e+00
3.255930900573730469e+00 1.481738567352294922e+01 0.000000000000000000e+00
-4.213828086853027344e+00 8.553637504577636719e+00 0.000000000000000000e+00
3.954316616058349609e+00 -9.253237724304199219e+00 0.000000000000000000e+00
-1.383430767059326172e+01 3.343505859375000000e+00 0.000000000000000000e+00
2.227746486663818359e+00 1.363599109649658203e+01 0.000000000000000000e+00
-8.728575110435485840e-01 -1.014066219329833984e+00 0.000000000000000000e+00
-9.135858535766601562e+00 3.543068170547485352e+00 0.000000000000000000e+00
-8.312894821166992188e+00 -1.518766021728515625e+01 0.000000000000000000e+00
-5.861546516418457031e+00 -5.132982730865478516e+00 0.000000000000000000e+00
-5.012622833251953125e+00 -1.643203020095825195e+00 0.000000000000000000e+00
-6.962086200714111328e+00 1.144006347656250000e+01 0.000000000000000000e+00
-7.375163555145263672e+00 -4.891489028930664062e+00 0.000000000000000000e+00
5.350940704345703125e+00 -1.047373485565185547e+01 0.000000000000000000e+00
1.007255458831787109e+01 -4.404129981994628906e+00 0.000000000000000000e+00
-1.116804122924804688e+01 3.348439693450927734e+00 0.000000000000000000e+00
-1.416981029510498047e+01 8.150803565979003906e+00 0.000000000000000000e+00
-1.713003349304199219e+01 1.457074522972106934e+00 0.000000000000000000e+00
9.426586151123046875e+00 1.229349231719970703e+01 0.000000000000000000e+00
9.597014427185058594e+00 3.735691547393798828e+00 0.000000000000000000e+00
9.908330917358398438e+00 -8.220063894987106323e-02 0.000000000000000000e+00
6.653776168823242188e+00 1.307964324951171875e+01 0.000000000000000000e+00
-9.320323944091796875e+00 6.945614814758300781e+00 0.000000000000000000e+00
5.762003421783447266e+00 1.090755367279052734e+01 0.000000000000000000e+00
5.371914863586425781e+00 -1.538452029228210449e+00 0.000000000000000000e+00
1.178655433654785156e+01 2.208678960800170898e+00 0.000000000000000000e+00
-2.843677759170532227e+00 -9.772610664367675781e+00 0.000000000000000000e+00
8.040848731994628906e+00 1.425452613830566406e+01 0.000000000000000000e+00
1.464867234230041504e+00 -7.704637527465820312e+00 0.000000000000000000e+00
-4.201870441436767578e+00 -4.256231307983398438e+00 0.000000000000000000e+00
1.237608146667480469e+01 5.735980510711669922e+00 0.000000000000000000e+00
-1.166416740417480469e+01 -6.907097339630126953e+00 0.000000000000000000e+00
-4.086165428161621094e+00 -1.200291633605957031e+01 0.000000000000000000e+00
4.440650463104248047e+00 3.564798116683959961e+00 0.000000000000000000e+00
-4.161024093627929688e+00 8.119104504585266113e-01 0.000000000000000000e+00
1.098365783691406250e+01 -1.178584289550781250e+01 0.000000000000000000e+00
-1.545108675956726074e+00 1.274519538879394531e+01 0.000000000000000000e+00
-8.162585258483886719e+00 8.012032508850097656e+00 0.000000000000000000e+00
-1.320041656494140625e+01 -7.868793964385986328e+00 0.000000000000000000e+00
-2.542082071304321289e+00 1.158082103729248047e+01 0.000000000000000000e+00
-8.486493110656738281e+00 2.553352117538452148e-01 0.000000000000000000e+00
1.402840232849121094e+01 -6.452739238739013672e+00 0.000000000000000000e+00
-1.096265697479248047e+01 1.325468635559082031e+01 0.000000000000000000e+00
1.471426582336425781e+01 9.159145355224609375e+00 0.000000000000000000e+00
-2.082604646682739258e+00 1.005035018920898438e+01 0.000000000000000000e+00
-1.383628559112548828e+01 -1.003931236267089844e+01 0.000000000000000000e+00
3.063620567321777344e+00 8.494710922241210938e+00 0.000000000000000000e+00
-1.378814983367919922e+01 4.881251811981201172e+00 0.000000000000000000e+00
5.680637359619140625e+00 -3.336391210556030273e+00 0.000000000000000000e+00
-1.553982353210449219e+01 -6.530789852142333984e+00 0.000000000000000000e+00
-3.588343858718872070e-01 1.023560333251953125e+01 0.000000000000000000e+00
8.942691802978515625e+00 -8.672908782958984375e+00 0.000000000000000000e+00
1.043272781372070312e+01 -2.140930414199829102e+00 0.000000000000000000e+00
9.367411613464355469e+00 7.470801353454589844e+00 0.000000000000000000e+00
1.319444751739501953e+01 -4.947729110717773438e+00 0.000000000000000000e+00
-1.315839862823486328e+01 1.775553226470947266e+00 0.000000000000000000e+00
1.406583213806152344e+01 3.975325345993041992e+00 0.000000000000000000e+00
7.137328147888183594e+00 -1.585866165161132812e+01 0.000000000000000000e+00
1.356246566772460938e+01 1.915875434875488281e+00 0.000000000000000000e+00
-3.616176366806030273e+00 -6.143713951110839844e+00 0.000000000000000000e+00
1.178265666961669922e+01 -3.294170618057250977e+00 0.000000000000000000e+00
1.322740197181701660e+00 2.189278125762939453e+00 0.000000000000000000e+00
7.198075294494628906e+00 1.026042747497558594e+01 0.000000000000000000e+00
7.912690639495849609e+00 1.194186210632324219e+01 0.000000000000000000e+00
-1.021739292144775391e+01 2.138555288314819336e+00 0.000000000000000000e+00
-3.873829126358032227e+00 1.604866218566894531e+01 0.000000000000000000e+00
5.651520729064941406e+00 3.245261907577514648e-01 0.000000000000000000e+00
-4.272143840789794922e-01 -1.496757888793945312e+01 0.000000000000000000e+00
-5.126675605773925781e+00 1.065566635131835938e+01 0.000000000000000000e+00
6.035154819488525391e+00 1.617589187622070312e+01 0.000000000000000000e+00
-9.746191978454589844e+00 -1.217986774444580078e+01 0.000000000000000000e+00
-1.219017791748046875e+01 6.508627414703369141e+00 0.000000000000000000e+00
1.517976284027099609e+00 -1.214772987365722656e+01 0.000000000000000000e+00
4.486611366271972656e+00 2.035072088241577148e+00 0.000000000000000000e+00
-8.652083396911621094e+00 -1.332371997833251953e+01 0.000000000000000000e+00
3.086046278476715088e-01 5.400225639343261719e+00 0.000000000000000000e+00
-7.983315467834472656e+00 1.821296453475952148e+00 0.000000000000000000e+00
-6.158371925354003906e+00 5.851407051086425781e+00 0.000000000000000000e+00
1.241947555541992188e+01 1.203292655944824219e+01 0.000000000000000000e+00
1.159344706684350967e-02 -6.642618179321289062e+00 0.000000000000000000e+00
-7.613936424255371094e+00 9.820131301879882812e+00 0.000000000000000000e+00
-9.646833539009094238e-01 8.542608261108398438e+00 0.000000000000000000e+00
8.403249979019165039e-01 -1.579892635345458984e+01 0.000000000000000000e+00
-1.580596566200256348e+00 -1.241400718688964844e+01 0.000000000000000000e+00
1.295177817344665527e+00 7.705573558807373047e+00 0.000000000000000000e+00
3.421047925949096680e+00 -1.136498165130615234e+01 0.000000000000000000e+00
1.179280948638916016e+01 -9.247125625610351562e+00 0.000000000000000000e+00
-6.511523723602294922e+00 4.331827163696289062e+00 0.000000000000000000e+00
-1.684858322143554688e+01 2.990312099456787109e+00 0.000000000000000000e+00
2.018779516220092773e+00 -9.305586814880371094e+00 0.000000000000000000e+00
6.173121929168701172e+00 1.962278604507446289e+00 0.000000000000000000e+00
1.110818862915039062e+00 -7.668510079383850098e-01 0.000000000000000000e+00
-2.265711784362792969e+00 -1.668703842163085938e+01 0.000000000000000000e+00
1.224478721618652344e+01 3.680615901947021484e+00 0.000000000000000000e+00
-9.071897506713867188e+00 1.390056037902832031e+01 0.000000000000000000e+00
-5.059933662414550781e+00 4.803914546966552734e+00 0.000000000000000000e+00
8.993550300598144531e+00 1.565758705139160156e+00 0.000000000000000000e+00
1.439693641662597656e+01 -8.641300201416015625e+00 0.000000000000000000e+00
-5.982774734497070312e+00 -3.290025949478149414e+00 0.000000000000000000e+00
-3.893546581268310547e+00 -1.705622673034667969e+01 0.000000000000000000e+00
1.345089530944824219e+01 8.304553031921386719e+00 0.000000000000000000e+00
-1.717323064804077148e+00 -2.616508722305297852e+00 0.000000000000000000e+00
-1.523714447021484375e+01 4.274672508239746094e+00 0.000000000000000000e+00
2.806468248367309570e+00 -1.517795753479003906e+01 0.000000000000000000e+00
-1.515802955627441406e+01 -6.298370361328125000e-01 0.000000000000000000e+00
-1.131508636474609375e+01 1.141942119598388672e+01 0.000000000000000000e+00
-7.821887016296386719e+00 -1.361516118049621582e+00 0.000000000000000000e+00
-8.197304725646972656e+00 -1.125032615661621094e+01 0.000000000000000000e+00
5.941479206085205078e+00 5.845549106597900391e+00 0.000000000000000000e+00
6.581912517547607422e+00 -5.870923519134521484e+00 0.000000000000000000e+00
-1.362300300598144531e+01 -3.720685958862304688e+00 0.000000000000000000e+00
-1.666363239288330078e+00 1.466602206230163574e+00 0.000000000000000000e+00
3.550266981124877930e+00 -5.299450397491455078e+00 0.000000000000000000e+00
-5.799115657806396484e+00 -7.400249481201171875e+00 0.000000000000000000e+00
-1.688583946228027344e+01 -4.310176074504852295e-01 0.000000000000000000e+00
9.199944496154785156e+00 9.856114387512207031e+00 0.000000000000000000e+00
-1.244854927062988281e+00 5.125304222106933594e+00 0.000000000000000000e+00
-3.638065576553344727e+00 -6.613333225250244141e-01 0.000000000000000000e+00
3.032940387725830078e+00 -6.882362365722656250e+00 0.000000000000000000e+00
1.641519737243652344e+01 6.051091670989990234e+00 0.000000000000000000e+00
-6.505243778228759766e+00 -9.048761367797851562e+00 0.000000000000000000e+00
8.042649626731872559e-01 1.450069427490234375e+01 0.000000000000000000e+00
-9.783964157104492188e+00 -2.460052728652954102e+00 0.000000000000000000e+00
2.721636295318603516e+00 1.134718298912048340e+00 0.000000000000000000e+00
1.268106555938720703e+01 -1.173171710968017578e+01 0.000000000000000000e+00
5.033276081085205078e+00 -4.894536495208740234e+00 0.000000000000000000e+00
3.845722973346710205e-01 -1.343147563934326172e+01 0.000000000000000000e+00
1.193415641784667969e+01 7.702758312225341797e+00 0.000000000000000000e+00
8.936038017272949219e+00 -1.894860267639160156e+00 0.000000000000000000e+00
3.611442565917968750e+00 -3.586789846420288086e+00 0.000000000000000000e+00
-4.221340179443359375e+00 -8.646564483642578125e+00 0.000000000000000000e+00
-1.199674415588378906e+01 8.776473045349121094e+00 0.000000000000000000e+00
-2.343914747238159180e+00 -4.108772754669189453e+00 0.000000000000000000e+00
3.907825946807861328e+00 -1.868917465209960938e+00 0.000000000000000000e+00
6.195549011230468750e+00 8.322500228881835938e+00 0.000000000000000000e+00
1.120582389831542969e+01 1.106173801422119141e+01 0.000000000000000000e+00
-1.543010616302490234e+01 2.402674674987792969e+00 0.000000000000000000e+00
7.587602615356445312e+00 6.279768466949462891e+00 0.000000000000000000e+00
-6.958362579345703125e+00 -1.598107814788818359e+01 0.000000000000000000e+00
-3.934103965759277344e+00 -2.695077180862426758e+00 0.000000000000000000e+00
-1.402763843536376953e+01 9.905477523803710938e+00 0.000000000000000000e+00
-2.988319635391235352e+00 2.250509500503540039e+00 0.000000000000000000e+00
1.019599533081054688e+01 -1.380932140350341797e+01 0.000000000000000000e+00
-1.437003612518310547e+01 6.330190181732177734e+00 0.000000000000000000e+00
-7.259690284729003906e+00 -1.399976634979248047e+01 0.000000000000000000e+00
-5.897922515869140625e+00 1.257239341735839844e+01 0.000000000000000000e+00
-1.175681591033935547e+01 4.949344158172607422e+00 0.000000000000000000e+00
7.405869483947753906e+00 4.615622520446777344e+00 0.000000000000000000e+00
2.146170288324356079e-01 -9.962937355041503906e+00 0.000000000000000000e+00
-1.245178604125976562e+01 1.641510985791683197e-02 0.000000000000000000e+00
6.022940158843994141e+00 3.620682954788208008e+00 0.000000000000000000e+00
8.580986976623535156e+00 -6.934267044067382812e+00 0.000000000000000000e+00
-8.580607920885086060e-02 6.857640743255615234e+00 0.000000000000000000e+00
7.782382011413574219e+00 -1.222439002990722656e+01 0.000000000000000000e+00
-8.610946655273437500e+00 5.135685443878173828e+00 0.000000000000000000e+00
