-7.394085526466369629e-01 -3.241585969924926758e+00 0.000000000000000000e+00
6.902527809143066406e+00 3.154670000076293945e+00 0.000000000000000000e+00
9.300916671752929688e+00 1.348921680450439453e+01 0.000000000000000000e+00
-2.669750213623046875e+00 1.700314712524414062e+01 0.000000000000000000e+00
-1.130754184722900391e+01 -1.132641696929931641e+01 0.000000000000000000e+00
-8.031883239746093750e+00 1.310141658782958984e+01 0.000000000000000000e+00
-9.234760284423828125e+00 -2.040065765380859375e+00 0.000000000000000000e+00
-2.254508972167968750e+00 -7.990852832794189453e+00 0.000000000000000000e+00
4.935976505279541016e+00 1.019782733917236328e+01 0.000000000000000000e+00
6.457019329071044922e+00 -1.428938007354736328e+01 0.000000000000000000e+00
8.804499626159667969e+00 -3.773231506347656250e+00 0.000000000000000000e+00
-6.501796096563339233e-02 -1.311975574493408203e+01 0.000000000000000000e+00
-5.397731304168701172e+00 6.431330442428588867e-01 0.000000000000000000e+00
-9.521275520324707031e+00 -9.128231048583984375e+00 0.000000000000000000e+00
-8.837201118469238281e+00 1.491300487518310547e+01 0.000000000000000000e+00
7.804461002349853516e+00 -1.216666603088378906e+01 0.000000000000000000e+00
1.333246135711669922e+01 -6.761719226837158203e+00 0.000000000000000000e+00
4.040304660797119141e+00 7.706290721893310547e+00 0.000000000000000000e+00
-9.574398040771484375e+00 -1.149395179748535156e+01 0.000000000000000000e+00
1.501203441619873047e+01 7.045591354370117188e+00 0.000000000000000000e+00
-4.710416793823242188e+00 1.991435766220092773e+00 0.000000000000000000e+00
2.110054016113281250e+00 -1.616793441772460938e+01 0.000000000000000000e+00
9.677374839782714844e+00 -6.634037971496582031e+00 0.000000000000000000e+00
1.024877643585205078e+01 2.276276350021362305e+00 0.000000000000000000e+00
-1.507141971588134766e+01 1.457095980644226074e+00 0.000000000000000000e+00
5.993927955627441406e+00 -4.277400016784667969e+00 0.000000000000000000e+00
-9.347061157226562500e+00 1.073648738861083984e+01 0.000000000000000000e+00
-2.755390167236328125e+00 -1.390083885192871094e+01 0.000000000000000000e+00
1.707654476165771484e+00 9.253207206726074219e+00 0.000000000000000000e+00
-3.049193322658538818e-01 1.005322337150573730e+00 0.000000000000000000e+00
1.684099769592285156e+01 -2.765470504760742188e+00 0.000000000000000000e+00
-2.875938653945922852e+00 1.157545471191406250e+01 0.000000000000000000e+00
4.094011783599853516e+00 -4.865182042121887207e-01 0.000000000000000000e+00
-9.179471969604492188e+00 9.873786568641662598e-01 0.000000000000000000e+00
1.614319801330566406e+01 2.422977924346923828e+00 0.000000000000000000e+00
-4.110615730285644531e+00 3.411962747573852539e+00 0.000000000000000000e+00
-1.301683235168457031e+01 9.850266456604003906e+00 0.000000000000000000e+00
3.841964244842529297e+00 1.869619011878967285e+00 0.000000000000000000e+00
3.333811521530151367e+00 -2.695768356323242188e+00 0.000000000000000000e+00
-1.031493282318115234e+01 -5.542303562164306641e+00 0.000000000000000000e+00
-5.797865390777587891e+00 -1.552440166473388672e+01 0.000000000000000000e+00
3.728242874145507812e+00 1.512643623352050781e+01 0.000000000000000000e+00
7.285134792327880859e+00 1.482072257995605469e+01 0.000000000000000000e+00
-1.192120313644409180e+00 6.885936737060546875e+00 0.000000000000000000e+00
6.755634307861328125e+00 -1.583121299743652344e+01 0.000000000000000000e+00
-5.633543968200683594e+00 1.183296680450439453e+01 0.000000000000000000e+00
1.312653350830078125e+01 7.433413505554199219e+00 0.000000000000000000e+00
7.040925323963165283e-02 -1.016912269592285156e+01 0.000000000000000000e+00
-5.418936252593994141e+00 1.372258663177490234e+01 0.000000000000000000e+00
-9.067922592163085938e+00 -7.675303459167480469e+00 0.000000000000000000e+00
3.593732357025146484e+00 -5.192997932434082031e+00 0.000000000000000000e+00
1.232747459411621094e+01 1.105103492736816406e+01 0.000000000000000000e+00
1.645898818969726562e+01 -1.051591992378234863e+00 0.000000000000000000e+00
-1.233528995513916016e+01 6.807513236999511719e+00 0.000000000000000000e+00
1.622586441040039062e+01 -5.791307926177978516e+00 0.000000000000000000e+00
2.684101343154907227e+00 1.096031188964843750e+01 0.000000000000000000e+00
3.629229545593261719e+00 -1.607003974914550781e+01 0.000000000000000000e+00
-7.050693035125732422e-02 -6.172832012176513672e+00 0.000000000000000000e+00
-1.033694982528686523e+00 -9.515598416328430176e-01 0.000000000000000000e+00
-7.153441429138183594e+00 8.002340316772460938e+00 0.000000000000000000e+00
-1.596774291992187500e+01 -6.278839111328125000e-01 0.000000000000000000e+00
-1.334972858428955078e+01 5.393466472625732422e+00 0.000000000000000000e+00
-7.868309497833251953e+00 4.087602615356445312e+00 0.000000000000000000e+00
1.360757446289062500e+01 -8.426045417785644531e+00 0.000000000000000000e+00
-1.014802360534667969e+01 7.760217666625976562e+00 0.000000000000000000e+00
-8.621752738952636719e+00 -5.526494026184082031e+00 0.000000000000000000e+00
1.479582118988037109e+01 -3.716486692428588867e+00 0.000000000000000000e+00
3.567513227462768555e+00 1.666842269897460938e+01 0.000000000000000000e+00
-3.281209707260131836e+00 -6.099225521087646484e+00 0.000000000000000000e+00
-4.148048758506774902e-01 4.577169418334960938e+00 0.000000000000000000e+00
-3.666563272476196289e+00 -1.068631649017333984e+01 0.000000000000000000e+00
5.461991310119628906e+00 5.254006385803222656e+00 0.000000000000000000e+00
1.058928608894348145e+00 1.107748031616210938e+01 0.000000000000000000e+00
-7.401177883148193359e+00 1.148096323013305664e+00 0.000000000000000000e+00
2.551005601882934570e+00 1.306491374969482422e+01 0.000000000000000000e+00
-4.522652626037597656e+00 -8.270075798034667969e+00 0.000000000000000000e+00
-6.838063716888427734e+00 1.478593540191650391e+01 0.000000000000000000e+00
9.064743518829345703e-01 -7.923420906066894531e+00 0.000000000000000000e+00
-9.288052916526794434e-01 -1.157244110107421875e+01 0.000000000000000000e+00
1.304850673675537109e+01 -1.104931068420410156e+01 0.000000000000000000e+00
7.599045276641845703e+00 -1.051998329162597656e+01 0.000000000000000000e+00
-1.627243804931640625e+01 2.783659458160400391e+00 0.000000000000000000e+00
-1.302838921546936035e+00 1.308779430389404297e+01 0.000000000000000000e+00
9.620735168457031250e+00 -1.179020500183105469e+01 0.000000000000000000e+00
7.927411556243896484e+00 1.367156505584716797e+00 0.000000000000000000e+00
-1.157101535797119141e+01 1.692700624465942383e+00 0.000000000000000000e+00
1.131764411926269531e+01 4.233800888061523438e+00 0.000000000000000000e+00
-9.460733413696289062e+00 3.711252450942993164e+00 0.000000000000000000e+00
9.809301376342773438e+00 7.446466922760009766e+00 0.000000000000000000e+00
-2.990839242935180664e+00 -1.592857837677001953e+00 0.000000000000000000e+00
9.052275419235229492e-01 -3.189186334609985352e+00 0.000000000000000000e+00
-1.114863157272338867e+00 9.286250114440917969e+00 0.000000000000000000e+00
-8.498114585876464844e+00 -1.529492950439453125e+01 0.000000000000000000e+00
1.490615940093994141e+01 -1.189507722854614258e+00 0.000000000000000000e+00
-3.760869503021240234e+00 6.433126330375671387e-01 0.000000000000000000e+00
5.110742092132568359e+00 -7.269341945648193359e+00 0.000000000000000000e+00
8.632387161254882812e+00 5.557997703552246094e+00 0.000000000000000000e+00
-3.635496377944946289e+00 1.325925159454345703e+01 0.000000000000000000e+00
1.152687644958496094e+01 -4.177838325500488281e+00 0.000000000000000000e+00
-1.575318908691406250e+01 6.124658107757568359e+00 0.000000000000000000e+00
-2.131570100784301758e+00 3.599061965942382812e+00 0.000000000000000000e+00
5.661697864532470703e+00 -2.216254711151123047e+00 0.000000000000000000e+00
6.350515842437744141e+00 1.134013533592224121e+00 0.000000000000000000e+00
1.203600883483886719e+01 -1.892616868019104004e+00 0.000000000000000000e+00
-1.417218399047851562e+01 -5.229269504547119141e+00 0.000000000000000000e+00
-1.550937557220458984e+01 7.820993423461914062e+00 0.000000000000000000e+00
1.145212459564208984e+01 -7.087983131408691406e+00 0.000000000000000000e+00
1.188594627380371094e+01 8.737666130065917969e+00 0.000000000000000000e+00
-7.340758800506591797e+00 -9.665412902832031250e+00 0.000000000000000000e+00
-1.063229179382324219e+01 1.226454639434814453e+01 0.000000000000000000e+00
-2.040484189987182617e+00 -9.859012603759765625e+00 0.000000000000000000e+00
-1.468598175048828125e+01 -7.085852146148681641e+00 0.000000000000000000e+00
-1.648459315299987793e+00 -5.851476669311523438e+00 0.000000000000000000e+00
7.906791210174560547e+00 -7.087885379791259766e+00 0.000000000000000000e+00
-2.776305437088012695e+00 -1.559724044799804688e+01 0.000000000000000000e+00
-3.206140041351318359e+00 -1.226696586608886719e+01 0.000000000000000000e+00
-5.022902011871337891e+00 8.397763252258300781e+00 0.000000000000000000e+00
-7.160243511199951172e+00 -2.379642248153686523e+00 0.000000000000000000e+00
1.344115447998046875e+01 2.179780721664428711e+00 0.000000000000000000e+00
-1.154709243774414062e+01 -7.284945487976074219e+00 0.000000000000000000e+00
-3.988924503326416016e+00 6.875677108764648438e+00 0.000000000000000000e+00
-4.100716412067413330e-01 -1.668746185302734375e+01 0.000000000000000000e+00
1.084688305854797363e+00 1.440894317626953125e+01 0.000000000000000000e+00
-5.068507194519042969e+00 -1.654242277145385742e+00 0.000000000000000000e+00
-1.655053901672363281e+01 -4.551344394683837891e+00 0.000000000000000000e+00
9.277415275573730469e+00 -1.379615783691406250e+00 0.000000000000000000e+00
1.914864063262939453e+00 -1.268803882598876953e+01 0.000000000000000000e+00
1.440647220611572266e+01 5.642568588256835938e+00 0.000000000000000000e+00
7.225029945373535156e+00 1.190975379943847656e+01 0.000000000000000000e+00
4.952289581298828125e+00 -1.170477771759033203e+01 0.000000000000000000e+00
2.811708152294158936e-01 2.701468706130981445e+00 0.000000000000000000e+00
8.347109794616699219e+00 1.001439666748046875e+01 0.000000000000000000e+00
2.899193465709686279e-01 -1.518018341064453125e+01 0.000000000000000000e+00
-9.289097785949707031e-01 1.710767936706542969e+01 0.000000000000000000e+00
6.491319179534912109e+00 8.287257194519042969e+00 0.000000000000000000e+00
-3.744055271148681641e+00 9.484429359436035156e+00 0.000000000000000000e+00
-8.220580101013183594e+00 -3.648857355117797852e+00 0.000000000000000000e+00
-4.059870243072509766e+00 -1.688000869750976562e+01 0.000000000000000000e+00
-1.038377094268798828e+01 -1.276506805419921875e+01 0.000000000000000000e+00
-1.755208015441894531e+00 1.473541831970214844e+01 0.000000000000000000e+00
-4.347153663635253906e+00 -3.833488225936889648e+00 0.000000000000000000e+00
6.114796996116638184e-01 1.656035614013671875e+01 0.000000000000000000e+00
-5.898120403289794922e+00 -4.381791114807128906e+00 0.000000000000000000e+00
1.366336822509765625e+00 -1.758042812347412109e+00 0.000000000000000000e+00
1.400912570953369141e+01 5.984255671501159668e-01 0.000000000000000000e+00
-1.178894519805908203e+01 8.974493026733398438e+00 0.000000000000000000e+00
-1.376540088653564453e+01 1.674502491950988770e-01 0.000000000000000000e+00
-5.979746818542480469e+00 -7.883149623870849609e+00 0.000000000000000000e+00
-1.409783172607421875e+01 -1.007290077209472656e+01 0.000000000000000000e+00
5.451274871826171875e+00 7.118023395538330078e+00 0.000000000000000000e+00
6.225118637084960938e+00 -8.751087188720703125e+00 0.000000000000000000e+00
1.204751110076904297e+01 -8.882616996765136719e+00 0.000000000000000000e+00
4.551899433135986328e+00 -1.334135246276855469e+01 0.000000000000000000e+00
8.802083969116210938e+00 -5.289732933044433594e+00 0.000000000000000000e+00
-8.458465576171875000e+00 7.220807075500488281e+00 0.000000000000000000e+00
-8.087555885314941406e+00 -1.366514778137207031e+01 0.000000000000000000e+00
1.396090316772460938e+01 9.085032463073730469e+00 0.000000000000000000e+00
-6.519006729125976562e+00 -5.795727372169494629e-01 0.000000000000000000e+00
6.392689228057861328e+00 -6.608828902244567871e-01 0.000000000000000000e+00
9.354461669921875000e+00 -9.143964767456054688e+00 0.000000000000000000e+00
-1.903744697570800781e+00 8.586530685424804688e-01 0.000000000000000000e+00
2.172689437866210938e+00 3.592000246047973633e+00 0.000000000000000000e+00
3.844722032546997070e+00 4.767295360565185547e+00 0.000000000000000000e+00
-4.790232181549072266e+00 1.591309928894042969e+01 0.000000000000000000e+00
1.141914844512939453e+00 5.647959709167480469e-01 0.000000000000000000e+00
-5.755402565002441406e+00 4.702466487884521484e+00 0.000000000000000000e+00
-1.024114990234375000e+01 6.174157142639160156e+00 0.000000000000000000e+00
-1.425003433227539062e+01 2.797825098037719727e+00 0.000000000000000000e+00
-1.293096542358398438e+01 -3.375565052032470703e+00 0.000000000000000000e+00
1.065654945373535156e+01 7.025488018989562988e-01 0.000000000000000000e+00
2.677504301071166992e+00 -1.020334053039550781e+01 0.000000000000000000e+00
4.234851360321044922e+00 -8.548231124877929688e+00 0.000000000000000000e+00
-1.369806861877441406e+01 7.551266193389892578e+00 0.000000000000000000e+00
1.059114456176757812e+00 5.388305187225341797e+00 0.000000000000000000e+00
1.353852653503417969e+01 -2.225839138031005859e+00 0.000000000000000000e+00
1.055601596832275391e+01 1.264817237854003906e+01 0.000000000000000000e+00
-7.593136310577392578e+00 5.654200077056884766e+00 0.000000000000000000e+00
-1.323934078216552734e+01 -8.729392051696777344e+00 0.000000000000000000e+00
-1.007996940612792969e+01 -3.913317441940307617e+00 0.000000000000000000e+00
-1.640362930297851562e+01 4.509998798370361328e+00 0.000000000000000000e+00
9.681400299072265625e+00 -1.411598014831542969e+01 0.000000000000000000e+00
-4.893724918365478516e+00 -6.761229038238525391e+00 0.000000000000000000e+00
-6.063794136047363281e+00 6.221106529235839844e+00 0.000000000000000000e+00
-1.209740161895751953e+01 1.142420291900634766e+01 0.000000000000000000e+00
1.119272232055664062e+01 -1.158210659027099609e+01 0.000000000000000000e+00
-7.592558383941650391e+00 1.162946987152099609e+01 0.000000000000000000e+00
9.786454200744628906e+00 3.883014917373657227e+00 0.000000000000000000e+00
6.813612937927246094e+00 9.772860527038574219e+00 0.000000000000000000e+00
1.007369041442871094e+00 -5.033696174621582031e+00 0.000000000000000000e+00
1.178403568267822266e+01 2.667885065078735352e+00 0.000000000000000000e+00
-6.754313945770263672e+00 9.667021751403808594e+00 0.000000000000000000e+00
-1.519646549224853516e+01 -2.694938421249389648e+00 0.000000000000000000e+00
2.857209205627441406e+00 6.338695049285888672e+00 0.000000000000000000e+00
1.162500762939453125e+01 6.248756885528564453e+00 0.000000000000000000e+00
7.081515312194824219e+00 6.811262130737304688e+00 0.000000000000000000e+00
-1.078382873535156250e+01 -2.204318523406982422e+00 0.000000000000000000e+00
-2.953607320785522461e+00 2.091035842895507812e+00 0.000000000000000000e+00
-2.819389104843139648e+00 5.731112003326416016e+00 0.000000000000000000e+00
4.772539615631103516e+00 1.371300506591796875e+01 0.000000000000000000e+00
-6.632050037384033203e+00 -1.322905921936035156e+01 0.000000000000000000e+00
-1.083444118499755859e+01 1.036722755432128906e+01 0.000000000000000000e+00
-1.073427391052246094e+01 4.602658271789550781e+00 0.000000000000000000e+00
2.784940719604492188e+00 -8.109854698181152344e+00 0.000000000000000000e+00
-8.016921997070312500e+00 -1.204393386840820312e+01 0.000000000000000000e+00
-4.422757625579833984e+00 -1.395964717864990234e+01 0.000000000000000000e+00
8.405491828918457031e+00 8.006473541259765625e+00 0.000000000000000000e+00
-1.062467670440673828e+01 4.458331763744354248e-01 0.000000000000000000e+00
1.604841804504394531e+01 5.618503093719482422e+00 0.000000000000000000e+00
-1.382096862792968750e+01 -1.862815499305725098e+00 0.000000000000000000e+00
5.076162338256835938e+00 3.153797388076782227e+00 0.000000000000000000e+00
1.286768245697021484e+01 -5.024631500244140625e+00 0.000000000000000000e+00
7.021553039550781250e+00 -5.389482021331787109e+00 0.000000000000000000e+00
1.042552947998046875e+01 1.108676052093505859e+01 0.000000000000000000e+00
2.341923952102661133e+00 -4.141854763031005859e+00 0.000000000000000000e+00
1.317460346221923828e+01 4.248480319976806641e+00 0.000000000000000000e+00
-1.027832317352294922e+01 1.394686985015869141e+01 0.000000000000000000e+00
-6.469900131225585938e+00 -1.099636077880859375e+01 0.000000000000000000e+00
-1.686621856689453125e+01 -1.850629925727844238e+00 0.000000000000000000e+00
3.338558197021484375e+00 -1.176975154876708984e+01 0.000000000000000000e+00
5.255307674407958984e+00 1.543003463745117188e+01 0.000000000000000000e+00
3.194965839385986328e+00 -1.459967708587646484e+01 0.000000000000000000e+00
5.200088977813720703e+00 -1.618194770812988281e+01 0.000000000000000000e+00
-8.715965270996093750e+00 9.231651306152343750e+00 0.000000000000000000e+00
-6.810581684112548828e-01 -8.295265197753906250e+00 0.000000000000000000e+00
-1.462494182586669922e+01 4.540486335754394531e+00 0.000000000000000000e+00
-1.175971794128417969e+01 -7.859612703323364258e-01 0.000000000000000000e+00
-7.190806388854980469e+00 -6.389014244079589844e+00 0.000000000000000000e+00
-1.122535133361816406e+01 -9.365371704101562500e+00 0.000000000000000000e+00
5.284013748168945312e-01 7.686738491058349609e+00 0.000000000000000000e+00
8.086068153381347656e+00 -3.200232088565826416e-01 0.000000000000000000e+00
8.209585189819335938e+00 -1.493063545227050781e+01 0.000000000000000000e+00
1.597740554809570312e+01 6.356920599937438965e-01 0.000000000000000000e+00
6.291267395019531250e+00 1.321106433868408203e+01 0.000000000000000000e+00
2.316245555877685547e+00 1.664513587951660156e+00 0.000000000000000000e+00
4.498739719390869141e+00 -1.008950805664062500e+01 0.000000000000000000e+00
-2.450124740600585938e+00 8.197038650512695312e+00 0.000000000000000000e+00
-2.657298088073730469e+00 -4.565127372741699219e+00 0.000000000000000000e+00
-1.275765419006347656e+01 3.324448347091674805e+00 0.000000000000000000e+00
-4.503182888031005859e+00 1.081484889984130859e+01 0.000000000000000000e+00
-5.600144386291503906e+00 -9.540616035461425781e+00 0.000000000000000000e+00
-6.520441532135009766e+00 2.825722217559814453e+00 0.000000000000000000e+00
1.063388919830322266e+01 -5.460318565368652344e+00 0.000000000000000000e+00
-1.741917800903320312e+01 1.318013310432434082e+00 0.000000000000000000e+00
-1.515974807739257812e+01 -8.557413101196289062e+00 0.000000000000000000e+00
1.508870315551757812e+01 3.557934284210205078e+00 0.000000000000000000e+00
5.333969593048095703e+00 1.182920360565185547e+01 0.000000000000000000e+00
-8.050317764282226562e+00 -1.047445297241210938e+00 0.000000000000000000e+00
2.108302116394042969e+00 1.734351158142089844e+01 0.000000000000000000e+00
7.693449974060058594e+00 -2.694245338439941406e+00 0.000000000000000000e+00
1.030315113067626953e+01 5.476789474487304688e+00 0.000000000000000000e+00
1.509879016876220703e+01 -8.672773361206054688e+00 0.000000000000000000e+00
-1.183558177947998047e+01 -5.054643630981445312e+00 0.000000000000000000e+00
1.403010845184326172e+00 -1.117880630493164062e+01 0.000000000000000000e+00
-9.835192680358886719e+00 -1.419345569610595703e+01 0.000000000000000000e+00
5.110267639160156250e+00 -5.558880805969238281e+00 0.000000000000000000e+00
7.138883113861083984e+00 4.935098171234130859e+00 0.000000000000000000e+00
