1.202810955047607422e+01 2.381429523229598999e-01 0.000000000000000000e+00
4.613070487976074219e+00 -7.147728919982910156e+00 0.000000000000000000e+00
-2.924605607986450195e+00 1.592335605621337891e+01 0.000000000000000000e+00
-5.316837310791015625e+00 7.353478908538818359e+00 0.000000000000000000e+00
-1.158179283142089844e+01 -4.212812900543212891e+00 0.000000000000000000e+00
1.339652347564697266e+01 -5.154346942901611328e+00 0.000000000000000000e+00
7.651031017303466797e+00 -1.497398376464843750e+01 0.000000000000000000e+00
-5.767768383026123047e+00 -8.934608459472656250e+00 0.000000000000000000e+00
-3.432787656784057617e+00 -1.242490386962890625e+01 0.000000000000000000e+00
-4.132843017578125000e+00 2.419296264648437500e+00 0.000000000000000000e+00
2.044122666120529175e-01 -6.527564525604248047e+00 0.000000000000000000e+00
-7.189299583435058594e+00 3.775897264480590820e+00 0.000000000000000000e+00
1.821298480033874512e+00 -1.212544059753417969e+01 0.000000000000000000e+00
-8.624421119689941406e+00 -1.503473949432373047e+01 0.000000000000000000e+00
-9.401573181152343750e+00 -4.271580696105957031e+00 0.000000000000000000e+00
1.166035270690917969e+01 5.993986606597900391e+00 0.000000000000000000e+00
-2.596175909042358398e+00 -7.087584495544433594e+00 0.000000000000000000e+00
-1.874154686927795410e+00 -1.166598126292228699e-01 0.000000000000000000e+00
-1.138058280944824219e+01 -6.154769420623779297e+00 0.000000000000000000e+00
3.034781217575073242e+00 -7.411615848541259766e+00 0.000000000000000000e+00
2.830324411392211914e+00 6.147137641906738281e+00 0.000000000000000000e+00
8.866006851196289062e+00 1.179522871971130371e+00 0.000000000000000000e+00
-1.510422110557556152e+00 1.241952705383300781e+01 0.000000000000000000e+00
1.350858879089355469e+01 -3.497694253921508789e+00 0.000000000000000000e+00
4.075945019721984863e-01 -1.486542987823486328e+01 0.000000000000000000e+00
-6.666094303131103516e+00 -1.292722702026367188e+01 0.000000000000000000e+00
-1.046400833129882812e+01 1.000115299224853516e+01 0.000000000000000000e+00
8.281707763671875000e+00 8.504264831542968750e+00 0.000000000000000000e+00
3.061362504959106445e+00 9.571621894836425781e+00 0.000000000000000000e+00
-1.662442016601562500e+01 9.642904251813888550e-02 0.000000000000000000e+00
-3.136090278625488281e+00 -1.441191768646240234e+01 0.000000000000000000e+00
-1.448207569122314453e+01 9.064565658569335938e+00 0.000000000000000000e+00
8.036989212036132812e+00 -2.983529806137084961e+00 0.000000000000000000e+00
1.461902976036071777e+00 3.740257978439331055e+00 0.000000000000000000e+00
9.269882202148437500e+00 -1.046212863922119141e+01 0.000000000000000000e+00
1.235793781280517578e+01 -1.000077724456787109e+01 0.000000000000000000e+00
7.735470294952392578e+00 3.384356737136840820e+00 0.000000000000000000e+00
4.434512138366699219e+00 -1.633681106567382812e+01 0.000000000000000000e+00
-7.105381965637207031e+00 -1.497239303588867188e+01 0.000000000000000000e+00
7.582792639732360840e-02 -3.898050785064697266e+00 0.000000000000000000e+00
-1.575265526771545410e+00 -8.211762428283691406e+00 0.000000000000000000e+00
1.238552474975585938e+01 -7.851955413818359375e+00 0.000000000000000000e+00
-4.856176853179931641e+00 -1.590065860748291016e+01 0.000000000000000000e+00
-7.929138541221618652e-01 -2.604274272918701172e+00 0.000000000000000000e+00
5.899993896484375000e+00 -5.124965667724609375e+00 0.000000000000000000e+00
-2.527626991271972656e+00 -4.457023143768310547e+00 0.000000000000000000e+00
-8.106240272521972656e+00 1.308489513397216797e+01 0.000000000000000000e+00
-6.158092975616455078e+00 8.705968856811523438e+00 0.000000000000000000e+00
2.343599796295166016e+00 1.328344249725341797e+01 0.000000000000000000e+00
-9.214984893798828125e+00 1.015742421150207520e+00 0.000000000000000000e+00
-3.777957439422607422e+00 3.913323163986206055e+00 0.000000000000000000e+00
6.179141044616699219e+00 1.342347526550292969e+01 0.000000000000000000e+00
6.873234510421752930e-01 -1.068509864807128906e+01 0.000000000000000000e+00
6.897700786590576172e+00 -1.837483763694763184e+00 0.000000000000000000e+00
-8.109365463256835938e+00 -8.183881759643554688e+00 0.000000000000000000e+00
-1.566093540191650391e+01 -5.042706489562988281e+00 0.000000000000000000e+00
-1.474337196350097656e+01 6.880322933197021484e+00 0.000000000000000000e+00
-1.474179029464721680e+00 9.889786720275878906e+00 0.000000000000000000e+00
-5.478488922119140625e+00 1.085443115234375000e+01 0.000000000000000000e+00
4.906123638153076172e+00 9.188510894775390625e+00 0.000000000000000000e+00
-1.449106502532958984e+01 -6.278716087341308594e+00 0.000000000000000000e+00
4.179329872131347656e+00 2.509772062301635742e+00 0.000000000000000000e+00
-7.735105514526367188e+00 7.341609001159667969e+00 0.000000000000000000e+00
-8.256764411926269531e+00 -3.219515562057495117e+00 0.000000000000000000e+00
-1.472337055206298828e+01 -1.010574817657470703e+00 0.000000000000000000e+00
-1.354295372962951660e+00 -1.230811309814453125e+01 0.000000000000000000e+00
6.411663293838500977e-01 6.834131240844726562e+00 0.000000000000000000e+00
-5.670999526977539062e+00 -1.565599679946899414e+00 0.000000000000000000e+00
6.426872730255126953e+00 5.649610519409179688e+00 0.000000000000000000e+00
3.011320352554321289e+00 -4.060026705265045166e-01 0.000000000000000000e+00
6.912618160247802734e+00 1.067496395111083984e+01 0.000000000000000000e+00
-1.024208736419677734e+01 4.992326736450195312e+00 0.000000000000000000e+00
1.360894489288330078e+01 6.606081962585449219e+00 0.000000000000000000e+00
3.144969224929809570e+00 1.670831871032714844e+01 0.000000000000000000e+00
-7.060056686401367188e+00 1.028901767730712891e+01 0.000000000000000000e+00
-6.426842212677001953e+00 -1.069853401184082031e+01 0.000000000000000000e+00
-8.645748138427734375e+00 4.342357635498046875e+00 0.000000000000000000e+00
-1.325255751609802246e+00 6.124216556549072266e+00 0.000000000000000000e+00
-1.330254173278808594e+01 -2.302917480468750000e+00 0.000000000000000000e+00
1.098553562164306641e+01 -4.286502838134765625e+00 0.000000000000000000e+00
7.616362571716308594e-01 1.298809146881103516e+01 0.000000000000000000e+00
-5.514792919158935547e+00 1.409931755065917969e+01 0.000000000000000000e+00
1.220675945281982422e+00 1.086572933197021484e+01 0.000000000000000000e+00
1.461761188507080078e+01 3.897845983505249023e+00 0.000000000000000000e+00
9.963682174682617188e+00 4.891785621643066406e+00 0.000000000000000000e+00
7.774562358856201172e+00 1.311629486083984375e+01 0.000000000000000000e+00
9.224699974060058594e+00 7.013900756835937500e+00 0.000000000000000000e+00
1.700015830993652344e+01 -2.770086824893951416e-01 0.000000000000000000e+00
9.585453987121582031e+00 -6.244627952575683594e+00 0.000000000000000000e+00
1.028060722351074219e+01 8.849577903747558594e+00 0.000000000000000000e+00
3.372129201889038086e+00 -1.409516716003417969e+01 0.000000000000000000e+00
1.508334636688232422e+01 -8.823848724365234375e+00 0.000000000000000000e+00
-7.126522660255432129e-01 4.121292114257812500e+00 0.000000000000000000e+00
3.689406394958496094e+00 1.431729125976562500e+01 0.000000000000000000e+00
-1.081315326690673828e+01 1.154808616638183594e+01 0.000000000000000000e+00
-9.525343894958496094e+00 8.293519020080566406e+00 0.000000000000000000e+00
-1.093946933746337891e+01 -8.835253715515136719e+00 0.000000000000000000e+00
5.510779857635498047e+00 -7.129486203193664551e-01 0.000000000000000000e+00
1.135145282745361328e+01 -1.236164927482604980e+00 0.000000000000000000e+00
-1.365895366668701172e+01 -4.959317684173583984e+00 0.000000000000000000e+00
4.437075138092041016e+00 -9.928392410278320312e+00 0.000000000000000000e+00
-1.111533069610595703e+01 4.518587887287139893e-01 0.000000000000000000e+00
1.055060958862304688e+01 1.325072860717773438e+01 0.000000000000000000e+00
1.468420124053955078e+01 9.586279988288879395e-01 0.000000000000000000e+00
1.376791477203369141e+01 9.606377601623535156e+00 0.000000000000000000e+00
-3.797498703002929688e+00 -2.885772705078125000e+00 0.000000000000000000e+00
1.136859130859375000e+01 1.161800289154052734e+01 0.000000000000000000e+00
9.323230981826782227e-01 -1.728242683410644531e+01 0.000000000000000000e+00
1.384261989593505859e+01 -7.451912879943847656e+00 0.000000000000000000e+00
-5.013939857482910156e+00 -5.313055992126464844e+00 0.000000000000000000e+00
-7.081297397613525391e+00 -5.598537445068359375e+00 0.000000000000000000e+00
-8.586218953132629395e-01 -5.243416309356689453e+00 0.000000000000000000e+00
-1.385254383087158203e+01 2.641475439071655273e+00 0.000000000000000000e+00
8.550460815429687500e+00 -1.289907264709472656e+01 0.000000000000000000e+00
1.182622432708740234e+01 -2.984893560409545898e+00 0.000000000000000000e+00
1.616596937179565430e+00 -2.668126821517944336e+00 0.000000000000000000e+00
5.890463829040527344e+00 -1.508187389373779297e+01 0.000000000000000000e+00
1.476080989837646484e+01 -2.507416248321533203e+00 0.000000000000000000e+00
-4.433737277984619141e+00 1.536872482299804688e+01 0.000000000000000000e+00
9.185423851013183594e+00 1.227836036682128906e+01 0.000000000000000000e+00
-3.400388717651367188e+00 -9.577110290527343750e+00 0.000000000000000000e+00
-1.739228516817092896e-01 4.381283819675445557e-01 0.000000000000000000e+00
1.660346984863281250e+00 9.791184067726135254e-01 0.000000000000000000e+00
5.942441463470458984e+00 -1.088839721679687500e+01 0.000000000000000000e+00
1.470843887329101562e+01 -5.643331408500671387e-01 0.000000000000000000e+00
-2.566167593002319336e+00 -1.502221703529357910e+00 0.000000000000000000e+00
-7.225552558898925781e+00 1.582018184661865234e+01 0.000000000000000000e+00
4.404783248901367188e+00 6.489752292633056641e+00 0.000000000000000000e+00
-9.752024650573730469e+00 -7.027711868286132812e+00 0.000000000000000000e+00
-1.511148071289062500e+01 -2.924881458282470703e+00 0.000000000000000000e+00
5.560400962829589844e+00 1.470349788665771484e+00 0.000000000000000000e+00
1.613109207153320312e+01 -4.254296302795410156e+00 0.000000000000000000e+00
4.932812690734863281e+00 4.940022468566894531e+00 0.000000000000000000e+00
-3.720412254333496094e-01 8.107459068298339844e+00 0.000000000000000000e+00
-5.684649348258972168e-01 -1.717004203796386719e+01 0.000000000000000000e+00
1.565996932983398438e+01 6.777997016906738281e+00 0.000000000000000000e+00
1.034952449798583984e+01 9.500346779823303223e-01 0.000000000000000000e+00
1.612870025634765625e+01 -5.881487369537353516e+00 0.000000000000000000e+00
1.049815177917480469e+01 -1.358304309844970703e+01 0.000000000000000000e+00
2.745105266571044922e+00 -9.825275421142578125e+00 0.000000000000000000e+00
-1.270064544677734375e+01 6.915405273437500000e+00 0.000000000000000000e+00
-5.018702030181884766e+00 1.081725955009460449e+00 0.000000000000000000e+00
-3.192133665084838867e+00 -1.672876739501953125e+01 0.000000000000000000e+00
8.231456756591796875e+00 -8.240947723388671875e+00 0.000000000000000000e+00
1.323816585540771484e+01 2.201478004455566406e+00 0.000000000000000000e+00
-1.664583969116210938e+01 4.798303127288818359e+00 0.000000000000000000e+00
-1.109540367126464844e+01 1.336518955230712891e+01 0.000000000000000000e+00
4.387345314025878906e+00 -3.979909896850585938e+00 0.000000000000000000e+00
-1.466777992248535156e+01 4.527423858642578125e+00 0.000000000000000000e+00
3.775544404983520508e+00 -1.248312568664550781e+01 0.000000000000000000e+00
-1.100121593475341797e+01 -1.186853694915771484e+01 0.000000000000000000e+00
3.794176340103149414e+00 -2.374711036682128906e+00 0.000000000000000000e+00
-1.231982994079589844e+01 -7.498102664947509766e+00 0.000000000000000000e+00
1.282755565643310547e+01 4.486107826232910156e+00 0.000000000000000000e+00
9.847211837768554688e+00 1.039557075500488281e+01 0.000000000000000000e+00
1.526348781585693359e+01 2.353846788406372070e+00 0.000000000000000000e+00
-5.733659744262695312e+00 4.682381629943847656e+00 0.000000000000000000e+00
-3.920556306838989258e+00 -7.883496761322021484e+00 0.000000000000000000e+00
1.106096458435058594e+01 2.910217761993408203e+00 0.000000000000000000e+00
-1.203542518615722656e+01 -8.068459630012512207e-01 0.000000000000000000e+00
-1.296709346771240234e+01 1.073680782318115234e+01 0.000000000000000000e+00
6.214583873748779297e+00 1.615254211425781250e+01 0.000000000000000000e+00
-1.703188896179199219e+01 -2.382421016693115234e+00 0.000000000000000000e+00
-8.418405532836914062e+00 -1.147895050048828125e+01 0.000000000000000000e+00
2.592658698558807373e-01 -1.491700410842895508e+00 0.000000000000000000e+00
-3.833099603652954102e-01 -9.416400909423828125e+00 0.000000000000000000e+00
-1.087231540679931641e+01 2.933758020401000977e+00 0.000000000000000000e+00
-9.493864059448242188e+00 -1.284371185302734375e+01 0.000000000000000000e+00
-1.252415180206298828e+01 -1.040118026733398438e+01 0.000000000000000000e+00
-7.283951282501220703e+00 5.509518980979919434e-01 0.000000000000000000e+00
-1.043844604492187500e+01 -1.898967862129211426e+00 0.000000000000000000e+00
2.402687519788742065e-01 1.563666915893554688e+01 0.000000000000000000e+00
-5.227419853210449219e+00 -1.442637348175048828e+01 0.000000000000000000e+00
-1.094114494323730469e+01 -1.345669078826904297e+01 0.000000000000000000e+00
2.753291368484497070e+00 -4.083384513854980469e+00 0.000000000000000000e+00
5.969805240631103516e+00 7.864289760589599609e+00 0.000000000000000000e+00
2.043542146682739258e+00 -5.926083087921142578e+00 0.000000000000000000e+00
1.645164871215820312e+01 -2.677098751068115234e+00 0.000000000000000000e+00
-7.933733463287353516e+00 5.779765129089355469e+00 0.000000000000000000e+00
4.002669811248779297e+00 1.280211448669433594e+01 0.000000000000000000e+00
9.270333290100097656e+00 -1.505581140518188477e+00 0.000000000000000000e+00
-2.156820774078369141e+00 1.461372089385986328e+01 0.000000000000000000e+00
-1.157947349548339844e+01 8.783656120300292969e+00 0.000000000000000000e+00
-3.558912754058837891e+00 1.197622680664062500e+01 0.000000000000000000e+00
-2.104660272598266602e+00 2.880216598510742188e+00 0.000000000000000000e+00
5.619130134582519531e+00 -1.308197116851806641e+01 0.000000000000000000e+00
-8.636928558349609375e+00 -4.427093267440795898e-01 0.000000000000000000e+00
2.963024377822875977e+00 8.054470062255859375e+00 0.000000000000000000e+00
2.251709699630737305e-01 -1.323021030426025391e+01 0.000000000000000000e+00
9.786097407341003418e-01 5.168103218078613281e+00 0.000000000000000000e+00
4.718225479125976562e+00 1.569340610504150391e+01 0.000000000000000000e+00
5.456959605216979980e-01 9.454542160034179688e+00 0.000000000000000000e+00
2.397513866424560547e+00 -1.655378341674804688e+01 0.000000000000000000e+00
4.837582588195800781e+00 1.091356182098388672e+01 0.000000000000000000e+00
-1.650537490844726562e+01 3.273051738739013672e+00 0.000000000000000000e+00
7.493904113769531250e+00 -5.747567653656005859e+00 0.000000000000000000e+00
1.012283420562744141e+01 -8.923339843750000000e+00 0.000000000000000000e+00
1.543616390228271484e+01 5.162351608276367188e+00 0.000000000000000000e+00
-1.414918994903564453e+01 -9.582650184631347656e+00 0.000000000000000000e+00
1.817811131477355957e+00 -1.390200901031494141e+01 0.000000000000000000e+00
-1.286780261993408203e+01 4.146852970123291016e+00 0.000000000000000000e+00
6.160736083984375000e+00 2.964326381683349609e+00 0.000000000000000000e+00
-1.249237060546875000e+01 1.216304683685302734e+01 0.000000000000000000e+00
-4.827006340026855469e+00 -1.168547916412353516e+01 0.000000000000000000e+00
8.196472167968750000e+00 1.545192432403564453e+01 0.000000000000000000e+00
9.290207028388977051e-01 -8.663031578063964844e+00 0.000000000000000000e+00
-9.116492271423339844e+00 -9.563903808593750000e+00 0.000000000000000000e+00
-1.387115859985351562e+01 8.799045681953430176e-01 0.000000000000000000e+00
-3.313600301742553711e+00 8.457513809204101562e+00 0.000000000000000000e+00
6.714881420135498047e+00 -7.155192852020263672e+00 0.000000000000000000e+00
-1.527519321441650391e+01 -8.264433860778808594e+00 0.000000000000000000e+00
-1.315873146057128906e+00 -1.501173496246337891e+01 0.000000000000000000e+00
-6.610787868499755859e+00 -7.372734069824218750e+00 0.000000000000000000e+00
-6.927629470825195312e+00 2.023033142089843750e+00 0.000000000000000000e+00
1.132094955444335938e+01 -6.726564884185791016e+00 0.000000000000000000e+00
-8.407688140869140625e+00 2.575192689895629883e+00 0.000000000000000000e+00
-1.196326351165771484e+01 1.720250844955444336e+00 0.000000000000000000e+00
-1.185713195800781250e+01 5.459044456481933594e+00 0.000000000000000000e+00
2.534083127975463867e+00 2.338209152221679688e+00 0.000000000000000000e+00
-3.795869112014770508e+00 9.910385131835937500e+00 0.000000000000000000e+00
6.521368503570556641e+00 -9.163043975830078125e+00 0.000000000000000000e+00
-9.034225463867187500e+00 1.111543464660644531e+01 0.000000000000000000e+00
1.229201698303222656e+01 -1.163584613800048828e+01 0.000000000000000000e+00
3.297948837280273438e+00 3.824736833572387695e+00 0.000000000000000000e+00
-6.345841884613037109e+00 1.235798740386962891e+01 0.000000000000000000e+00
7.540280818939208984e+00 6.973659992218017578e+00 0.000000000000000000e+00
-1.540480518341064453e+01 1.871341943740844727e+00 0.000000000000000000e+00
-6.167032718658447266e+00 -4.312333583831787109e+00 0.000000000000000000e+00
9.270563125610351562e+00 3.083638191223144531e+00 0.000000000000000000e+00
-4.462860584259033203e+00 -5.654899477958679199e-01 0.000000000000000000e+00
-1.074520874023437500e+01 7.283393383026123047e+00 0.000000000000000000e+00
4.225968360900878906e+00 -5.525773048400878906e+00 0.000000000000000000e+00
7.199145793914794922e+00 6.512272953987121582e-01 0.000000000000000000e+00
-9.841177940368652344e+00 1.440330505371093750e+01 0.000000000000000000e+00
-7.146061062812805176e-01 2.202050447463989258e+00 0.000000000000000000e+00
-3.645516633987426758e+00 6.169288158416748047e+00 0.000000000000000000e+00
1.652321434020996094e+01 3.434343338012695312e+00 0.000000000000000000e+00
1.072882366180419922e+01 -1.087164592742919922e+01 0.000000000000000000e+00
-3.732436418533325195e+00 1.356089496612548828e+01 0.000000000000000000e+00
6.181715011596679688e+00 -3.629818916320800781e+00 0.000000000000000000e+00
1.143907833099365234e+01 9.919890403747558594e+00 0.000000000000000000e+00
9.216849327087402344e+00 -4.557929039001464844e+00 0.000000000000000000e+00
-1.289525866508483887e+00 1.589092254638671875e+01 0.000000000000000000e+00
1.187001323699951172e+01 7.592759132385253906e+00 0.000000000000000000e+00
-1.348273181915283203e+01 5.573890686035156250e+00 0.000000000000000000e+00
1.688640403747558594e+01 1.665947198867797852e+00 0.000000000000000000e+00
-6.716110706329345703e-01 1.402298736572265625e+01 0.000000000000000000e+00
7.432849884033203125e+00 -1.162169075012207031e+01 0.000000000000000000e+00
-1.891502857208251953e+00 -1.014168262481689453e+01 0.000000000000000000e+00
1.347139072418212891e+01 -8.937880516052246094e+00 0.000000000000000000e+00
1.297913265228271484e+01 1.109429740905761719e+01 0.000000000000000000e+00
-5.730263710021972656e+00 3.039532661437988281e+00 0.000000000000000000e+00
-8.524943351745605469e+00 9.565285682678222656e+00 0.000000000000000000e+00
-1.599508762359619141e+01 -6.557648181915283203e+00 0.000000000000000000e+00
5.204206109046936035e-01 1.717057228088378906e+01 0.000000000000000000e+00
1.447146511077880859e+01 7.980129718780517578e+00 0.000000000000000000e+00
