-1.070842075347900391e+01 -7.714998722076416016e+00 0.000000000000000000e+00
-1.223955154418945312e+01 -1.042820072174072266e+01 0.000000000000000000e+00
-1.029564476013183594e+01 5.632952213287353516e+00 0.000000000000000000e+00
2.183464527130126953e+00 -1.536997318267822266e+00 0.000000000000000000e+00
8.377970457077026367e-01 -1.379797267913818359e+01 0.000000000000000000e+00
-4.913390636444091797e+00 -1.651082420349121094e+01 0.000000000000000000e+00
5.384326934814453125e+00 1.198122024536132812e+01 0.000000000000000000e+00
-1.081262969970703125e+01 1.635967612266540527e+00 0.000000000000000000e+00
4.318228721618652344e+00 -1.363153648376464844e+01 0.000000000000000000e+00
-7.382029533386230469e+00 -7.493485927581787109e+00 0.000000000000000000e+00
1.676556205749511719e+01 7.783239483833312988e-01 0.000000000000000000e+00
1.092343711853027344e+01 -9.020804405212402344e+00 0.000000000000000000e+00
-1.388312244415283203e+01 6.206462383270263672e+00 0.000000000000000000e+00
1.495616626739501953e+01 1.097128033638000488e+00 0.000000000000000000e+00
9.857415199279785156e+00 1.256193065643310547e+01 0.000000000000000000e+00
1.745943784713745117e+00 1.653384089469909668e+00 0.000000000000000000e+00
4.316471099853515625e+00 -2.518875122070312500e+00 0.000000000000000000e+00
7.903424739837646484e+00 -2.099311351776123047e+00 0.000000000000000000e+00
8.089985847473144531e+00 6.636856198310852051e-01 0.000000000000000000e+00
5.286446571350097656e+00 9.768826961517333984e-01 0.000000000000000000e+00
1.248544120788574219e+01 4.424408912658691406e+00 0.000000000000000000e+00
-9.154902458190917969e+00 -1.521603465080261230e-01 0.000000000000000000e+00
-5.340913772583007812e+00 1.333436965942382812e+01 0.000000000000000000e+00
-5.869496822357177734e+00 -7.804518222808837891e+00 0.000000000000000000e+00
6.566472053527832031e+00 8.195574760437011719e+00 0.000000000000000000e+00
-1.360408020019531250e+01 -8.170428276062011719e+00 0.000000000000000000e+00
1.168608093261718750e+01 -5.317311286926269531e+00 0.000000000000000000e+00
-7.342957973480224609e+00 -2.369279146194458008e+00 0.000000000000000000e+00
6.947436809539794922e+00 -1.360020923614501953e+01 0.000000000000000000e+00
1.388148975372314453e+01 -2.229655981063842773e+00 0.000000000000000000e+00
1.158018875122070312e+01 2.503418684005737305e+00 0.000000000000000000e+00
7.232356071472167969e-01 -3.950125217437744141e+00 0.000000000000000000e+00
4.327777385711669922e+00 1.499676418304443359e+01 0.000000000000000000e+00
-5.527152538299560547e+00 -1.857444524765014648e+00 0.000000000000000000e+00
1.383500576019287109e+01 7.445920467376708984e+00 0.000000000000000000e+00
-1.146783065795898438e+01 -1.305045795440673828e+01 0.000000000000000000e+00
1.358744525909423828e+01 1.053926658630371094e+01 0.000000000000000000e+00
-5.281248092651367188e+00 9.958081841468811035e-01 0.000000000000000000e+00
-1.038985061645507812e+01 1.391759014129638672e+01 0.000000000000000000e+00
3.526414155960083008e+00 8.192989349365234375e+00 0.000000000000000000e+00
-1.365701436996459961e+00 1.522772502899169922e+01 0.000000000000000000e+00
7.418642997741699219e+00 -8.053374290466308594e+00 0.000000000000000000e+00
9.506734848022460938e+00 -1.062435626983642578e+01 0.000000000000000000e+00
6.401490211486816406e+00 6.377557754516601562e+00 0.000000000000000000e+00
8.107192039489746094e+00 7.230295658111572266e+00 0.000000000000000000e+00
1.583170413970947266e+01 -6.250846385955810547e+00 0.000000000000000000e+00
1.379814910888671875e+01 2.475109338760375977e+00 0.000000000000000000e+00
7.621267318725585938e+00 2.962530374526977539e+00 0.000000000000000000e+00
-6.018002033233642578e-01 -7.151964306831359863e-01 0.000000000000000000e+00
-1.343863391876220703e+01 8.472266197204589844e+00 0.000000000000000000e+00
-5.922460079193115234e+00 7.415791511535644531e+00 0.000000000000000000e+00
-1.433586359024047852e+00 -1.107597351074218750e+01 0.000000000000000000e+00
-1.198444366455078125e+01 -2.893789768218994141e+00 0.000000000000000000e+00
-1.650454521179199219e+01 1.387363314628601074e+00 0.000000000000000000e+00
-1.265629196166992188e+01 -6.410398483276367188e+00 0.000000000000000000e+00
-8.047761917114257812e-01 5.373991966247558594e+00 0.000000000000000000e+00
1.593267917633056641e+01 3.256745338439941406e+00 0.000000000000000000e+00
1.642427444458007812e+01 -2.294679880142211914e+00 0.000000000000000000e+00
-6.974528312683105469e+00 -5.563541412353515625e+00 0.000000000000000000e+00
-8.488284111022949219e+00 9.500267028808593750e+00 0.000000000000000000e+00
-7.847989559173583984e+00 -1.023031139373779297e+01 0.000000000000000000e+00
-2.000781774520874023e+00 -6.318977355957031250e+00 0.000000000000000000e+00
1.023830890655517578e+01 -1.258389663696289062e+01 0.000000000000000000e+00
-4.206614494323730469e+00 6.358102321624755859e+00 0.000000000000000000e+00
-1.360479545593261719e+01 -1.001773118972778320e+00 0.000000000000000000e+00
3.514881134033203125e+00 2.540122032165527344e+00 0.000000000000000000e+00
-1.720086669921875000e+01 -1.111982703208923340e+00 0.000000000000000000e+00
9.437789767980575562e-02 1.722473907470703125e+01 0.000000000000000000e+00
-9.900582313537597656e+00 3.872652292251586914e+00 0.000000000000000000e+00
-1.882084488868713379e+00 7.475549727678298950e-02 0.000000000000000000e+00
-3.724547386169433594e+00 1.353694534301757812e+01 0.000000000000000000e+00
-1.596710395812988281e+01 5.901732444763183594e+00 0.000000000000000000e+00
-7.770584106445312500e+00 -4.031467437744140625e+00 0.000000000000000000e+00
1.005896663665771484e+01 -5.171703815460205078e+00 0.000000000000000000e+00
5.162408828735351562e+00 -1.544153213500976562e+01 0.000000000000000000e+00
7.717613697052001953e+00 -1.127897071838378906e+01 0.000000000000000000e+00
-5.968777656555175781e+00 -1.118291950225830078e+01 0.000000000000000000e+00
-3.026753425598144531e+00 1.057636833190917969e+01 0.000000000000000000e+00
-3.761034250259399414e+00 -1.518486595153808594e+01 0.000000000000000000e+00
1.501064300537109375e+00 5.674454689025878906e+00 0.000000000000000000e+00
1.077497673034667969e+01 4.283575534820556641e+00 0.000000000000000000e+00
-6.969326496124267578e+00 1.162122058868408203e+01 0.000000000000000000e+00
-1.479441928863525391e+01 9.338577270507812500e+00 0.000000000000000000e+00
-1.697515869140625000e+01 -4.125832557678222656e+00 0.000000000000000000e+00
1.183740234375000000e+01 1.192386150360107422e+01 0.000000000000000000e+00
1.587274551391601562e+00 1.695329093933105469e+01 0.000000000000000000e+00
1.242891979217529297e+01 -1.121997356414794922e+01 0.000000000000000000e+00
-6.363228797912597656e+00 -4.161430597305297852e-01 0.000000000000000000e+00
-8.150046348571777344e+00 1.491332340240478516e+01 0.000000000000000000e+00
-8.223200798034667969e+00 1.284090423583984375e+01 0.000000000000000000e+00
1.773992116795852780e-04 8.751098632812500000e+00 0.000000000000000000e+00
3.617142200469970703e+00 -1.036888957023620605e+00 0.000000000000000000e+00
-5.225728511810302734e+00 5.208136558532714844e+00 0.000000000000000000e+00
3.283748149871826172e+00 -5.255301475524902344e+00 0.000000000000000000e+00
-2.154831647872924805e+00 1.362364673614501953e+01 0.000000000000000000e+00
1.094625186920166016e+01 6.328248977661132812e+00 0.000000000000000000e+00
-1.240835666656494141e+01 4.202551364898681641e+00 0.000000000000000000e+00
-9.461804628372192383e-01 1.234488677978515625e+01 0.000000000000000000e+00
-4.655753612518310547e+00 -6.246486663818359375e+00 0.000000000000000000e+00
-1.058507919311523438e+01 7.957808017730712891e+00 0.000000000000000000e+00
9.784699440002441406e+00 2.178435564041137695e+00 0.000000000000000000e+00
5.310384273529052734e+00 3.613208770751953125e+00 0.000000000000000000e+00
1.104532337188720703e+01 8.971888542175292969e+00 0.000000000000000000e+00
3.373099565505981445e+00 -1.216467571258544922e+01 0.000000000000000000e+00
-1.191058158874511719e+00 3.371846914291381836e+00 0.000000000000000000e+00
-1.751457810401916504e+00 1.793131947517395020e+00 0.000000000000000000e+00
1.557438659667968750e+01 7.049688339233398438e+00 0.000000000000000000e+00
-2.842808246612548828e+00 -1.649493789672851562e+01 0.000000000000000000e+00
-4.343278884887695312e+00 -1.179478740692138672e+01 0.000000000000000000e+00
3.489761590957641602e+00 -1.678230857849121094e+01 0.000000000000000000e+00
-8.505435943603515625e+00 -1.395116329193115234e+01 0.000000000000000000e+00
-1.106588459014892578e+01 -5.485300064086914062e+00 0.000000000000000000e+00
1.431828975677490234e+01 4.121824741363525391e+00 0.000000000000000000e+00
5.158984184265136719e+00 -9.539211988449096680e-01 0.000000000000000000e+00
8.773489952087402344e+00 9.025073051452636719e+00 0.000000000000000000e+00
3.347676992416381836e+00 9.963240623474121094e+00 0.000000000000000000e+00
-1.383277320861816406e+01 -4.021848678588867188e+00 0.000000000000000000e+00
-8.803852081298828125e+00 1.120555496215820312e+01 0.000000000000000000e+00
5.050258636474609375e-01 -1.718828964233398438e+01 0.000000000000000000e+00
8.074416160583496094e+00 -6.610845565795898438e+00 0.000000000000000000e+00
7.919557094573974609e-01 1.375273990631103516e+01 0.000000000000000000e+00
4.059741020202636719e+00 4.504814624786376953e+00 0.000000000000000000e+00
-3.784347772598266602e+00 -2.955603599548339844e+00 0.000000000000000000e+00
-8.022639274597167969e+00 1.277088999748229980e+00 0.000000000000000000e+00
-4.426496028900146484e+00 1.634707260131835938e+01 0.000000000000000000e+00
-1.772788763046264648e+00 -2.714350938796997070e+00 0.000000000000000000e+00
-1.086134052276611328e+01 1.025105762481689453e+01 0.000000000000000000e+00
-9.038637161254882812e+00 -1.115514850616455078e+01 0.000000000000000000e+00
-7.996958732604980469e+00 3.927368164062500000e+00 0.000000000000000000e+00
-5.750975608825683594e+00 9.241295814514160156e+00 0.000000000000000000e+00
1.445172405242919922e+01 -3.731082677841186523e+00 0.000000000000000000e+00
-1.203672647476196289e+00 7.728855133056640625e+00 0.000000000000000000e+00
-2.846490383148193359e+00 3.665107488632202148e+00 0.000000000000000000e+00
2.874968528747558594e+00 -1.065266418457031250e+01 0.000000000000000000e+00
3.674727678298950195e+00 1.266779613494873047e+01 0.000000000000000000e+00
7.294430732727050781e+00 -4.867891311645507812e+00 0.000000000000000000e+00
1.129883050918579102e+00 9.760237693786621094e+00 0.000000000000000000e+00
1.019136714935302734e+01 1.411829853057861328e+01 0.000000000000000000e+00
4.265391528606414795e-01 -1.214783668518066406e+01 0.000000000000000000e+00
-9.038597106933593750e+00 7.733135223388671875e+00 0.000000000000000000e+00
5.312750816345214844e+00 -6.197397232055664062e+00 0.000000000000000000e+00
-1.212451744079589844e+01 6.779542446136474609e+00 0.000000000000000000e+00
5.275170803070068359e-01 7.247675418853759766e+00 0.000000000000000000e+00
5.259386539459228516e+00 -1.154905033111572266e+01 0.000000000000000000e+00
2.266978263854980469e+00 -8.257988929748535156e+00 0.000000000000000000e+00
-5.374524116516113281e+00 -4.385525226593017578e+00 0.000000000000000000e+00
9.722948670387268066e-01 1.194642353057861328e+01 0.000000000000000000e+00
-3.005243837833404541e-01 -1.579058933258056641e+01 0.000000000000000000e+00
-1.826384305953979492e+00 9.266078948974609375e+00 0.000000000000000000e+00
1.519179248809814453e+01 -7.898601055145263672e+00 0.000000000000000000e+00
1.276512527465820312e+01 -6.819433212280273438e+00 0.000000000000000000e+00
-7.618041038513183594e+00 -1.199833583831787109e+01 0.000000000000000000e+00
3.874751329421997070e+00 -6.667532444000244141e+00 0.000000000000000000e+00
-8.968579292297363281e+00 -2.794806718826293945e+00 0.000000000000000000e+00
1.546849536895751953e+01 -5.281390547752380371e-01 0.000000000000000000e+00
-1.520163536071777344e+01 -6.346342086791992188e+00 0.000000000000000000e+00
-4.630683422088623047e+00 -1.000023174285888672e+01 0.000000000000000000e+00
1.074687194824218750e+01 -3.528640747070312500e+00 0.000000000000000000e+00
-9.132792472839355469e+00 -7.554872989654541016e+00 0.000000000000000000e+00
-7.066821575164794922e+00 5.611718654632568359e+00 0.000000000000000000e+00
7.760456562042236328e+00 -1.496034908294677734e+01 0.000000000000000000e+00
2.379817962646484375e+00 1.352445888519287109e+01 0.000000000000000000e+00
8.606164932250976562e+00 1.466670989990234375e+01 0.000000000000000000e+00
-1.608425140380859375e+01 3.999969959259033203e+00 0.000000000000000000e+00
-1.279998588562011719e+01 2.537904500961303711e+00 0.000000000000000000e+00
1.833063244819641113e+00 4.022501945495605469e+00 0.000000000000000000e+00
-8.757108449935913086e-01 -1.391386222839355469e+01 0.000000000000000000e+00
-8.603388786315917969e+00 5.760386943817138672e+00 0.000000000000000000e+00
1.018544578552246094e+01 -6.767254352569580078e+00 0.000000000000000000e+00
4.606555938720703125e+00 -9.577807426452636719e+00 0.000000000000000000e+00
1.273485660552978516e+01 6.362973690032958984e+00 0.000000000000000000e+00
-1.163432216644287109e+01 -1.187484622001647949e+00 0.000000000000000000e+00
-2.836764335632324219e+00 -8.480939865112304688e+00 0.000000000000000000e+00
-5.944625854492187500e+00 -1.383067893981933594e+01 0.000000000000000000e+00
4.723771512508392334e-01 -1.008457279205322266e+01 0.000000000000000000e+00
1.645710182189941406e+01 -4.035112857818603516e+00 0.000000000000000000e+00
-2.468028545379638672e+00 6.312701225280761719e+00 0.000000000000000000e+00
-1.401626586914062500e+01 3.491795063018798828e+00 0.000000000000000000e+00
-3.614542484283447266e+00 -1.059484243392944336e+00 0.000000000000000000e+00
-7.664896011352539062e+00 -1.540279483795166016e+01 0.000000000000000000e+00
7.687895774841308594e+00 -9.737922668457031250e+00 0.000000000000000000e+00
5.641236305236816406e+00 9.434527397155761719e+00 0.000000000000000000e+00
-1.514885616302490234e+01 -8.660161972045898438e+00 0.000000000000000000e+00
-1.474785614013671875e+01 -2.752123117446899414e+00 0.000000000000000000e+00
-1.003781414031982422e+01 -1.424396514892578125e+01 0.000000000000000000e+00
4.047194480895996094e+00 6.110968112945556641e+00 0.000000000000000000e+00
1.337384414672851562e+01 8.842274546623229980e-01 0.000000000000000000e+00
1.384159278869628906e+01 -5.313099384307861328e+00 0.000000000000000000e+00
-3.422314167022705078e+00 2.272813081741333008e+00 0.000000000000000000e+00
7.081912159919738770e-01 -2.328208923339843750e+00 0.000000000000000000e+00
8.319716453552246094e+00 1.117046833038330078e+01 0.000000000000000000e+00
9.798236846923828125e+00 -6.746999621391296387e-01 0.000000000000000000e+00
1.378992676734924316e+00 -6.013666152954101562e+00 0.000000000000000000e+00
7.665998458862304688e+00 5.115666866302490234e+00 0.000000000000000000e+00
-1.484560489654541016e+01 1.563636541366577148e+00 0.000000000000000000e+00
-1.265297603607177734e+01 9.933568000793457031e+00 0.000000000000000000e+00
5.881783962249755859e+00 -3.143841743469238281e+00 0.000000000000000000e+00
-2.492249161005020142e-01 -7.715414524078369141e+00 0.000000000000000000e+00
-2.964151382446289062e+00 1.712059402465820312e+01 0.000000000000000000e+00
1.051883029937744141e+01 1.108101463317871094e+01 0.000000000000000000e+00
3.244342565536499023e+00 9.209172129631042480e-01 0.000000000000000000e+00
6.571601390838623047e+00 1.319111347198486328e+01 0.000000000000000000e+00
1.381933307647705078e+01 -7.119829654693603516e-01 0.000000000000000000e+00
6.471470832824707031e+00 1.611978530883789062e+01 0.000000000000000000e+00
9.023905754089355469e+00 3.800249099731445312e+00 0.000000000000000000e+00
3.121799468994140625e+00 1.705826950073242188e+01 0.000000000000000000e+00
1.315711116790771484e+01 8.955341339111328125e+00 0.000000000000000000e+00
2.273762464523315430e+00 -1.546607780456542969e+01 0.000000000000000000e+00
-5.670505762100219727e-02 1.050021886825561523e+00 0.000000000000000000e+00
-7.177135944366455078e+00 8.251646995544433594e+00 0.000000000000000000e+00
6.931235194206237793e-01 1.543926906585693359e+01 0.000000000000000000e+00
8.920880317687988281e+00 -3.312585353851318359e+00 0.000000000000000000e+00
-1.616134881973266602e+00 -4.742697238922119141e+00 0.000000000000000000e+00
-1.453034877777099609e+00 -9.450387001037597656e+00 0.000000000000000000e+00
1.150319480895996094e+01 -4.211895912885665894e-02 0.000000000000000000e+00
-4.441904067993164062e+00 7.946614265441894531e+00 0.000000000000000000e+00
-3.604861736297607422e+00 -4.715421676635742188e+00 0.000000000000000000e+00
1.382125282287597656e+01 -1.028727245330810547e+01 0.000000000000000000e+00
3.063344001770019531e+00 -3.615745067596435547e+00 0.000000000000000000e+00
-1.205442142486572266e+01 1.223231983184814453e+01 0.000000000000000000e+00
-6.254203319549560547e+00 -9.652041435241699219e+00 0.000000000000000000e+00
-5.092199802398681641e+00 3.201338768005371094e+00 0.000000000000000000e+00
6.980393409729003906e+00 1.467179870605468750e+01 0.000000000000000000e+00
-3.104597568511962891e+00 -1.294000816345214844e+01 0.000000000000000000e+00
-9.770805358886718750e+00 -9.601394653320312500e+00 0.000000000000000000e+00
9.468911170959472656e+00 6.036111354827880859e+00 0.000000000000000000e+00
-4.265359401702880859e+00 1.145981407165527344e+01 0.000000000000000000e+00
-1.407763862609863281e+01 -9.725299835205078125e+00 0.000000000000000000e+00
2.807596206665039062e+00 1.140249061584472656e+01 0.000000000000000000e+00
1.201796340942382812e+01 -2.700257778167724609e+00 0.000000000000000000e+00
-1.005826282501220703e+01 1.233878326416015625e+01 0.000000000000000000e+00
7.616236209869384766e-01 2.801462650299072266e+00 0.000000000000000000e+00
-8.719109535217285156e+00 -6.036295890808105469e+00 0.000000000000000000e+00
1.425277590751647949e+00 8.883657865226268768e-03 0.000000000000000000e+00
6.266983509063720703e+00 -1.026803874969482422e+01 0.000000000000000000e+00
-3.091518640518188477e+00 1.534192752838134766e+01 0.000000000000000000e+00
-1.578743076324462891e+01 -1.472571343183517456e-01 0.000000000000000000e+00
-2.329773902893066406e+00 -1.447294902801513672e+01 0.000000000000000000e+00
6.709088325500488281e+00 1.106166362762451172e+01 0.000000000000000000e+00
5.868727207183837891e+00 -8.542750358581542969e+00 0.000000000000000000e+00
-9.786202430725097656e+00 -4.278003692626953125e+00 0.000000000000000000e+00
-1.267072010040283203e+01 6.884310841560363770e-01 0.000000000000000000e+00
1.360817337036132812e+01 -8.337506294250488281e+00 0.000000000000000000e+00
4.506803512573242188e+00 -4.203597545623779297e+00 0.000000000000000000e+00
9.027856826782226562e+00 -1.408458423614501953e+01 0.000000000000000000e+00
-1.475938796997070312e+01 4.964084625244140625e+00 0.000000000000000000e+00
4.944580554962158203e+00 7.382668018341064453e+00 0.000000000000000000e+00
1.420653343200683594e+01 5.939162731170654297e+00 0.000000000000000000e+00
1.600342369079589844e+01 5.606856346130371094e+00 0.000000000000000000e+00
-6.697771549224853516e+00 3.147373676300048828e+00 0.000000000000000000e+00
-8.956355094909667969e+00 2.672793149948120117e+00 0.000000000000000000e+00
-5.873443603515625000e+00 1.530144023895263672e+01 0.000000000000000000e+00
9.961512565612792969e+00 7.569808006286621094e+00 0.000000000000000000e+00
1.720361518859863281e+01 -8.707708716392517090e-01 0.000000000000000000e+00
-6.909870624542236328e+00 1.373787975311279297e+01 0.000000000000000000e+00
6.642912387847900391e+00 -1.187016487121582031e+00 0.000000000000000000e+00
