3.771095765049040427e+00 1.257664180250835351e+01 2.142836650076418437e-04
8.318028041067151435e+00 1.015882198987943319e+01 1.940458421314517068e-04
-3.194155211856146259e+00 1.044640690117217119e+01 1.279728541057068014e-04
1.352897651956437297e+00 8.029378946884552448e+00 -4.909456885484608790e-04
5.900823946867330250e+00 5.611471634488173876e+00 -4.450718089725747006e-04
1.044775622288540973e+01 3.193651821297591731e+00 -4.653103747480624719e-04
-1.015829154907407172e+01 8.317479436508687485e+00 3.067751566279142139e-04
-5.611359273055961161e+00 5.899659623879765391e+00 2.865373337521681663e-04
-1.064426997093540939e+00 3.481839810882060959e+00 2.662997896920593632e-04
3.482624873944142330e+00 1.064811951821290403e+00 -3.526918742265960915e-04
8.030551168855035726e+00 -1.353095360575088391e+00 -3.068179946509319578e-04
1.257736384991130052e+01 -3.771707127901035683e+00 2.716965419133909876e-04
-1.257648945903812887e+01 3.770224595904915432e+00 -4.045138720685237388e-04
-8.029557183075707982e+00 1.352404782907211001e+00 -4.247514161288545864e-04
-3.481632084068261523e+00 -1.065510449282348837e+00 -3.728909826764548185e-04
1.065300224894163872e+00 -3.482727184181200641e+00 4.045536040135910838e-04
5.612232500970033122e+00 -5.900546997377336567e+00 3.843150424351904348e-04
1.015916696599431823e+01 -8.318352955643819158e+00 3.661385274247308530e-04
-1.044676223677609528e+01 -3.194336368420377603e+00 -2.582825267416488657e-04
-5.899828967927455814e+00 -5.612156277030686979e+00 -2.784489929683608977e-04
-1.353016286928948597e+00 -8.030768043789420219e+00 3.000662822980615374e-04
3.194035584053074306e+00 -1.044779590265731173e+01 -3.189243599051039268e-04
-8.318146439911110690e+00 -1.015959999366541666e+01 4.066972072278574046e-04
-3.771214163948690690e+00 -1.257741980666312287e+01 3.864596631686367800e-04
