-1.803781867027282715e+00 1.532207012176513672e+01 0.000000000000000000e+00
-1.003735733032226562e+01 -8.441772460937500000e+00 0.000000000000000000e+00
-2.669765949249267578e+00 -1.540791153907775879e+00 0.000000000000000000e+00
-1.343857002258300781e+01 6.045262813568115234e+00 0.000000000000000000e+00
6.049160480499267578e+00 -5.355106830596923828e+00 0.000000000000000000e+00
1.017238020896911621e+00 -5.605239391326904297e+00 0.000000000000000000e+00
-4.179452359676361084e-01 4.101710796356201172e+00 0.000000000000000000e+00
7.590028285980224609e+00 1.464999008178710938e+01 0.000000000000000000e+00
-8.393236160278320312e+00 3.020127534866333008e+00 0.000000000000000000e+00
-1.085861968994140625e+01 -1.269043922424316406e+01 0.000000000000000000e+00
1.221139812469482422e+01 1.005835723876953125e+01 0.000000000000000000e+00
-1.148882579803466797e+01 -1.047955799102783203e+01 0.000000000000000000e+00
-3.515426158905029297e+00 1.131846141815185547e+01 0.000000000000000000e+00
1.151756381988525391e+01 -1.068970870971679688e+01 0.000000000000000000e+00
-1.558847999572753906e+01 -1.620492339134216309e+00 0.000000000000000000e+00
1.039521980285644531e+01 1.151960372924804688e+01 0.000000000000000000e+00
-5.166946887969970703e+00 -1.152361297607421875e+01 0.000000000000000000e+00
5.576027870178222656e+00 2.554997801780700684e-01 0.000000000000000000e+00
5.298287391662597656e+00 1.660748481750488281e+01 0.000000000000000000e+00
6.765552043914794922e+00 -1.445364761352539062e+01 0.000000000000000000e+00
1.296701717376708984e+01 -9.706943511962890625e+00 0.000000000000000000e+00
-4.746601104736328125e+00 1.325514698028564453e+01 0.000000000000000000e+00
-5.053619861602783203e+00 -1.760172247886657715e-01 0.000000000000000000e+00
-8.690696716308593750e+00 -1.327631187438964844e+01 0.000000000000000000e+00
-7.551276683807373047e+00 -1.199767208099365234e+01 0.000000000000000000e+00
3.198138952255249023e+00 -7.389495849609375000e+00 0.000000000000000000e+00
-2.348979473114013672e+00 4.013078510761260986e-01 0.000000000000000000e+00
1.799062192440032959e-01 -8.524722099304199219e+00 0.000000000000000000e+00
-1.140931701660156250e+01 2.655566453933715820e+00 0.000000000000000000e+00
-1.360937213897705078e+01 4.931465685367584229e-01 0.000000000000000000e+00
1.356717467308044434e+00 3.969258785247802734e+00 0.000000000000000000e+00
2.313940048217773438e+00 -4.263559341430664062e+00 0.000000000000000000e+00
-3.888837695121765137e-01 -1.111080074310302734e+01 0.000000000000000000e+00
3.725695848464965820e+00 4.934875488281250000e+00 0.000000000000000000e+00
-1.061629867553710938e+01 5.806088447570800781e+00 0.000000000000000000e+00
9.609517097473144531e+00 3.041782379150390625e+00 0.000000000000000000e+00
1.252927589416503906e+01 3.383584499359130859e+00 0.000000000000000000e+00
1.286581802368164062e+01 1.749810576438903809e+00 0.000000000000000000e+00
-1.069536209106445312e+01 9.826159477233886719e+00 0.000000000000000000e+00
2.719401359558105469e+00 9.115208625793457031e+00 0.000000000000000000e+00
-2.595698833465576172e+00 -1.326899433135986328e+01 0.000000000000000000e+00
7.642341852188110352e-01 -3.280301094055175781e+00 0.000000000000000000e+00
-3.857967615127563477e+00 5.066150188446044922e+00 0.000000000000000000e+00
-7.503610134124755859e+00 1.304927921295166016e+01 0.000000000000000000e+00
-5.120105147361755371e-01 1.125254058837890625e+01 0.000000000000000000e+00
-8.264046669006347656e+00 -3.854532003402709961e+00 0.000000000000000000e+00
-1.508059215545654297e+01 6.553803920745849609e+00 0.000000000000000000e+00
-9.118737220764160156e+00 -1.093131637573242188e+01 0.000000000000000000e+00
-5.181580066680908203e+00 8.828043937683105469e+00 0.000000000000000000e+00
-9.521499633789062500e+00 1.149979019165039062e+01 0.000000000000000000e+00
-1.070319771766662598e+00 -3.528611421585083008e+00 0.000000000000000000e+00
5.449316978454589844e+00 2.495872259140014648e+00 0.000000000000000000e+00
1.107208919525146484e+01 -1.251121425628662109e+01 0.000000000000000000e+00
8.641816139221191406e+00 1.008107089996337891e+01 0.000000000000000000e+00
-7.226468086242675781e+00 1.603401184082031250e+00 0.000000000000000000e+00
4.468387126922607422e+00 -1.428027915954589844e+01 0.000000000000000000e+00
-1.700378799438476562e+01 -3.351852297782897949e-01 0.000000000000000000e+00
2.145941972732543945e+00 1.282129192352294922e+01 0.000000000000000000e+00
1.486925029754638672e+01 1.556452989578247070e+00 0.000000000000000000e+00
-2.869195677340030670e-02 -1.429970359802246094e+01 0.000000000000000000e+00
-8.440385572612285614e-03 7.581632614135742188e+00 0.000000000000000000e+00
-5.410484790802001953e+00 -9.968121528625488281e+00 0.000000000000000000e+00
2.006163120269775391e+00 1.045828151702880859e+01 0.000000000000000000e+00
9.318833351135253906e+00 1.412609100341796875e+01 0.000000000000000000e+00
6.195327281951904297e+00 1.405394172668457031e+01 0.000000000000000000e+00
1.084381961822509766e+01 -5.489299893379211426e-01 0.000000000000000000e+00
1.322694778442382812e+00 1.866858720779418945e+00 0.000000000000000000e+00
1.397419357299804688e+01 -7.702958106994628906e+00 0.000000000000000000e+00
-3.313935041427612305e+00 -1.516836452484130859e+01 0.000000000000000000e+00
-5.184620857238769531e+00 3.909535646438598633e+00 0.000000000000000000e+00
9.370632171630859375e+00 -7.338937282562255859e+00 0.000000000000000000e+00
-1.026195144653320312e+01 -6.226547718048095703e+00 0.000000000000000000e+00
1.098118019104003906e+01 8.290386199951171875e+00 0.000000000000000000e+00
6.481015682220458984e+00 -1.873160600662231445e+00 0.000000000000000000e+00
-5.609010696411132812e+00 1.087414836883544922e+01 0.000000000000000000e+00
8.453255653381347656e+00 -5.820733547210693359e+00 0.000000000000000000e+00
2.267457485198974609e+00 7.552930831909179688e+00 0.000000000000000000e+00
-8.752787590026855469e+00 6.592341899871826172e+00 0.000000000000000000e+00
-1.538424015045166016e+01 3.052453696727752686e-01 0.000000000000000000e+00
-3.190511465072631836e+00 7.395832061767578125e+00 0.000000000000000000e+00
-7.439349651336669922e+00 -6.137736320495605469e+00 0.000000000000000000e+00
-4.344429016113281250e+00 -1.303558444976806641e+01 0.000000000000000000e+00
1.400584411621093750e+01 -1.191728591918945312e+00 0.000000000000000000e+00
6.263802528381347656e+00 5.722761154174804688e+00 0.000000000000000000e+00
-2.298266887664794922e+00 -5.878407001495361328e+00 0.000000000000000000e+00
4.865783214569091797e+00 -1.076768493652343750e+01 0.000000000000000000e+00
-7.686268806457519531e+00 -9.863506555557250977e-01 0.000000000000000000e+00
7.718351364135742188e+00 5.791748166084289551e-01 0.000000000000000000e+00
-1.495037746429443359e+01 -7.757496833801269531e+00 0.000000000000000000e+00
-1.121173763275146484e+01 -8.206633925437927246e-01 0.000000000000000000e+00
-9.235753059387207031e+00 8.212663650512695312e+00 0.000000000000000000e+00
-5.139785766601562500e+00 -3.658114671707153320e+00 0.000000000000000000e+00
1.433449172973632812e+01 -2.990989685058593750e+00 0.000000000000000000e+00
8.870897293090820312e+00 -1.245424747467041016e+01 0.000000000000000000e+00
-1.377286148071289062e+01 -2.002823114395141602e+00 0.000000000000000000e+00
1.661799240112304688e+01 1.211178421974182129e+00 0.000000000000000000e+00
5.057785987854003906e+00 1.188971614837646484e+01 0.000000000000000000e+00
4.256468772888183594e+00 -5.800034523010253906e+00 0.000000000000000000e+00
8.652356147766113281e+00 -1.082277774810791016e+00 0.000000000000000000e+00
1.886511683464050293e+00 -5.244700610637664795e-02 0.000000000000000000e+00
-5.111763954162597656e+00 -7.103368759155273438e+00 0.000000000000000000e+00
-1.629254341125488281e+00 9.329500198364257812e+00 0.000000000000000000e+00
-5.520761966705322266e+00 6.385395526885986328e+00 0.000000000000000000e+00
1.066816425323486328e+01 -3.634822368621826172e+00 0.000000000000000000e+00
3.105238437652587891e+00 -1.474125266075134277e+00 0.000000000000000000e+00
-8.942290306091308594e+00 1.430545616149902344e+01 0.000000000000000000e+00
-1.211804008483886719e+01 -8.854372024536132812e+00 0.000000000000000000e+00
7.521350383758544922e+00 8.771470069885253906e+00 0.000000000000000000e+00
-3.106217861175537109e+00 -8.000582695007324219e+00 0.000000000000000000e+00
5.952186584472656250e+00 -1.220616626739501953e+01 0.000000000000000000e+00
1.347746086120605469e+01 -4.332845687866210938e+00 0.000000000000000000e+00
8.607898712158203125e+00 -3.457654476165771484e+00 0.000000000000000000e+00
-2.216202974319458008e+00 -1.094835758209228516e+01 0.000000000000000000e+00
6.813942909240722656e+00 1.256177997589111328e+01 0.000000000000000000e+00
4.788747787475585938e+00 -4.119676589965820312e+00 0.000000000000000000e+00
5.483733177185058594e+00 -9.123827934265136719e+00 0.000000000000000000e+00
-1.678943634033203125e+01 -4.901222705841064453e+00 0.000000000000000000e+00
3.582053422927856445e+00 -1.562121677398681641e+01 0.000000000000000000e+00
-4.014596462249755859e+00 2.887807130813598633e+00 0.000000000000000000e+00
2.215521097183227539e+00 1.454838848114013672e+01 0.000000000000000000e+00
6.700805187225341797e+00 3.632603168487548828e+00 0.000000000000000000e+00
-5.293317317962646484e+00 -1.449336433410644531e+01 0.000000000000000000e+00
-1.261831283569335938e+00 1.271973705291748047e+01 0.000000000000000000e+00
1.654348945617675781e+01 -1.359705328941345215e+00 0.000000000000000000e+00
-1.007401084899902344e+01 -1.822747349739074707e+00 0.000000000000000000e+00
-9.790031433105468750e+00 2.408662557601928711e+00 0.000000000000000000e+00
1.002548980712890625e+01 6.521762847900390625e+00 0.000000000000000000e+00
-1.252276611328125000e+01 9.321263313293457031e+00 0.000000000000000000e+00
3.746515512466430664e+00 7.035295486450195312e+00 0.000000000000000000e+00
1.250410938262939453e+01 1.243352144956588745e-01 0.000000000000000000e+00
-1.126316261291503906e+01 7.925109386444091797e+00 0.000000000000000000e+00
9.994807243347167969e+00 1.546339273452758789e+00 0.000000000000000000e+00
-1.357236385345458984e+01 4.122001171112060547e+00 0.000000000000000000e+00
4.461382389068603516e+00 -2.352420568466186523e+00 0.000000000000000000e+00
1.416116619110107422e+01 7.605235099792480469e+00 0.000000000000000000e+00
1.428889942169189453e+01 9.300010681152343750e+00 0.000000000000000000e+00
-5.693682670593261719e+00 2.301521539688110352e+00 0.000000000000000000e+00
-6.564076423645019531e+00 -2.367646694183349609e+00 0.000000000000000000e+00
1.917412400245666504e+00 -9.642517089843750000e+00 0.000000000000000000e+00
-6.045258045196533203e+00 1.621197319030761719e+01 0.000000000000000000e+00
-9.054127693176269531e+00 -1.376425623893737793e-01 0.000000000000000000e+00
-1.704192733764648438e+01 2.221946001052856445e+00 0.000000000000000000e+00
-1.340095996856689453e+01 -4.316935062408447266e+00 0.000000000000000000e+00
-3.668446063995361328e+00 1.481709957122802734e+01 0.000000000000000000e+00
5.923588275909423828e+00 1.010136032104492188e+01 0.000000000000000000e+00
5.011428833007812500e+00 8.163570404052734375e+00 0.000000000000000000e+00
-2.550174236297607422e+00 1.979633212089538574e+00 0.000000000000000000e+00
1.348847198486328125e+01 5.926643848419189453e+00 0.000000000000000000e+00
-1.214622497558593750e+01 -6.511410236358642578e+00 0.000000000000000000e+00
-1.144645786285400391e+01 -3.433001995086669922e+00 0.000000000000000000e+00
1.568412017822265625e+01 4.267978668212890625e+00 0.000000000000000000e+00
7.793566226959228516e+00 6.550498485565185547e+00 0.000000000000000000e+00
-1.646611022949218750e+01 5.390649795532226562e+00 0.000000000000000000e+00
1.006354045867919922e+01 -9.607454299926757812e+00 0.000000000000000000e+00
4.352033138275146484e+00 1.328012943267822266e+01 0.000000000000000000e+00
-4.207218170166015625e+00 -1.731880068778991699e+00 0.000000000000000000e+00
-6.547639369964599609e+00 -4.516631603240966797e+00 0.000000000000000000e+00
-1.720888328552246094e+01 -2.658888339996337891e+00 0.000000000000000000e+00
9.257025718688964844e+00 -1.419946765899658203e+01 0.000000000000000000e+00
1.137837600708007812e+01 5.383563518524169922e+00 0.000000000000000000e+00
9.890899658203125000e-01 5.549596309661865234e+00 0.000000000000000000e+00
7.411539077758789062e+00 -9.525888442993164062e+00 0.000000000000000000e+00
-1.088940048217773438e+01 4.232393741607666016e+00 0.000000000000000000e+00
-7.242217659950256348e-01 5.129029974341392517e-02 0.000000000000000000e+00
1.284229469299316406e+01 -2.252243041992187500e+00 0.000000000000000000e+00
-2.988405227661132812e+00 1.291531085968017578e+01 0.000000000000000000e+00
1.115746879577636719e+01 -6.817636966705322266e+00 0.000000000000000000e+00
-2.701775074005126953e+00 3.801828145980834961e+00 0.000000000000000000e+00
1.501732707023620605e+00 1.640937232971191406e+01 0.000000000000000000e+00
-1.711779236793518066e+00 -9.086688995361328125e+00 0.000000000000000000e+00
-3.723736047744750977e+00 -4.869047641754150391e+00 0.000000000000000000e+00
3.780760049819946289e+00 -3.919082134962081909e-02 0.000000000000000000e+00
-1.191757869720458984e+01 1.130800056457519531e+01 0.000000000000000000e+00
-7.816356420516967773e-01 -2.014441013336181641e+00 0.000000000000000000e+00
1.533776879310607910e+00 -1.351914691925048828e+01 0.000000000000000000e+00
-1.693199396133422852e+00 7.024947166442871094e+00 0.000000000000000000e+00
-6.924949169158935547e+00 7.669707775115966797e+00 0.000000000000000000e+00
1.637976074218750000e+01 -4.663208484649658203e+00 0.000000000000000000e+00
-3.865485906600952148e+00 -1.691792106628417969e+01 0.000000000000000000e+00
-1.953967452049255371e+00 1.081636810302734375e+01 0.000000000000000000e+00
-8.119229316711425781e+00 1.003068637847900391e+01 0.000000000000000000e+00
-6.809666156768798828e+00 5.149422645568847656e+00 0.000000000000000000e+00
-3.137226819992065430e+00 9.449713706970214844e+00 0.000000000000000000e+00
-1.407229781150817871e+00 -1.557485198974609375e+01 0.000000000000000000e+00
-2.524043619632720947e-01 1.525251865386962891e+01 0.000000000000000000e+00
1.558032035827636719e+01 -6.452856540679931641e+00 0.000000000000000000e+00
6.969911575317382812e+00 -6.683423519134521484e+00 0.000000000000000000e+00
5.258066177368164062e+00 4.085627555847167969e+00 0.000000000000000000e+00
3.329810619354248047e+00 -1.225095653533935547e+01 0.000000000000000000e+00
-1.043361759185791016e+01 1.286946392059326172e+01 0.000000000000000000e+00
1.435222053527832031e+01 3.397760868072509766e+00 0.000000000000000000e+00
1.195609569549560547e+00 -1.602797508239746094e+01 0.000000000000000000e+00
-1.344514560699462891e+01 7.677003860473632812e+00 0.000000000000000000e+00
-6.541049003601074219e+00 -8.396752357482910156e+00 0.000000000000000000e+00
-7.876593589782714844e+00 -9.536722183227539062e+00 0.000000000000000000e+00
-1.561756896972656250e+01 -3.885813474655151367e+00 0.000000000000000000e+00
9.307621002197265625e+00 8.700415611267089844e+00 0.000000000000000000e+00
3.333047866821289062e+00 1.584210038185119629e+00 0.000000000000000000e+00
-4.230632305145263672e+00 1.113291859626770020e+00 0.000000000000000000e+00
4.158369824290275574e-02 1.348280620574951172e+01 0.000000000000000000e+00
1.576364135742187500e+01 6.858681678771972656e+00 0.000000000000000000e+00
-8.452539443969726562e+00 -1.482324123382568359e+01 0.000000000000000000e+00
1.683133697509765625e+01 -3.182439804077148438e+00 0.000000000000000000e+00
5.329160213470458984e+00 -1.639301109313964844e+01 0.000000000000000000e+00
-1.628040504455566406e+01 3.655059099197387695e+00 0.000000000000000000e+00
-1.182461357116699219e+01 1.164879322052001953e+00 0.000000000000000000e+00
1.351175022125244141e+01 1.100715065002441406e+01 0.000000000000000000e+00
-5.878661870956420898e-01 -5.631082534790039062e+00 0.000000000000000000e+00
1.161183452606201172e+01 -8.733962059020996094e+00 0.000000000000000000e+00
-1.054487705230712891e+00 -1.258171463012695312e+01 0.000000000000000000e+00
-1.466110897064208984e+01 -5.748460769653320312e+00 0.000000000000000000e+00
7.912371158599853516e+00 2.455750703811645508e+00 0.000000000000000000e+00
-2.722819328308105469e+00 -3.605409622192382812e+00 0.000000000000000000e+00
-7.017849922180175781e+00 -1.407528018951416016e+01 0.000000000000000000e+00
1.326131629943847656e+01 -6.067531585693359375e+00 0.000000000000000000e+00
-6.299606323242187500e+00 1.413713741302490234e+01 0.000000000000000000e+00
-1.415129470825195312e+01 9.459109306335449219e+00 0.000000000000000000e+00
-5.579524517059326172e+00 -1.604561233520507812e+01 0.000000000000000000e+00
1.238474559783935547e+01 7.023014068603515625e+00 0.000000000000000000e+00
8.412734031677246094e+00 1.234854125976562500e+01 0.000000000000000000e+00
-9.936295509338378906e+00 -3.971346378326416016e+00 0.000000000000000000e+00
-1.973068118095397949e+00 -1.736500740051269531e+01 0.000000000000000000e+00
1.257239222526550293e+00 -1.491437196731567383e+00 0.000000000000000000e+00
-4.084181785583496094e+00 1.642031478881835938e+01 0.000000000000000000e+00
1.004505825042724609e+01 -5.078828811645507812e+00 0.000000000000000000e+00
4.714711666107177734e+00 -7.614984989166259766e+00 0.000000000000000000e+00
3.772440195083618164e+00 1.560720729827880859e+01 0.000000000000000000e+00
9.496649742126464844e+00 5.086698055267333984e+00 0.000000000000000000e+00
3.467005968093872070e+00 1.087492179870605469e+01 0.000000000000000000e+00
7.200293064117431641e+00 -1.591592311859130859e+01 0.000000000000000000e+00
-1.031740093231201172e+01 9.528192281723022461e-01 0.000000000000000000e+00
-8.483735084533691406e+00 -7.682455062866210938e+00 0.000000000000000000e+00
-1.316317844390869141e+01 2.079760074615478516e+00 0.000000000000000000e+00
-1.336205101013183594e+01 -1.031674480438232422e+01 0.000000000000000000e+00
-2.165893018245697021e-01 1.743526458740234375e+01 0.000000000000000000e+00
9.688135981559753418e-01 1.173234272003173828e+01 0.000000000000000000e+00
1.209632682800292969e+01 1.237209892272949219e+01 0.000000000000000000e+00
-6.727207660675048828e+00 3.547033071517944336e+00 0.000000000000000000e+00
-9.013059616088867188e+00 4.750406265258789062e+00 0.000000000000000000e+00
1.516167998313903809e+00 -1.178214454650878906e+01 0.000000000000000000e+00
7.955359935760498047e+00 -1.125566959381103516e+01 0.000000000000000000e+00
-1.362427520751953125e+01 -8.747024536132812500e+00 0.000000000000000000e+00
7.696977615356445312e+00 4.828362464904785156e+00 0.000000000000000000e+00
-2.027995109558105469e+00 1.700218963623046875e+01 0.000000000000000000e+00
5.803180336952209473e-01 9.985589981079101562e+00 0.000000000000000000e+00
-6.660336971282958984e+00 9.240159988403320312e+00 0.000000000000000000e+00
-1.514115571975708008e+00 5.484804153442382812e+00 0.000000000000000000e+00
2.815722465515136719e+00 -1.717541885375976562e+01 0.000000000000000000e+00
-7.335034608840942383e-01 2.514011144638061523e+00 0.000000000000000000e+00
3.786176681518554688e+00 -9.549288749694824219e+00 0.000000000000000000e+00
1.639637827873229980e+00 -7.877066135406494141e+00 0.000000000000000000e+00
3.823382139205932617e+00 3.033472299575805664e+00 0.000000000000000000e+00
6.890698909759521484e+00 -3.583961009979248047e+00 0.000000000000000000e+00
-1.225808811187744141e+01 4.986818313598632812e+00 0.000000000000000000e+00
-1.272954082489013672e+01 -1.185153198242187500e+01 0.000000000000000000e+00
9.963361740112304688e+00 -1.830471634864807129e+00 0.000000000000000000e+00
