-5.693778038024902344e+00 1.163736629486083984e+01 0.000000000000000000e+00
1.323028922080993652e+00 -6.971305370330810547e+00 0.000000000000000000e+00
-5.279460430145263672e+00 -1.169935894012451172e+01 0.000000000000000000e+00
-4.271362781524658203e+00 1.670303916931152344e+01 0.000000000000000000e+00
1.510051441192626953e+01 3.925279855728149414e+00 0.000000000000000000e+00
6.585121631622314453e+00 7.291322350502014160e-01 0.000000000000000000e+00
-1.474599003791809082e+00 -7.289281368255615234e+00 0.000000000000000000e+00
-5.190365314483642578e+00 8.704524993896484375e+00 0.000000000000000000e+00
-6.027751445770263672e+00 -8.484913825988769531e+00 0.000000000000000000e+00
1.629791450500488281e+01 2.631430149078369141e+00 0.000000000000000000e+00
-1.314799499511718750e+01 -6.000846862792968750e+00 0.000000000000000000e+00
5.024675846099853516e+00 -1.638298225402832031e+01 0.000000000000000000e+00
6.709451675415039062e+00 -8.498163223266601562e-01 0.000000000000000000e+00
1.354940295219421387e+00 -1.025042629241943359e+01 0.000000000000000000e+00
-1.100335502624511719e+01 -1.035031127929687500e+01 0.000000000000000000e+00
5.904768943786621094e+00 -1.299795818328857422e+01 0.000000000000000000e+00
9.110828399658203125e+00 -8.647562026977539062e+00 0.000000000000000000e+00
6.083768844604492188e+00 1.252066516876220703e+01 0.000000000000000000e+00
-6.802834987640380859e+00 7.933047771453857422e+00 0.000000000000000000e+00
-5.319376587867736816e-01 1.013489341735839844e+01 0.000000000000000000e+00
4.750290393829345703e+00 4.348622798919677734e+00 0.000000000000000000e+00
9.925924539566040039e-01 8.160098075866699219e+00 0.000000000000000000e+00
-2.368059158325195312e+00 1.522194480895996094e+01 0.000000000000000000e+00
1.082652378082275391e+01 8.371160507202148438e+00 0.000000000000000000e+00
6.869209289550781250e+00 9.796572685241699219e+00 0.000000000000000000e+00
2.937898635864257812e+00 -1.143161773681640625e+00 0.000000000000000000e+00
8.025399595499038696e-02 1.562813377380371094e+01 0.000000000000000000e+00
-1.118658256530761719e+01 -6.632479667663574219e+00 0.000000000000000000e+00
3.802190542221069336e+00 -1.333259010314941406e+01 0.000000000000000000e+00
1.158779335021972656e+01 3.247488498687744141e+00 0.000000000000000000e+00
-1.422322368621826172e+01 -1.440565437078475952e-01 0.000000000000000000e+00
1.448692321777343750e+01 7.320136070251464844e+00 0.000000000000000000e+00
1.170188188552856445e+00 -1.411459732055664062e+01 0.000000000000000000e+00
-8.693517684936523438e+00 -6.952891349792480469e+00 0.000000000000000000e+00
-5.435657501220703125e+00 -3.292840242385864258e+00 0.000000000000000000e+00
-2.366111993789672852e+00 6.231180191040039062e+00 0.000000000000000000e+00
-1.158770465850830078e+01 -1.274755764007568359e+01 0.000000000000000000e+00
-1.509220981597900391e+01 -2.380599498748779297e+00 0.000000000000000000e+00
-8.327713608741760254e-01 4.223109722137451172e+00 0.000000000000000000e+00
1.247744464874267578e+01 -8.268187522888183594e+00 0.000000000000000000e+00
-8.440594673156738281e+00 -1.180192089080810547e+01 0.000000000000000000e+00
1.332298946380615234e+01 -5.572072029113769531e+00 0.000000000000000000e+00
-1.438982367515563965e+00 7.760452270507812500e+00 0.000000000000000000e+00
3.393289744853973389e-01 -1.591017961502075195e+00 0.000000000000000000e+00
-4.005903244018554688e+00 2.731071949005126953e+00 0.000000000000000000e+00
1.018017101287841797e+01 -6.654980182647705078e+00 0.000000000000000000e+00
-4.361073970794677734e+00 -2.365900427103042603e-01 0.000000000000000000e+00
-1.217657184600830078e+01 1.032252025604248047e+01 0.000000000000000000e+00
-1.705865478515625000e+01 9.402632117271423340e-01 0.000000000000000000e+00
-1.299585437774658203e+01 -1.057277965545654297e+01 0.000000000000000000e+00
8.365043640136718750e+00 5.036828994750976562e+00 0.000000000000000000e+00
3.136878728866577148e+00 8.922801971435546875e+00 0.000000000000000000e+00
-1.177758026123046875e+01 -4.440718650817871094e+00 0.000000000000000000e+00
3.223607778549194336e+00 -7.434467792510986328e+00 0.000000000000000000e+00
-2.227613210678100586e+00 -1.214917945861816406e+01 0.000000000000000000e+00
-6.922455787658691406e+00 9.496348381042480469e+00 0.000000000000000000e+00
7.884012222290039062e+00 -1.543407249450683594e+01 0.000000000000000000e+00
-4.438144207000732422e+00 6.794599533081054688e+00 0.000000000000000000e+00
3.863608598709106445e+00 -4.185881137847900391e+00 0.000000000000000000e+00
3.305841445922851562e+00 1.336067485809326172e+01 0.000000000000000000e+00
-1.687561988830566406e+01 3.875314235687255859e+00 0.000000000000000000e+00
-2.755286931991577148e+00 1.520922660827636719e+00 0.000000000000000000e+00
-1.093137645721435547e+01 8.369176864624023438e+00 0.000000000000000000e+00
-7.108832359313964844e+00 1.868252873420715332e+00 0.000000000000000000e+00
-1.199725437164306641e+01 -5.382454991340637207e-01 0.000000000000000000e+00
1.562899780273437500e+01 -6.815598964691162109e+00 0.000000000000000000e+00
-5.479693889617919922e+00 -1.522309589385986328e+01 0.000000000000000000e+00
7.223950862884521484e+00 -1.048099994659423828e+01 0.000000000000000000e+00
6.714721202850341797e+00 7.172122001647949219e+00 0.000000000000000000e+00
1.215501689910888672e+01 -3.831173181533813477e-01 0.000000000000000000e+00
-3.776695013046264648e+00 -1.112501049041748047e+01 0.000000000000000000e+00
1.186125159263610840e+00 -5.409196853637695312e+00 0.000000000000000000e+00
-2.677603960037231445e+00 -1.619361305236816406e+01 0.000000000000000000e+00
4.319406986236572266e+00 6.590974926948547363e-01 0.000000000000000000e+00
-1.654551625251770020e+00 -5.244407653808593750e-01 0.000000000000000000e+00
1.002919006347656250e+01 -9.471448659896850586e-01 0.000000000000000000e+00
1.203713417053222656e+01 -3.472779989242553711e+00 0.000000000000000000e+00
-4.236558437347412109e+00 1.381444072723388672e+01 0.000000000000000000e+00
-8.411310911178588867e-01 2.105352640151977539e+00 0.000000000000000000e+00
-9.807556152343750000e+00 1.608713507652282715e+00 0.000000000000000000e+00
-1.313573741912841797e+01 1.856373548507690430e+00 0.000000000000000000e+00
-8.639988899230957031e+00 -4.818807125091552734e+00 0.000000000000000000e+00
3.954296827316284180e+00 2.806684494018554688e+00 0.000000000000000000e+00
1.907766103744506836e+00 1.242594051361083984e+01 0.000000000000000000e+00
-1.512667179107666016e+01 7.533905506134033203e+00 0.000000000000000000e+00
-3.234962224960327148e+00 -1.414247035980224609e+01 0.000000000000000000e+00
3.695956230163574219e+00 -5.821719169616699219e+00 0.000000000000000000e+00
-2.928504534065723419e-02 -1.638221931457519531e+01 0.000000000000000000e+00
1.000894165039062500e+01 1.338140201568603516e+01 0.000000000000000000e+00
6.865272521972656250e-01 5.861340999603271484e+00 0.000000000000000000e+00
4.571141242980957031e+00 -1.111613464355468750e+01 0.000000000000000000e+00
3.180474519729614258e+00 5.403720855712890625e+00 0.000000000000000000e+00
-9.552241325378417969e+00 -1.825424194335937500e+00 0.000000000000000000e+00
4.367250442504882812e+00 6.554731369018554688e+00 0.000000000000000000e+00
9.970227241516113281e+00 -3.707609653472900391e+00 0.000000000000000000e+00
-1.612515068054199219e+01 -3.828441619873046875e+00 0.000000000000000000e+00
1.668655967712402344e+01 -4.757217884063720703e+00 0.000000000000000000e+00
3.958682417869567871e-01 1.225042247772216797e+01 0.000000000000000000e+00
-5.530892848968505859e+00 1.597704172134399414e+00 0.000000000000000000e+00
-7.104926586151123047e+00 -1.258728408813476562e+01 0.000000000000000000e+00
-3.058358192443847656e+00 -2.363150119781494141e+00 0.000000000000000000e+00
7.635080218315124512e-01 3.300365686416625977e+00 0.000000000000000000e+00
4.950199127197265625e+00 -6.886579513549804688e+00 0.000000000000000000e+00
3.887482881546020508e+00 1.154901981353759766e+01 0.000000000000000000e+00
3.945567369461059570e+00 -9.742176055908203125e+00 0.000000000000000000e+00
-7.137504100799560547e+00 2.071488499641418457e-01 0.000000000000000000e+00
-8.744676589965820312e+00 1.135349050164222717e-01 0.000000000000000000e+00
-1.565984535217285156e+01 -6.619019031524658203e+00 0.000000000000000000e+00
-5.304502964019775391e+00 1.516565704345703125e+01 0.000000000000000000e+00
3.380643367767333984e+00 -1.512421417236328125e+01 0.000000000000000000e+00
-1.198231410980224609e+01 4.087424755096435547e+00 0.000000000000000000e+00
-9.668738365173339844e+00 4.310129642486572266e+00 0.000000000000000000e+00
-4.726158618927001953e+00 -1.337363243103027344e+01 0.000000000000000000e+00
1.640787315368652344e+01 -2.466250658035278320e+00 0.000000000000000000e+00
1.429304981231689453e+01 9.418004989624023438e+00 0.000000000000000000e+00
1.310899829864501953e+01 3.924265861511230469e+00 0.000000000000000000e+00
4.069543838500976562e+00 1.699845123291015625e+01 0.000000000000000000e+00
1.443572235107421875e+01 -2.164209485054016113e-01 0.000000000000000000e+00
-1.147258186340332031e+01 1.271740913391113281e+00 0.000000000000000000e+00
-3.259881138801574707e-01 1.368598365783691406e+01 0.000000000000000000e+00
-8.773560523986816406e+00 1.290548419952392578e+01 0.000000000000000000e+00
-9.049443244934082031e+00 -9.641364097595214844e+00 0.000000000000000000e+00
1.622185707092285156e+01 -1.355677843093872070e-01 0.000000000000000000e+00
-2.275357961654663086e+00 1.349862289428710938e+01 0.000000000000000000e+00
9.608556747436523438e+00 1.244306087493896484e+00 0.000000000000000000e+00
-1.058590888977050781e+01 -8.447218894958496094e+00 0.000000000000000000e+00
1.298825836181640625e+01 1.425043106079101562e+00 0.000000000000000000e+00
8.051093101501464844e+00 8.484469354152679443e-02 0.000000000000000000e+00
1.012656402587890625e+01 -1.385655879974365234e+01 0.000000000000000000e+00
1.489841699600219727e+00 -1.182165145874023438e+01 0.000000000000000000e+00
8.010509490966796875e+00 1.464279079437255859e+01 0.000000000000000000e+00
1.138123607635498047e+01 4.760269641876220703e+00 0.000000000000000000e+00
-2.629985094070434570e+00 -4.297257423400878906e+00 0.000000000000000000e+00
-3.283667087554931641e+00 -6.356582641601562500e+00 0.000000000000000000e+00
5.217056751251220703e+00 -1.798060655593872070e+00 0.000000000000000000e+00
1.017326259613037109e+01 -1.041605281829833984e+01 0.000000000000000000e+00
5.784861087799072266e+00 3.121696710586547852e+00 0.000000000000000000e+00
-4.483301639556884766e+00 -7.676685810089111328e+00 0.000000000000000000e+00
8.488311767578125000e+00 -1.184031867980957031e+01 0.000000000000000000e+00
-1.294470787048339844e+00 -9.810742378234863281e+00 0.000000000000000000e+00
-8.753059387207031250e+00 1.004661273956298828e+01 0.000000000000000000e+00
-1.385059738159179688e+01 5.573024272918701172e+00 0.000000000000000000e+00
-4.855920314788818359e+00 -6.030189990997314453e+00 0.000000000000000000e+00
-8.450562477111816406e+00 8.521931648254394531e+00 0.000000000000000000e+00
-1.507353687286376953e+01 -4.979053020477294922e+00 0.000000000000000000e+00
1.125499057769775391e+01 -5.087951660156250000e+00 0.000000000000000000e+00
1.506344890594482422e+01 5.584997653961181641e+00 0.000000000000000000e+00
-7.135646820068359375e+00 -4.027815818786621094e+00 0.000000000000000000e+00
5.037875652313232422e+00 1.007802009582519531e+01 0.000000000000000000e+00
-1.115659618377685547e+01 5.654268741607666016e+00 0.000000000000000000e+00
1.334490776062011719e+01 -9.665889739990234375e+00 0.000000000000000000e+00
-6.356112957000732422e-01 -1.203048992156982422e+01 0.000000000000000000e+00
1.009889507293701172e+01 1.034526824951171875e+01 0.000000000000000000e+00
1.418761062622070312e+01 -3.299556732177734375e+00 0.000000000000000000e+00
-8.951053619384765625e+00 -1.430571174621582031e+01 0.000000000000000000e+00
-1.389440441131591797e+01 8.465443611145019531e+00 0.000000000000000000e+00
7.073493003845214844e+00 -2.755440950393676758e+00 0.000000000000000000e+00
-1.466364097595214844e+01 1.319720864295959473e+00 0.000000000000000000e+00
2.723885536193847656e+00 1.574783611297607422e+01 0.000000000000000000e+00
5.226621150970458984e+00 1.511518573760986328e+01 0.000000000000000000e+00
-5.623323917388916016e+00 3.910908937454223633e+00 0.000000000000000000e+00
6.444685935974121094e+00 -1.444197368621826172e+01 0.000000000000000000e+00
-1.744163894653320312e+01 -1.059072732925415039e+00 0.000000000000000000e+00
-3.502316951751708984e+00 -9.073187828063964844e+00 0.000000000000000000e+00
7.361865043640136719e-02 1.954770386219024658e-01 0.000000000000000000e+00
1.241949558258056641e+01 8.790451049804687500e+00 0.000000000000000000e+00
-7.880832195281982422e+00 -8.266006469726562500e+00 0.000000000000000000e+00
-7.857859611511230469e+00 4.295283317565917969e+00 0.000000000000000000e+00
-9.006311416625976562e+00 1.462309551239013672e+01 0.000000000000000000e+00
2.430109500885009766e+00 -8.839030265808105469e+00 0.000000000000000000e+00
-7.008320093154907227e-01 -5.038345336914062500e+00 0.000000000000000000e+00
1.162482166290283203e+01 1.069252681732177734e+01 0.000000000000000000e+00
-1.161325216293334961e+00 -1.347235870361328125e+01 0.000000000000000000e+00
6.308602809906005859e+00 5.556107997894287109e+00 0.000000000000000000e+00
6.453531742095947266e+00 -6.879479885101318359e+00 0.000000000000000000e+00
1.103589439392089844e+01 -1.182028293609619141e+01 0.000000000000000000e+00
5.729118347167968750e+00 -4.361039638519287109e+00 0.000000000000000000e+00
-6.816292285919189453e+00 -1.031997966766357422e+01 0.000000000000000000e+00
1.127632141113281250e+00 1.073986148834228516e+01 0.000000000000000000e+00
-1.590139865875244141e+01 -2.847384810447692871e-01 0.000000000000000000e+00
-1.425573945045471191e+00 -3.184081315994262695e+00 0.000000000000000000e+00
-3.931794643402099609e+00 9.747986793518066406e+00 0.000000000000000000e+00
-1.421794700622558594e+01 -3.746506690979003906e+00 0.000000000000000000e+00
-6.849793910980224609e+00 1.292074584960937500e+01 0.000000000000000000e+00
7.594712257385253906e+00 -7.940804958343505859e+00 0.000000000000000000e+00
-7.018305301666259766e+00 6.407262325286865234e+00 0.000000000000000000e+00
1.166685199737548828e+01 -1.015497398376464844e+01 0.000000000000000000e+00
9.130061149597167969e+00 3.562265396118164062e+00 0.000000000000000000e+00
-1.364010810852050781e+01 -8.743280410766601562e+00 0.000000000000000000e+00
4.968642234802246094e+00 -1.483403682708740234e+01 0.000000000000000000e+00
7.244718074798583984e+00 3.740467786788940430e+00 0.000000000000000000e+00
-8.069155216217041016e-01 6.365797519683837891e+00 0.000000000000000000e+00
1.467434215545654297e+01 -8.546624183654785156e+00 0.000000000000000000e+00
1.131374549865722656e+01 9.324327707290649414e-01 0.000000000000000000e+00
-3.508116304874420166e-01 -8.615270614624023438e+00 0.000000000000000000e+00
-4.235409259796142578e+00 -1.696338844299316406e+01 0.000000000000000000e+00
-7.270944595336914062e+00 1.506132316589355469e+01 0.000000000000000000e+00
8.894537925720214844e+00 8.948313713073730469e+00 0.000000000000000000e+00
-1.028845214843750000e+01 -3.298809528350830078e+00 0.000000000000000000e+00
1.138862514495849609e+01 6.562457561492919922e+00 0.000000000000000000e+00
-1.008040714263916016e+01 -1.198555660247802734e+01 0.000000000000000000e+00
5.198168754577636719e+00 7.853884220123291016e+00 0.000000000000000000e+00
1.079422664642333984e+01 -8.382449150085449219e+00 0.000000000000000000e+00
-8.650050163269042969e+00 6.522252559661865234e+00 0.000000000000000000e+00
9.551234245300292969e+00 6.267531394958496094e+00 0.000000000000000000e+00
1.864339351654052734e+00 1.111398577690124512e+00 0.000000000000000000e+00
3.736763715744018555e+00 -2.568398475646972656e+00 0.000000000000000000e+00
-3.495409727096557617e+00 1.166509151458740234e+01 0.000000000000000000e+00
1.340335845947265625e+01 5.749573707580566406e+00 0.000000000000000000e+00
2.064644098281860352e+00 -1.645995521545410156e+01 0.000000000000000000e+00
-1.188483905792236328e+01 7.032686233520507812e+00 0.000000000000000000e+00
8.833334922790527344e+00 -2.486853837966918945e+00 0.000000000000000000e+00
8.666140556335449219e+00 1.203282070159912109e+01 0.000000000000000000e+00
6.080406665802001953e+00 -9.327183723449707031e+00 0.000000000000000000e+00
-7.157914638519287109e+00 -1.466968059539794922e+01 0.000000000000000000e+00
-1.312512588500976562e+01 -1.685625672340393066e+00 0.000000000000000000e+00
-1.410346126556396484e+01 1.020114707946777344e+01 0.000000000000000000e+00
8.406891822814941406e+00 -4.708868503570556641e+00 0.000000000000000000e+00
-1.569252014160156250e+00 1.726890563964843750e+01 0.000000000000000000e+00
-6.841662883758544922e+00 -5.627391815185546875e+00 0.000000000000000000e+00
-1.024171638488769531e+01 1.167318344116210938e+01 0.000000000000000000e+00
8.213658332824707031e+00 7.566116809844970703e+00 0.000000000000000000e+00
-1.025740146636962891e+01 -4.858886241912841797e+00 0.000000000000000000e+00
-7.357853889465332031e+00 1.105807590484619141e+01 0.000000000000000000e+00
-2.886652469635009766e+00 3.844707489013671875e+00 0.000000000000000000e+00
2.158018827438354492e+00 -3.106381416320800781e+00 0.000000000000000000e+00
1.296001243591308594e+01 1.152138900756835938e+01 0.000000000000000000e+00
-5.150614261627197266e+00 -9.943099975585937500e+00 0.000000000000000000e+00
4.727613449096679688e+00 -8.422245979309082031e+00 0.000000000000000000e+00
-1.474944114685058594e+00 1.132134437561035156e+01 0.000000000000000000e+00
1.266830825805664062e+01 -1.131924533843994141e+01 0.000000000000000000e+00
-1.357127189636230469e+01 3.768617868423461914e+00 0.000000000000000000e+00
-1.090866184234619141e+01 1.356527137756347656e+01 0.000000000000000000e+00
2.443137645721435547e+00 1.723132705688476562e+01 0.000000000000000000e+00
1.511535072326660156e+01 -5.306743621826171875e+00 0.000000000000000000e+00
1.382640838623046875e+01 -7.212549686431884766e+00 0.000000000000000000e+00
-1.503298950195312500e+01 -7.993806362152099609e+00 0.000000000000000000e+00
1.131830215454101562e+01 1.239821815490722656e+01 0.000000000000000000e+00
-2.984161615371704102e+00 8.214126586914062500e+00 0.000000000000000000e+00
-1.537415122985839844e+01 3.733712911605834961e+00 0.000000000000000000e+00
1.446274471282958984e+01 2.387295007705688477e+00 0.000000000000000000e+00
-7.054266452789306641e+00 -1.382616043090820312e+00 0.000000000000000000e+00
-1.241994190216064453e+01 1.231285190582275391e+01 0.000000000000000000e+00
-1.143864440917968750e+01 -2.060835838317871094e+00 0.000000000000000000e+00
8.106306076049804688e+00 -1.377045536041259766e+01 0.000000000000000000e+00
1.453257274627685547e+01 -1.793506622314453125e+00 0.000000000000000000e+00
8.532290458679199219e+00 -6.215322017669677734e+00 0.000000000000000000e+00
-2.229655504226684570e+00 9.520576477050781250e+00 0.000000000000000000e+00
1.206052112579345703e+01 -6.674518108367919922e+00 0.000000000000000000e+00
-3.696941852569580078e+00 5.363602161407470703e+00 0.000000000000000000e+00
2.323902845382690430e+00 6.743811607360839844e+00 0.000000000000000000e+00
2.443619012832641602e+00 3.836652994155883789e+00 0.000000000000000000e+00
-1.869454622268676758e+00 -1.491661834716796875e+01 0.000000000000000000e+00
7.187552452087402344e+00 1.138166618347167969e+01 0.000000000000000000e+00
7.961180686950683594e+00 1.729205489158630371e+00 0.000000000000000000e+00
1.288257789611816406e+01 7.306910991668701172e+00 0.000000000000000000e+00
