-6.554979801177978516e+00 1.315893268585205078e+01 0.000000000000000000e+00
-9.334860444068908691e-01 1.144794654846191406e+01 0.000000000000000000e+00
2.362133741378784180e+00 2.089277505874633789e+00 0.000000000000000000e+00
6.737689495086669922e+00 -1.910841226577758789e+00 0.000000000000000000e+00
6.517941951751708984e+00 1.607654380798339844e+01 0.000000000000000000e+00
4.785330295562744141e+00 -1.309180140495300293e+00 0.000000000000000000e+00
1.000508499145507812e+01 -8.656943321228027344e+00 0.000000000000000000e+00
-1.312215685844421387e+00 -1.418798828125000000e+01 0.000000000000000000e+00
-9.064515113830566406e+00 -1.380733680725097656e+01 0.000000000000000000e+00
-5.869898319244384766e+00 -1.407121467590332031e+01 0.000000000000000000e+00
1.440405082702636719e+01 -7.497181415557861328e+00 0.000000000000000000e+00
1.117789936065673828e+01 -3.018378496170043945e+00 0.000000000000000000e+00
7.579722404479980469e+00 4.776957988739013672e+00 0.000000000000000000e+00
7.895761013031005859e+00 -1.316063880920410156e+01 0.000000000000000000e+00
6.199990749359130859e+00 9.901438713073730469e+00 0.000000000000000000e+00
-4.354210853576660156e+00 1.580598640441894531e+01 0.000000000000000000e+00
-1.431380271911621094e+00 -1.207286453247070312e+01 0.000000000000000000e+00
1.435039520263671875e+00 -4.832119464874267578e+00 0.000000000000000000e+00
6.464749336242675781e+00 1.818411111831665039e+00 0.000000000000000000e+00
-1.272860908508300781e+01 4.358632087707519531e+00 0.000000000000000000e+00
8.378233909606933594e+00 1.365379714965820312e+01 0.000000000000000000e+00
7.565085887908935547e-01 6.407554626464843750e+00 0.000000000000000000e+00
-8.984906196594238281e+00 3.156507253646850586e+00 0.000000000000000000e+00
8.331342697143554688e+00 -1.298939585685729980e+00 0.000000000000000000e+00
-3.904636144638061523e+00 -1.095869159698486328e+01 0.000000000000000000e+00
6.007948398590087891e+00 -9.218212127685546875e+00 0.000000000000000000e+00
7.555067539215087891e+00 6.645376682281494141e+00 0.000000000000000000e+00
1.348081874847412109e+01 -2.781145811080932617e+00 0.000000000000000000e+00
-7.455393791198730469e+00 -2.876116991043090820e+00 0.000000000000000000e+00
-1.075967025756835938e+01 1.353591060638427734e+01 0.000000000000000000e+00
-6.774055480957031250e+00 1.086773777008056641e+01 0.000000000000000000e+00
4.632778644561767578e+00 5.298622846603393555e-01 0.000000000000000000e+00
8.378226280212402344e+00 1.100513935089111328e+01 0.000000000000000000e+00
1.800324440002441406e+00 1.254960346221923828e+01 0.000000000000000000e+00
2.650233745574951172e+00 6.717668533325195312e+00 0.000000000000000000e+00
4.906323432922363281e+00 -1.563931655883789062e+01 0.000000000000000000e+00
-1.568207550048828125e+01 5.150619029998779297e+00 0.000000000000000000e+00
1.509019660949707031e+01 4.744656085968017578e+00 0.000000000000000000e+00
5.127274990081787109e-01 3.792785167694091797e+00 0.000000000000000000e+00
9.539007186889648438e+00 1.218021488189697266e+01 0.000000000000000000e+00
7.519751548767089844e+00 -6.629218101501464844e+00 0.000000000000000000e+00
4.106406211853027344e+00 4.554760932922363281e+00 0.000000000000000000e+00
6.597327232360839844e+00 1.396821022033691406e+01 0.000000000000000000e+00
-5.757686614990234375e+00 -3.472199678421020508e+00 0.000000000000000000e+00
-5.181634426116943359e+00 -9.560675621032714844e+00 0.000000000000000000e+00
1.125668144226074219e+01 -6.845557689666748047e-01 0.000000000000000000e+00
-1.449627876281738281e+01 2.135981172323226929e-01 0.000000000000000000e+00
-1.076402950286865234e+01 -1.175506401062011719e+01 0.000000000000000000e+00
1.042181777954101562e+01 8.477838516235351562e+00 0.000000000000000000e+00
1.548914194107055664e+00 6.002686917781829834e-02 0.000000000000000000e+00
5.993130683898925781e+00 6.872768878936767578e+00 0.000000000000000000e+00
-3.004812240600585938e+00 -9.128354072570800781e+00 0.000000000000000000e+00
-6.347070217132568359e+00 1.500612926483154297e+01 0.000000000000000000e+00
-2.380205154418945312e+00 -7.555056214332580566e-01 0.000000000000000000e+00
-9.472248077392578125e+00 -2.621949434280395508e+00 0.000000000000000000e+00
-1.288662624359130859e+01 -7.703018784523010254e-01 0.000000000000000000e+00
-4.381242021918296814e-02 -1.604374504089355469e+01 0.000000000000000000e+00
3.416701078414916992e+00 1.275490093231201172e+01 0.000000000000000000e+00
1.078370761871337891e+01 2.012636661529541016e+00 0.000000000000000000e+00
1.091647815704345703e+01 1.350428485870361328e+01 0.000000000000000000e+00
-6.082514286041259766e+00 -1.895513057708740234e+00 0.000000000000000000e+00
-1.316120505332946777e+00 1.297262763977050781e+01 0.000000000000000000e+00
-9.720760345458984375e+00 5.236252307891845703e+00 0.000000000000000000e+00
6.547566413879394531e+00 -1.386017799377441406e+01 0.000000000000000000e+00
-3.330979347229003906e-01 -1.000163650512695312e+01 0.000000000000000000e+00
1.154784774780273438e+01 1.207960796356201172e+01 0.000000000000000000e+00
-2.911102056503295898e+00 6.677629947662353516e+00 0.000000000000000000e+00
-1.162270545959472656e+01 -3.597137212753295898e+00 0.000000000000000000e+00
9.269454956054687500e+00 6.052496910095214844e+00 0.000000000000000000e+00
1.415228724479675293e+00 -6.848121643066406250e+00 0.000000000000000000e+00
-1.712746047973632812e+01 -1.652625203132629395e+00 0.000000000000000000e+00
-6.045425415039062500e+00 6.874408721923828125e+00 0.000000000000000000e+00
-9.453084945678710938e+00 1.040089988708496094e+01 0.000000000000000000e+00
1.058007144927978516e+01 -4.781061649322509766e+00 0.000000000000000000e+00
9.159719467163085938e+00 -3.699320316314697266e+00 0.000000000000000000e+00
1.667860794067382812e+01 3.506900548934936523e+00 0.000000000000000000e+00
3.094521164894104004e-01 -2.766549110412597656e+00 0.000000000000000000e+00
2.226808786392211914e+00 -1.496409606933593750e+01 0.000000000000000000e+00
-1.391435527801513672e+01 2.727646827697753906e+00 0.000000000000000000e+00
1.899550795555114746e+00 -1.179551982879638672e+01 0.000000000000000000e+00
-5.659085273742675781e+00 -1.183767604827880859e+01 0.000000000000000000e+00
-6.338153362274169922e+00 2.973488092422485352e+00 0.000000000000000000e+00
-3.581545114517211914e+00 -1.471604442596435547e+01 0.000000000000000000e+00
2.547163009643554688e+00 1.513240909576416016e+01 0.000000000000000000e+00
-1.301167607307434082e+00 8.853789329528808594e+00 0.000000000000000000e+00
1.548595237731933594e+01 -4.993648529052734375e+00 0.000000000000000000e+00
3.254896879196166992e+00 -8.512127876281738281e+00 0.000000000000000000e+00
-1.427690792083740234e+01 -4.855397701263427734e+00 0.000000000000000000e+00
-1.627547836303710938e+01 -5.569701194763183594e+00 0.000000000000000000e+00
2.127503395080566406e+00 1.017329311370849609e+01 0.000000000000000000e+00
-3.512111902236938477e+00 -6.503714084625244141e+00 0.000000000000000000e+00
3.081916570663452148e+00 -3.217024564743041992e+00 0.000000000000000000e+00
4.687297344207763672e+00 -6.657840251922607422e+00 0.000000000000000000e+00
-9.736656188964843750e+00 -5.494194030761718750e+00 0.000000000000000000e+00
-1.278184318542480469e+01 1.136430072784423828e+01 0.000000000000000000e+00
-3.039411306381225586e+00 8.743243217468261719e+00 0.000000000000000000e+00
-6.664881229400634766e+00 -5.347134590148925781e+00 0.000000000000000000e+00
-2.898769617080688477e+00 1.521619796752929688e+01 0.000000000000000000e+00
-2.628470659255981445e+00 -2.921136140823364258e+00 0.000000000000000000e+00
7.183827877044677734e+00 -1.560023880004882812e+01 0.000000000000000000e+00
1.218734550476074219e+01 6.221941947937011719e+00 0.000000000000000000e+00
-1.234989738464355469e+01 6.410475254058837891e+00 0.000000000000000000e+00
-1.097818374633789062e+01 1.040514659881591797e+01 0.000000000000000000e+00
-8.898343443870544434e-01 1.143482401967048645e-01 0.000000000000000000e+00
-1.475559616088867188e+01 -1.550464630126953125e+00 0.000000000000000000e+00
-1.005812644958496094e+01 2.934219539165496826e-01 0.000000000000000000e+00
1.523037719726562500e+01 5.531927347183227539e-01 0.000000000000000000e+00
4.956530094146728516e+00 -1.388073825836181641e+01 0.000000000000000000e+00
1.175000858306884766e+01 4.336202621459960938e+00 0.000000000000000000e+00
-1.430568122863769531e+01 -8.804639816284179688e+00 0.000000000000000000e+00
-2.905545949935913086e+00 1.296007156372070312e+01 0.000000000000000000e+00
-1.672942757606506348e+00 1.670066261291503906e+01 0.000000000000000000e+00
-1.169245362281799316e+00 7.154884338378906250e+00 0.000000000000000000e+00
-1.500413513183593750e+01 -3.362696886062622070e+00 0.000000000000000000e+00
-4.272667407989501953e+00 2.892370462417602539e+00 0.000000000000000000e+00
-3.719970226287841797e+00 4.843052864074707031e+00 0.000000000000000000e+00
5.295859813690185547e+00 -3.713037490844726562e+00 0.000000000000000000e+00
1.376577472686767578e+01 1.029834842681884766e+01 0.000000000000000000e+00
-2.973564147949218750e+00 1.274372696876525879e+00 0.000000000000000000e+00
1.522455787658691406e+01 7.176534652709960938e+00 0.000000000000000000e+00
-7.350256919860839844e+00 -7.941508889198303223e-01 0.000000000000000000e+00
-7.499669075012207031e+00 -1.271866798400878906e+01 0.000000000000000000e+00
1.503384399414062500e+01 2.471736907958984375e+00 0.000000000000000000e+00
6.476142406463623047e+00 -1.081681537628173828e+01 0.000000000000000000e+00
7.736232757568359375e+00 -9.947360992431640625e+00 0.000000000000000000e+00
-1.409918975830078125e+01 9.788084030151367188e+00 0.000000000000000000e+00
4.184834957122802734e+00 -1.035129261016845703e+01 0.000000000000000000e+00
-1.255785226821899414e+00 1.819118738174438477e+00 0.000000000000000000e+00
4.212181091308593750e+00 -1.238613128662109375e+01 0.000000000000000000e+00
4.593513011932373047e+00 2.304873228073120117e+00 0.000000000000000000e+00
1.718484878540039062e+01 -2.263925313949584961e+00 0.000000000000000000e+00
-1.193416500091552734e+01 -6.956886291503906250e+00 0.000000000000000000e+00
-9.179134368896484375e+00 8.753006935119628906e+00 0.000000000000000000e+00
1.154188442230224609e+01 -8.982693672180175781e+00 0.000000000000000000e+00
-1.409398365020751953e+01 7.264995098114013672e+00 0.000000000000000000e+00
-7.983978271484375000e+00 -6.370468616485595703e+00 0.000000000000000000e+00
-3.456553220748901367e+00 -1.320686149597167969e+01 0.000000000000000000e+00
-7.254030227661132812e+00 -7.933260917663574219e+00 0.000000000000000000e+00
-1.699419212341308594e+01 1.012088656425476074e+00 0.000000000000000000e+00
4.366182684898376465e-01 1.324515247344970703e+01 0.000000000000000000e+00
1.319106864929199219e+01 7.835556864738464355e-01 0.000000000000000000e+00
3.488151788711547852e+00 -5.068961977958679199e-01 0.000000000000000000e+00
5.092761516571044922e+00 1.518710517883300781e+01 0.000000000000000000e+00
-1.313375473022460938e+00 5.646305561065673828e+00 0.000000000000000000e+00
4.220393180847167969e+00 8.029767036437988281e+00 0.000000000000000000e+00
1.944532036781311035e+00 -9.745782852172851562e+00 0.000000000000000000e+00
1.033376502990722656e+01 -1.115104198455810547e+01 0.000000000000000000e+00
1.331890487670898438e+01 -5.360444068908691406e+00 0.000000000000000000e+00
2.679512500762939453e+00 8.605314254760742188e+00 0.000000000000000000e+00
-3.951711654663085938e+00 1.020605182647705078e+01 0.000000000000000000e+00
5.759998321533203125e+00 3.332872867584228516e+00 0.000000000000000000e+00
-1.269267559051513672e+01 9.155164718627929688e+00 0.000000000000000000e+00
1.101998996734619141e+01 -6.883013725280761719e+00 0.000000000000000000e+00
1.367390060424804688e+01 5.618931293487548828e+00 0.000000000000000000e+00
-1.309211063385009766e+01 -1.139491844177246094e+01 0.000000000000000000e+00
-7.802280902862548828e+00 5.601417541503906250e+00 0.000000000000000000e+00
5.007546424865722656e+00 1.140794849395751953e+01 0.000000000000000000e+00
-8.529319763183593750e+00 1.443162441253662109e+01 0.000000000000000000e+00
8.572093963623046875e+00 -7.827197551727294922e+00 0.000000000000000000e+00
8.422201156616210938e+00 -1.161418342590332031e+01 0.000000000000000000e+00
-1.217834949493408203e+01 2.882163286209106445e+00 0.000000000000000000e+00
-1.010556507110595703e+01 -8.034728050231933594e+00 0.000000000000000000e+00
2.926183938980102539e+00 1.666605567932128906e+01 0.000000000000000000e+00
-4.471869468688964844e+00 7.745553016662597656e+00 0.000000000000000000e+00
-2.620893716812133789e+00 3.491101741790771484e+00 0.000000000000000000e+00
1.986758470535278320e+00 -2.117066860198974609e+00 0.000000000000000000e+00
-1.592876148223876953e+01 3.256573438644409180e+00 0.000000000000000000e+00
6.321485519409179688e+00 -5.082789421081542969e+00 0.000000000000000000e+00
-3.533636808395385742e+00 -1.647035980224609375e+01 0.000000000000000000e+00
-5.321925163269042969e+00 9.089854240417480469e+00 0.000000000000000000e+00
8.034090995788574219e+00 2.683305025100708008e+00 0.000000000000000000e+00
1.524854564666748047e+01 -3.047056913375854492e+00 0.000000000000000000e+00
1.262580108642578125e+01 -7.829045295715332031e+00 0.000000000000000000e+00
1.069718933105468750e+01 6.905525684356689453e+00 0.000000000000000000e+00
3.249665260314941406e+00 -1.613159751892089844e+01 0.000000000000000000e+00
9.092908859252929688e+00 -6.296405792236328125e+00 0.000000000000000000e+00
-1.229463481903076172e+01 -9.829007148742675781e+00 0.000000000000000000e+00
7.637864112854003906e+00 -3.688466310501098633e+00 0.000000000000000000e+00
5.756571292877197266e+00 8.381930351257324219e+00 0.000000000000000000e+00
-4.953605651855468750e+00 1.440501594543457031e+01 0.000000000000000000e+00
-1.142715072631835938e+01 -1.852782845497131348e+00 0.000000000000000000e+00
-7.508952140808105469e+00 -1.470455837249755859e+01 0.000000000000000000e+00
1.498515319824218750e+01 -1.002407431602478027e+00 0.000000000000000000e+00
1.396324157714843750e+01 -9.890409469604492188e+00 0.000000000000000000e+00
1.145033454895019531e+01 9.976320266723632812e+00 0.000000000000000000e+00
-5.280678272247314453e+00 -7.602881431579589844e+00 0.000000000000000000e+00
6.474135398864746094e+00 -2.419964075088500977e-01 0.000000000000000000e+00
5.388284683227539062e+00 5.336062431335449219e+00 0.000000000000000000e+00
7.513458251953125000e+00 9.006123542785644531e+00 0.000000000000000000e+00
3.322025775909423828e+00 -5.365194320678710938e+00 0.000000000000000000e+00
-1.333331966400146484e+01 -6.123212814331054688e+00 0.000000000000000000e+00
9.123743057250976562e+00 4.223814010620117188e+00 0.000000000000000000e+00
-9.016222000122070312e+00 -1.021627330780029297e+01 0.000000000000000000e+00
-1.058393859863281250e+01 -9.849651336669921875e+00 0.000000000000000000e+00
2.601997554302215576e-01 1.666492652893066406e+01 0.000000000000000000e+00
-6.669586151838302612e-02 -7.707508563995361328e+00 0.000000000000000000e+00
-7.950043082237243652e-01 -5.485252380371093750e+00 0.000000000000000000e+00
1.343551349639892578e+01 -1.194697260856628418e+00 0.000000000000000000e+00
-4.752583503723144531e+00 -4.849591732025146484e+00 0.000000000000000000e+00
1.610924148559570312e+01 5.851384639739990234e+00 0.000000000000000000e+00
1.396244335174560547e+01 8.572132110595703125e+00 0.000000000000000000e+00
-2.162620067596435547e+00 -4.411281585693359375e+00 0.000000000000000000e+00
-1.434404468536376953e+01 4.301629066467285156e+00 0.000000000000000000e+00
9.844052314758300781e+00 -1.629134893417358398e+00 0.000000000000000000e+00
1.082214736938476562e+01 -1.337348651885986328e+01 0.000000000000000000e+00
8.695727348327636719e+00 1.134353995323181152e+00 0.000000000000000000e+00
-8.091352462768554688e+00 1.181006622314453125e+01 0.000000000000000000e+00
-1.150536823272705078e+01 9.984189271926879883e-01 0.000000000000000000e+00
-5.287000656127929688e+00 -1.564296340942382812e+01 0.000000000000000000e+00
-9.928928375244140625e+00 7.138320446014404297e+00 0.000000000000000000e+00
-5.298921108245849609e+00 5.085615634918212891e+00 0.000000000000000000e+00
-6.474255919456481934e-01 1.456714725494384766e+01 0.000000000000000000e+00
-2.241641283035278320e+00 -1.570459651947021484e+01 0.000000000000000000e+00
1.724181175231933594e+01 7.396240830421447754e-01 0.000000000000000000e+00
-6.942201137542724609e+00 9.491397142410278320e-01 0.000000000000000000e+00
-1.060423278808593750e+01 2.427790641784667969e+00 0.000000000000000000e+00
-2.452009439468383789e+00 1.090902042388916016e+01 0.000000000000000000e+00
-8.899291038513183594e+00 -1.206016635894775391e+01 0.000000000000000000e+00
-1.096355724334716797e+01 8.592638969421386719e+00 0.000000000000000000e+00
-9.668019294738769531e+00 1.238493919372558594e+01 0.000000000000000000e+00
9.836116790771484375e+00 1.047752666473388672e+01 0.000000000000000000e+00
1.683308792114257812e+01 -4.159734249114990234e+00 0.000000000000000000e+00
-6.754228591918945312e+00 -1.044205951690673828e+01 0.000000000000000000e+00
-1.601966285705566406e+01 6.984013557434082031e+00 0.000000000000000000e+00
4.183385968208312988e-01 1.019812393188476562e+01 0.000000000000000000e+00
-1.670357894897460938e+01 -3.212032318115234375e+00 0.000000000000000000e+00
-1.340666103363037109e+01 -3.392833232879638672e+00 0.000000000000000000e+00
1.312181282043457031e+01 -1.130707454681396484e+01 0.000000000000000000e+00
-1.499942493438720703e+01 -7.096379280090332031e+00 0.000000000000000000e+00
-5.050536155700683594e+00 1.152036571502685547e+01 0.000000000000000000e+00
-7.551245212554931641e+00 9.037823677062988281e+00 0.000000000000000000e+00
-1.938053369522094727e+00 -7.675137042999267578e+00 0.000000000000000000e+00
-4.488239288330078125e+00 -7.632380127906799316e-01 0.000000000000000000e+00
-1.597164058685302734e+01 -4.879155755043029785e-01 0.000000000000000000e+00
1.244787931442260742e+00 -1.708920288085937500e+01 0.000000000000000000e+00
1.351227474212646484e+01 3.777953863143920898e+00 0.000000000000000000e+00
2.173470973968505859e+00 3.589939117431640625e+00 0.000000000000000000e+00
-8.045139312744140625e+00 7.510177135467529297e+00 0.000000000000000000e+00
6.906799316406250000e+00 1.157542228698730469e+01 0.000000000000000000e+00
1.811169385910034180e-01 -1.270869445800781250e+01 0.000000000000000000e+00
4.324976921081542969e+00 9.597994804382324219e+00 0.000000000000000000e+00
1.169474792480468750e+01 -1.193830108642578125e+01 0.000000000000000000e+00
9.212139129638671875e+00 -1.394546222686767578e+01 0.000000000000000000e+00
9.466619491577148438e-01 -1.415598392486572266e+01 0.000000000000000000e+00
7.758811950683593750e+00 1.523085212707519531e+01 0.000000000000000000e+00
-1.108285999298095703e+01 -1.347709465026855469e+01 0.000000000000000000e+00
-4.796898841857910156e+00 1.300780534744262695e+00 0.000000000000000000e+00
1.605758285522460938e+01 -6.907468795776367188e+00 0.000000000000000000e+00
8.439234495162963867e-01 1.477630615234375000e+01 0.000000000000000000e+00
-1.652879595756530762e+00 -1.720385169982910156e+01 0.000000000000000000e+00
1.069235444068908691e+00 8.165173530578613281e+00 0.000000000000000000e+00
1.726975440979003906e+01 -7.646144628524780273e-01 0.000000000000000000e+00
-9.033901691436767578e-01 3.286926984786987305e+00 0.000000000000000000e+00
-8.098608016967773438e+00 -4.610953807830810547e+00 0.000000000000000000e+00
-8.309371948242187500e+00 1.598812818527221680e+00 0.000000000000000000e+00
1.289459133148193359e+01 2.285059452056884766e+00 0.000000000000000000e+00
