1.145214877514524865e+01 6.423549062833979306e+00 -3.591814506895829595e-04
1.304416786795608907e+01 1.525723214809714401e+00 5.445132559486198787e-04
4.964003556127583927e+00 9.729612045573757584e+00 1.427576806669605958e-04
6.555029793004775840e+00 4.831278539380059911e+00 1.766717214111146461e-04
8.146174631957498136e+00 -6.626291818898709385e-02 -3.882399038180675555e-04
9.737199909004134568e+00 -4.963993250864104922e+00 4.432841681261123767e-04
-1.526007713851308623e+00 1.303665782081563762e+01 -9.825456758694173232e-05
6.601035312899822260e-02 8.138228990673907148e+00 7.686651650740117248e-06
1.657156217970076284e+00 3.241290515778431747e+00 2.405292609182207997e-04
3.248181461958917104e+00 -1.657042894989984250e+00 2.743711979157348324e-04
4.839206705949857579e+00 -6.555376306132736808e+00 3.082134179264173213e-04
6.431345360836018266e+00 -1.145301327719560192e+01 -1.845266402460410404e-04
-6.424120511811707956e+00 1.144448281178042492e+01 3.654275057360933943e-04
-4.831981857039028050e+00 6.546845840354332147e+00 -1.273122778164825775e-04
-3.240956613048118662e+00 1.648512428649919315e+00 -9.347080070520874528e-05
-1.648938546012120865e+00 -3.249916401123029708e+00 1.247013971683585964e-05
-5.878550421816881172e-02 -8.146759456452313586e+00 1.732144884587505373e-04
1.533232562817828937e+00 -1.304518828622526172e+01 2.791554288812392315e-04
-9.729975059979855345e+00 4.955462784887268768e+00 -2.623840455351356127e-04
-8.138949783046699693e+00 5.773245184892190907e-02 5.691403010286491537e-04
-6.547804944036156094e+00 -4.839809005164020128e+00 4.229422895463130772e-06
-4.956778707216755286e+00 -9.738142511352162245e+00 3.814345944164188040e-05
-1.303694301904529063e+01 -1.534253681149779780e+00 -3.636128587380937915e-04
-1.144492392617872767e+01 -6.432079528243603406e+00 5.400823119834363695e-04
