4.753857135772705078e+00 -1.402176475524902344e+01 0.000000000000000000e+00
-2.751304388046264648e+00 -2.983960390090942383e+00 0.000000000000000000e+00
-1.268579196929931641e+01 -1.151796150207519531e+01 0.000000000000000000e+00
-9.235094070434570312e+00 1.235412979125976562e+01 0.000000000000000000e+00
-5.419970512390136719e+00 1.472144603729248047e+01 0.000000000000000000e+00
1.037500572204589844e+01 4.907269954681396484e+00 0.000000000000000000e+00
-1.702024459838867188e+01 3.567789793014526367e+00 0.000000000000000000e+00
6.968544483184814453e+00 -1.441934585571289062e+00 0.000000000000000000e+00
-1.502218341827392578e+01 4.610440254211425781e+00 0.000000000000000000e+00
1.700795745849609375e+01 3.493453502655029297e+00 0.000000000000000000e+00
9.705621719360351562e+00 1.154830265045166016e+01 0.000000000000000000e+00
-4.073960781097412109e+00 4.370225369930267334e-01 0.000000000000000000e+00
-7.008292675018310547e+00 -8.209604263305664062e+00 0.000000000000000000e+00
-1.656213569641113281e+01 -3.347466588020324707e-01 0.000000000000000000e+00
6.060644149780273438e+00 -7.197741508483886719e+00 0.000000000000000000e+00
1.276507759094238281e+01 9.954885482788085938e+00 0.000000000000000000e+00
-5.099185705184936523e-01 -8.059748649597167969e+00 0.000000000000000000e+00
-5.508048057556152344e+00 -9.107269287109375000e+00 0.000000000000000000e+00
1.262244987487792969e+01 -4.659873008728027344e+00 0.000000000000000000e+00
8.010768890380859375e+00 4.229037761688232422e-01 0.000000000000000000e+00
-6.589826196432113647e-02 -1.296422863006591797e+01 0.000000000000000000e+00
-1.240878772735595703e+01 9.417560577392578125e+00 0.000000000000000000e+00
6.487525463104248047e+00 1.620291137695312500e+01 0.000000000000000000e+00
4.613159656524658203e+00 -4.313878536224365234e+00 0.000000000000000000e+00
7.416562080383300781e+00 -9.819341659545898438e+00 0.000000000000000000e+00
2.284905910491943359e+00 -9.271176338195800781e+00 0.000000000000000000e+00
-5.976036548614501953e+00 -1.411212635040283203e+01 0.000000000000000000e+00
1.515592098236083984e+01 4.244680881500244141e+00 0.000000000000000000e+00
-1.187716007232666016e+01 2.754148483276367188e+00 0.000000000000000000e+00
-1.171539115905761719e+01 2.578118443489074707e-01 0.000000000000000000e+00
-7.080721378326416016e+00 6.591769695281982422e+00 0.000000000000000000e+00
-4.188768267631530762e-01 7.816747665405273438e+00 0.000000000000000000e+00
1.561310648918151855e+00 1.138135051727294922e+01 0.000000000000000000e+00
5.199440121650695801e-01 1.432369232177734375e+00 0.000000000000000000e+00
1.200983428955078125e+01 4.348025321960449219e+00 0.000000000000000000e+00
-1.677010774612426758e+00 -4.493446350097656250e+00 0.000000000000000000e+00
-8.685791969299316406e+00 -5.295274734497070312e+00 0.000000000000000000e+00
-9.886938095092773438e+00 7.173252582550048828e+00 0.000000000000000000e+00
1.886505961418151855e+00 1.724421691894531250e+01 0.000000000000000000e+00
3.465508460998535156e+00 4.988475799560546875e+00 0.000000000000000000e+00
-7.467057704925537109e+00 -6.666316986083984375e-01 0.000000000000000000e+00
1.529542064666748047e+01 -5.511348247528076172e+00 0.000000000000000000e+00
9.516496658325195312e+00 -1.336987972259521484e+01 0.000000000000000000e+00
3.684572696685791016e+00 -1.577725124359130859e+01 0.000000000000000000e+00
4.147589683532714844e+00 1.511292076110839844e+01 0.000000000000000000e+00
-1.383529567718505859e+01 -2.010932922363281250e+00 0.000000000000000000e+00
-1.154015064239501953e+01 -5.137586593627929688e+00 0.000000000000000000e+00
-1.645879030227661133e+00 6.440232992172241211e-01 0.000000000000000000e+00
1.082675814628601074e+00 6.703495025634765625e+00 0.000000000000000000e+00
7.822869300842285156e+00 -1.267297840118408203e+01 0.000000000000000000e+00
-4.348972320556640625e+00 -6.751745223999023438e+00 0.000000000000000000e+00
1.423546123504638672e+01 5.634614944458007812e+00 0.000000000000000000e+00
9.329408645629882812e+00 -9.368466377258300781e+00 0.000000000000000000e+00
-1.195949363708496094e+01 -7.982065677642822266e+00 0.000000000000000000e+00
7.445995807647705078e+00 1.079539012908935547e+01 0.000000000000000000e+00
-1.123872518539428711e+00 5.962866306304931641e+00 0.000000000000000000e+00
-1.344749355316162109e+01 1.108074665069580078e+01 0.000000000000000000e+00
-4.208944320678710938e+00 8.656034469604492188e+00 0.000000000000000000e+00
-1.152906608581542969e+01 1.236859035491943359e+01 0.000000000000000000e+00
-1.329581165313720703e+01 -6.387270927429199219e+00 0.000000000000000000e+00
5.731586456298828125e+00 4.058474540710449219e+00 0.000000000000000000e+00
5.810423851013183594e+00 6.964559078216552734e+00 0.000000000000000000e+00
-6.641134262084960938e+00 1.437054514884948730e+00 0.000000000000000000e+00
2.627310991287231445e+00 -7.360119342803955078e+00 0.000000000000000000e+00
1.750139832496643066e+00 1.384458541870117188e+01 0.000000000000000000e+00
-1.016987228393554688e+01 6.717603802680969238e-01 0.000000000000000000e+00
6.214398384094238281e+00 -4.167709350585937500e+00 0.000000000000000000e+00
1.066662788391113281e+01 -6.807509422302246094e+00 0.000000000000000000e+00
1.152522373199462891e+01 5.965595245361328125e+00 0.000000000000000000e+00
5.298301219940185547e+00 -1.221011519432067871e+00 0.000000000000000000e+00
-8.325197219848632812e+00 -2.808811664581298828e+00 0.000000000000000000e+00
-7.965832233428955078e+00 1.071628570556640625e+01 0.000000000000000000e+00
-9.787936210632324219e+00 -7.344241619110107422e+00 0.000000000000000000e+00
3.579698324203491211e+00 7.938557147979736328e+00 0.000000000000000000e+00
1.490635395050048828e+01 -1.523908019065856934e+00 0.000000000000000000e+00
-1.303069210052490234e+01 -4.203729629516601562e+00 0.000000000000000000e+00
8.828766822814941406e+00 -7.222903728485107422e+00 0.000000000000000000e+00
-8.209913253784179688e+00 -1.464130496978759766e+01 0.000000000000000000e+00
-1.132967281341552734e+01 7.747945785522460938e+00 0.000000000000000000e+00
-6.446609020233154297e+00 -1.908498644828796387e+00 0.000000000000000000e+00
1.322866630554199219e+01 -1.038778686523437500e+01 0.000000000000000000e+00
-1.670882034301757812e+01 -4.839002609252929688e+00 0.000000000000000000e+00
-2.507946729660034180e+00 -9.258820533752441406e+00 0.000000000000000000e+00
1.009262275695800781e+01 -1.092676258087158203e+01 0.000000000000000000e+00
1.570291423797607422e+01 3.923291563987731934e-01 0.000000000000000000e+00
1.274912548065185547e+01 -3.088216066360473633e+00 0.000000000000000000e+00
-9.801183342933654785e-01 1.686779403686523438e+01 0.000000000000000000e+00
-1.620537787675857544e-01 3.823522806167602539e+00 0.000000000000000000e+00
1.130222606658935547e+01 -2.286607027053833008e+00 0.000000000000000000e+00
3.192135095596313477e+00 -1.986927390098571777e+00 0.000000000000000000e+00
1.268366432189941406e+01 8.254005432128906250e+00 0.000000000000000000e+00
-5.799306392669677734e+00 7.586097717285156250e+00 0.000000000000000000e+00
5.993915557861328125e+00 -1.565414428710937500e+01 0.000000000000000000e+00
1.000032901763916016e+00 -8.021824836730957031e+00 0.000000000000000000e+00
8.146914482116699219e+00 -5.616342544555664062e+00 0.000000000000000000e+00
1.577490091323852539e+00 3.081140518188476562e+00 0.000000000000000000e+00
-6.934587001800537109e+00 -1.592536735534667969e+01 0.000000000000000000e+00
-1.495320987701416016e+01 -8.458927154541015625e+00 0.000000000000000000e+00
-1.380228519439697266e+00 1.383523750305175781e+01 0.000000000000000000e+00
-7.513572692871093750e+00 1.271715641021728516e+01 0.000000000000000000e+00
-3.706028699874877930e+00 4.824387550354003906e+00 0.000000000000000000e+00
-1.062267184257507324e+00 -1.115920448303222656e+01 0.000000000000000000e+00
3.229330107569694519e-02 1.096988391876220703e+01 0.000000000000000000e+00
-1.436112213134765625e+01 1.505036592483520508e+00 0.000000000000000000e+00
3.420260906219482422e+00 -2.079264074563980103e-01 0.000000000000000000e+00
1.658151626586914062e+01 -3.211056709289550781e+00 0.000000000000000000e+00
-3.584912300109863281e+00 1.546510791778564453e+01 0.000000000000000000e+00
1.061097240447998047e+01 -5.131008625030517578e+00 0.000000000000000000e+00
-6.721466541290283203e+00 -5.417836666107177734e+00 0.000000000000000000e+00
1.476061582565307617e+00 -1.081366443634033203e+01 0.000000000000000000e+00
4.438076972961425781e+00 1.053414726257324219e+01 0.000000000000000000e+00
-1.292977714538574219e+01 4.769205093383789062e+00 0.000000000000000000e+00
9.736145019531250000e+00 3.489882469177246094e+00 0.000000000000000000e+00
-2.259128808975219727e+00 -1.302518272399902344e+01 0.000000000000000000e+00
5.617374897003173828e+00 2.139472484588623047e+00 0.000000000000000000e+00
-8.495911598205566406e+00 -1.177335929870605469e+01 0.000000000000000000e+00
-1.129709911346435547e+01 -3.548218011856079102e+00 0.000000000000000000e+00
5.682430267333984375e+00 -1.195278644561767578e+01 0.000000000000000000e+00
-4.058230400085449219e+00 1.120777893066406250e+01 0.000000000000000000e+00
-7.879514694213867188e-01 -1.523747348785400391e+01 0.000000000000000000e+00
1.143100857734680176e+00 -1.546663665771484375e+01 0.000000000000000000e+00
-2.717328310012817383e+00 -1.506579589843750000e+01 0.000000000000000000e+00
-3.305345535278320312e+00 1.394655895233154297e+01 0.000000000000000000e+00
3.406943559646606445e+00 -1.190510559082031250e+01 0.000000000000000000e+00
1.509524106979370117e+00 -1.299153900146484375e+01 0.000000000000000000e+00
-2.707615852355957031e+00 -6.779501438140869141e+00 0.000000000000000000e+00
-1.152944755554199219e+01 5.921435356140136719e+00 0.000000000000000000e+00
2.438462376594543457e-01 -6.257858276367187500e+00 0.000000000000000000e+00
-4.789602756500244141e+00 -1.195326519012451172e+01 0.000000000000000000e+00
-1.485858440399169922e+00 1.217971515655517578e+01 0.000000000000000000e+00
-1.020711803436279297e+01 -9.341872215270996094e+00 0.000000000000000000e+00
9.413927078247070312e+00 7.144134521484375000e+00 0.000000000000000000e+00
-8.655712127685546875e+00 1.410305500030517578e+01 0.000000000000000000e+00
-1.397033977508544922e+01 8.278153419494628906e+00 0.000000000000000000e+00
2.141646146774291992e+00 1.592895984649658203e+00 0.000000000000000000e+00
-6.779486179351806641e+00 -1.041096019744873047e+01 0.000000000000000000e+00
3.532384634017944336e-01 -1.701217460632324219e+01 0.000000000000000000e+00
-5.267693996429443359e+00 2.418353080749511719e+00 0.000000000000000000e+00
-1.098112940788269043e+00 -2.604379653930664062e+00 0.000000000000000000e+00
4.989657878875732422e+00 -5.785695075988769531e+00 0.000000000000000000e+00
-6.988123893737792969e+00 -3.913628578186035156e+00 0.000000000000000000e+00
-2.834169149398803711e+00 -1.678567314147949219e+01 0.000000000000000000e+00
5.490330219268798828e+00 -1.038354110717773438e+01 0.000000000000000000e+00
1.428896999359130859e+01 -7.525476932525634766e+00 0.000000000000000000e+00
6.315292119979858398e-01 -5.295060873031616211e-01 0.000000000000000000e+00
1.164283275604248047e+00 -5.054465293884277344e+00 0.000000000000000000e+00
1.129970169067382812e+01 -1.274654960632324219e+01 0.000000000000000000e+00
-1.392891120910644531e+01 -2.260223180055618286e-01 0.000000000000000000e+00
9.276287078857421875e+00 -3.412338018417358398e+00 0.000000000000000000e+00
7.455505847930908203e+00 9.193339347839355469e+00 0.000000000000000000e+00
1.508427977561950684e+00 5.044946193695068359e+00 0.000000000000000000e+00
-1.441157341003417969e+01 -4.807215690612792969e+00 0.000000000000000000e+00
1.196205997467041016e+01 2.009388208389282227e+00 0.000000000000000000e+00
1.726447939872741699e+00 1.538089942932128906e+01 0.000000000000000000e+00
8.096318244934082031e+00 1.546008014678955078e+01 0.000000000000000000e+00
-2.715641260147094727e+00 8.108564376831054688e+00 0.000000000000000000e+00
-1.491456699371337891e+01 6.700869560241699219e+00 0.000000000000000000e+00
1.154358673095703125e+01 -5.288978815078735352e-01 0.000000000000000000e+00
1.068866539001464844e+01 1.023685646057128906e+01 0.000000000000000000e+00
3.961538314819335938e+00 2.306996107101440430e+00 0.000000000000000000e+00
1.611546707153320312e+01 2.115867137908935547e+00 0.000000000000000000e+00
1.892482399940490723e+00 9.695548057556152344e+00 0.000000000000000000e+00
-1.545901393890380859e+01 2.555450439453125000e+00 0.000000000000000000e+00
9.980664253234863281e-01 -2.677489042282104492e+00 0.000000000000000000e+00
-1.037073326110839844e+01 1.366978549957275391e+01 0.000000000000000000e+00
1.332962131500244141e+01 -6.275828838348388672e+00 0.000000000000000000e+00
-1.074603080749511719e+01 4.041531085968017578e+00 0.000000000000000000e+00
-5.888971328735351562e+00 1.192611026763916016e+01 0.000000000000000000e+00
-2.100296497344970703e+00 2.830753087997436523e+00 0.000000000000000000e+00
9.161392211914062500e+00 9.452563285827636719e+00 0.000000000000000000e+00
1.367568111419677734e+01 1.393670082092285156e+00 0.000000000000000000e+00
7.539151668548583984e+00 -1.559318065643310547e+01 0.000000000000000000e+00
4.720827102661132812e+00 -2.613580465316772461e+00 0.000000000000000000e+00
9.564660072326660156e+00 1.158960819244384766e+00 0.000000000000000000e+00
-1.311492729187011719e+01 -9.484009742736816406e+00 0.000000000000000000e+00
-7.420183181762695312e+00 2.928176164627075195e+00 0.000000000000000000e+00
1.582982826232910156e+01 6.147575378417968750e+00 0.000000000000000000e+00
-1.054487609863281250e+01 9.467489242553710938e+00 0.000000000000000000e+00
5.937185287475585938e+00 1.340435314178466797e+01 0.000000000000000000e+00
-5.064289569854736328e+00 -1.588024425506591797e+01 0.000000000000000000e+00
-1.633761024475097656e+01 5.609553813934326172e+00 0.000000000000000000e+00
-1.518131732940673828e+01 -1.181629061698913574e+00 0.000000000000000000e+00
1.346882343292236328e+01 -4.045153856277465820e-01 0.000000000000000000e+00
8.523353576660156250e+00 5.321519851684570312e+00 0.000000000000000000e+00
1.090887737274169922e+01 1.344275188446044922e+01 0.000000000000000000e+00
4.343308448791503906e+00 1.296115016937255859e+01 0.000000000000000000e+00
1.154104614257812500e+01 -8.541776657104492188e+00 0.000000000000000000e+00
-5.448990821838378906e+00 1.630717086791992188e+01 0.000000000000000000e+00
-4.779980182647705078e+00 -3.248337745666503906e+00 0.000000000000000000e+00
-1.048845958709716797e+01 -1.595233798027038574e+00 0.000000000000000000e+00
1.146230983734130859e+01 1.167600822448730469e+01 0.000000000000000000e+00
-3.631112813949584961e+00 2.392532110214233398e+00 0.000000000000000000e+00
9.076277166604995728e-02 1.541521263122558594e+01 0.000000000000000000e+00
7.132707118988037109e+00 2.311179876327514648e+00 0.000000000000000000e+00
8.458909988403320312e+00 -1.612274646759033203e+00 0.000000000000000000e+00
-4.284862041473388672e+00 -5.126578330993652344e+00 0.000000000000000000e+00
1.392232894897460938e+01 2.999088287353515625e+00 0.000000000000000000e+00
-9.325827598571777344e+00 4.538333415985107422e+00 0.000000000000000000e+00
-1.720695376396179199e+00 1.539778804779052734e+01 0.000000000000000000e+00
-6.863496780395507812e+00 8.804747581481933594e+00 0.000000000000000000e+00
-1.134857082366943359e+01 -1.065662574768066406e+01 0.000000000000000000e+00
1.298288154602050781e+01 1.152280521392822266e+01 0.000000000000000000e+00
-3.400886297225952148e+00 -1.156492829322814941e+00 0.000000000000000000e+00
-1.379796791076660156e+01 3.308535814285278320e+00 0.000000000000000000e+00
2.528256893157958984e+00 -5.753767013549804688e+00 0.000000000000000000e+00
7.982957363128662109e+00 3.853548288345336914e+00 0.000000000000000000e+00
2.716517210006713867e+00 -3.474687814712524414e+00 0.000000000000000000e+00
1.995616436004638672e+00 -1.700578880310058594e+01 0.000000000000000000e+00
-1.704306483268737793e+00 1.008893013000488281e+01 0.000000000000000000e+00
3.156479895114898682e-01 1.315401268005371094e+01 0.000000000000000000e+00
-6.221189022064208984e+00 1.026579666137695312e+01 0.000000000000000000e+00
-1.631610488891601562e+01 1.287561655044555664e+00 0.000000000000000000e+00
1.686998558044433594e+01 -5.557095408439636230e-01 0.000000000000000000e+00
-1.544907951354980469e+01 -6.893397331237792969e+00 0.000000000000000000e+00
7.281049251556396484e+00 -8.103800773620605469e+00 0.000000000000000000e+00
-1.218174648284912109e+01 -1.603355765342712402e+00 0.000000000000000000e+00
4.173497200012207031e+00 -7.483041763305664062e+00 0.000000000000000000e+00
3.132832050323486328e+00 6.482515335083007812e+00 0.000000000000000000e+00
3.312772274017333984e+00 1.181045532226562500e+01 0.000000000000000000e+00
-1.019326877593994141e+01 -1.323929405212402344e+01 0.000000000000000000e+00
1.456035518646240234e+01 8.271993637084960938e+00 0.000000000000000000e+00
-4.271782875061035156e+00 -1.383688163757324219e+01 0.000000000000000000e+00
-1.668583297729492188e+01 -2.804968595504760742e+00 0.000000000000000000e+00
-7.214677810668945312e+00 4.573566913604736328e+00 0.000000000000000000e+00
3.825434923171997070e+00 -1.040547752380371094e+01 0.000000000000000000e+00
4.076630592346191406e+00 1.665877723693847656e+01 0.000000000000000000e+00
-3.968259334564208984e+00 6.380553722381591797e+00 0.000000000000000000e+00
-1.327803993225097656e+01 6.692745685577392578e+00 0.000000000000000000e+00
3.214562416076660156e+00 -1.426634597778320312e+01 0.000000000000000000e+00
-8.976535797119140625e+00 -5.487245321273803711e-01 0.000000000000000000e+00
8.791773796081542969e+00 1.288580894470214844e+01 0.000000000000000000e+00
7.727952480316162109e+00 7.696397304534912109e+00 0.000000000000000000e+00
4.811741828918457031e+00 3.700017631053924561e-01 0.000000000000000000e+00
-5.342238903045654297e+00 4.971755027770996094e+00 0.000000000000000000e+00
-1.061207580566406250e+01 1.111826038360595703e+01 0.000000000000000000e+00
5.174560070037841797e+00 8.661344528198242188e+00 0.000000000000000000e+00
9.746278762817382812e+00 -5.356861352920532227e-01 0.000000000000000000e+00
2.059120893478393555e+00 8.190587043762207031e+00 0.000000000000000000e+00
-2.877971410751342773e+00 -1.161063766479492188e+01 0.000000000000000000e+00
-8.154871940612792969e+00 -9.240669250488281250e+00 0.000000000000000000e+00
6.446536540985107422e+00 2.823913469910621643e-02 0.000000000000000000e+00
-8.890211105346679688e+00 2.037007570266723633e+00 0.000000000000000000e+00
-5.672826290130615234e+00 -2.466521859169006348e-01 0.000000000000000000e+00
-1.018097209930419922e+01 -5.833458423614501953e+00 0.000000000000000000e+00
5.600236415863037109e+00 1.152110481262207031e+01 0.000000000000000000e+00
-7.149519920349121094e+00 1.421403026580810547e+01 0.000000000000000000e+00
-6.149404048919677734e+00 -1.260835075378417969e+01 0.000000000000000000e+00
7.147465705871582031e+00 5.949005603790283203e+00 0.000000000000000000e+00
-3.986869812011718750e+00 -8.952390670776367188e+00 0.000000000000000000e+00
-8.442896842956542969e+00 7.828860282897949219e+00 0.000000000000000000e+00
1.446036148071289062e+01 -9.203206062316894531e+00 0.000000000000000000e+00
-4.635368347167968750e+00 1.283883953094482422e+01 0.000000000000000000e+00
1.157482147216796875e+01 -1.052055740356445312e+01 0.000000000000000000e+00
-8.496915817260742188e+00 5.963855743408203125e+00 0.000000000000000000e+00
4.927444934844970703e+00 5.631955623626708984e+00 0.000000000000000000e+00
-9.009271621704101562e+00 9.457908630371093750e+00 0.000000000000000000e+00
