-2.619000274424827523e+00 -4.148343796778142245e-01
-1.884278309509156646e+00 5.964438383563998025e-01
-1.149556344593485324e+00 1.607722056390613830e+00
-4.148343796778142245e-01 2.619000274424827523e+00
-1.607722056390613830e+00 -1.149556344593485324e+00
-8.730000914749425078e-01 -1.382781265592713527e-01
-1.382781265592713527e-01 8.730000914749425078e-01
5.964438383563998025e-01 1.884278309509156646e+00
-5.964438383563998025e-01 -1.884278309509156646e+00
1.382781265592713527e-01 -8.730000914749425078e-01
8.730000914749425078e-01 1.382781265592713527e-01
1.607722056390613830e+00 1.149556344593485324e+00
4.148343796778142245e-01 -2.619000274424827523e+00
1.149556344593485324e+00 -1.607722056390613830e+00
1.884278309509156646e+00 -5.964438383563998025e-01
2.619000274424827523e+00 4.148343796778142245e-01
