-9.351341247558593750e+00 5.855958461761474609e+00 0.000000000000000000e+00
-7.977651596069335938e+00 1.722166419029235840e+00 0.000000000000000000e+00
-7.602856159210205078e+00 -1.452908134460449219e+01 0.000000000000000000e+00
-1.523000478744506836e+00 -7.164772033691406250e+00 0.000000000000000000e+00
5.559239387512207031e+00 7.627461910247802734e+00 0.000000000000000000e+00
-9.780777931213378906e+00 -5.008055210113525391e+00 0.000000000000000000e+00
9.438233822584152222e-02 -1.221458911895751953e+01 0.000000000000000000e+00
8.453707695007324219e+00 1.326526737213134766e+01 0.000000000000000000e+00
-9.239962577819824219e+00 -9.668215751647949219e+00 0.000000000000000000e+00
3.427348852157592773e+00 1.054174900054931641e+01 0.000000000000000000e+00
-5.704504966735839844e+00 5.576966762542724609e+00 0.000000000000000000e+00
1.118616199493408203e+01 -8.748175621032714844e+00 0.000000000000000000e+00
-2.911220073699951172e+00 6.588104724884033203e+00 0.000000000000000000e+00
-8.503561019897460938e+00 1.128656291961669922e+01 0.000000000000000000e+00
-1.376205921173095703e+01 -1.831099152565002441e+00 0.000000000000000000e+00
2.430586814880371094e+00 -1.054790306091308594e+01 0.000000000000000000e+00
5.253036499023437500e+00 5.703858375549316406e+00 0.000000000000000000e+00
1.359027576446533203e+01 9.760538101196289062e+00 0.000000000000000000e+00
-2.203689336776733398e+00 -1.027282047271728516e+01 0.000000000000000000e+00
1.634889411926269531e+01 -4.190234661102294922e+00 0.000000000000000000e+00
-6.002609729766845703e+00 -1.844417452812194824e+00 0.000000000000000000e+00
9.981803894042968750e+00 -5.790977954864501953e+00 0.000000000000000000e+00
8.705768585205078125e+00 -4.426067352294921875e+00 0.000000000000000000e+00
-9.232978820800781250e+00 2.689506053924560547e+00 0.000000000000000000e+00
-1.375642967224121094e+01 -5.944081783294677734e+00 0.000000000000000000e+00
8.240579605102539062e+00 4.658132553100585938e+00 0.000000000000000000e+00
4.814809322357177734e+00 -1.411583900451660156e+01 0.000000000000000000e+00
7.533739566802978516e+00 -8.478219985961914062e+00 0.000000000000000000e+00
2.757474780082702637e-01 1.721675300598144531e+01 0.000000000000000000e+00
1.046471691131591797e+01 5.644463062286376953e+00 0.000000000000000000e+00
1.200583171844482422e+01 1.083865833282470703e+01 0.000000000000000000e+00
-2.298883676528930664e+00 1.503545951843261719e+01 0.000000000000000000e+00
-1.294642353057861328e+01 -1.140750789642333984e+01 0.000000000000000000e+00
-2.195671319961547852e+00 -5.659099102020263672e+00 0.000000000000000000e+00
7.700750827789306641e+00 1.540961837768554688e+01 0.000000000000000000e+00
4.465976715087890625e+00 -6.578714400529861450e-02 0.000000000000000000e+00
3.984632253646850586e+00 1.270447063446044922e+01 0.000000000000000000e+00
-1.129622173309326172e+01 -1.070391178131103516e+01 0.000000000000000000e+00
5.790269851684570312e+00 -3.043745517730712891e+00 0.000000000000000000e+00
-1.116333127021789551e+00 1.259458732604980469e+01 0.000000000000000000e+00
-8.316186666488647461e-01 4.474254608154296875e+00 0.000000000000000000e+00
2.100858688354492188e+00 1.434157466888427734e+01 0.000000000000000000e+00
1.331807899475097656e+01 4.038159370422363281e+00 0.000000000000000000e+00
1.057246804237365723e+00 5.767693042755126953e+00 0.000000000000000000e+00
-3.815862417221069336e+00 -1.655936241149902344e+00 0.000000000000000000e+00
-1.643070340156555176e+00 -1.686660003662109375e+01 0.000000000000000000e+00
-8.511708259582519531e+00 -8.690458536148071289e-02 0.000000000000000000e+00
-1.008862686157226562e+01 -9.255616664886474609e-01 0.000000000000000000e+00
-9.815321922302246094e+00 1.220933437347412109e+01 0.000000000000000000e+00
-4.200304508209228516e+00 -1.107803058624267578e+01 0.000000000000000000e+00
-6.876323223114013672e+00 -1.095473670959472656e+01 0.000000000000000000e+00
4.967626094818115234e+00 -5.150633335113525391e+00 0.000000000000000000e+00
-1.138198375701904297e+01 7.268815517425537109e+00 0.000000000000000000e+00
8.222514152526855469e+00 1.112930011749267578e+01 0.000000000000000000e+00
1.259196567535400391e+01 -6.591570377349853516e-01 0.000000000000000000e+00
-3.016705513000488281e+00 -1.346136569976806641e+01 0.000000000000000000e+00
-1.300122261047363281e+01 8.796943426132202148e-01 0.000000000000000000e+00
-9.693662643432617188e+00 -3.321461677551269531e+00 0.000000000000000000e+00
1.195400714874267578e+01 -4.811242580413818359e+00 0.000000000000000000e+00
-8.114660263061523438e+00 -2.618127584457397461e+00 0.000000000000000000e+00
-1.152465057373046875e+01 -3.599030733108520508e+00 0.000000000000000000e+00
-9.469563484191894531e+00 9.755741119384765625e+00 0.000000000000000000e+00
-1.662818908691406250e+00 -1.483693885803222656e+01 0.000000000000000000e+00
2.643793225288391113e-01 1.405244827270507812e+01 0.000000000000000000e+00
1.910579681396484375e+00 -1.544769859313964844e+01 0.000000000000000000e+00
-7.813418865203857422e+00 1.355993175506591797e+01 0.000000000000000000e+00
6.912248134613037109e+00 -1.044388484954833984e+01 0.000000000000000000e+00
8.318039894104003906e+00 7.176733493804931641e+00 0.000000000000000000e+00
-1.214217948913574219e+01 -7.317849636077880859e+00 0.000000000000000000e+00
-5.862562656402587891e-01 1.084375381469726562e+01 0.000000000000000000e+00
-1.334213066101074219e+01 9.965003013610839844e+00 0.000000000000000000e+00
-2.073524475097656250e+00 -3.837242364883422852e+00 0.000000000000000000e+00
-5.548194408416748047e+00 9.463541984558105469e+00 0.000000000000000000e+00
-7.422253131866455078e+00 4.075219154357910156e+00 0.000000000000000000e+00
1.028577232360839844e+01 9.956405639648437500e+00 0.000000000000000000e+00
1.498284816741943359e+01 4.910418987274169922e-01 0.000000000000000000e+00
1.417362117767333984e+01 -7.245064258575439453e+00 0.000000000000000000e+00
2.326951503753662109e+00 -3.652739048004150391e+00 0.000000000000000000e+00
-4.650823593139648438e+00 -4.108087062835693359e+00 0.000000000000000000e+00
-1.551884365081787109e+01 -4.385188102722167969e+00 0.000000000000000000e+00
-8.081692695617675781e+00 -6.698832511901855469e+00 0.000000000000000000e+00
1.254570770263671875e+01 -1.063956165313720703e+01 0.000000000000000000e+00
1.139952754974365234e+01 1.097223281860351562e+00 0.000000000000000000e+00
4.138023853302001953e-01 1.441925406455993652e+00 0.000000000000000000e+00
1.118430805206298828e+01 1.277931308746337891e+01 0.000000000000000000e+00
9.155393600463867188e+00 -8.527336120605468750e+00 0.000000000000000000e+00
3.741581916809082031e+00 -8.218756675720214844e+00 0.000000000000000000e+00
-1.596148300170898438e+01 6.283758163452148438e+00 0.000000000000000000e+00
1.548362731933593750e+01 -2.515943288803100586e+00 0.000000000000000000e+00
1.284468269348144531e+01 -8.974239349365234375e+00 0.000000000000000000e+00
-1.464545059204101562e+01 5.348790168762207031e+00 0.000000000000000000e+00
-1.453459453582763672e+01 3.802507877349853516e+00 0.000000000000000000e+00
-1.317303943634033203e+01 6.485022068023681641e+00 0.000000000000000000e+00
2.553205490112304688e+00 4.434870243072509766e+00 0.000000000000000000e+00
1.447651863098144531e+01 -3.652466535568237305e+00 0.000000000000000000e+00
1.578586959838867188e+01 2.123077392578125000e+00 0.000000000000000000e+00
-1.404577255249023438e+01 7.898039817810058594e+00 0.000000000000000000e+00
5.276555061340332031e+00 1.067668628692626953e+01 0.000000000000000000e+00
1.121028327941894531e+01 -2.784629344940185547e+00 0.000000000000000000e+00
4.617251873016357422e+00 1.476297187805175781e+01 0.000000000000000000e+00
-1.716881871223449707e+00 2.977413177490234375e+00 0.000000000000000000e+00
-1.130133247375488281e+01 -1.258306312561035156e+01 0.000000000000000000e+00
7.712178826332092285e-01 -8.038856983184814453e-01 0.000000000000000000e+00
-1.699089050292968750e+01 1.534669280052185059e+00 0.000000000000000000e+00
-9.694166183471679688e+00 -1.419336605072021484e+01 0.000000000000000000e+00
-1.082241153717041016e+01 1.089740276336669922e+01 0.000000000000000000e+00
7.007315635681152344e+00 3.360451936721801758e+00 0.000000000000000000e+00
2.997267246246337891e+00 1.713089752197265625e+01 0.000000000000000000e+00
-4.675339698791503906e+00 1.573140978813171387e+00 0.000000000000000000e+00
3.114570617675781250e+00 -9.829806685447692871e-01 0.000000000000000000e+00
-9.045046806335449219e+00 -1.196147537231445312e+01 0.000000000000000000e+00
-3.935345172882080078e+00 -1.629591560363769531e+01 0.000000000000000000e+00
1.486822128295898438e+01 4.502779960632324219e+00 0.000000000000000000e+00
2.137245178222656250e+00 6.955932974815368652e-01 0.000000000000000000e+00
-5.539342880249023438e+00 -1.487251567840576172e+01 0.000000000000000000e+00
-1.081995010375976562e+01 4.010226726531982422e+00 0.000000000000000000e+00
-1.121277689933776855e+00 -2.346659183502197266e+00 0.000000000000000000e+00
9.361783981323242188e+00 -1.303497982025146484e+01 0.000000000000000000e+00
3.501527309417724609e+00 -6.625035285949707031e+00 0.000000000000000000e+00
8.233084678649902344e+00 -1.814880967140197754e+00 0.000000000000000000e+00
-7.400787830352783203e+00 -5.074055671691894531e+00 0.000000000000000000e+00
1.059084224700927734e+01 -3.390140235424041748e-01 0.000000000000000000e+00
3.295832872390747070e-01 -1.552056503295898438e+01 0.000000000000000000e+00
8.561171531677246094e+00 -1.012699127197265625e+01 0.000000000000000000e+00
-6.484404563903808594e+00 1.363374710083007812e+00 0.000000000000000000e+00
1.788899660110473633e+00 -7.842898368835449219e+00 0.000000000000000000e+00
-7.118243694305419922e+00 -9.183701515197753906e+00 0.000000000000000000e+00
1.650874328613281250e+01 4.315989971160888672e+00 0.000000000000000000e+00
-4.126093864440917969e+00 1.576040649414062500e+01 0.000000000000000000e+00
4.181445598602294922e+00 2.412175893783569336e+00 0.000000000000000000e+00
6.477303981781005859e+00 -1.483708095550537109e+01 0.000000000000000000e+00
-8.701697349548339844e+00 1.497419738769531250e+01 0.000000000000000000e+00
-3.397093296051025391e+00 1.028509235382080078e+01 0.000000000000000000e+00
9.520936965942382812e+00 1.596901655197143555e+00 0.000000000000000000e+00
3.280961990356445312e+00 1.547127342224121094e+01 0.000000000000000000e+00
1.202305126190185547e+01 -1.220643615722656250e+01 0.000000000000000000e+00
-1.000986385345458984e+01 1.207387924194335938e+00 0.000000000000000000e+00
1.680725693702697754e+00 1.615997886657714844e+01 0.000000000000000000e+00
-1.440108871459960938e+01 -7.579476833343505859e+00 0.000000000000000000e+00
1.121047973632812500e+01 7.264590740203857422e+00 0.000000000000000000e+00
6.616384506225585938e+00 -1.766795873641967773e+00 0.000000000000000000e+00
-3.044994592666625977e+00 3.137763738632202148e-01 0.000000000000000000e+00
5.977947235107421875e+00 1.602382659912109375e+01 0.000000000000000000e+00
-2.713498115539550781e+00 8.667202949523925781e+00 0.000000000000000000e+00
3.996556758880615234e+00 -1.629073905944824219e+01 0.000000000000000000e+00
2.174992799758911133e+00 9.011460304260253906e+00 0.000000000000000000e+00
-4.536653518676757812e+00 -8.987053871154785156e+00 0.000000000000000000e+00
4.974485874176025391e+00 -1.187171173095703125e+01 0.000000000000000000e+00
6.605199337005615234e+00 -1.542808711528778076e-01 0.000000000000000000e+00
-8.751176595687866211e-01 7.297587394714355469e+00 0.000000000000000000e+00
-1.450887870788574219e+01 -2.874587476253509521e-01 0.000000000000000000e+00
-6.293837547302246094e+00 1.211207962036132812e+01 0.000000000000000000e+00
-5.308003902435302734e+00 1.482650661468505859e+01 0.000000000000000000e+00
1.094866085052490234e+01 -1.360258293151855469e+01 0.000000000000000000e+00
4.175852775573730469e+00 8.937204360961914062e+00 0.000000000000000000e+00
1.740209007263183594e+01 8.399966359138488770e-01 0.000000000000000000e+00
-1.102210432291030884e-01 -1.402467536926269531e+01 0.000000000000000000e+00
-7.627961635589599609e+00 6.289215564727783203e+00 0.000000000000000000e+00
-1.192513370513916016e+01 8.911412239074707031e+00 0.000000000000000000e+00
7.684960365295410156e+00 1.245625019073486328e+00 0.000000000000000000e+00
-1.550945091247558594e+01 -1.979304790496826172e+00 0.000000000000000000e+00
9.559210777282714844e+00 1.434685134887695312e+01 0.000000000000000000e+00
3.024356365203857422e+00 -1.252501010894775391e+01 0.000000000000000000e+00
2.884541824460029602e-02 -7.050919532775878906e+00 0.000000000000000000e+00
6.160237312316894531e+00 -9.118834495544433594e+00 0.000000000000000000e+00
1.328684902191162109e+01 5.789212703704833984e+00 0.000000000000000000e+00
-1.520386981964111328e+01 2.013844251632690430e+00 0.000000000000000000e+00
-1.348920631408691406e+01 2.451013326644897461e+00 0.000000000000000000e+00
3.623039960861206055e+00 7.519770145416259766e+00 0.000000000000000000e+00
1.373320007324218750e+01 2.352705955505371094e+00 0.000000000000000000e+00
-5.096541881561279297e+00 -1.292697429656982422e+01 0.000000000000000000e+00
6.904974937438964844e+00 5.906474590301513672e+00 0.000000000000000000e+00
1.454037094116210938e+01 -1.057852149009704590e+00 0.000000000000000000e+00
1.193677139282226562e+01 8.845181465148925781e+00 0.000000000000000000e+00
-4.566541671752929688e+00 3.715310096740722656e+00 0.000000000000000000e+00
5.234340190887451172e+00 -7.644536972045898438e+00 0.000000000000000000e+00
6.810226440429687500e+00 9.340758323669433594e+00 0.000000000000000000e+00
3.581095337867736816e-01 -5.103538036346435547e+00 0.000000000000000000e+00
1.844508171081542969e+00 2.752152442932128906e+00 0.000000000000000000e+00
1.429379272460937500e+01 8.008010864257812500e+00 0.000000000000000000e+00
-2.301818579435348511e-01 -9.903880119323730469e+00 0.000000000000000000e+00
1.464843988418579102e+00 1.160205268859863281e+01 0.000000000000000000e+00
-1.617640686035156250e+01 1.643820405006408691e-01 0.000000000000000000e+00
-1.137338256835937500e+01 4.097819700837135315e-02 0.000000000000000000e+00
-1.426673412322998047e+00 1.697709846496582031e+01 0.000000000000000000e+00
3.036975562572479248e-01 -2.951374530792236328e+00 0.000000000000000000e+00
3.389454126358032227e+00 -1.485868072509765625e+01 0.000000000000000000e+00
1.669419288635253906e+01 -1.272906899452209473e+00 0.000000000000000000e+00
6.094276905059814453e+00 1.195174121856689453e+01 0.000000000000000000e+00
-3.944339275360107422e+00 1.277759265899658203e+01 0.000000000000000000e+00
-7.297867298126220703e+00 -1.268796825408935547e+01 0.000000000000000000e+00
-3.144507646560668945e+00 2.209410429000854492e+00 0.000000000000000000e+00
-1.399205017089843750e+01 -9.327365875244140625e+00 0.000000000000000000e+00
-6.013496398925781250e+00 -6.608344554901123047e+00 0.000000000000000000e+00
-1.075749969482421875e+01 1.350005340576171875e+01 0.000000000000000000e+00
4.173603534698486328e+00 4.033536911010742188e+00 0.000000000000000000e+00
3.097498714923858643e-01 8.588601112365722656e+00 0.000000000000000000e+00
-1.224757003784179688e+01 -1.355021476745605469e+00 0.000000000000000000e+00
1.346087169647216797e+01 6.159635186195373535e-01 0.000000000000000000e+00
-1.229024696350097656e+01 -8.976525306701660156e+00 0.000000000000000000e+00
1.553569126129150391e+01 5.901063919067382812e+00 0.000000000000000000e+00
1.556258296966552734e+01 -5.477879047393798828e+00 0.000000000000000000e+00
-4.267899990081787109e+00 8.026101112365722656e+00 0.000000000000000000e+00
-1.230972003936767578e+01 3.378618717193603516e+00 0.000000000000000000e+00
5.767263889312744141e+00 1.342647743225097656e+01 0.000000000000000000e+00
-1.610484313964843750e+01 -6.301445484161376953e+00 0.000000000000000000e+00
-3.447755575180053711e+00 -7.623065471649169922e+00 0.000000000000000000e+00
7.264846324920654297e+00 -1.325090980529785156e+01 0.000000000000000000e+00
1.328386497497558594e+01 -2.235739946365356445e+00 0.000000000000000000e+00
-4.807078838348388672e+00 1.135013961791992188e+01 0.000000000000000000e+00
1.281131148338317871e+00 -1.721664237976074219e+01 0.000000000000000000e+00
-6.342674255371093750e+00 -3.263616561889648438e-01 0.000000000000000000e+00
5.569095611572265625e+00 1.418922662734985352e+00 0.000000000000000000e+00
-1.669870758056640625e+01 3.817961454391479492e+00 0.000000000000000000e+00
7.035557746887207031e+00 -3.936077117919921875e+00 0.000000000000000000e+00
-1.187428188323974609e+01 -5.646791458129882812e+00 0.000000000000000000e+00
-1.426768183708190918e+00 -1.082458868622779846e-01 0.000000000000000000e+00
3.981947183609008789e+00 -1.015946006774902344e+01 0.000000000000000000e+00
1.129064559936523438e+01 3.714272737503051758e+00 0.000000000000000000e+00
-7.111317157745361328e+00 7.992018699645996094e+00 0.000000000000000000e+00
8.197047233581542969e+00 -6.686868667602539062e+00 0.000000000000000000e+00
9.805254936218261719e+00 1.140426826477050781e+01 0.000000000000000000e+00
-1.438873863220214844e+01 -3.306187391281127930e+00 0.000000000000000000e+00
8.518172264099121094e+00 8.690853118896484375e+00 0.000000000000000000e+00
-1.820905327796936035e+00 -1.203762149810791016e+01 0.000000000000000000e+00
1.435868835449218750e+01 -8.820413589477539062e+00 0.000000000000000000e+00
8.768963813781738281e+00 1.984971761703491211e-01 0.000000000000000000e+00
1.979848265647888184e+00 7.089035511016845703e+00 0.000000000000000000e+00
3.466999769210815430e+00 -2.608227968215942383e+00 0.000000000000000000e+00
-6.706994056701660156e+00 -1.602812194824218750e+01 0.000000000000000000e+00
6.608806610107421875e+00 -6.716566562652587891e+00 0.000000000000000000e+00
-1.063786697387695312e+01 -8.800611495971679688e+00 0.000000000000000000e+00
-1.008328914642333984e+01 -6.647773742675781250e+00 0.000000000000000000e+00
-1.156997680664062500e+00 9.396086692810058594e+00 0.000000000000000000e+00
-8.942752838134765625e+00 4.196389198303222656e+00 0.000000000000000000e+00
-6.528723239898681641e+00 1.589941120147705078e+01 0.000000000000000000e+00
7.907979965209960938e+00 -1.159908294677734375e+01 0.000000000000000000e+00
-1.202107715606689453e+01 1.197565746307373047e+01 0.000000000000000000e+00
1.003416633605957031e+01 -1.149074745178222656e+01 0.000000000000000000e+00
1.913139939308166504e+00 -1.369982719421386719e+01 0.000000000000000000e+00
-1.746698379516601562e+01 -8.268868923187255859e-01 0.000000000000000000e+00
9.711683273315429688e+00 -2.260309457778930664e+00 0.000000000000000000e+00
-9.309478759765625000e+00 7.756582260131835938e+00 0.000000000000000000e+00
-5.026986002922058105e-01 1.571547889709472656e+01 0.000000000000000000e+00
-3.279029369354248047e+00 1.703145599365234375e+01 0.000000000000000000e+00
-7.328158378601074219e+00 9.481925964355468750e+00 0.000000000000000000e+00
8.629475593566894531e+00 -1.466524028778076172e+01 0.000000000000000000e+00
-2.637502670288085938e+00 4.450576305389404297e+00 0.000000000000000000e+00
-4.590247631072998047e+00 -5.912676811218261719e+00 0.000000000000000000e+00
9.095048904418945312e+00 3.304239749908447266e+00 0.000000000000000000e+00
1.949080109596252441e+00 -5.395713329315185547e+00 0.000000000000000000e+00
1.242357254028320312e+01 -6.277787685394287109e+00 0.000000000000000000e+00
5.442412495613098145e-01 3.542960882186889648e+00 0.000000000000000000e+00
4.968608379364013672e+00 -1.781464219093322754e+00 0.000000000000000000e+00
1.404131031036376953e+01 -5.709567070007324219e+00 0.000000000000000000e+00
-1.692642402648925781e+01 -3.847023963928222656e+00 0.000000000000000000e+00
