4.090075016021728516e+00 8.266798973083496094e+00 0.000000000000000000e+00
8.011991500854492188e+00 8.150275230407714844e+00 0.000000000000000000e+00
4.494950294494628906e+00 -2.352412700653076172e+00 0.000000000000000000e+00
1.460817527770996094e+01 -6.416914463043212891e+00 0.000000000000000000e+00
-1.072194671630859375e+01 -8.648880958557128906e+00 0.000000000000000000e+00
-5.107199192047119141e+00 3.763882398605346680e+00 0.000000000000000000e+00
-1.402720510959625244e-01 -7.821376800537109375e+00 0.000000000000000000e+00
1.030765548348426819e-01 9.571049690246582031e+00 0.000000000000000000e+00
-8.247331619262695312e+00 1.515661907196044922e+01 0.000000000000000000e+00
3.789257764816284180e+00 -7.938201904296875000e+00 0.000000000000000000e+00
1.135455608367919922e+00 1.312687587738037109e+01 0.000000000000000000e+00
-3.658703327178955078e+00 -7.193575859069824219e+00 0.000000000000000000e+00
6.754561901092529297e+00 -3.806009769439697266e+00 0.000000000000000000e+00
1.163733386993408203e+01 -9.296957015991210938e+00 0.000000000000000000e+00
-1.032956600189208984e+01 3.790322542190551758e+00 0.000000000000000000e+00
1.219200706481933594e+01 9.687829971313476562e+00 0.000000000000000000e+00
-5.471345901489257812e+00 7.359914779663085938e-01 0.000000000000000000e+00
7.225032806396484375e+00 1.021424579620361328e+01 0.000000000000000000e+00
-8.152448654174804688e+00 -2.141840219497680664e+00 0.000000000000000000e+00
-1.594633007049560547e+01 -1.153092503547668457e+00 0.000000000000000000e+00
1.611805152893066406e+01 -4.619958877563476562e+00 0.000000000000000000e+00
6.088505744934082031e+00 -2.192269802093505859e+00 0.000000000000000000e+00
1.365476489067077637e+00 1.375555843114852905e-01 0.000000000000000000e+00
-8.581688880920410156e+00 -9.504881858825683594e+00 0.000000000000000000e+00
6.245651721954345703e+00 -5.170884132385253906e-01 0.000000000000000000e+00
-1.045389652252197266e+01 -1.939973384141921997e-01 0.000000000000000000e+00
9.755703926086425781e+00 -2.249059200286865234e+00 0.000000000000000000e+00
-1.611208534240722656e+01 -3.469002246856689453e+00 0.000000000000000000e+00
1.508654689788818359e+01 1.362988471984863281e+00 0.000000000000000000e+00
1.357337188720703125e+01 6.154178619384765625e+00 0.000000000000000000e+00
1.346850967407226562e+01 -3.097352504730224609e+00 0.000000000000000000e+00
-8.429769515991210938e+00 -5.786957263946533203e+00 0.000000000000000000e+00
-6.298124313354492188e+00 -1.189221668243408203e+01 0.000000000000000000e+00
-2.712046146392822266e+00 3.448265790939331055e-01 0.000000000000000000e+00
-9.015937447547912598e-01 -1.034083080291748047e+01 0.000000000000000000e+00
4.065353393554687500e+00 1.641966056823730469e+01 0.000000000000000000e+00
-1.525627899169921875e+01 -5.675103664398193359e+00 0.000000000000000000e+00
-7.927762031555175781e+00 1.510889232158660889e-01 0.000000000000000000e+00
-1.140633463859558105e+00 2.222156286239624023e+00 0.000000000000000000e+00
-6.724659919738769531e+00 -7.803772926330566406e+00 0.000000000000000000e+00
2.639724016189575195e+00 1.416458249092102051e+00 0.000000000000000000e+00
-1.062314605712890625e+01 -4.390418052673339844e+00 0.000000000000000000e+00
-2.721442699432373047e+00 -8.787631034851074219e+00 0.000000000000000000e+00
9.347575187683105469e+00 2.651967763900756836e+00 0.000000000000000000e+00
-1.220853710174560547e+01 -2.290693283081054688e+00 0.000000000000000000e+00
1.470602607727050781e+01 -9.159493446350097656e+00 0.000000000000000000e+00
2.619776248931884766e+00 6.708437919616699219e+00 0.000000000000000000e+00
-3.416819810867309570e+00 -1.132764434814453125e+01 0.000000000000000000e+00
-1.086089015007019043e+00 -1.593827247619628906e+01 0.000000000000000000e+00
-1.444162940979003906e+01 -9.386096000671386719e+00 0.000000000000000000e+00
-1.317683696746826172e+01 2.671256303787231445e+00 0.000000000000000000e+00
-1.259189128875732422e+01 4.492039203643798828e+00 0.000000000000000000e+00
4.502217292785644531e+00 -5.642385482788085938e+00 0.000000000000000000e+00
9.281170845031738281e+00 -1.141686916351318359e+01 0.000000000000000000e+00
-1.794266819953918457e+00 1.470326042175292969e+01 0.000000000000000000e+00
-1.509807682037353516e+01 8.809742331504821777e-01 0.000000000000000000e+00
1.224778461456298828e+01 1.239148235321044922e+01 0.000000000000000000e+00
1.360126256942749023e+00 -1.493949508666992188e+01 0.000000000000000000e+00
1.006960105895996094e+01 -9.784616470336914062e+00 0.000000000000000000e+00
1.253812313079833984e+01 -7.060841083526611328e+00 0.000000000000000000e+00
5.388895034790039062e+00 -1.168616008758544922e+01 0.000000000000000000e+00
-1.640434026718139648e+00 1.161352920532226562e+01 0.000000000000000000e+00
2.445261716842651367e+00 9.117910385131835938e+00 0.000000000000000000e+00
7.699899196624755859e+00 2.689725160598754883e+00 0.000000000000000000e+00
-6.936052799224853516e+00 1.432907962799072266e+01 0.000000000000000000e+00
7.091207981109619141e+00 1.354930496215820312e+01 0.000000000000000000e+00
-5.621122837066650391e+00 1.197680568695068359e+01 0.000000000000000000e+00
4.389001429080963135e-01 -1.176627635955810547e+01 0.000000000000000000e+00
-4.281750679016113281e+00 -1.575377941131591797e+01 0.000000000000000000e+00
9.014801025390625000e+00 -1.492323303222656250e+01 0.000000000000000000e+00
-1.270139312744140625e+01 -9.210190773010253906e+00 0.000000000000000000e+00
7.571706295013427734e+00 -9.529511451721191406e+00 0.000000000000000000e+00
1.107549095153808594e+01 -5.509517192840576172e+00 0.000000000000000000e+00
-6.972355842590332031e+00 4.987708568572998047e+00 0.000000000000000000e+00
-1.105204582214355469e+01 7.264291763305664062e+00 0.000000000000000000e+00
-6.355888843536376953e+00 -5.406528472900390625e+00 0.000000000000000000e+00
-2.194877624511718750e+00 -6.682455539703369141e+00 0.000000000000000000e+00
-9.811828613281250000e+00 1.438372898101806641e+01 0.000000000000000000e+00
-3.219477176666259766e+00 1.389323806762695312e+01 0.000000000000000000e+00
5.421868324279785156e+00 -1.368027687072753906e+01 0.000000000000000000e+00
-3.272750377655029297e+00 1.704124641418457031e+01 0.000000000000000000e+00
-7.461224198341369629e-01 -2.446885108947753906e+00 0.000000000000000000e+00
-1.009763145446777344e+01 -1.376429748535156250e+01 0.000000000000000000e+00
-4.690711021423339844e+00 1.076350307464599609e+01 0.000000000000000000e+00
-8.746781349182128906e+00 6.706119537353515625e+00 0.000000000000000000e+00
-1.722694039344787598e+00 7.303509235382080078e+00 0.000000000000000000e+00
2.020837813615798950e-01 -6.148799896240234375e+00 0.000000000000000000e+00
-6.426024913787841797e+00 -1.618758916854858398e+00 0.000000000000000000e+00
-8.598451614379882812e-01 1.740963935852050781e+01 0.000000000000000000e+00
1.704765892028808594e+01 -2.542194843292236328e+00 0.000000000000000000e+00
-1.263204956054687500e+01 -5.622226238250732422e+00 0.000000000000000000e+00
-1.810774087905883789e+00 3.852643728256225586e+00 0.000000000000000000e+00
-3.773525059223175049e-01 4.356474876403808594e+00 0.000000000000000000e+00
1.502721595764160156e+01 6.908893108367919922e+00 0.000000000000000000e+00
1.372143936157226562e+01 9.913604736328125000e+00 0.000000000000000000e+00
8.489877700805664062e+00 -7.192992687225341797e+00 0.000000000000000000e+00
4.923366069793701172e+00 1.076863479614257812e+01 0.000000000000000000e+00
4.815960884094238281e+00 4.968276500701904297e+00 0.000000000000000000e+00
1.191855812072753906e+01 6.791273117065429688e+00 0.000000000000000000e+00
-6.995593070983886719e+00 2.415873050689697266e+00 0.000000000000000000e+00
6.309677124023437500e+00 -7.335456371307373047e+00 0.000000000000000000e+00
-5.866451740264892578e+00 6.976510047912597656e+00 0.000000000000000000e+00
-1.552119445800781250e+01 7.003053188323974609e+00 0.000000000000000000e+00
-3.929967641830444336e+00 -4.253274440765380859e+00 0.000000000000000000e+00
-3.442268610000610352e+00 7.943439006805419922e+00 0.000000000000000000e+00
6.994215965270996094e+00 -1.227987480163574219e+01 0.000000000000000000e+00
-1.085295772552490234e+01 1.623091459274291992e+00 0.000000000000000000e+00
2.710496187210083008e+00 -6.362617492675781250e+00 0.000000000000000000e+00
1.458379650115966797e+01 4.268398284912109375e+00 0.000000000000000000e+00
7.793272495269775391e+00 -1.205618858337402344e+00 0.000000000000000000e+00
8.301292419433593750e+00 4.379357337951660156e+00 0.000000000000000000e+00
-1.436450290679931641e+01 -4.209650993347167969e+00 0.000000000000000000e+00
3.150762796401977539e+00 1.334800434112548828e+01 0.000000000000000000e+00
-1.113550758361816406e+01 1.210467910766601562e+01 0.000000000000000000e+00
7.539378643035888672e+00 -1.526675415039062500e+01 0.000000000000000000e+00
1.174233245849609375e+01 -3.293122529983520508e+00 0.000000000000000000e+00
-1.427101325988769531e+01 9.651491165161132812e+00 0.000000000000000000e+00
1.029622364044189453e+01 6.879803180694580078e+00 0.000000000000000000e+00
1.429936528205871582e+00 -4.718016624450683594e+00 0.000000000000000000e+00
-6.112501621246337891e+00 -1.544645690917968750e+01 0.000000000000000000e+00
1.108362102508544922e+01 8.236928939819335938e+00 0.000000000000000000e+00
-1.779771208763122559e+00 -1.314657211303710938e+01 0.000000000000000000e+00
2.911052465438842773e+00 -2.625159978866577148e+00 0.000000000000000000e+00
-8.250942230224609375e+00 -1.416472530364990234e+01 0.000000000000000000e+00
-9.559647560119628906e+00 -1.142145156860351562e+01 0.000000000000000000e+00
6.989772319793701172e+00 -1.381674480438232422e+01 0.000000000000000000e+00
1.575132369995117188e+00 1.463631916046142578e+01 0.000000000000000000e+00
-7.087694168090820312e+00 1.030488300323486328e+01 0.000000000000000000e+00
-1.692494583129882812e+01 1.222454071044921875e+00 0.000000000000000000e+00
-3.351278781890869141e+00 -1.524495720863342285e+00 0.000000000000000000e+00
5.302011013031005859e+00 1.292226028442382812e+01 0.000000000000000000e+00
1.954284429550170898e+00 -1.019068908691406250e+01 0.000000000000000000e+00
-1.805918812751770020e+00 -4.668404102325439453e+00 0.000000000000000000e+00
5.020113587379455566e-01 -1.721170043945312500e+01 0.000000000000000000e+00
1.212413024902343750e+01 -1.230142831802368164e+00 0.000000000000000000e+00
2.417016506195068359e+00 4.387873649597167969e+00 0.000000000000000000e+00
1.069584563374519348e-01 1.613347244262695312e+01 0.000000000000000000e+00
1.207723522186279297e+01 -1.184709262847900391e+01 0.000000000000000000e+00
5.040275096893310547e+00 1.524096679687500000e+01 0.000000000000000000e+00
-1.419516849517822266e+01 6.081653594970703125e+00 0.000000000000000000e+00
-3.915713310241699219e+00 4.981275558471679688e+00 0.000000000000000000e+00
-1.411684513092041016e+01 -7.697985649108886719e+00 0.000000000000000000e+00
1.348890209197998047e+01 7.922754764556884766e+00 0.000000000000000000e+00
-9.985365867614746094e+00 -6.090026378631591797e+00 0.000000000000000000e+00
6.030911922454833984e+00 2.852692842483520508e+00 0.000000000000000000e+00
-9.226682662963867188e+00 4.818047523498535156e+00 0.000000000000000000e+00
9.493296623229980469e+00 1.303487396240234375e+01 0.000000000000000000e+00
4.914112091064453125e+00 -9.505466461181640625e+00 0.000000000000000000e+00
3.483616113662719727e+00 -1.428654575347900391e+01 0.000000000000000000e+00
1.039082431793212891e+01 -1.270642471313476562e+01 0.000000000000000000e+00
7.767913341522216797e-01 7.461884975433349609e+00 0.000000000000000000e+00
-5.618476390838623047e+00 9.144116401672363281e+00 0.000000000000000000e+00
-8.315666198730468750e+00 8.615169525146484375e+00 0.000000000000000000e+00
-1.493848419189453125e+01 -2.278608798980712891e+00 0.000000000000000000e+00
3.186059474945068359e+00 -2.289704680442810059e-01 0.000000000000000000e+00
1.548371791839599609e+01 -3.057918071746826172e+00 0.000000000000000000e+00
-2.524736166000366211e+00 -1.505464553833007812e+01 0.000000000000000000e+00
7.289949893951416016e+00 1.521994972229003906e+01 0.000000000000000000e+00
1.732613563537597656e+01 1.714879035949707031e+00 0.000000000000000000e+00
1.335904216766357422e+01 -1.075785255432128906e+01 0.000000000000000000e+00
1.195460796356201172e+01 3.958895444869995117e+00 0.000000000000000000e+00
6.701633453369140625e+00 5.729632854461669922e+00 0.000000000000000000e+00
9.487383842468261719e+00 1.060015964508056641e+01 0.000000000000000000e+00
6.523771286010742188e-01 1.131885051727294922e+01 0.000000000000000000e+00
8.906127929687500000e+00 8.005774617195129395e-01 0.000000000000000000e+00
1.738076972961425781e+01 -9.776124954223632812e-01 0.000000000000000000e+00
-6.447774887084960938e+00 -1.339883518218994141e+01 0.000000000000000000e+00
-1.328713512420654297e+01 -1.060499000549316406e+01 0.000000000000000000e+00
1.102411937713623047e+01 -7.369283676147460938e+00 0.000000000000000000e+00
-2.867761373519897461e+00 2.565050125122070312e+00 0.000000000000000000e+00
-5.732028961181640625e+00 -1.002980327606201172e+01 0.000000000000000000e+00
-1.225501632690429688e+01 9.046163558959960938e+00 0.000000000000000000e+00
-1.051525592803955078e+01 -1.019447231292724609e+01 0.000000000000000000e+00
-8.467921257019042969e+00 -3.671394824981689453e+00 0.000000000000000000e+00
-9.124319076538085938e+00 -7.678250789642333984e+00 0.000000000000000000e+00
4.066067695617675781e+00 -1.699708557128906250e+01 0.000000000000000000e+00
-9.901940345764160156e+00 -2.364759206771850586e+00 0.000000000000000000e+00
1.350737762451171875e+01 1.569978952407836914e+00 0.000000000000000000e+00
1.376640915870666504e+00 2.297863483428955078e+00 0.000000000000000000e+00
-1.452329039573669434e+00 9.486778259277343750e+00 0.000000000000000000e+00
1.862826585769653320e+00 1.705574035644531250e+01 0.000000000000000000e+00
2.089184045791625977e+00 -8.631468772888183594e+00 0.000000000000000000e+00
5.859281063079833984e+00 8.830464363098144531e+00 0.000000000000000000e+00
1.568290948867797852e+00 -1.944725751876831055e+00 0.000000000000000000e+00
1.085365295410156250e+01 2.845319747924804688e+00 0.000000000000000000e+00
1.643498611450195312e+01 5.651733875274658203e+00 0.000000000000000000e+00
-1.065655708312988281e+01 9.236745834350585938e+00 0.000000000000000000e+00
-1.694833564758300781e+01 3.511958599090576172e+00 0.000000000000000000e+00
4.884081363677978516e+00 1.031477689743041992e+00 0.000000000000000000e+00
-1.170337009429931641e+01 -7.211479663848876953e+00 0.000000000000000000e+00
6.433195590972900391e+00 1.305324435234069824e+00 0.000000000000000000e+00
3.714706182479858398e+00 -1.132506084442138672e+01 0.000000000000000000e+00
-8.105105400085449219e+00 -1.232615852355957031e+01 0.000000000000000000e+00
9.236321449279785156e+00 -4.210035324096679688e+00 0.000000000000000000e+00
-4.211885929107666016e+00 -1.306209945678710938e+01 0.000000000000000000e+00
-1.537804889678955078e+01 3.401422739028930664e+00 0.000000000000000000e+00
-6.990327358245849609e+00 -3.212779760360717773e+00 0.000000000000000000e+00
-8.537849426269531250e+00 1.555891275405883789e+00 0.000000000000000000e+00
1.519588947296142578e+01 -1.038226246833801270e+00 0.000000000000000000e+00
1.090905570983886719e+01 -6.015320494771003723e-02 0.000000000000000000e+00
1.099644660949707031e+01 1.067223358154296875e+01 0.000000000000000000e+00
-3.817257165908813477e+00 1.394626259803771973e+00 0.000000000000000000e+00
-1.131574749946594238e+00 -1.799643188714981079e-01 0.000000000000000000e+00
-5.238208770751953125e+00 1.663290023803710938e+01 0.000000000000000000e+00
1.679866981506347656e+01 3.300803422927856445e+00 0.000000000000000000e+00
2.781384706497192383e+00 -1.612957000732421875e+01 0.000000000000000000e+00
3.285516023635864258e+00 1.122642230987548828e+01 0.000000000000000000e+00
-4.857973575592041016e+00 1.395318794250488281e+01 0.000000000000000000e+00
-7.632073402404785156e+00 1.171906185150146484e+01 0.000000000000000000e+00
-1.131057071685791016e+01 -1.284953594207763672e+01 0.000000000000000000e+00
9.211630821228027344e+00 -7.086364030838012695e-01 0.000000000000000000e+00
-3.260139465332031250e+00 1.237223815917968750e+01 0.000000000000000000e+00
-1.368223285675048828e+01 7.861743927001953125e+00 0.000000000000000000e+00
-9.710700035095214844e+00 1.067779636383056641e+01 0.000000000000000000e+00
-1.327439117431640625e+01 1.081103801727294922e+01 0.000000000000000000e+00
6.363078355789184570e-01 -3.261047840118408203e+00 0.000000000000000000e+00
1.245913743972778320e+00 -1.321331214904785156e+01 0.000000000000000000e+00
-8.726192474365234375e+00 3.141026496887207031e+00 0.000000000000000000e+00
-1.214289379119873047e+01 -3.842202901840209961e+00 0.000000000000000000e+00
-1.298269748687744141e+01 -6.375675797462463379e-01 0.000000000000000000e+00
8.291658401489257812e+00 1.165888309478759766e+01 0.000000000000000000e+00
-1.233500766754150391e+01 9.229609966278076172e-01 0.000000000000000000e+00
3.083245992660522461e+00 -1.282903861999511719e+01 0.000000000000000000e+00
-5.463025093078613281e+00 -3.205963134765625000e+00 0.000000000000000000e+00
-5.156779289245605469e+00 -8.307909011840820312e+00 0.000000000000000000e+00
-8.993430733680725098e-01 -1.442982959747314453e+01 0.000000000000000000e+00
-1.263310146331787109e+01 6.464828014373779297e+00 0.000000000000000000e+00
-4.173394203186035156e+00 -5.735797405242919922e+00 0.000000000000000000e+00
-4.924398422241210938e+00 -1.655687093734741211e+00 0.000000000000000000e+00
6.504501819610595703e+00 -5.660528182983398438e+00 0.000000000000000000e+00
-2.528564453125000000e+00 -1.709817504882812500e+01 0.000000000000000000e+00
-1.106414413452148438e+01 5.276999473571777344e+00 0.000000000000000000e+00
4.270776748657226562e+00 2.415558576583862305e+00 0.000000000000000000e+00
4.518898487091064453e+00 -1.537516403198242188e+01 0.000000000000000000e+00
3.178298473358154297e+00 1.516334915161132812e+01 0.000000000000000000e+00
5.940076351165771484e+00 7.277316570281982422e+00 0.000000000000000000e+00
-6.956113815307617188e+00 1.595353698730468750e+01 0.000000000000000000e+00
-1.166545677185058594e+01 1.065340137481689453e+01 0.000000000000000000e+00
1.437846088409423828e+01 -4.414737224578857422e+00 0.000000000000000000e+00
-1.724584221839904785e+00 5.510966777801513672e+00 0.000000000000000000e+00
-2.471643447875976562e+00 -2.993221044540405273e+00 0.000000000000000000e+00
1.188594436645507812e+01 1.636002182960510254e+00 0.000000000000000000e+00
-3.613570034503936768e-01 1.328819847106933594e+01 0.000000000000000000e+00
3.555938243865966797e+00 -4.065529346466064453e+00 0.000000000000000000e+00
-1.744242286682128906e+01 -8.741789460182189941e-01 0.000000000000000000e+00
8.823715209960937500e+00 6.215054035186767578e+00 0.000000000000000000e+00
-1.577278709411621094e+01 4.913077831268310547e+00 0.000000000000000000e+00
-4.660253524780273438e-01 6.482367992401123047e+00 0.000000000000000000e+00
1.257056903839111328e+01 -4.999848365783691406e+00 0.000000000000000000e+00
-3.374350070953369141e+00 9.803948402404785156e+00 0.000000000000000000e+00
-3.542963266372680664e+00 1.545771026611328125e+01 0.000000000000000000e+00
9.187763214111328125e+00 -5.797048091888427734e+00 0.000000000000000000e+00
-1.193800640106201172e+01 -1.130471611022949219e+01 0.000000000000000000e+00
6.256201744079589844e+00 -1.617379188537597656e+01 0.000000000000000000e+00
1.282381653785705566e+00 5.721620559692382812e+00 0.000000000000000000e+00
1.022241973876953125e+01 4.481888294219970703e+00 0.000000000000000000e+00
