1.408090114593505859e+01 3.052763223648071289e+00 0.000000000000000000e+00
1.403766345977783203e+01 -7.636095046997070312e+00 0.000000000000000000e+00
-2.208266496658325195e+00 8.934496879577636719e+00 0.000000000000000000e+00
3.690386295318603516e+00 -1.483637523651123047e+01 0.000000000000000000e+00
-3.365602254867553711e+00 5.596041083335876465e-01 0.000000000000000000e+00
1.172849082946777344e+01 -3.959707498550415039e+00 0.000000000000000000e+00
-1.496378779411315918e-01 9.970081329345703125e+00 0.000000000000000000e+00
1.564966487884521484e+01 2.324752807617187500e+00 0.000000000000000000e+00
-9.713665962219238281e+00 -4.527616024017333984e+00 0.000000000000000000e+00
-7.845825672149658203e+00 5.094930648803710938e+00 0.000000000000000000e+00
-2.237698584794998169e-01 4.128275394439697266e+00 0.000000000000000000e+00
4.671892166137695312e+00 2.432651758193969727e+00 0.000000000000000000e+00
-1.185628223419189453e+01 -6.795833110809326172e+00 0.000000000000000000e+00
5.650088787078857422e+00 6.882185459136962891e+00 0.000000000000000000e+00
-9.810056686401367188e-01 -6.935620307922363281e+00 0.000000000000000000e+00
-6.602881908416748047e+00 -1.250774478912353516e+01 0.000000000000000000e+00
4.600422978401184082e-01 -1.888340473175048828e+00 0.000000000000000000e+00
-5.593692302703857422e+00 1.045028781890869141e+01 0.000000000000000000e+00
1.353560209274291992e+00 7.129181623458862305e-01 0.000000000000000000e+00
8.794740676879882812e+00 -1.106400489807128906e+01 0.000000000000000000e+00
-2.774878978729248047e+00 1.601690864562988281e+01 0.000000000000000000e+00
1.564382648468017578e+01 7.815084457397460938e+00 0.000000000000000000e+00
3.433298587799072266e+00 -5.115612983703613281e+00 0.000000000000000000e+00
7.803310871124267578e+00 -3.483996629714965820e+00 0.000000000000000000e+00
1.321369528770446777e+00 -1.151249217987060547e+01 0.000000000000000000e+00
-8.808344841003417969e+00 3.890695333480834961e+00 0.000000000000000000e+00
1.030050277709960938e+00 -8.151749610900878906e+00 0.000000000000000000e+00
-1.211140918731689453e+01 -1.035964965820312500e+01 0.000000000000000000e+00
-1.036512470245361328e+01 -1.346048259735107422e+01 0.000000000000000000e+00
8.877871513366699219e+00 -2.176048517227172852e+00 0.000000000000000000e+00
5.069026470184326172e+00 1.616954231262207031e+01 0.000000000000000000e+00
-8.444425582885742188e+00 6.724097728729248047e+00 0.000000000000000000e+00
-3.672728776931762695e+00 5.922561645507812500e+00 0.000000000000000000e+00
-2.183713197708129883e+00 -1.222393417358398438e+01 0.000000000000000000e+00
-1.537254428863525391e+01 -3.537559032440185547e+00 0.000000000000000000e+00
4.226901531219482422e+00 -1.215352773666381836e+00 0.000000000000000000e+00
-3.446702003479003906e+00 -1.396719264984130859e+01 0.000000000000000000e+00
-1.184681320190429688e+01 1.137099647521972656e+01 0.000000000000000000e+00
9.214098930358886719e+00 6.472230434417724609e+00 0.000000000000000000e+00
-1.033802223205566406e+01 1.217259407043457031e+01 0.000000000000000000e+00
-5.824272155761718750e+00 3.551514148712158203e+00 0.000000000000000000e+00
-5.499989032745361328e+00 5.223191261291503906e+00 0.000000000000000000e+00
-1.153925514221191406e+01 9.015659332275390625e+00 0.000000000000000000e+00
6.969133853912353516e+00 1.387996482849121094e+01 0.000000000000000000e+00
5.778835296630859375e+00 -1.010299873352050781e+01 0.000000000000000000e+00
-1.363781356811523438e+01 9.822031855583190918e-01 0.000000000000000000e+00
1.134739971160888672e+01 -2.515295147895812988e-01 0.000000000000000000e+00
7.594586849212646484e+00 -5.729784965515136719e+00 0.000000000000000000e+00
-9.137671589851379395e-01 -1.701395606994628906e+01 0.000000000000000000e+00
-3.212388277053833008e+00 -5.282563686370849609e+00 0.000000000000000000e+00
1.124533557891845703e+01 1.224038219451904297e+01 0.000000000000000000e+00
1.073835849761962891e+01 -1.076203155517578125e+01 0.000000000000000000e+00
-8.427745819091796875e+00 1.201064491271972656e+01 0.000000000000000000e+00
6.114584445953369141e+00 9.483772277832031250e+00 0.000000000000000000e+00
-1.190026950836181641e+01 -4.168663024902343750e+00 0.000000000000000000e+00
1.085594081878662109e+01 -8.815160751342773438e+00 0.000000000000000000e+00
-1.034605216979980469e+01 7.453820705413818359e+00 0.000000000000000000e+00
-1.392413973808288574e+00 -2.312110424041748047e+00 0.000000000000000000e+00
5.731784820556640625e+00 -3.226078987121582031e+00 0.000000000000000000e+00
-8.133918762207031250e+00 -6.510624885559082031e+00 0.000000000000000000e+00
-1.740453529357910156e+01 1.761682629585266113e+00 0.000000000000000000e+00
-1.337671875953674316e-01 7.586589813232421875e+00 0.000000000000000000e+00
4.021472454071044922e+00 -1.680628013610839844e+01 0.000000000000000000e+00
-1.552777290344238281e+00 1.170581340789794922e+00 0.000000000000000000e+00
1.052118110656738281e+01 9.230031013488769531e+00 0.000000000000000000e+00
-1.805886030197143555e+00 2.811564683914184570e+00 0.000000000000000000e+00
-7.423557758331298828e+00 1.018767070770263672e+01 0.000000000000000000e+00
-1.134594249725341797e+01 4.995051860809326172e+00 0.000000000000000000e+00
-1.284085464477539062e+01 7.810964584350585938e+00 0.000000000000000000e+00
2.267874002456665039e+00 9.570240020751953125e+00 0.000000000000000000e+00
-1.421152496337890625e+01 3.339453935623168945e+00 0.000000000000000000e+00
-9.281891584396362305e-01 -1.535184669494628906e+01 0.000000000000000000e+00
7.073294162750244141e+00 -1.187214183807373047e+01 0.000000000000000000e+00
-7.921307563781738281e+00 -1.497123527526855469e+01 0.000000000000000000e+00
8.327651023864746094e+00 -1.488409614562988281e+01 0.000000000000000000e+00
4.768669605255126953e+00 -8.818503379821777344e+00 0.000000000000000000e+00
1.544180393218994141e+01 2.042810767889022827e-01 0.000000000000000000e+00
-1.351642799377441406e+01 6.335628509521484375e+00 0.000000000000000000e+00
8.792805671691894531e+00 1.324374914169311523e+00 0.000000000000000000e+00
1.177845668792724609e+01 3.880366563796997070e+00 0.000000000000000000e+00
6.238490343093872070e-01 1.195583057403564453e+01 0.000000000000000000e+00
1.265644836425781250e+01 -1.157793807983398438e+01 0.000000000000000000e+00
-4.059221744537353516e+00 -1.596586132049560547e+01 0.000000000000000000e+00
1.560518741607666016e+01 6.001426696777343750e+00 0.000000000000000000e+00
4.218746662139892578e+00 -3.293687105178833008e+00 0.000000000000000000e+00
1.310633945465087891e+01 1.001878356933593750e+01 0.000000000000000000e+00
3.093614101409912109e+00 -9.587376594543457031e+00 0.000000000000000000e+00
3.791692018508911133e+00 -7.646530628204345703e+00 0.000000000000000000e+00
-7.582329750061035156e+00 1.449069213867187500e+01 0.000000000000000000e+00
7.979280471801757812e+00 8.398179054260253906e+00 0.000000000000000000e+00
-6.228742599487304688e+00 9.496086239814758301e-01 0.000000000000000000e+00
6.491500377655029297e+00 -6.492885202169418335e-02 0.000000000000000000e+00
-1.853130936622619629e+00 1.123211669921875000e+01 0.000000000000000000e+00
-6.437241077423095703e+00 6.402206897735595703e+00 0.000000000000000000e+00
1.274090099334716797e+01 2.118300676345825195e+00 0.000000000000000000e+00
8.062040805816650391e-01 1.413120555877685547e+01 0.000000000000000000e+00
1.340121650695800781e+01 5.143450498580932617e-01 0.000000000000000000e+00
-1.557957553863525391e+01 1.635801076889038086e+00 0.000000000000000000e+00
1.348700809478759766e+01 -5.209161281585693359e+00 0.000000000000000000e+00
-9.965403556823730469e+00 3.842354416847229004e-01 0.000000000000000000e+00
-5.976189613342285156e+00 8.949686050415039062e+00 0.000000000000000000e+00
8.031203269958496094e+00 -2.882706820964813232e-01 0.000000000000000000e+00
-3.352379083633422852e+00 2.733033180236816406e+00 0.000000000000000000e+00
3.200938940048217773e+00 6.350668907165527344e+00 0.000000000000000000e+00
1.504342365264892578e+01 -5.823320865631103516e+00 0.000000000000000000e+00
1.305431365966796875e+01 -1.487610578536987305e+00 0.000000000000000000e+00
-3.718126773834228516e+00 -1.137287139892578125e+00 0.000000000000000000e+00
-5.641231060028076172e+00 1.416928482055664062e+01 0.000000000000000000e+00
-4.789078235626220703e+00 -4.537076473236083984e+00 0.000000000000000000e+00
-9.228453636169433594e+00 -8.132387161254882812e+00 0.000000000000000000e+00
-7.866412639617919922e+00 2.531672000885009766e+00 0.000000000000000000e+00
-2.123352527618408203e+00 1.348700332641601562e+01 0.000000000000000000e+00
1.564086318016052246e+00 -5.531039237976074219e+00 0.000000000000000000e+00
-1.244309997558593750e+01 2.937159776687622070e+00 0.000000000000000000e+00
-6.470376968383789062e+00 -8.183412551879882812e-01 0.000000000000000000e+00
5.622469902038574219e+00 -6.011034965515136719e+00 0.000000000000000000e+00
-1.214149665832519531e+01 -1.217672348022460938e+01 0.000000000000000000e+00
-1.396193122863769531e+01 4.842751502990722656e+00 0.000000000000000000e+00
2.138839960098266602e+00 -1.408579540252685547e+01 0.000000000000000000e+00
-3.951506614685058594e+00 1.368481159210205078e+01 0.000000000000000000e+00
-5.741858482360839844e+00 1.580393314361572266e+01 0.000000000000000000e+00
4.985874176025390625e+00 1.219276142120361328e+01 0.000000000000000000e+00
4.268106937408447266e+00 4.511848449707031250e+00 0.000000000000000000e+00
8.354005813598632812e+00 1.135417938232421875e+01 0.000000000000000000e+00
-7.327519655227661133e-01 -9.900428771972656250e+00 0.000000000000000000e+00
2.774786710739135742e+00 1.408911228179931641e+00 0.000000000000000000e+00
1.519577312469482422e+01 -3.777062892913818359e+00 0.000000000000000000e+00
-3.248324871063232422e+00 -9.570851325988769531e+00 0.000000000000000000e+00
1.941002607345581055e+00 -2.348549604415893555e+00 0.000000000000000000e+00
-1.150312995910644531e+01 -1.782222270965576172e+00 0.000000000000000000e+00
-4.830372333526611328e-01 -1.203204727172851562e+01 0.000000000000000000e+00
9.787572860717773438e+00 1.300590801239013672e+01 0.000000000000000000e+00
1.656475067138671875e+01 -2.868956327438354492e+00 0.000000000000000000e+00
1.021465969085693359e+01 2.024463415145874023e+00 0.000000000000000000e+00
8.247836112976074219e+00 1.514341449737548828e+01 0.000000000000000000e+00
4.571431875228881836e-01 -1.418239974975585938e+01 0.000000000000000000e+00
-1.678576660156250000e+01 -6.848059892654418945e-01 0.000000000000000000e+00
-5.964041709899902344e+00 -7.031749248504638672e+00 0.000000000000000000e+00
6.301269531250000000e+00 3.456604480743408203e+00 0.000000000000000000e+00
-8.264115333557128906e+00 -5.671011209487915039e-01 0.000000000000000000e+00
-1.043562221527099609e+01 2.985285997390747070e+00 0.000000000000000000e+00
5.999068260192871094e+00 -1.375325298309326172e+01 0.000000000000000000e+00
-1.432696914672851562e+01 9.791907310485839844e+00 0.000000000000000000e+00
-9.483099937438964844e+00 -1.102158832550048828e+01 0.000000000000000000e+00
-1.463087177276611328e+01 -6.601129531860351562e+00 0.000000000000000000e+00
-3.881897926330566406e+00 1.209209537506103516e+01 0.000000000000000000e+00
9.032714843750000000e+00 -7.499522686004638672e+00 0.000000000000000000e+00
-7.334055900573730469e+00 -1.064128875732421875e+01 0.000000000000000000e+00
2.109870433807373047e+00 4.391524314880371094e+00 0.000000000000000000e+00
8.909818649291992188e+00 -1.294519519805908203e+01 0.000000000000000000e+00
7.420640468597412109e+00 -7.543835639953613281e+00 0.000000000000000000e+00
-5.087172508239746094e+00 -1.996335864067077637e+00 0.000000000000000000e+00
6.655323505401611328e+00 1.749452710151672363e+00 0.000000000000000000e+00
-4.995856285095214844e+00 6.997806072235107422e+00 0.000000000000000000e+00
1.451144886016845703e+01 9.050017356872558594e+00 0.000000000000000000e+00
1.173234367370605469e+01 8.258938789367675781e+00 0.000000000000000000e+00
-1.602481460571289062e+01 -5.092303752899169922e+00 0.000000000000000000e+00
3.174656927585601807e-01 1.644942665100097656e+01 0.000000000000000000e+00
2.837063550949096680e+00 -6.500275135040283203e-01 0.000000000000000000e+00
1.142352819442749023e+00 2.719125986099243164e+00 0.000000000000000000e+00
9.895092010498046875e+00 -1.426278114318847656e+01 0.000000000000000000e+00
1.666427993774414062e+01 3.654338359832763672e+00 0.000000000000000000e+00
1.241015911102294922e+01 -6.909533023834228516e+00 0.000000000000000000e+00
-1.358150386810302734e+01 -4.373711585998535156e+00 0.000000000000000000e+00
-9.119365692138671875e+00 8.655570983886718750e+00 0.000000000000000000e+00
1.266505527496337891e+01 6.018112659454345703e+00 0.000000000000000000e+00
-7.468645095825195312e+00 -1.972316384315490723e+00 0.000000000000000000e+00
2.134862184524536133e+00 1.559731483459472656e+01 0.000000000000000000e+00
-3.391496419906616211e+00 -3.515685319900512695e+00 0.000000000000000000e+00
3.591175675392150879e-01 -4.636022567749023438e+00 0.000000000000000000e+00
3.951376676559448242e+00 -1.292224407196044922e+01 0.000000000000000000e+00
-2.476677179336547852e+00 -1.561076259613037109e+01 0.000000000000000000e+00
-1.470155811309814453e+01 -4.470852613449096680e-01 0.000000000000000000e+00
-5.761722564697265625e+00 -9.528717994689941406e+00 0.000000000000000000e+00
-1.479469680786132812e+01 7.314148902893066406e+00 0.000000000000000000e+00
3.959477663040161133e+00 1.044607353210449219e+01 0.000000000000000000e+00
1.713059616088867188e+01 -1.271842360496520996e+00 0.000000000000000000e+00
-6.011227130889892578e+00 -3.588073015213012695e+00 0.000000000000000000e+00
8.843046188354492188e+00 4.033904552459716797e+00 0.000000000000000000e+00
-1.082468605041503906e+01 -8.205653190612792969e+00 0.000000000000000000e+00
-8.104356765747070312e+00 -3.787864208221435547e+00 0.000000000000000000e+00
-2.427121639251708984e+00 -8.123290061950683594e+00 0.000000000000000000e+00
2.124352455139160156e+00 1.130696964263916016e+01 0.000000000000000000e+00
1.333892822265625000e+01 -9.812397003173828125e+00 0.000000000000000000e+00
-4.934706211090087891e+00 2.124457836151123047e+00 0.000000000000000000e+00
-1.667831897735595703e+00 5.510283470153808594e+00 0.000000000000000000e+00
1.505720710754394531e+01 4.424777984619140625e+00 0.000000000000000000e+00
-1.357715034484863281e+01 -2.010211944580078125e+00 0.000000000000000000e+00
-1.449760341644287109e+01 -9.552363395690917969e+00 0.000000000000000000e+00
-9.309281110763549805e-01 -5.623923540115356445e-01 0.000000000000000000e+00
-8.625569343566894531e+00 -1.240541076660156250e+01 0.000000000000000000e+00
-7.515838623046875000e+00 -8.196338653564453125e+00 0.000000000000000000e+00
-1.258138895034790039e+00 1.680455207824707031e+01 0.000000000000000000e+00
1.046401596069335938e+01 -6.195920467376708984e+00 0.000000000000000000e+00
3.365613222122192383e+00 1.259446334838867188e+01 0.000000000000000000e+00
1.686277008056640625e+01 -4.665963172912597656e+00 0.000000000000000000e+00
6.794810295104980469e+00 -1.957457304000854492e+00 0.000000000000000000e+00
4.404119014739990234e+00 3.803568780422210693e-01 0.000000000000000000e+00
3.165512800216674805e+00 1.681676483154296875e+01 0.000000000000000000e+00
-4.441374301910400391e+00 -8.589758872985839844e+00 0.000000000000000000e+00
8.273022174835205078e-01 5.543238162994384766e+00 0.000000000000000000e+00
4.014475822448730469e+00 -1.123655128479003906e+01 0.000000000000000000e+00
3.541540861129760742e+00 1.498994541168212891e+01 0.000000000000000000e+00
-1.626809501647949219e+01 3.409933567047119141e+00 0.000000000000000000e+00
1.184473609924316406e+01 -2.377009391784667969e+00 0.000000000000000000e+00
-1.031504344940185547e+01 -2.829753637313842773e+00 0.000000000000000000e+00
2.315276861190795898e+00 -1.596784591674804688e+01 0.000000000000000000e+00
-5.849442005157470703e+00 1.206558704376220703e+01 0.000000000000000000e+00
-6.199257850646972656e+00 -5.223037242889404297e+00 0.000000000000000000e+00
1.681567001342773438e+01 1.219672679901123047e+00 0.000000000000000000e+00
-1.012302970886230469e+01 -9.547592163085937500e+00 0.000000000000000000e+00
4.951623439788818359e+00 1.393375015258789062e+01 0.000000000000000000e+00
-4.448546409606933594e+00 -1.102601528167724609e+01 0.000000000000000000e+00
-1.764736413955688477e+00 -4.844122886657714844e+00 0.000000000000000000e+00
-1.646552276611328125e+01 -2.413158178329467773e+00 0.000000000000000000e+00
-3.850371360778808594e+00 8.969778060913085938e+00 0.000000000000000000e+00
-9.568330764770507812e+00 5.475229263305664062e+00 0.000000000000000000e+00
6.529222011566162109e+00 1.128705406188964844e+01 0.000000000000000000e+00
8.877818584442138672e-01 -9.689270019531250000e+00 0.000000000000000000e+00
-8.135225296020507812e+00 9.985830783843994141e-01 0.000000000000000000e+00
5.483427047729492188e+00 -1.587827205657958984e+01 0.000000000000000000e+00
-5.885597229003906250e+00 -1.562021636962890625e+01 0.000000000000000000e+00
6.833618164062500000e+00 1.607152748107910156e+01 0.000000000000000000e+00
7.676546573638916016e-01 -1.607308006286621094e+01 0.000000000000000000e+00
3.078706741333007812e+00 7.852753639221191406e+00 0.000000000000000000e+00
-4.197710990905761719e+00 1.680610656738281250e+01 0.000000000000000000e+00
5.525778770446777344e+00 -1.178774261474609375e+01 0.000000000000000000e+00
-4.472410678863525391e+00 -6.664866924285888672e+00 0.000000000000000000e+00
-1.224753856658935547e+01 -1.340883672237396240e-01 0.000000000000000000e+00
3.261606216430664062e+00 3.057105302810668945e+00 0.000000000000000000e+00
7.294872760772705078e+00 4.823746681213378906e+00 0.000000000000000000e+00
7.245395183563232422e+00 6.521633625030517578e+00 0.000000000000000000e+00
-1.548796463012695312e+01 5.808379173278808594e+00 0.000000000000000000e+00
-2.902845621109008789e+00 7.313628673553466797e+00 0.000000000000000000e+00
9.532946586608886719e+00 -4.851809024810791016e+00 0.000000000000000000e+00
1.165101432800292969e+01 -1.270201396942138672e+01 0.000000000000000000e+00
1.498976707458496094e+01 -1.484477043151855469e+00 0.000000000000000000e+00
1.048211574554443359e+01 5.306199550628662109e+00 0.000000000000000000e+00
8.198450088500976562e+00 -9.454410552978515625e+00 0.000000000000000000e+00
2.199077367782592773e+00 -7.167850971221923828e+00 0.000000000000000000e+00
1.416368293762207031e+01 6.504614353179931641e+00 0.000000000000000000e+00
-1.028898906707763672e+01 1.413831043243408203e+01 0.000000000000000000e+00
-5.374763011932373047e+00 -1.347276020050048828e+01 0.000000000000000000e+00
-9.984437942504882812e+00 -6.394302845001220703e+00 0.000000000000000000e+00
-9.480844251811504364e-03 1.497260093688964844e+00 0.000000000000000000e+00
-9.530415534973144531e+00 1.037391853332519531e+01 0.000000000000000000e+00
1.571103477478027344e+01 -7.375583648681640625e+00 0.000000000000000000e+00
-1.238551616668701172e+01 -8.715296745300292969e+00 0.000000000000000000e+00
8.903171539306640625e+00 9.681419372558593750e+00 0.000000000000000000e+00
7.507436752319335938e+00 -1.348784637451171875e+01 0.000000000000000000e+00
-1.129890823364257812e+01 1.656984329223632812e+00 0.000000000000000000e+00
9.727423191070556641e-01 8.710077285766601562e+00 0.000000000000000000e+00
9.801870346069335938e+00 -8.739293813705444336e-01 0.000000000000000000e+00
4.838854312896728516e+00 8.188354492187500000e+00 0.000000000000000000e+00
-2.963972330093383789e+00 4.473395347595214844e+00 0.000000000000000000e+00
-1.910364627838134766e+00 -1.392038822174072266e+01 0.000000000000000000e+00
