3.146852016448974609e+00 -5.819443225860595703e+00 0.000000000000000000e+00
-4.903694614768028259e-02 1.318994998931884766e+01 0.000000000000000000e+00
1.613866615295410156e+01 8.960338234901428223e-01 0.000000000000000000e+00
-7.636687755584716797e-01 1.892311871051788330e-02 0.000000000000000000e+00
-1.470576477050781250e+01 -4.009831905364990234e+00 0.000000000000000000e+00
7.020359039306640625e+00 -7.726504802703857422e+00 0.000000000000000000e+00
-2.052162170410156250e+00 1.216662883758544922e+00 0.000000000000000000e+00
8.427146911621093750e+00 -4.988073825836181641e+00 0.000000000000000000e+00
7.365923881530761719e+00 -1.210985469818115234e+01 0.000000000000000000e+00
-9.292526245117187500e+00 -8.109083771705627441e-01 0.000000000000000000e+00
1.149674728512763977e-01 -1.483179855346679688e+01 0.000000000000000000e+00
2.305382251739501953e+00 1.504995632171630859e+01 0.000000000000000000e+00
-6.435134410858154297e+00 7.427081108093261719e+00 0.000000000000000000e+00
1.414048099517822266e+01 -4.469960689544677734e+00 0.000000000000000000e+00
-1.585352802276611328e+01 -1.213629603385925293e+00 0.000000000000000000e+00
2.719267606735229492e+00 8.441196441650390625e+00 0.000000000000000000e+00
-8.649619102478027344e+00 1.497642517089843750e+01 0.000000000000000000e+00
9.052668571472167969e+00 -1.113938522338867188e+01 0.000000000000000000e+00
-6.119673252105712891e+00 1.549301528930664062e+01 0.000000000000000000e+00
-4.708756446838378906e+00 1.422161102294921875e+01 0.000000000000000000e+00
4.625681936740875244e-01 1.464075565338134766e+01 0.000000000000000000e+00
1.037013435363769531e+01 -5.254719257354736328e+00 0.000000000000000000e+00
-1.051029586791992188e+01 4.720293998718261719e+00 0.000000000000000000e+00
-4.223287105560302734e+00 4.435645580291748047e+00 0.000000000000000000e+00
6.337413787841796875e+00 -9.849185943603515625e+00 0.000000000000000000e+00
-1.013852691650390625e+01 9.535807609558105469e+00 0.000000000000000000e+00
-1.418742895126342773e+00 1.463650035858154297e+01 0.000000000000000000e+00
8.675502777099609375e+00 9.030432701110839844e+00 0.000000000000000000e+00
4.751883983612060547e+00 -6.027173042297363281e+00 0.000000000000000000e+00
6.463120937347412109e+00 5.723246097564697266e+00 0.000000000000000000e+00
1.289512538909912109e+01 -8.580371856689453125e+00 0.000000000000000000e+00
6.591106414794921875e+00 7.415235042572021484e+00 0.000000000000000000e+00
6.280192375183105469e+00 4.852696657180786133e-01 0.000000000000000000e+00
9.309679985046386719e+00 -9.397548675537109375e+00 0.000000000000000000e+00
-9.456664085388183594e+00 1.104256248474121094e+01 0.000000000000000000e+00
-4.097106933593750000e+00 -7.992634922266006470e-02 0.000000000000000000e+00
-1.768057465553283691e+00 -5.534803390502929688e+00 0.000000000000000000e+00
-3.245912075042724609e+00 1.559069347381591797e+01 0.000000000000000000e+00
-1.078268527984619141e+01 6.417247295379638672e+00 0.000000000000000000e+00
2.878971099853515625e-01 -7.178709030151367188e+00 0.000000000000000000e+00
-2.632022380828857422e+00 5.201369762420654297e+00 0.000000000000000000e+00
-7.739946842193603516e+00 -1.238146591186523438e+01 0.000000000000000000e+00
1.760527789592742920e-01 1.068526840209960938e+01 0.000000000000000000e+00
-1.439526653289794922e+01 -6.483226776123046875e+00 0.000000000000000000e+00
-2.310914754867553711e+00 -1.023773574829101562e+01 0.000000000000000000e+00
1.105427074432373047e+01 8.413807868957519531e+00 0.000000000000000000e+00
2.874607801437377930e+00 1.342451572418212891e+01 0.000000000000000000e+00
1.679369926452636719e+01 -2.925121545791625977e+00 0.000000000000000000e+00
1.325803756713867188e+01 4.342237472534179688e+00 0.000000000000000000e+00
7.870649337768554688e+00 1.096321567893028259e-01 0.000000000000000000e+00
3.748576879501342773e+00 3.974586486816406250e+00 0.000000000000000000e+00
1.134615993499755859e+01 -2.308831453323364258e+00 0.000000000000000000e+00
-4.953098773956298828e+00 6.282792568206787109e+00 0.000000000000000000e+00
1.032592487335205078e+01 2.257927894592285156e+00 0.000000000000000000e+00
-2.485221862792968750e+00 1.018717288970947266e+01 0.000000000000000000e+00
-8.130884170532226562e+00 -2.684395790100097656e+00 0.000000000000000000e+00
6.788462162017822266e+00 -1.610593438148498535e+00 0.000000000000000000e+00
-4.175274372100830078e+00 1.071673870086669922e+01 0.000000000000000000e+00
-1.331785869598388672e+01 2.685030698776245117e+00 0.000000000000000000e+00
-1.715282797813415527e+00 -1.602944183349609375e+01 0.000000000000000000e+00
-5.940619945526123047e+00 1.089574909210205078e+01 0.000000000000000000e+00
-4.598610877990722656e+00 -1.246210384368896484e+01 0.000000000000000000e+00
-3.989455938339233398e+00 -8.095688819885253906e+00 0.000000000000000000e+00
-1.135919284820556641e+01 2.892656803131103516e+00 0.000000000000000000e+00
6.721534252166748047e+00 2.828803300857543945e+00 0.000000000000000000e+00
1.127435779571533203e+01 -1.107478427886962891e+01 0.000000000000000000e+00
2.641644239425659180e+00 -4.004532814025878906e+00 0.000000000000000000e+00
-1.293407154083251953e+01 8.550510406494140625e+00 0.000000000000000000e+00
1.228332519531250000e+01 6.769843578338623047e+00 0.000000000000000000e+00
2.646530389785766602e+00 5.687016487121582031e+00 0.000000000000000000e+00
6.454805374145507812e+00 -1.470657253265380859e+01 0.000000000000000000e+00
8.166843414306640625e+00 1.524066829681396484e+01 0.000000000000000000e+00
-3.164372920989990234e+00 -1.649381637573242188e+01 0.000000000000000000e+00
-6.092824459075927734e+00 1.253197938203811646e-01 0.000000000000000000e+00
-1.136023712158203125e+01 -1.115656495094299316e+00 0.000000000000000000e+00
1.398730468750000000e+01 8.305296897888183594e+00 0.000000000000000000e+00
1.443657398223876953e+01 -2.840095996856689453e+00 0.000000000000000000e+00
1.033765697479248047e+01 1.194964504241943359e+01 0.000000000000000000e+00
3.723993062973022461e+00 -8.797732591629028320e-01 0.000000000000000000e+00
-1.221928024291992188e+01 -5.633757114410400391e+00 0.000000000000000000e+00
-9.271677017211914062e+00 1.324972534179687500e+01 0.000000000000000000e+00
-2.931984424591064453e+00 2.801151275634765625e+00 0.000000000000000000e+00
-1.361775016784667969e+01 -8.707636833190917969e+00 0.000000000000000000e+00
4.806284904479980469e+00 1.666544342041015625e+01 0.000000000000000000e+00
2.405151844024658203e+00 -1.602061271667480469e+01 0.000000000000000000e+00
7.189854979515075684e-01 -4.669081211090087891e+00 0.000000000000000000e+00
1.301379394531250000e+01 9.909551620483398438e+00 0.000000000000000000e+00
-1.406169891357421875e+01 -1.416772723197937012e+00 0.000000000000000000e+00
-1.120902824401855469e+01 -1.342095470428466797e+01 0.000000000000000000e+00
-1.064698982238769531e+01 -4.855827331542968750e+00 0.000000000000000000e+00
1.867705821990966797e+00 -1.416491794586181641e+01 0.000000000000000000e+00
-9.825218200683593750e+00 5.967351198196411133e-01 0.000000000000000000e+00
-6.268822193145751953e+00 -1.592504215240478516e+01 0.000000000000000000e+00
-1.716306304931640625e+01 1.376489162445068359e+00 0.000000000000000000e+00
-3.052275255322456360e-02 2.605460882186889648e+00 0.000000000000000000e+00
9.729043006896972656e+00 -1.399600124359130859e+01 0.000000000000000000e+00
1.403875637054443359e+01 1.054480433464050293e+00 0.000000000000000000e+00
-1.239422988891601562e+01 5.194716930389404297e+00 0.000000000000000000e+00
-1.020440578460693359e+01 -7.830795764923095703e+00 0.000000000000000000e+00
-1.637775230407714844e+01 -4.759447097778320312e+00 0.000000000000000000e+00
-8.253495216369628906e+00 7.460275650024414062e+00 0.000000000000000000e+00
4.320111274719238281e+00 9.623684883117675781e+00 0.000000000000000000e+00
2.273889541625976562e+00 -1.535102128982543945e+00 0.000000000000000000e+00
1.100333595275878906e+01 8.377141356468200684e-01 0.000000000000000000e+00
-1.154720020294189453e+01 -1.110649394989013672e+01 0.000000000000000000e+00
-3.454761743545532227e+00 -3.889789342880249023e+00 0.000000000000000000e+00
-7.186707019805908203e+00 5.998274803161621094e+00 0.000000000000000000e+00
1.230740547180175781e+01 1.733610153198242188e+00 0.000000000000000000e+00
-7.425708293914794922e+00 1.386389446258544922e+01 0.000000000000000000e+00
1.352460956573486328e+01 -6.853785514831542969e+00 0.000000000000000000e+00
-9.905039072036743164e-01 -4.213124275207519531e+00 0.000000000000000000e+00
1.021020889282226562e+01 -6.813949942588806152e-01 0.000000000000000000e+00
1.585859107971191406e+01 -5.563101768493652344e+00 0.000000000000000000e+00
-1.413924098014831543e+00 -1.452172088623046875e+01 0.000000000000000000e+00
1.095630359649658203e+01 -9.037515640258789062e+00 0.000000000000000000e+00
9.561567306518554688e-01 -3.032720804214477539e+00 0.000000000000000000e+00
-8.121635437011718750e+00 3.432857513427734375e+00 0.000000000000000000e+00
-4.176936626434326172e+00 9.193743705749511719e+00 0.000000000000000000e+00
-1.406814765930175781e+01 5.292902588844299316e-01 0.000000000000000000e+00
8.334419250488281250e+00 -1.330880832672119141e+01 0.000000000000000000e+00
1.550994491577148438e+01 2.289690494537353516e+00 0.000000000000000000e+00
5.632459163665771484e+00 -2.802538871765136719e+00 0.000000000000000000e+00
-1.521501064300537109e+01 6.133831977844238281e+00 0.000000000000000000e+00
6.364305973052978516e+00 -4.194486618041992188e+00 0.000000000000000000e+00
7.459370613098144531e+00 -1.582595348358154297e+01 0.000000000000000000e+00
1.217904663085937500e+01 -1.304932087659835815e-01 0.000000000000000000e+00
1.211120033264160156e+01 -5.337162017822265625e+00 0.000000000000000000e+00
-7.319165706634521484e+00 -1.052224826812744141e+01 0.000000000000000000e+00
-8.988137841224670410e-01 7.245707035064697266e+00 0.000000000000000000e+00
8.358809471130371094e+00 1.372193241119384766e+01 0.000000000000000000e+00
-1.958505511283874512e+00 1.737271308898925781e+01 0.000000000000000000e+00
1.878541260957717896e-01 4.117175579071044922e+00 0.000000000000000000e+00
5.192626953125000000e+00 4.601799488067626953e+00 0.000000000000000000e+00
4.018023490905761719e+00 -2.968438148498535156e+00 0.000000000000000000e+00
-1.007156491279602051e+00 -1.177392673492431641e+01 0.000000000000000000e+00
-9.946829795837402344e+00 -6.321458816528320312e+00 0.000000000000000000e+00
-1.428083419799804688e+00 3.829839468002319336e+00 0.000000000000000000e+00
9.654416084289550781e+00 -7.216957569122314453e+00 0.000000000000000000e+00
2.734800100326538086e+00 2.102782487869262695e+00 0.000000000000000000e+00
-7.965678691864013672e+00 1.220575428009033203e+01 0.000000000000000000e+00
-3.719161450862884521e-01 -1.671779060363769531e+01 0.000000000000000000e+00
4.348455905914306641e+00 1.243626785278320312e+01 0.000000000000000000e+00
-6.602089405059814453e+00 3.351059198379516602e+00 0.000000000000000000e+00
-9.490400314331054688e+00 -1.276016521453857422e+01 0.000000000000000000e+00
6.437958240509033203e+00 1.137638568878173828e+01 0.000000000000000000e+00
3.030619144439697266e+00 -1.127954196929931641e+01 0.000000000000000000e+00
-7.565626144409179688e+00 -4.898492813110351562e+00 0.000000000000000000e+00
-1.305717658996582031e+01 -1.156195259094238281e+01 0.000000000000000000e+00
5.104113101959228516e+00 8.017147064208984375e+00 0.000000000000000000e+00
8.792045593261718750e+00 -2.854544162750244141e+00 0.000000000000000000e+00
-1.705935859680175781e+01 -2.879792451858520508e+00 0.000000000000000000e+00
-8.154522895812988281e+00 9.938223838806152344e+00 0.000000000000000000e+00
8.874001502990722656e+00 4.764799118041992188e+00 0.000000000000000000e+00
-5.470373630523681641e+00 -2.596854209899902344e+00 0.000000000000000000e+00
4.718899250030517578e+00 1.234424710273742676e+00 0.000000000000000000e+00
1.652917861938476562e+01 5.448301315307617188e+00 0.000000000000000000e+00
1.568881320953369141e+01 4.011911392211914062e+00 0.000000000000000000e+00
-4.366647720336914062e+00 -5.711150646209716797e+00 0.000000000000000000e+00
3.313384771347045898e+00 1.111057472229003906e+01 0.000000000000000000e+00
-1.133155250549316406e+01 1.282400989532470703e+01 0.000000000000000000e+00
8.134352684020996094e+00 1.112102031707763672e+01 0.000000000000000000e+00
-7.240797042846679688e+00 -1.405446910858154297e+01 0.000000000000000000e+00
-6.795125484466552734e+00 -7.505382061004638672e+00 0.000000000000000000e+00
-3.984681069850921631e-01 -9.558138847351074219e+00 0.000000000000000000e+00
1.397402477264404297e+01 -1.039291572570800781e+01 0.000000000000000000e+00
-2.356225013732910156e+00 -1.289345169067382812e+01 0.000000000000000000e+00
-4.622477054595947266e+00 -9.546591758728027344e+00 0.000000000000000000e+00
1.317753434181213379e+00 6.769787788391113281e+00 0.000000000000000000e+00
3.941422700881958008e-01 -1.113257312774658203e+01 0.000000000000000000e+00
-9.707324981689453125e+00 -9.767201423645019531e+00 0.000000000000000000e+00
-1.770814061164855957e+00 -1.564520359039306641e+00 0.000000000000000000e+00
-9.911260604858398438e+00 -3.541084527969360352e+00 0.000000000000000000e+00
1.463904666900634766e+01 -1.014685153961181641e+00 0.000000000000000000e+00
1.682681465148925781e+01 -5.279848575592041016e-01 0.000000000000000000e+00
-2.290871620178222656e+00 7.811872959136962891e+00 0.000000000000000000e+00
-1.461001777648925781e+01 9.211725234985351562e+00 0.000000000000000000e+00
1.408740234375000000e+01 6.465139865875244141e+00 0.000000000000000000e+00
-1.193431568145751953e+01 -3.551603317260742188e+00 0.000000000000000000e+00
-1.569248962402343750e+01 2.433656454086303711e+00 0.000000000000000000e+00
-1.556079673767089844e+01 -7.860634326934814453e+00 0.000000000000000000e+00
-1.365471172332763672e+01 1.089010238647460938e+01 0.000000000000000000e+00
1.577411532402038574e+00 -6.322893142700195312e+00 0.000000000000000000e+00
1.088220977783203125e+01 1.052661132812500000e+01 0.000000000000000000e+00
3.105958461761474609e+00 6.316860914230346680e-01 0.000000000000000000e+00
-2.665588140487670898e+00 1.293149375915527344e+01 0.000000000000000000e+00
1.162638759613037109e+01 -7.309970378875732422e+00 0.000000000000000000e+00
1.606083512306213379e+00 1.189679336547851562e+01 0.000000000000000000e+00
-8.433109283447265625e+00 -6.821261405944824219e+00 0.000000000000000000e+00
-1.226185417175292969e+01 1.158163642883300781e+01 0.000000000000000000e+00
-8.051100730895996094e+00 8.118496537208557129e-01 0.000000000000000000e+00
8.565881729125976562e+00 2.345178127288818359e+00 0.000000000000000000e+00
4.920587539672851562e+00 -8.291756629943847656e+00 0.000000000000000000e+00
-1.622864341735839844e+01 4.392729759216308594e+00 0.000000000000000000e+00
6.014323234558105469e+00 9.710459709167480469e+00 0.000000000000000000e+00
-4.321152687072753906e+00 2.078791141510009766e+00 0.000000000000000000e+00
4.678823947906494141e+00 -1.215572738647460938e+01 0.000000000000000000e+00
5.253877043724060059e-01 1.065922856330871582e+00 0.000000000000000000e+00
8.203594207763671875e+00 7.448886394500732422e+00 0.000000000000000000e+00
4.429204463958740234e+00 1.435148906707763672e+01 0.000000000000000000e+00
-9.546737670898437500e+00 2.641278982162475586e+00 0.000000000000000000e+00
2.752849817276000977e+00 -7.279236793518066406e+00 0.000000000000000000e+00
9.719005584716796875e+00 6.164460659027099609e+00 0.000000000000000000e+00
2.234345436096191406e+00 -9.762607574462890625e+00 0.000000000000000000e+00
1.278166580200195312e+01 -1.174163341522216797e+01 0.000000000000000000e+00
-8.400900959968566895e-01 8.929297447204589844e+00 0.000000000000000000e+00
-1.011363124847412109e+01 8.021431922912597656e+00 0.000000000000000000e+00
4.848520278930664062e+00 -1.366850948333740234e+01 0.000000000000000000e+00
-1.273043537139892578e+01 -2.770083546638488770e-01 0.000000000000000000e+00
-7.022293090820312500e+00 -1.125635385513305664e+00 0.000000000000000000e+00
1.239356899261474609e+01 1.171175384521484375e+01 0.000000000000000000e+00
-2.354065656661987305e+00 -7.428825378417968750e+00 0.000000000000000000e+00
2.264206707477569580e-01 1.640503311157226562e+01 0.000000000000000000e+00
1.279681396484375000e+01 -1.617037892341613770e+00 0.000000000000000000e+00
-4.927353858947753906e+00 -1.427182388305664062e+01 0.000000000000000000e+00
-7.365378856658935547e+00 -9.015587806701660156e+00 0.000000000000000000e+00
5.841601371765136719e+00 1.550094223022460938e+01 0.000000000000000000e+00
-6.243211269378662109e+00 1.288495159149169922e+01 0.000000000000000000e+00
4.478299140930175781e+00 -1.607223701477050781e+01 0.000000000000000000e+00
2.892200946807861328e+00 1.689650917053222656e+01 0.000000000000000000e+00
4.534657955169677734e+00 -9.763558387756347656e+00 0.000000000000000000e+00
-1.137325763702392578e+01 1.383262515068054199e+00 0.000000000000000000e+00
6.354706764221191406e+00 1.326375389099121094e+01 0.000000000000000000e+00
-6.132953166961669922e+00 -5.868199825286865234e+00 0.000000000000000000e+00
-1.140557098388671875e+01 -8.903386116027832031e+00 0.000000000000000000e+00
6.490171432495117188e+00 -5.759603023529052734e+00 0.000000000000000000e+00
1.117321586608886719e+01 3.974526882171630859e+00 0.000000000000000000e+00
-1.344764232635498047e+01 -2.992564439773559570e+00 0.000000000000000000e+00
2.825545966625213623e-01 -1.273320674896240234e+01 0.000000000000000000e+00
-4.934520721435546875e+00 -4.279815673828125000e+00 0.000000000000000000e+00
-1.277976894378662109e+01 -1.002865695953369141e+01 0.000000000000000000e+00
7.349791049957275391e+00 4.452104568481445312e+00 0.000000000000000000e+00
4.318058967590332031e+00 5.893360614776611328e+00 0.000000000000000000e+00
-1.281142520904541016e+01 6.891603946685791016e+00 0.000000000000000000e+00
-6.835892200469970703e+00 1.704012870788574219e+00 0.000000000000000000e+00
1.582293891906738281e+01 7.036292076110839844e+00 0.000000000000000000e+00
-6.099124431610107422e+00 9.108310699462890625e+00 0.000000000000000000e+00
-1.561120414733886719e+01 5.674254298210144043e-01 0.000000000000000000e+00
1.151706504821777344e+01 1.307591056823730469e+01 0.000000000000000000e+00
-1.456254673004150391e+01 4.630944728851318359e+00 0.000000000000000000e+00
-1.532501029968261719e+01 7.831472396850585938e+00 0.000000000000000000e+00
-3.585046052932739258e+00 -2.124187946319580078e+00 0.000000000000000000e+00
-8.563885688781738281e+00 -1.478997039794921875e+01 0.000000000000000000e+00
3.018982648849487305e+00 -1.288681983947753906e+01 0.000000000000000000e+00
1.225905609130859375e+01 -3.811564207077026367e+00 0.000000000000000000e+00
6.166183948516845703e-01 -9.417384862899780273e-01 0.000000000000000000e+00
1.523713970184326172e+01 -8.452951431274414062e+00 0.000000000000000000e+00
-5.686685562133789062e+00 -1.076138973236083984e+01 0.000000000000000000e+00
-4.677948474884033203e+00 -1.632927513122558594e+01 0.000000000000000000e+00
-7.058320045471191406e-01 5.555679798126220703e+00 0.000000000000000000e+00
1.062239551544189453e+01 -1.265675544738769531e+01 0.000000000000000000e+00
9.934667587280273438e+00 1.428611087799072266e+01 0.000000000000000000e+00
1.692808532714843750e+01 3.113533496856689453e+00 0.000000000000000000e+00
4.306335926055908203e+00 -4.544821739196777344e+00 0.000000000000000000e+00
2.059140920639038086e+00 9.947192192077636719e+00 0.000000000000000000e+00
-4.695084571838378906e+00 1.249774074554443359e+01 0.000000000000000000e+00
1.950065612792968750e+00 3.626445531845092773e+00 0.000000000000000000e+00
