-7.640359878540039062e+00 -7.329641819000244141e+00 0.000000000000000000e+00
-4.237781524658203125e+00 8.389398574829101562e+00 0.000000000000000000e+00
-1.546320533752441406e+01 -4.656658172607421875e+00 0.000000000000000000e+00
6.174624919891357422e+00 1.026661872863769531e+01 0.000000000000000000e+00
4.899107456207275391e+00 -1.426031231880187988e+00 0.000000000000000000e+00
-1.568407440185546875e+01 -2.005456686019897461e+00 0.000000000000000000e+00
-1.548776340484619141e+01 3.251113414764404297e+00 0.000000000000000000e+00
-1.435999774932861328e+01 2.220643520355224609e+00 0.000000000000000000e+00
9.656805038452148438e+00 -6.209235191345214844e+00 0.000000000000000000e+00
-1.197432518005371094e+01 -7.373658418655395508e-01 0.000000000000000000e+00
9.556319117546081543e-01 3.997139453887939453e+00 0.000000000000000000e+00
-1.016912651062011719e+01 -2.170535564422607422e+00 0.000000000000000000e+00
-9.385295867919921875e+00 4.707259535789489746e-01 0.000000000000000000e+00
-4.211882591247558594e+00 -5.215030312538146973e-01 0.000000000000000000e+00
1.482026219367980957e+00 -9.591590881347656250e+00 0.000000000000000000e+00
-7.271314859390258789e-01 -1.535912036895751953e+01 0.000000000000000000e+00
-2.690170288085937500e+00 1.626164245605468750e+01 0.000000000000000000e+00
8.451418876647949219e-01 1.067489051818847656e+01 0.000000000000000000e+00
-3.209738731384277344e+00 4.806734085083007812e+00 0.000000000000000000e+00
-6.852831363677978516e+00 1.472280311584472656e+01 0.000000000000000000e+00
-1.286515617370605469e+01 6.196085929870605469e+00 0.000000000000000000e+00
-1.250784397125244141e+00 1.303355503082275391e+01 0.000000000000000000e+00
-1.130186843872070312e+01 -1.034478282928466797e+01 0.000000000000000000e+00
-1.066423058509826660e+00 6.116911411285400391e+00 0.000000000000000000e+00
-6.703089237213134766e+00 -9.116868019104003906e+00 0.000000000000000000e+00
-1.143954277038574219e+01 1.260165309906005859e+01 0.000000000000000000e+00
-1.568035030364990234e+01 6.577268242835998535e-01 0.000000000000000000e+00
-6.355384349822998047e+00 -2.618943929672241211e+00 0.000000000000000000e+00
4.233430862426757812e+00 -1.564993762969970703e+01 0.000000000000000000e+00
7.873744010925292969e+00 1.369395828247070312e+01 0.000000000000000000e+00
-9.558111190795898438e+00 1.092375278472900391e+01 0.000000000000000000e+00
-6.138001918792724609e+00 -1.542075634002685547e+01 0.000000000000000000e+00
5.877958774566650391e+00 -1.529521083831787109e+01 0.000000000000000000e+00
3.310371875762939453e+00 2.645017385482788086e+00 0.000000000000000000e+00
-6.441542625427246094e+00 6.671917915344238281e+00 0.000000000000000000e+00
1.045125389099121094e+01 -2.944426298141479492e+00 0.000000000000000000e+00
-1.981377005577087402e+00 -9.128293037414550781e+00 0.000000000000000000e+00
1.024373054504394531e+01 8.906414031982421875e+00 0.000000000000000000e+00
2.161409854888916016e+00 8.046654701232910156e+00 0.000000000000000000e+00
-1.240918064117431641e+01 8.876646995544433594e+00 0.000000000000000000e+00
4.606050491333007812e+00 8.783009529113769531e+00 0.000000000000000000e+00
7.350196838378906250e+00 -2.467090129852294922e+00 0.000000000000000000e+00
-9.787771224975585938e+00 -1.255111885070800781e+01 0.000000000000000000e+00
-9.495590209960937500e+00 2.720692873001098633e+00 0.000000000000000000e+00
-1.054578495025634766e+01 6.687400341033935547e+00 0.000000000000000000e+00
-1.213235950469970703e+01 -6.988149642944335938e+00 0.000000000000000000e+00
-1.210404396057128906e+01 -5.289228439331054688e+00 0.000000000000000000e+00
-8.943557739257812500e+00 4.651792049407958984e+00 0.000000000000000000e+00
-8.038288116455078125e+00 6.035562515258789062e+00 0.000000000000000000e+00
1.427762126922607422e+01 -5.396607398986816406e+00 0.000000000000000000e+00
1.625633001327514648e+00 -7.628525733947753906e+00 0.000000000000000000e+00
-4.680994510650634766e+00 1.392048454284667969e+01 0.000000000000000000e+00
-1.196052742004394531e+01 1.031586074829101562e+01 0.000000000000000000e+00
1.386699104309082031e+01 1.065762329101562500e+01 0.000000000000000000e+00
1.038672637939453125e+01 -7.525532722473144531e+00 0.000000000000000000e+00
3.555994272232055664e+00 7.314809560775756836e-01 0.000000000000000000e+00
4.095329284667968750e+00 1.598260211944580078e+01 0.000000000000000000e+00
-1.202500915527343750e+01 -3.514337539672851562e+00 0.000000000000000000e+00
1.266760635375976562e+01 -4.155032634735107422e+00 0.000000000000000000e+00
8.819553375244140625e+00 4.930110931396484375e+00 0.000000000000000000e+00
-3.521822392940521240e-01 -9.602276802062988281e+00 0.000000000000000000e+00
-1.497317600250244141e+01 5.640516281127929688e+00 0.000000000000000000e+00
-2.082596778869628906e+00 -1.451805877685546875e+01 0.000000000000000000e+00
7.465389728546142578e+00 -1.187337779998779297e+01 0.000000000000000000e+00
-7.775255203247070312e+00 9.945711135864257812e+00 0.000000000000000000e+00
3.025945425033569336e+00 -1.444292926788330078e+01 0.000000000000000000e+00
1.441466999053955078e+01 -9.742015838623046875e+00 0.000000000000000000e+00
7.979070663452148438e+00 1.088460922241210938e+01 0.000000000000000000e+00
1.117341327667236328e+01 -1.336209487915039062e+01 0.000000000000000000e+00
-1.560845470428466797e+01 -7.848186969757080078e+00 0.000000000000000000e+00
-3.905263423919677734e+00 2.335158348083496094e+00 0.000000000000000000e+00
1.624523925781250000e+01 -1.542771458625793457e+00 0.000000000000000000e+00
3.627558231353759766e+00 -2.342889785766601562e+00 0.000000000000000000e+00
2.314602851867675781e+00 -6.720429062843322754e-01 0.000000000000000000e+00
6.533904075622558594e+00 -7.250599384307861328e+00 0.000000000000000000e+00
-2.286716938018798828e+00 -1.659034729003906250e+01 0.000000000000000000e+00
-7.326045513153076172e+00 1.229183197021484375e+01 0.000000000000000000e+00
4.982617378234863281e+00 7.088509082794189453e+00 0.000000000000000000e+00
2.915754318237304688e+00 9.972883224487304688e+00 0.000000000000000000e+00
8.104061126708984375e+00 -2.118288725614547729e-01 0.000000000000000000e+00
-8.256500244140625000e+00 1.528375625610351562e+01 0.000000000000000000e+00
-7.886692047119140625e+00 1.577663540840148926e+00 0.000000000000000000e+00
-1.148714160919189453e+01 -1.196455192565917969e+01 0.000000000000000000e+00
5.870589613914489746e-01 1.636224174499511719e+01 0.000000000000000000e+00
-9.087559700012207031e+00 -1.432848644256591797e+01 0.000000000000000000e+00
6.624319076538085938e+00 1.020040988922119141e+00 0.000000000000000000e+00
7.069306373596191406e+00 3.404920101165771484e+00 0.000000000000000000e+00
-1.328531742095947266e+01 1.095520853996276855e+00 0.000000000000000000e+00
6.883815288543701172e+00 -5.256669998168945312e+00 0.000000000000000000e+00
1.173158740997314453e+01 -1.188222026824951172e+01 0.000000000000000000e+00
1.503751564025878906e+01 3.891213417053222656e+00 0.000000000000000000e+00
1.091640567779541016e+01 -8.951244354248046875e+00 0.000000000000000000e+00
7.370571494102478027e-01 -1.484593486785888672e+01 0.000000000000000000e+00
-8.703939437866210938e+00 -4.557856559753417969e+00 0.000000000000000000e+00
3.151926994323730469e+00 -1.057993030548095703e+01 0.000000000000000000e+00
-5.338231563568115234e+00 -1.080833911895751953e+01 0.000000000000000000e+00
-4.954847812652587891e+00 -3.483070135116577148e+00 0.000000000000000000e+00
4.868963241577148438e+00 -9.764100074768066406e+00 0.000000000000000000e+00
6.711522102355957031e+00 1.211928367614746094e+01 0.000000000000000000e+00
1.292072200775146484e+01 8.269949913024902344e+00 0.000000000000000000e+00
5.404355049133300781e+00 -1.376421356201171875e+01 0.000000000000000000e+00
1.127619838714599609e+01 6.927317619323730469e+00 0.000000000000000000e+00
1.323775863647460938e+01 2.287483453750610352e+00 0.000000000000000000e+00
-2.621229887008666992e+00 1.434100532531738281e+01 0.000000000000000000e+00
-1.434330654144287109e+01 -8.326110243797302246e-01 0.000000000000000000e+00
1.576539635658264160e+00 -2.059017181396484375e+00 0.000000000000000000e+00
-4.726901054382324219e+00 -1.470275402069091797e+01 0.000000000000000000e+00
-3.048333644866943359e+00 -2.395526885986328125e+00 0.000000000000000000e+00
-5.495922565460205078e+00 1.612394690513610840e+00 0.000000000000000000e+00
1.583586025238037109e+01 1.381026268005371094e+00 0.000000000000000000e+00
6.990792274475097656e+00 -1.349195480346679688e+01 0.000000000000000000e+00
1.644780731201171875e+01 5.184910774230957031e+00 0.000000000000000000e+00
6.466033935546875000e+00 5.725900650024414062e+00 0.000000000000000000e+00
5.270693778991699219e+00 -5.441787719726562500e+00 0.000000000000000000e+00
2.864022552967071533e-01 1.213032627105712891e+01 0.000000000000000000e+00
6.896296977996826172e+00 8.576531410217285156e+00 0.000000000000000000e+00
-1.400245666503906250e+00 2.619616746902465820e+00 0.000000000000000000e+00
1.210509109497070312e+01 -3.671951964497566223e-02 0.000000000000000000e+00
1.067743301391601562e+01 1.172138118743896484e+01 0.000000000000000000e+00
-2.269410043954849243e-01 -5.716717720031738281e+00 0.000000000000000000e+00
1.020199203491210938e+01 5.532319068908691406e+00 0.000000000000000000e+00
-4.780522823333740234e+00 -6.847932338714599609e+00 0.000000000000000000e+00
6.966579914093017578e+00 -9.020860671997070312e+00 0.000000000000000000e+00
-5.986716151237487793e-01 8.442455291748046875e+00 0.000000000000000000e+00
1.658309173583984375e+01 -3.414282083511352539e+00 0.000000000000000000e+00
-3.498282134532928467e-01 -9.317368268966674805e-01 0.000000000000000000e+00
9.767210006713867188e+00 4.629079625010490417e-02 0.000000000000000000e+00
4.676173210144042969e+00 3.649665117263793945e+00 0.000000000000000000e+00
8.281134366989135742e-01 -1.154493522644042969e+01 0.000000000000000000e+00
1.090119123458862305e+00 -4.185915470123291016e+00 0.000000000000000000e+00
-4.762134075164794922e+00 1.079856491088867188e+01 0.000000000000000000e+00
-3.268215894699096680e+00 -4.266366481781005859e+00 0.000000000000000000e+00
1.848011732101440430e+00 1.389650821685791016e+01 0.000000000000000000e+00
-1.448404073715209961e+00 1.072880840301513672e+01 0.000000000000000000e+00
2.574745893478393555e+00 -6.267738819122314453e+00 0.000000000000000000e+00
7.376045584678649902e-01 1.837194085121154785e+00 0.000000000000000000e+00
1.508695697784423828e+01 -7.014460563659667969e+00 0.000000000000000000e+00
2.099337339401245117e+00 5.883328437805175781e+00 0.000000000000000000e+00
-1.293110561370849609e+01 -9.560526847839355469e+00 0.000000000000000000e+00
-8.357858657836914062e+00 7.515755176544189453e+00 0.000000000000000000e+00
-8.055799007415771484e-01 -1.316414260864257812e+01 0.000000000000000000e+00
5.357259273529052734e+00 1.327479457855224609e+01 0.000000000000000000e+00
-3.967813253402709961e+00 -1.177619838714599609e+01 0.000000000000000000e+00
-2.320261716842651367e+00 -1.127026081085205078e+01 0.000000000000000000e+00
9.658517837524414062e+00 -1.380468368530273438e+01 0.000000000000000000e+00
-5.312684059143066406e+00 4.705193042755126953e+00 0.000000000000000000e+00
2.904829263687133789e+00 4.320905208587646484e+00 0.000000000000000000e+00
1.227599334716796875e+01 4.057548522949218750e+00 0.000000000000000000e+00
-7.942184209823608398e-01 -7.728182792663574219e+00 0.000000000000000000e+00
1.538230419158935547e+01 6.984771251678466797e+00 0.000000000000000000e+00
-7.885614871978759766e+00 -2.459991455078125000e+00 0.000000000000000000e+00
-1.052242183685302734e+01 4.596790790557861328e+00 0.000000000000000000e+00
1.499447536468505859e+01 8.791120529174804688e+00 0.000000000000000000e+00
-1.442105960845947266e+01 9.015686988830566406e+00 0.000000000000000000e+00
-1.020578575134277344e+01 1.375681114196777344e+01 0.000000000000000000e+00
-1.001394557952880859e+01 -9.351983070373535156e+00 0.000000000000000000e+00
-5.011529922485351562e+00 -1.659886360168457031e+01 0.000000000000000000e+00
-4.746800422668457031e+00 1.614014816284179688e+01 0.000000000000000000e+00
-2.601763010025024414e+00 -7.609873771667480469e+00 0.000000000000000000e+00
1.041200637817382812e+01 1.739136457443237305e+00 0.000000000000000000e+00
8.961772918701171875e-01 -1.663719558715820312e+01 0.000000000000000000e+00
1.118430614471435547e+01 -5.984667301177978516e+00 0.000000000000000000e+00
-2.144206523895263672e+00 9.297844886779785156e+00 0.000000000000000000e+00
-8.359850883483886719e+00 -1.006729888916015625e+01 0.000000000000000000e+00
-1.264891719818115234e+01 4.253590583801269531e+00 0.000000000000000000e+00
8.003676414489746094e+00 -1.515358924865722656e+01 0.000000000000000000e+00
4.746189594268798828e+00 -3.825328588485717773e+00 0.000000000000000000e+00
-2.345181703567504883e+00 -1.283642196655273438e+01 0.000000000000000000e+00
-7.235533714294433594e+00 -1.322838687896728516e+01 0.000000000000000000e+00
-1.096075725555419922e+01 6.670023202896118164e-01 0.000000000000000000e+00
4.432205855846405029e-01 1.476582527160644531e+01 0.000000000000000000e+00
4.626096248626708984e+00 1.088381290435791016e+01 0.000000000000000000e+00
1.003016853332519531e+01 3.682722091674804688e+00 0.000000000000000000e+00
9.030904769897460938e+00 1.258240890502929688e+01 0.000000000000000000e+00
8.649110794067382812e+00 -3.658149003982543945e+00 0.000000000000000000e+00
1.306518268585205078e+01 -8.590429306030273438e+00 0.000000000000000000e+00
-2.798809766769409180e+00 1.244121932983398438e+01 0.000000000000000000e+00
-2.708547115325927734e+00 -9.864753484725952148e-02 0.000000000000000000e+00
3.565110206604003906e+00 -7.681680679321289062e+00 0.000000000000000000e+00
-2.455343157052993774e-01 -3.004459142684936523e+00 0.000000000000000000e+00
-1.444685935974121094e+01 -3.153606176376342773e+00 0.000000000000000000e+00
-9.112464785575866699e-01 -1.743853569030761719e+01 0.000000000000000000e+00
-5.762804031372070312e+00 -5.439229011535644531e+00 0.000000000000000000e+00
1.315013504028320312e+01 5.798590660095214844e+00 0.000000000000000000e+00
3.077154874801635742e+00 1.238159942626953125e+01 0.000000000000000000e+00
-1.371623897552490234e+01 1.086301231384277344e+01 0.000000000000000000e+00
8.023607254028320312e+00 -6.584187507629394531e+00 0.000000000000000000e+00
-1.370173358917236328e+01 -6.791470527648925781e+00 0.000000000000000000e+00
9.098088264465332031e+00 7.176874637603759766e+00 0.000000000000000000e+00
-6.330198764801025391e+00 3.572878122329711914e+00 0.000000000000000000e+00
1.021102523803710938e+01 -1.086750602722167969e+01 0.000000000000000000e+00
-1.430563068389892578e+01 -8.959854125976562500e+00 0.000000000000000000e+00
-6.751131057739257812e+00 -3.960509896278381348e-01 0.000000000000000000e+00
2.119906663894653320e+00 1.236955165863037109e+00 0.000000000000000000e+00
-1.371931934356689453e+01 7.655216693878173828e+00 0.000000000000000000e+00
1.475589847564697266e+01 -1.935024619102478027e+00 0.000000000000000000e+00
-1.037088274955749512e+00 1.686265182495117188e+01 0.000000000000000000e+00
1.208373165130615234e+01 1.044682502746582031e+01 0.000000000000000000e+00
-1.728856086730957031e+01 1.972610235214233398e+00 0.000000000000000000e+00
1.245768833160400391e+01 -2.103536128997802734e+00 0.000000000000000000e+00
-1.077081012725830078e+01 9.396225929260253906e+00 0.000000000000000000e+00
-1.026596832275390625e+01 -7.692509651184082031e+00 0.000000000000000000e+00
-1.543279647827148438e+01 7.568976879119873047e+00 0.000000000000000000e+00
-4.857967376708984375e+00 6.433905124664306641e+00 0.000000000000000000e+00
6.560420513153076172e+00 1.478499412536621094e+01 0.000000000000000000e+00
2.408838510513305664e+00 1.632938003540039062e+01 0.000000000000000000e+00
5.422674179077148438e+00 2.126713752746582031e+00 0.000000000000000000e+00
1.717629051208496094e+01 -7.004437595605850220e-02 0.000000000000000000e+00
1.321454906463623047e+01 -6.896188735961914062e+00 0.000000000000000000e+00
3.636090517044067383e+00 5.650066852569580078e+00 0.000000000000000000e+00
-1.302808952331542969e+01 -1.114284324645996094e+01 0.000000000000000000e+00
-5.436902046203613281e+00 -8.225069999694824219e+00 0.000000000000000000e+00
-1.399389982223510742e+00 -4.504553318023681641e+00 0.000000000000000000e+00
-1.859368681907653809e+00 7.392542362213134766e+00 0.000000000000000000e+00
-7.116662979125976562e+00 -1.108734226226806641e+01 0.000000000000000000e+00
-7.860435962677001953e+00 -1.562021446228027344e+01 0.000000000000000000e+00
9.353095054626464844e+00 1.453436756134033203e+01 0.000000000000000000e+00
-1.010269832611083984e+01 -5.314275741577148438e+00 0.000000000000000000e+00
8.840694427490234375e+00 1.718283057212829590e+00 0.000000000000000000e+00
-4.054137706756591797e+00 -9.363571166992187500e+00 0.000000000000000000e+00
-3.870947599411010742e+00 -1.331879901885986328e+01 0.000000000000000000e+00
8.538510322570800781e+00 -9.884207725524902344e+00 0.000000000000000000e+00
-8.496834754943847656e+00 1.331221580505371094e+01 0.000000000000000000e+00
-7.123362064361572266e+00 -4.072641849517822266e+00 0.000000000000000000e+00
-6.097372531890869141e+00 9.110835075378417969e+00 0.000000000000000000e+00
5.551676750183105469e-01 5.552839756011962891e+00 0.000000000000000000e+00
6.465639591217041016e+00 -3.754867553710937500e+00 0.000000000000000000e+00
2.447466611862182617e+00 -1.235483741760253906e+01 0.000000000000000000e+00
5.798049449920654297e+00 1.647468376159667969e+01 0.000000000000000000e+00
2.747884750366210938e+00 -4.282941341400146484e+00 0.000000000000000000e+00
1.040087413787841797e+01 1.327400875091552734e+01 0.000000000000000000e+00
-1.415010070800781250e+01 4.129886627197265625e+00 0.000000000000000000e+00
-3.092911720275878906e+00 -6.111607551574707031e+00 0.000000000000000000e+00
8.556736946105957031e+00 8.810149192810058594e+00 0.000000000000000000e+00
8.000401854515075684e-01 2.703011929988861084e-01 0.000000000000000000e+00
5.124905586242675781e+00 -1.188524150848388672e+01 0.000000000000000000e+00
1.293821907043457031e+01 -1.014669895172119141e+01 0.000000000000000000e+00
8.977686882019042969e+00 -1.208749485015869141e+01 0.000000000000000000e+00
1.653131866455078125e+01 3.346166849136352539e+00 0.000000000000000000e+00
1.418148612976074219e+01 9.116849303245544434e-01 0.000000000000000000e+00
2.288706779479980469e+00 -1.597559356689453125e+01 0.000000000000000000e+00
-1.147534751892089844e+01 2.683753490447998047e+00 0.000000000000000000e+00
-5.494252681732177734e+00 -1.332265186309814453e+01 0.000000000000000000e+00
9.352810859680175781e+00 -1.844613075256347656e+00 0.000000000000000000e+00
-5.670797824859619141e+00 1.226233577728271484e+01 0.000000000000000000e+00
-1.629964256286621094e+01 -6.147024154663085938e+00 0.000000000000000000e+00
1.280138397216796875e+01 1.193149280548095703e+01 0.000000000000000000e+00
-1.620241165161132812e+01 4.571247100830078125e+00 0.000000000000000000e+00
1.479979157447814941e-01 7.084269523620605469e+00 0.000000000000000000e+00
6.600851535797119141e+00 -6.629514098167419434e-01 0.000000000000000000e+00
-1.692788887023925781e+01 -4.269749641418457031e+00 0.000000000000000000e+00
-1.605997920036315918e+00 -6.428392410278320312e+00 0.000000000000000000e+00
3.647188425064086914e+00 1.453224658966064453e+01 0.000000000000000000e+00
1.589632511138916016e+01 -5.447386264801025391e+00 0.000000000000000000e+00
-1.035422420501708984e+01 -3.724314212799072266e+00 0.000000000000000000e+00
-1.250779032707214355e+00 1.510286140441894531e+01 0.000000000000000000e+00
